county_names,wwtp_name,population_served,cases_new_cens_per10k,date_new,sars_cov2_raw_copiesL,flag,sars_cov2_normalized
Jackson,Tuckaseigee,13296.0,,2021-06-22,,0,
New Hanover,Wilmington City,58361.0,,2021-06-22,0.0,0,70147.0319173376
Forsyth,Winston Salem - Salem,178000.0,0.39,2021-06-22,,0,
Orange,Chapel Hill - Carrboro,78141.0,0.26,2021-06-23,,0,
Mecklenburg,Charlotte 1,68685.0,,2021-06-23,,0,
Mecklenburg,Charlotte 2,182501.0,0.44000000000000006,2021-06-23,,0,
Mecklenburg,Charlotte 3,120000.0,,2021-06-23,,0,
Wilson,City of Wilson,49384.0,1.62,2021-06-23,5123.475382979798,0,3644501.58903107
Cumberland,Fayetteville - Rockfish,151589.0,0.73,2021-06-23,4860.555523805897,0,1674977.91357845
Guilford,Greensboro - North Buffalo,135821.0,0.15000000000000002,2021-06-23,0.0,0,214816.981978798
Pitt,Greenville,89616.0,0.22000000000000003,2021-06-23,,0,
Scotland,Laurinburg,15527.0,,2021-06-23,20498.47555307471,0,14442541.7560623
"Buncombe,henderson",MSD of Buncombe County,173000.0,0.12,2021-06-23,0.0,0,72026.5343930635
Mcdowell,Marion,8459.0,2.3600000000000003,2021-06-23,,0,
New Hanover,New Hanover County (North),67743.0,,2021-06-23,,0,
Carteret,Newport (Data available until - 8/18/21),4774.0,,2021-06-23,,0,
Wake,Raleigh,550000.0,,2021-06-23,,0,
"Halifax,northampton",Roanoke Rapids,14320.0,1.4000000000000001,2021-06-23,0.0,0,243472.164538875
Durham,South Durham,108105.0,0.19,2021-06-23,,0,
Carteret,Town of Beaufort,3500.0,,2021-06-23,,0,
Jackson,Tuckaseigee,13296.0,,2021-06-23,,0,
New Hanover,Wilmington City,58361.0,0.34,2021-06-23,,0,
Forsyth,Winston Salem - Salem,178000.0,0.11000000000000001,2021-06-23,0.0,0,66975.5831817417
Orange,Chapel Hill - Carrboro,78141.0,0.26,2021-06-24,,0,
Mecklenburg,Charlotte 1,68685.0,,2021-06-24,,0,
Mecklenburg,Charlotte 2,182501.0,0.49000000000000005,2021-06-24,,0,
Mecklenburg,Charlotte 3,120000.0,,2021-06-24,,0,
Wilson,City of Wilson,49384.0,0.4,2021-06-24,,0,
Cumberland,Fayetteville - Rockfish,151589.0,0.86,2021-06-24,,0,
Guilford,Greensboro - North Buffalo,135821.0,0.15000000000000002,2021-06-24,,0,
Pitt,Greenville,89616.0,0.22000000000000003,2021-06-24,,0,
Scotland,Laurinburg,15527.0,,2021-06-24,0.0,0,166598.437503296
"Buncombe,henderson",MSD of Buncombe County,173000.0,0.12,2021-06-24,,0,
Mcdowell,Marion,8459.0,2.3600000000000003,2021-06-24,0.0,0,70467.2763113252
New Hanover,New Hanover County (North),67743.0,0.30000000000000004,2021-06-24,,0,
Carteret,Newport (Data available until - 8/18/21),4774.0,,2021-06-24,,0,
Wake,Raleigh,550000.0,,2021-06-24,,0,
"Halifax,northampton",Roanoke Rapids,14320.0,,2021-06-24,,0,
Durham,South Durham,108105.0,0.19,2021-06-24,,0,
Carteret,Town of Beaufort,3500.0,,2021-06-24,,0,
Jackson,Tuckaseigee,13296.0,,2021-06-24,,0,
New Hanover,Wilmington City,58361.0,0.34,2021-06-24,,0,
Forsyth,Winston Salem - Salem,178000.0,0.27999999999999997,2021-06-24,,0,
Orange,Chapel Hill - Carrboro,78141.0,0.26,2021-06-25,,0,
Mecklenburg,Charlotte 1,68685.0,,2021-06-25,,0,
Mecklenburg,Charlotte 2,182501.0,0.27,2021-06-25,,0,
Mecklenburg,Charlotte 3,120000.0,,2021-06-25,,0,
Wilson,City of Wilson,49384.0,1.01,2021-06-25,,0,
Cumberland,Fayetteville - Rockfish,151589.0,1.25,2021-06-25,,0,
Guilford,Greensboro - North Buffalo,135821.0,0.15000000000000002,2021-06-25,,0,
Pitt,Greenville,89616.0,0.22000000000000003,2021-06-25,,0,
Scotland,Laurinburg,15527.0,,2021-06-25,,0,
"Buncombe,henderson",MSD of Buncombe County,173000.0,0.12,2021-06-25,,0,
Mcdowell,Marion,8459.0,,2021-06-25,,0,
New Hanover,New Hanover County (North),67743.0,0.30000000000000004,2021-06-25,,0,
Carteret,Newport (Data available until - 8/18/21),4774.0,4.19,2021-06-25,,0,
Wake,Raleigh,550000.0,,2021-06-25,0.0,0,533116.273186579
"Halifax,northampton",Roanoke Rapids,14320.0,,2021-06-25,,0,
Durham,South Durham,108105.0,0.19,2021-06-25,,0,
Carteret,Town of Beaufort,3500.0,,2021-06-25,,0,
Jackson,Tuckaseigee,13296.0,,2021-06-25,,0,
New Hanover,Wilmington City,58361.0,,2021-06-25,,0,
Forsyth,Winston Salem - Salem,178000.0,0.11000000000000001,2021-06-25,,0,
Orange,Chapel Hill - Carrboro,78141.0,0.26,2021-06-26,0.0,0,205658.303512672
Mecklenburg,Charlotte 1,68685.0,,2021-06-26,0.0,0,279357.284727625
Mecklenburg,Charlotte 2,182501.0,0.11000000000000001,2021-06-26,6873.863542433757,0,2269815.1955999
Mecklenburg,Charlotte 3,120000.0,,2021-06-26,6422.616289332563,0,1693747.96188088
Wilson,City of Wilson,49384.0,0.4,2021-06-26,0.0,0,212028.410655346
Cumberland,Fayetteville - Rockfish,151589.0,0.5900000000000001,2021-06-26,19999.999999999993,0,6792239.54244703
Guilford,Greensboro - North Buffalo,135821.0,0.15000000000000002,2021-06-26,0.0,0,102597.085440199
Pitt,Greenville,89616.0,0.5599999999999999,2021-06-26,0.0,0,179314.961429908
Scotland,Laurinburg,15527.0,,2021-06-26,,0,
"Buncombe,henderson",MSD of Buncombe County,173000.0,0.29,2021-06-26,0.0,0,129631.244900545
Mcdowell,Marion,8459.0,,2021-06-26,,0,
New Hanover,New Hanover County (North),67743.0,0.30000000000000004,2021-06-26,5123.475382979798,0,2190147.88860395
Carteret,Newport (Data available until - 8/18/21),4774.0,,2021-06-26,0.0,0,122504.366800159
Wake,Raleigh,550000.0,,2021-06-26,,0,
"Halifax,northampton",Roanoke Rapids,14320.0,1.4000000000000001,2021-06-26,0.0,0,196348.519789415
Durham,South Durham,108105.0,0.19,2021-06-26,3122.4989991992015,0,1377649.85121654
Carteret,Town of Beaufort,3500.0,,2021-06-26,0.0,0,342225.372069077
Jackson,Tuckaseigee,13296.0,,2021-06-26,,0,
New Hanover,Wilmington City,58361.0,0.34,2021-06-26,2345.207879911714,0,503498.743981854
Forsyth,Winston Salem - Salem,178000.0,0.11000000000000001,2021-06-26,0.0,0,311694.684761397
Orange,Chapel Hill - Carrboro,78141.0,,2021-06-27,,0,
Mecklenburg,Charlotte 1,68685.0,,2021-06-27,,0,
Mecklenburg,Charlotte 2,182501.0,0.38,2021-06-27,,0,
Mecklenburg,Charlotte 3,120000.0,,2021-06-27,,0,
Wilson,City of Wilson,49384.0,0.4,2021-06-27,,0,
Cumberland,Fayetteville - Rockfish,151589.0,0.73,2021-06-27,,0,
Guilford,Greensboro - North Buffalo,135821.0,0.15000000000000002,2021-06-27,,0,
Pitt,Greenville,89616.0,0.22000000000000003,2021-06-27,,0,
Scotland,Laurinburg,15527.0,1.29,2021-06-27,,0,
"Buncombe,henderson",MSD of Buncombe County,173000.0,0.12,2021-06-27,,0,
Mcdowell,Marion,8459.0,,2021-06-27,,0,
New Hanover,New Hanover County (North),67743.0,0.8900000000000001,2021-06-27,,0,
Carteret,Newport (Data available until - 8/18/21),4774.0,,2021-06-27,,0,
Wake,Raleigh,550000.0,,2021-06-27,,0,
"Halifax,northampton",Roanoke Rapids,14320.0,,2021-06-27,,0,
Durham,South Durham,108105.0,0.19,2021-06-27,,0,
Carteret,Town of Beaufort,3500.0,,2021-06-27,,0,
Jackson,Tuckaseigee,13296.0,,2021-06-27,,0,
New Hanover,Wilmington City,58361.0,,2021-06-27,,0,
Forsyth,Winston Salem - Salem,178000.0,0.11000000000000001,2021-06-27,,0,
Orange,Chapel Hill - Carrboro,78141.0,,2021-06-28,,0,
Mecklenburg,Charlotte 1,68685.0,,2021-06-28,,0,
Mecklenburg,Charlotte 2,182501.0,0.11000000000000001,2021-06-28,,0,
Mecklenburg,Charlotte 3,120000.0,,2021-06-28,,0,
Wilson,City of Wilson,49384.0,0.4,2021-06-28,,0,
Cumberland,Fayetteville - Rockfish,151589.0,0.5900000000000001,2021-06-28,,0,
Guilford,Greensboro - North Buffalo,135821.0,0.15000000000000002,2021-06-28,,0,
Pitt,Greenville,89616.0,0.67,2021-06-28,,0,
Scotland,Laurinburg,15527.0,1.29,2021-06-28,,0,
"Buncombe,henderson",MSD of Buncombe County,173000.0,0.12,2021-06-28,,0,
Mcdowell,Marion,8459.0,,2021-06-28,,0,
New Hanover,New Hanover County (North),67743.0,0.30000000000000004,2021-06-28,,0,
Carteret,Newport (Data available until - 8/18/21),4774.0,,2021-06-28,,0,
Wake,Raleigh,550000.0,,2021-06-28,,0,
"Halifax,northampton",Roanoke Rapids,14320.0,,2021-06-28,,0,
Durham,South Durham,108105.0,0.19,2021-06-28,,0,
Carteret,Town of Beaufort,3500.0,,2021-06-28,,0,
Jackson,Tuckaseigee,13296.0,,2021-06-28,0.0,0,462632.13717947307
New Hanover,Wilmington City,58361.0,0.34,2021-06-28,,0,
Forsyth,Winston Salem - Salem,178000.0,0.11000000000000001,2021-06-28,,0,
Orange,Chapel Hill - Carrboro,78141.0,0.26,2021-06-29,,0,
Mecklenburg,Charlotte 1,68685.0,,2021-06-29,0.0,0,275124.598595389
Mecklenburg,Charlotte 2,182501.0,0.11000000000000001,2021-06-29,10868.532559642079,0,3575366.96445021
Mecklenburg,Charlotte 3,120000.0,,2021-06-29,19999.999999999993,0,6731702.99999999
Wilson,City of Wilson,49384.0,0.4,2021-06-29,,0,
Cumberland,Fayetteville - Rockfish,151589.0,1.1900000000000002,2021-06-29,,0,
Guilford,Greensboro - North Buffalo,135821.0,0.15000000000000002,2021-06-29,,0,
Pitt,Greenville,89616.0,0.5599999999999999,2021-06-29,,0,
Scotland,Laurinburg,15527.0,1.29,2021-06-29,0.0,0,917267.562451862
"Buncombe,henderson",MSD of Buncombe County,173000.0,0.4,2021-06-29,,0,
Mcdowell,Marion,8459.0,2.3600000000000003,2021-06-29,0.0,0,361293.487598698
New Hanover,New Hanover County (North),67743.0,0.30000000000000004,2021-06-29,,0,
Carteret,Newport (Data available until - 8/18/21),4774.0,4.19,2021-06-29,,0,
Wake,Raleigh,550000.0,,2021-06-29,,0,
"Halifax,northampton",Roanoke Rapids,14320.0,,2021-06-29,,0,
Durham,South Durham,108105.0,0.19,2021-06-29,,0,
Carteret,Town of Beaufort,3500.0,,2021-06-29,,0,
Jackson,Tuckaseigee,13296.0,,2021-06-29,,0,
New Hanover,Wilmington City,58361.0,0.34,2021-06-29,,0,
Forsyth,Winston Salem - Salem,178000.0,0.11000000000000001,2021-06-29,,0,
Orange,Chapel Hill - Carrboro,78141.0,0.26,2021-06-30,0.0,0,100319.291023096
Mecklenburg,Charlotte 1,68685.0,,2021-06-30,,0,
Mecklenburg,Charlotte 2,182501.0,0.49000000000000005,2021-06-30,,0,
Mecklenburg,Charlotte 3,120000.0,,2021-06-30,,0,
Wilson,City of Wilson,49384.0,0.4,2021-06-30,9810.70843517431,0,6271796.14096961
Cumberland,Fayetteville - Rockfish,151589.0,1.32,2021-06-30,0.0,0,313004.189437615
Guilford,Greensboro - North Buffalo,135821.0,0.15000000000000002,2021-06-30,0.0,0,102017.440889689
Pitt,Greenville,89616.0,0.22000000000000003,2021-06-30,0.0,0,972634.019217585
Scotland,Laurinburg,15527.0,1.29,2021-06-30,,0,
"Buncombe,henderson",MSD of Buncombe County,173000.0,0.35000000000000003,2021-06-30,3856.8121551353784,0,1672622.02791456
Mcdowell,Marion,8459.0,2.3600000000000003,2021-06-30,,0,
New Hanover,New Hanover County (North),67743.0,,2021-06-30,7648.529270389181,0,3218253.58386826
Carteret,Newport (Data available until - 8/18/21),4774.0,,2021-06-30,0.0,0,134283.632838636
Wake,Raleigh,550000.0,,2021-06-30,4227.883631321942,0,1216903.50507384
"Halifax,northampton",Roanoke Rapids,14320.0,1.4000000000000001,2021-06-30,0.0,0,212056.401372568
Durham,South Durham,108105.0,0.19,2021-06-30,21008.926674154474,0,8680642.46965139
Carteret,Town of Beaufort,3500.0,,2021-06-30,0.0,0,1459253.88960385
Jackson,Tuckaseigee,13296.0,,2021-06-30,,0,
New Hanover,Wilmington City,58361.0,0.34,2021-06-30,6422.616289332563,0,1387219.74891553
Forsyth,Winston Salem - Salem,178000.0,0.11000000000000001,2021-06-30,0.0,0,161092.628778807
Orange,Chapel Hill - Carrboro,78141.0,0.26,2021-07-01,,0,
Mecklenburg,Charlotte 1,68685.0,,2021-07-01,,0,
Mecklenburg,Charlotte 2,182501.0,0.44000000000000006,2021-07-01,,0,
Mecklenburg,Charlotte 3,120000.0,,2021-07-01,,0,
Wilson,City of Wilson,49384.0,0.4,2021-07-01,,0,
Cumberland,Fayetteville - Rockfish,151589.0,0.9900000000000001,2021-07-01,,0,
Guilford,Greensboro - North Buffalo,135821.0,0.15000000000000002,2021-07-01,,0,
Pitt,Greenville,89616.0,0.22000000000000003,2021-07-01,,0,
Scotland,Laurinburg,15527.0,1.29,2021-07-01,0.0,0,156457.663046573
"Buncombe,henderson",MSD of Buncombe County,173000.0,0.12,2021-07-01,,0,
Mcdowell,Marion,8459.0,2.3600000000000003,2021-07-01,3897.1143170299797,0,1307968.12882893
New Hanover,New Hanover County (North),67743.0,0.30000000000000004,2021-07-01,,0,
Carteret,Newport (Data available until - 8/18/21),4774.0,,2021-07-01,,0,
Wake,Raleigh,550000.0,,2021-07-01,,0,
"Halifax,northampton",Roanoke Rapids,14320.0,1.4000000000000001,2021-07-01,,0,
Durham,South Durham,108105.0,0.19,2021-07-01,,0,
Carteret,Town of Beaufort,3500.0,,2021-07-01,,0,
Jackson,Tuckaseigee,13296.0,,2021-07-01,,0,
New Hanover,Wilmington City,58361.0,0.34,2021-07-01,,0,
Forsyth,Winston Salem - Salem,178000.0,0.27999999999999997,2021-07-01,,0,
Orange,Chapel Hill - Carrboro,78141.0,0.26,2021-07-02,,0,
Mecklenburg,Charlotte 1,68685.0,,2021-07-02,,0,
Mecklenburg,Charlotte 2,182501.0,0.6000000000000001,2021-07-02,,0,
Mecklenburg,Charlotte 3,120000.0,,2021-07-02,,0,
Wilson,City of Wilson,49384.0,0.4,2021-07-02,,0,
Cumberland,Fayetteville - Rockfish,151589.0,1.85,2021-07-02,,0,
Guilford,Greensboro - North Buffalo,135821.0,0.37000000000000005,2021-07-02,,0,
Pitt,Greenville,89616.0,0.22000000000000003,2021-07-02,,0,
Scotland,Laurinburg,15527.0,,2021-07-02,,0,
"Buncombe,henderson",MSD of Buncombe County,173000.0,0.12,2021-07-02,,0,
Mcdowell,Marion,8459.0,,2021-07-02,,0,
New Hanover,New Hanover County (North),67743.0,1.03,2021-07-02,,0,
Carteret,Newport (Data available until - 8/18/21),4774.0,,2021-07-02,,0,
Wake,Raleigh,550000.0,,2021-07-02,5123.475382979798,0,1587872.72595339
"Halifax,northampton",Roanoke Rapids,14320.0,,2021-07-02,,0,
Durham,South Durham,108105.0,0.65,2021-07-02,,0,
Carteret,Town of Beaufort,3500.0,,2021-07-02,,0,
Jackson,Tuckaseigee,13296.0,,2021-07-02,,0,
New Hanover,Wilmington City,58361.0,0.34,2021-07-02,,0,
Forsyth,Winston Salem - Salem,178000.0,0.11000000000000001,2021-07-02,,0,
Orange,Chapel Hill - Carrboro,78141.0,0.26,2021-07-03,0.0,0,363012.572686374
Mecklenburg,Charlotte 1,68685.0,,2021-07-03,8828.22179150479,0,2223511.14532866
Mecklenburg,Charlotte 2,182501.0,0.49000000000000005,2021-07-03,4330.127018922194,0,1380451.11809726
Mecklenburg,Charlotte 3,120000.0,,2021-07-03,9276.98765763974,0,2540137.55673092
Wilson,City of Wilson,49384.0,0.4,2021-07-03,0.0,0,898912.146691404
Cumberland,Fayetteville - Rockfish,151589.0,1.85,2021-07-03,4905.354217587146,0,1604670.0941614
Guilford,Greensboro - North Buffalo,135821.0,0.15000000000000002,2021-07-03,0.0,0,106488.984565049
Pitt,Greenville,89616.0,0.5599999999999999,2021-07-03,6995.534289816615,0,3531140.65828677
Scotland,Laurinburg,15527.0,1.29,2021-07-03,,0,
"Buncombe,henderson",MSD of Buncombe County,173000.0,0.29,2021-07-03,0.0,0,139512.864371398
Mcdowell,Marion,8459.0,,2021-07-03,,0,
New Hanover,New Hanover County (North),67743.0,0.30000000000000004,2021-07-03,0.0,0,117543.731384567
Carteret,Newport (Data available until - 8/18/21),4774.0,,2021-07-03,0.0,0,124860.220007855
Wake,Raleigh,550000.0,,2021-07-03,,0,
"Halifax,northampton",Roanoke Rapids,14320.0,1.4000000000000001,2021-07-03,0.0,0,243472.164538875
Durham,South Durham,108105.0,0.5599999999999999,2021-07-03,2738.612787525828,0,1121973.21767756
Carteret,Town of Beaufort,3500.0,,2021-07-03,0.0,0,343832.063956724
Jackson,Tuckaseigee,13296.0,,2021-07-03,,0,
New Hanover,Wilmington City,58361.0,0.34,2021-07-03,0.0,0,61282.2971145972
Forsyth,Winston Salem - Salem,178000.0,0.39,2021-07-03,0.0,0,79233.378594249
Orange,Chapel Hill - Carrboro,78141.0,0.26,2021-07-04,,0,
Mecklenburg,Charlotte 1,68685.0,,2021-07-04,,0,
Mecklenburg,Charlotte 2,182501.0,0.33,2021-07-04,,0,
Mecklenburg,Charlotte 3,120000.0,,2021-07-04,,0,
Wilson,City of Wilson,49384.0,0.4,2021-07-04,,0,
Cumberland,Fayetteville - Rockfish,151589.0,0.9900000000000001,2021-07-04,,0,
Guilford,Greensboro - North Buffalo,135821.0,0.15000000000000002,2021-07-04,,0,
Pitt,Greenville,89616.0,0.22000000000000003,2021-07-04,,0,
Scotland,Laurinburg,15527.0,,2021-07-04,,0,
"Buncombe,henderson",MSD of Buncombe County,173000.0,,2021-07-04,,0,
Mcdowell,Marion,8459.0,,2021-07-04,,0,
New Hanover,New Hanover County (North),67743.0,0.30000000000000004,2021-07-04,,0,
Carteret,Newport (Data available until - 8/18/21),4774.0,,2021-07-04,,0,
Wake,Raleigh,550000.0,,2021-07-04,,0,
"Halifax,northampton",Roanoke Rapids,14320.0,,2021-07-04,,0,
Durham,South Durham,108105.0,0.19,2021-07-04,,0,
Carteret,Town of Beaufort,3500.0,,2021-07-04,,0,
Jackson,Tuckaseigee,13296.0,,2021-07-04,,0,
New Hanover,Wilmington City,58361.0,0.34,2021-07-04,,0,
Forsyth,Winston Salem - Salem,178000.0,0.34,2021-07-04,,0,
Orange,Chapel Hill - Carrboro,78141.0,,2021-07-05,,0,
Mecklenburg,Charlotte 1,68685.0,,2021-07-05,,0,
Mecklenburg,Charlotte 2,182501.0,0.33,2021-07-05,,0,
Mecklenburg,Charlotte 3,120000.0,,2021-07-05,,0,
Wilson,City of Wilson,49384.0,0.4,2021-07-05,,0,
Cumberland,Fayetteville - Rockfish,151589.0,0.9900000000000001,2021-07-05,,0,
Guilford,Greensboro - North Buffalo,135821.0,0.15000000000000002,2021-07-05,,0,
Pitt,Greenville,89616.0,0.22000000000000003,2021-07-05,,0,
Scotland,Laurinburg,15527.0,,2021-07-05,,0,
"Buncombe,henderson",MSD of Buncombe County,173000.0,0.35000000000000003,2021-07-05,,0,
Mcdowell,Marion,8459.0,,2021-07-05,,0,
New Hanover,New Hanover County (North),67743.0,0.30000000000000004,2021-07-05,,0,
Carteret,Newport (Data available until - 8/18/21),4774.0,,2021-07-05,,0,
Wake,Raleigh,550000.0,,2021-07-05,,0,
"Halifax,northampton",Roanoke Rapids,14320.0,,2021-07-05,,0,
Durham,South Durham,108105.0,0.45999999999999996,2021-07-05,,0,
Carteret,Town of Beaufort,3500.0,,2021-07-05,,0,
Jackson,Tuckaseigee,13296.0,,2021-07-05,,0,
New Hanover,Wilmington City,58361.0,0.34,2021-07-05,,0,
Forsyth,Winston Salem - Salem,178000.0,0.11000000000000001,2021-07-05,,0,
Orange,Chapel Hill - Carrboro,78141.0,0.26,2021-07-06,,0,
Mecklenburg,Charlotte 1,68685.0,,2021-07-06,,0,
Mecklenburg,Charlotte 2,182501.0,0.49000000000000005,2021-07-06,,0,
Mecklenburg,Charlotte 3,120000.0,,2021-07-06,,0,
Wilson,City of Wilson,49384.0,1.01,2021-07-06,,0,
Cumberland,Fayetteville - Rockfish,151589.0,1.6500000000000001,2021-07-06,,0,
Guilford,Greensboro - North Buffalo,135821.0,0.81,2021-07-06,,0,
Pitt,Greenville,89616.0,1.0,2021-07-06,,0,
Scotland,Laurinburg,15527.0,,2021-07-06,5700.877125495694,0,2626804.2449867306
"Buncombe,henderson",MSD of Buncombe County,173000.0,0.29,2021-07-06,,0,
Mcdowell,Marion,8459.0,,2021-07-06,63146.654701575426,0,19413321.100359906
New Hanover,New Hanover County (North),67743.0,0.30000000000000004,2021-07-06,,0,
Carteret,Newport (Data available until - 8/18/21),4774.0,,2021-07-06,,0,
Wake,Raleigh,550000.0,,2021-07-06,,0,
"Halifax,northampton",Roanoke Rapids,14320.0,,2021-07-06,,0,
Durham,South Durham,108105.0,0.8300000000000001,2021-07-06,,0,
Carteret,Town of Beaufort,3500.0,,2021-07-06,,0,
Jackson,Tuckaseigee,13296.0,,2021-07-06,5451.048522990791,0,1424589.28212996
New Hanover,Wilmington City,58361.0,0.34,2021-07-06,,0,
Forsyth,Winston Salem - Salem,178000.0,0.34,2021-07-06,,0,
Orange,Chapel Hill - Carrboro,78141.0,0.26,2021-07-07,0.0,0,90100.2527696681
Mecklenburg,Charlotte 1,68685.0,,2021-07-07,,0,
Mecklenburg,Charlotte 2,182501.0,0.6000000000000001,2021-07-07,,0,
Mecklenburg,Charlotte 3,120000.0,,2021-07-07,,0,
Wilson,City of Wilson,49384.0,1.62,2021-07-07,13490.737563232045,0,7714362.3697972
Cumberland,Fayetteville - Rockfish,151589.0,2.5700000000000003,2021-07-07,0.0,0,544056.476800966
Guilford,Greensboro - North Buffalo,135821.0,0.44000000000000006,2021-07-07,0.0,0,98208.3481291977
Pitt,Greenville,89616.0,0.67,2021-07-07,3354.1019662496888,0,1521621.95190441
Scotland,Laurinburg,15527.0,1.29,2021-07-07,,0,
"Buncombe,henderson",MSD of Buncombe County,173000.0,0.29,2021-07-07,4541.47553114624,0,1901974.04764741
Mcdowell,Marion,8459.0,,2021-07-07,,0,
New Hanover,New Hanover County (North),67743.0,0.30000000000000004,2021-07-07,3354.1019662496888,0,1506883.44725881
Carteret,Newport (Data available until - 8/18/21),4774.0,,2021-07-07,0.0,0,110725.100761682
Wake,Raleigh,550000.0,,2021-07-07,,0,
"Halifax,northampton",Roanoke Rapids,14320.0,1.4000000000000001,2021-07-07,0.0,0,204202.460580992
Durham,South Durham,108105.0,0.19,2021-07-07,0.0,0,697749.7756262
Carteret,Town of Beaufort,3500.0,,2021-07-07,0.0,0,343832.063956724
Jackson,Tuckaseigee,13296.0,,2021-07-07,,0,
New Hanover,Wilmington City,58361.0,1.03,2021-07-07,0.0,0,288228.900703885
Forsyth,Winston Salem - Salem,178000.0,0.39,2021-07-07,3535.53390593274,0,732328.1677686701
Orange,Chapel Hill - Carrboro,78141.0,0.26,2021-07-08,,0,
Mecklenburg,Charlotte 1,68685.0,,2021-07-08,,0,
Mecklenburg,Charlotte 2,182501.0,0.38,2021-07-08,,0,
Mecklenburg,Charlotte 3,120000.0,,2021-07-08,,0,
Wilson,City of Wilson,49384.0,0.4,2021-07-08,,0,
Cumberland,Fayetteville - Rockfish,151589.0,2.1100000000000003,2021-07-08,,0,
Guilford,Greensboro - North Buffalo,135821.0,0.44000000000000006,2021-07-08,,0,
Pitt,Greenville,89616.0,0.78,2021-07-08,,0,
Scotland,Laurinburg,15527.0,1.29,2021-07-08,0.0,0,720692.1977531508
"Buncombe,henderson",MSD of Buncombe County,173000.0,0.6900000000000001,2021-07-08,,0,
Mcdowell,Marion,8459.0,,2021-07-08,4750.000000000001,0,1615473.93308901
New Hanover,New Hanover County (North),67743.0,0.30000000000000004,2021-07-08,,0,
Carteret,Newport (Data available until - 8/18/21),4774.0,,2021-07-08,,0,
Wake,Raleigh,550000.0,,2021-07-08,,0,
"Halifax,northampton",Roanoke Rapids,14320.0,1.4000000000000001,2021-07-08,,0,
Durham,South Durham,108105.0,0.65,2021-07-08,,0,
Carteret,Town of Beaufort,3500.0,,2021-07-08,,0,
Jackson,Tuckaseigee,13296.0,,2021-07-08,,0,
New Hanover,Wilmington City,58361.0,0.86,2021-07-08,,0,
Forsyth,Winston Salem - Salem,178000.0,0.6200000000000001,2021-07-08,,0,
Orange,Chapel Hill - Carrboro,78141.0,0.26,2021-07-09,,0,
Mecklenburg,Charlotte 1,68685.0,,2021-07-09,,0,
Mecklenburg,Charlotte 2,182501.0,0.71,2021-07-09,,0,
Mecklenburg,Charlotte 3,120000.0,,2021-07-09,,0,
Wilson,City of Wilson,49384.0,0.4,2021-07-09,,0,
Cumberland,Fayetteville - Rockfish,151589.0,2.2399999999999998,2021-07-09,,0,
Guilford,Greensboro - North Buffalo,135821.0,0.52,2021-07-09,,0,
Pitt,Greenville,89616.0,0.78,2021-07-09,,0,
Scotland,Laurinburg,15527.0,1.29,2021-07-09,,0,
"Buncombe,henderson",MSD of Buncombe County,173000.0,0.6400000000000001,2021-07-09,,0,
Mcdowell,Marion,8459.0,2.3600000000000003,2021-07-09,,0,
New Hanover,New Hanover County (North),67743.0,0.30000000000000004,2021-07-09,,0,
Carteret,Newport (Data available until - 8/18/21),4774.0,,2021-07-09,,0,
Wake,Raleigh,550000.0,,2021-07-09,,0,
"Halifax,northampton",Roanoke Rapids,14320.0,,2021-07-09,,0,
Durham,South Durham,108105.0,0.7400000000000001,2021-07-09,,0,
Carteret,Town of Beaufort,3500.0,,2021-07-09,,0,
Jackson,Tuckaseigee,13296.0,,2021-07-09,,0,
New Hanover,Wilmington City,58361.0,0.34,2021-07-09,,0,
Forsyth,Winston Salem - Salem,178000.0,0.45,2021-07-09,,0,
Orange,Chapel Hill - Carrboro,78141.0,0.26,2021-07-10,0.0,0,147240.508919122
Mecklenburg,Charlotte 1,68685.0,,2021-07-10,19943.670675179106,0,5198955.61922084
Mecklenburg,Charlotte 2,182501.0,0.71,2021-07-10,15427.248620541513,0,4991827.92466828
Mecklenburg,Charlotte 3,120000.0,,2021-07-10,9486.832980505142,0,2687374.0744029
Wilson,City of Wilson,49384.0,0.4,2021-07-10,0.0,0,289233.170281729
Cumberland,Fayetteville - Rockfish,151589.0,2.31,2021-07-10,19591.13319846506,0,8708104.84829743
Guilford,Greensboro - North Buffalo,135821.0,0.81,2021-07-10,5809.475019311125,0,2041723.03817116
Orange,Chapel Hill - Carrboro,78141.0,0.26,2021-04-01,4107.919181288749,0,1697476.36072348
Mecklenburg,Charlotte 1,68685.0,,2021-04-01,,0,
Mecklenburg,Charlotte 2,182501.0,1.8600000000000003,2021-04-01,,0,
Pitt,Greenville,89616.0,1.79,2021-04-01,,0,
New Hanover,New Hanover County (North),67743.0,1.92,2021-04-01,,0,
Carteret,Newport (Data available until - 8/18/21),4774.0,4.19,2021-04-01,,0,
Chatham,Pittsboro (Data available until - 5/25/21),4234.0,,2021-04-01,,0,
Wake,Raleigh,550000.0,,2021-04-01,,0,
Durham,South Durham,108105.0,0.9300000000000002,2021-04-01,,0,
Carteret,Town of Beaufort,3500.0,5.710000000000001,2021-04-01,0.0,0,212083.329169568
Jackson,Tuckaseigee,13296.0,,2021-04-01,,0,
New Hanover,Wilmington City,58361.0,2.06,2021-04-01,,0,
Orange,Chapel Hill - Carrboro,78141.0,0.6400000000000001,2021-04-02,,0,
Mecklenburg,Charlotte 1,68685.0,,2021-04-02,,0,
Mecklenburg,Charlotte 2,182501.0,1.8100000000000003,2021-04-02,,0,
Pitt,Greenville,89616.0,3.0100000000000002,2021-04-02,,0,
New Hanover,New Hanover County (North),67743.0,1.03,2021-04-02,0.0,0,594777.616142126
Carteret,Newport (Data available until - 8/18/21),4774.0,,2021-04-02,0.0,0,542513.163877854
Chatham,Pittsboro (Data available until - 5/25/21),4234.0,4.720000000000001,2021-04-02,0.0,0,164691.610590302
Wake,Raleigh,550000.0,,2021-04-02,,0,
Durham,South Durham,108105.0,1.11,2021-04-02,,0,
Carteret,Town of Beaufort,3500.0,5.710000000000001,2021-04-02,,0,
Jackson,Tuckaseigee,13296.0,,2021-04-02,,0,
New Hanover,Wilmington City,58361.0,3.4299999999999997,2021-04-02,22135.94362117868,0,5111367.30867617
Orange,Chapel Hill - Carrboro,78141.0,0.26,2021-04-03,,0,
Mecklenburg,Charlotte 1,68685.0,,2021-04-03,,0,
Mecklenburg,Charlotte 2,182501.0,1.59,2021-04-03,,0,
Pitt,Greenville,89616.0,1.0,2021-04-03,,0,
New Hanover,New Hanover County (North),67743.0,1.1800000000000002,2021-04-03,,0,
Carteret,Newport (Data available until - 8/18/21),4774.0,,2021-04-03,,0,
Chatham,Pittsboro (Data available until - 5/25/21),4234.0,,2021-04-03,,0,
Wake,Raleigh,550000.0,,2021-04-03,0.0,0,523913.730100319
Durham,South Durham,108105.0,1.3900000000000001,2021-04-03,0.0,0,78131.2543672062
Carteret,Town of Beaufort,3500.0,,2021-04-03,,0,
Jackson,Tuckaseigee,13296.0,,2021-04-03,,0,
New Hanover,Wilmington City,58361.0,2.06,2021-04-03,,0,
Orange,Chapel Hill - Carrboro,78141.0,0.6400000000000001,2021-04-04,,0,
Mecklenburg,Charlotte 1,68685.0,,2021-04-04,,0,
Mecklenburg,Charlotte 2,182501.0,1.37,2021-04-04,,0,
Pitt,Greenville,89616.0,2.0100000000000002,2021-04-04,,0,
New Hanover,New Hanover County (North),67743.0,0.8900000000000001,2021-04-04,,0,
Carteret,Newport (Data available until - 8/18/21),4774.0,,2021-04-04,,0,
Chatham,Pittsboro (Data available until - 5/25/21),4234.0,,2021-04-04,,0,
Wake,Raleigh,550000.0,,2021-04-04,,0,
Durham,South Durham,108105.0,1.02,2021-04-04,,0,
Carteret,Town of Beaufort,3500.0,5.710000000000001,2021-04-04,,0,
Jackson,Tuckaseigee,13296.0,1.5,2021-04-04,,0,
New Hanover,Wilmington City,58361.0,1.8800000000000001,2021-04-04,,0,
Orange,Chapel Hill - Carrboro,78141.0,0.26,2021-04-05,,0,
Mecklenburg,Charlotte 1,68685.0,,2021-04-05,12093.386622447835,0,3539095.92161986
Mecklenburg,Charlotte 2,182501.0,1.32,2021-04-05,5662.375826453069,0,2198624.50906398
Pitt,Greenville,89616.0,0.78,2021-04-05,,0,
New Hanover,New Hanover County (North),67743.0,0.30000000000000004,2021-04-05,,0,
Carteret,Newport (Data available until - 8/18/21),4774.0,,2021-04-05,,0,
Chatham,Pittsboro (Data available until - 5/25/21),4234.0,4.720000000000001,2021-04-05,0.0,0,772472.9562167609
Wake,Raleigh,550000.0,,2021-04-05,,0,
Durham,South Durham,108105.0,1.11,2021-04-05,,0,
Carteret,Town of Beaufort,3500.0,,2021-04-05,,0,
Jackson,Tuckaseigee,13296.0,1.5,2021-04-05,3585.0000000000055,0,1132929.56453068
New Hanover,Wilmington City,58361.0,1.54,2021-04-05,,0,
Orange,Chapel Hill - Carrboro,78141.0,0.6400000000000001,2021-04-06,4582.575694955842,0,1691599.04674788
Mecklenburg,Charlotte 1,68685.0,,2021-04-06,,0,
Mecklenburg,Charlotte 2,182501.0,1.92,2021-04-06,,0,
Pitt,Greenville,89616.0,2.79,2021-04-06,11070.794912742287,0,5850087.17365547
New Hanover,New Hanover County (North),67743.0,2.2100000000000004,2021-04-06,0.0,0,528708.557328007
Carteret,Newport (Data available until - 8/18/21),4774.0,4.19,2021-04-06,0.0,0,127216.07321555
Chatham,Pittsboro (Data available until - 5/25/21),4234.0,,2021-04-06,,0,
Wake,Raleigh,550000.0,,2021-04-06,,0,
Durham,South Durham,108105.0,1.57,2021-04-06,,0,
Carteret,Town of Beaufort,3500.0,,2021-04-06,0.0,0,253857.318248423
Jackson,Tuckaseigee,13296.0,1.5,2021-04-06,,0,
New Hanover,Wilmington City,58361.0,2.23,2021-04-06,6113.509630318747,0,1264941.19602476
Orange,Chapel Hill - Carrboro,78141.0,1.4100000000000001,2021-04-07,,0,
Mecklenburg,Charlotte 1,68685.0,,2021-04-07,13028.814220795375,0,3769763.1956736306
Mecklenburg,Charlotte 2,182501.0,1.26,2021-04-07,32449.961479175923,0,12310463.9410855
Pitt,Greenville,89616.0,2.0100000000000002,2021-04-07,,0,
New Hanover,New Hanover County (North),67743.0,1.03,2021-04-07,,0,
Carteret,Newport (Data available until - 8/18/21),4774.0,4.19,2021-04-07,,0,
Chatham,Pittsboro (Data available until - 5/25/21),4234.0,,2021-04-07,,0,
Wake,Raleigh,550000.0,,2021-04-07,6480.740698407868,0,2149020.35556237
Durham,South Durham,108105.0,0.9300000000000002,2021-04-07,17972.20075561144,0,4807957.45965336
Carteret,Town of Beaufort,3500.0,5.710000000000001,2021-04-07,,0,
Jackson,Tuckaseigee,13296.0,1.5,2021-04-07,,0,
New Hanover,Wilmington City,58361.0,2.23,2021-04-07,,0,
Orange,Chapel Hill - Carrboro,78141.0,1.02,2021-04-08,,0,
Mecklenburg,Charlotte 1,68685.0,,2021-04-08,,0,
Mecklenburg,Charlotte 2,182501.0,1.64,2021-04-08,,0,
Pitt,Greenville,89616.0,3.12,2021-04-08,,0,
New Hanover,New Hanover County (North),67743.0,1.92,2021-04-08,,0,
Carteret,Newport (Data available until - 8/18/21),4774.0,,2021-04-08,,0,
Chatham,Pittsboro (Data available until - 5/25/21),4234.0,,2021-04-08,,0,
Wake,Raleigh,550000.0,,2021-04-08,,0,
Durham,South Durham,108105.0,2.04,2021-04-08,,0,
Carteret,Town of Beaufort,3500.0,5.710000000000001,2021-04-08,,0,
Jackson,Tuckaseigee,13296.0,,2021-04-08,,0,
New Hanover,Wilmington City,58361.0,2.91,2021-04-08,,0,
Orange,Chapel Hill - Carrboro,78141.0,0.6400000000000001,2021-04-09,8249.999999999998,0,3013409.18339923
Mecklenburg,Charlotte 1,68685.0,,2021-04-09,,0,
Mecklenburg,Charlotte 2,182501.0,2.19,2021-04-09,,0,
Pitt,Greenville,89616.0,1.67,2021-04-09,21106.870919205452,0,9709077.24673754
New Hanover,New Hanover County (North),67743.0,1.4800000000000002,2021-04-09,0.0,0,111068.864825247
Carteret,Newport (Data available until - 8/18/21),4774.0,4.19,2021-04-09,0.0,0,113080.953969378
Chatham,Pittsboro (Data available until - 5/25/21),4234.0,,2021-04-09,0.0,0,573710.185078997
Wake,Raleigh,550000.0,,2021-04-09,,0,
Durham,South Durham,108105.0,1.02,2021-04-09,,0,
Carteret,Town of Beaufort,3500.0,5.710000000000001,2021-04-09,,0,
Jackson,Tuckaseigee,13296.0,,2021-04-09,,0,
New Hanover,Wilmington City,58361.0,2.23,2021-04-09,7648.529270389181,0,1557745.96183088
Orange,Chapel Hill - Carrboro,78141.0,0.26,2021-04-10,,0,
Mecklenburg,Charlotte 1,68685.0,,2021-04-10,,0,
Mecklenburg,Charlotte 2,182501.0,2.08,2021-04-10,,0,
Pitt,Greenville,89616.0,2.9000000000000004,2021-04-10,,0,
New Hanover,New Hanover County (North),67743.0,1.1800000000000002,2021-04-10,,0,
Carteret,Newport (Data available until - 8/18/21),4774.0,4.19,2021-04-10,,0,
Chatham,Pittsboro (Data available until - 5/25/21),4234.0,,2021-04-10,,0,
Wake,Raleigh,550000.0,,2021-04-10,8031.189202104518,0,2725058.71956067
Durham,South Durham,108105.0,1.2000000000000002,2021-04-10,11472.793905583763,0,3029050.64463701
Carteret,Town of Beaufort,3500.0,5.710000000000001,2021-04-10,0.0,0,253857.318248423
Jackson,Tuckaseigee,13296.0,1.5,2021-04-10,,0,
New Hanover,Wilmington City,58361.0,1.37,2021-04-10,,0,
Orange,Chapel Hill - Carrboro,78141.0,0.26,2021-04-11,,0,
Mecklenburg,Charlotte 1,68685.0,,2021-04-11,,0,
Mecklenburg,Charlotte 2,182501.0,0.9300000000000002,2021-04-11,,0,
Pitt,Greenville,89616.0,1.9000000000000001,2021-04-11,,0,
New Hanover,New Hanover County (North),67743.0,1.1800000000000002,2021-04-11,,0,
Carteret,Newport (Data available until - 8/18/21),4774.0,,2021-04-11,,0,
Chatham,Pittsboro (Data available until - 5/25/21),4234.0,,2021-04-11,,0,
Wake,Raleigh,550000.0,,2021-04-11,,0,
Durham,South Durham,108105.0,1.11,2021-04-11,,0,
Carteret,Town of Beaufort,3500.0,5.710000000000001,2021-04-11,,0,
Jackson,Tuckaseigee,13296.0,1.5,2021-04-11,,0,
New Hanover,Wilmington City,58361.0,0.86,2021-04-11,,0,
Orange,Chapel Hill - Carrboro,78141.0,0.26,2021-04-12,,0,
Mecklenburg,Charlotte 1,68685.0,,2021-04-12,,0,
Mecklenburg,Charlotte 2,182501.0,1.21,2021-04-12,10600.707523557106,0,4243641.52750774
Pitt,Greenville,89616.0,2.68,2021-04-12,,0,
New Hanover,New Hanover County (North),67743.0,1.03,2021-04-12,,0,
Carteret,Newport (Data available until - 8/18/21),4774.0,,2021-04-12,,0,
Chatham,Pittsboro (Data available until - 5/25/21),4234.0,,2021-04-12,,0,
Wake,Raleigh,550000.0,,2021-04-12,,0,
Durham,South Durham,108105.0,1.4800000000000002,2021-04-12,,0,
Carteret,Town of Beaufort,3500.0,5.710000000000001,2021-04-12,,0,
Jackson,Tuckaseigee,13296.0,,2021-04-12,2969.0000000000027,0,1056600.91380866
New Hanover,Wilmington City,58361.0,1.2000000000000002,2021-04-12,,0,
Orange,Chapel Hill - Carrboro,78141.0,0.9,2021-04-13,5550.900827793641,0,2113580.66506886
Mecklenburg,Charlotte 1,68685.0,,2021-04-13,,0,
Mecklenburg,Charlotte 2,182501.0,2.08,2021-04-13,,0,
Pitt,Greenville,89616.0,3.12,2021-04-13,4743.416490252579,0,2332225.08285163
New Hanover,New Hanover County (North),67743.0,1.4800000000000002,2021-04-13,0.0,0,108578.531533201
Carteret,Newport (Data available until - 8/18/21),4774.0,4.19,2021-04-13,0.0,0,122504.366800159
Chatham,Pittsboro (Data available until - 5/25/21),4234.0,4.720000000000001,2021-04-13,0.0,0,154066.345390927
Wake,Raleigh,550000.0,,2021-04-13,,0,
Durham,South Durham,108105.0,1.7600000000000002,2021-04-13,,0,
Carteret,Town of Beaufort,3500.0,5.710000000000001,2021-04-13,0.0,0,253857.318248423
Jackson,Tuckaseigee,13296.0,,2021-04-13,,0,
New Hanover,Wilmington City,58361.0,3.94,2021-04-13,7664.854858377962,0,1556099.36684136
Orange,Chapel Hill - Carrboro,78141.0,0.6400000000000001,2021-04-14,,0,
Mecklenburg,Charlotte 1,68685.0,,2021-04-14,18472.953201911154,0,5192259.40099913
Mecklenburg,Charlotte 2,182501.0,1.75,2021-04-14,13322.912594474232,0,5253247.04467748
Pitt,Greenville,89616.0,2.0100000000000002,2021-04-14,,0,
New Hanover,New Hanover County (North),67743.0,1.1800000000000002,2021-04-14,,0,
Carteret,Newport (Data available until - 8/18/21),4774.0,4.19,2021-04-14,,0,
Chatham,Pittsboro (Data available until - 5/25/21),4234.0,,2021-04-14,,0,
Wake,Raleigh,550000.0,,2021-04-14,5629.165124598854,0,1848040.37692493
Durham,South Durham,108105.0,1.2000000000000002,2021-04-14,0.0,0,305290.435264641
Carteret,Town of Beaufort,3500.0,5.710000000000001,2021-04-14,,0,
Jackson,Tuckaseigee,13296.0,1.5,2021-04-14,,0,
New Hanover,Wilmington City,58361.0,2.74,2021-04-14,,0,
Orange,Chapel Hill - Carrboro,78141.0,0.26,2021-04-15,,0,
Mecklenburg,Charlotte 1,68685.0,,2021-04-15,,0,
Mecklenburg,Charlotte 2,182501.0,1.64,2021-04-15,,0,
Pitt,Greenville,89616.0,3.35,2021-04-15,,0,
New Hanover,New Hanover County (North),67743.0,2.3600000000000003,2021-04-15,,0,
Carteret,Newport (Data available until - 8/18/21),4774.0,,2021-04-15,,0,
Chatham,Pittsboro (Data available until - 5/25/21),4234.0,,2021-04-15,,0,
Wake,Raleigh,550000.0,,2021-04-15,,0,
Durham,South Durham,108105.0,1.3,2021-04-15,,0,
Carteret,Town of Beaufort,3500.0,5.710000000000001,2021-04-15,,0,
Jackson,Tuckaseigee,13296.0,,2021-04-15,,0,
New Hanover,Wilmington City,58361.0,2.06,2021-04-15,,0,
Orange,Chapel Hill - Carrboro,78141.0,0.6400000000000001,2021-04-16,1870.8286933869701,0,691498.708248884
Mecklenburg,Charlotte 1,68685.0,,2021-04-16,,0,
Mecklenburg,Charlotte 2,182501.0,1.64,2021-04-16,,0,
Pitt,Greenville,89616.0,3.24,2021-04-16,6093.028803476973,0,2728131.61786317
New Hanover,New Hanover County (North),67743.0,0.30000000000000004,2021-04-16,3929.058411375431,0,1036281.71756764
Carteret,Newport (Data available until - 8/18/21),4774.0,4.19,2021-04-16,0.0,0,106013.394346292
Chatham,Pittsboro (Data available until - 5/25/21),4234.0,4.720000000000001,2021-04-16,2091.650066335187,0,1122021.56274518
Wake,Raleigh,550000.0,,2021-04-16,,0,
Durham,South Durham,108105.0,1.11,2021-04-16,,0,
Carteret,Town of Beaufort,3500.0,5.710000000000001,2021-04-16,0.0,0,289204.539776685
Jackson,Tuckaseigee,13296.0,,2021-04-16,,0,
New Hanover,Wilmington City,58361.0,2.74,2021-04-16,2645.75131106459,0,556010.615339158
Orange,Chapel Hill - Carrboro,78141.0,0.26,2021-04-17,,0,
Mecklenburg,Charlotte 1,68685.0,,2021-04-17,,0,
Mecklenburg,Charlotte 2,182501.0,1.75,2021-04-17,,0,
Pitt,Greenville,89616.0,2.45,2021-04-17,,0,
New Hanover,New Hanover County (North),67743.0,1.92,2021-04-17,,0,
Carteret,Newport (Data available until - 8/18/21),4774.0,,2021-04-17,,0,
Chatham,Pittsboro (Data available until - 5/25/21),4234.0,4.720000000000001,2021-04-17,,0,
Wake,Raleigh,550000.0,,2021-04-17,5684.408500451035,0,1875957.43456049
Durham,South Durham,108105.0,1.02,2021-04-17,11368.81700090209,0,2945866.02910678
Carteret,Town of Beaufort,3500.0,,2021-04-17,,0,
Jackson,Tuckaseigee,13296.0,,2021-04-17,,0,
New Hanover,Wilmington City,58361.0,2.23,2021-04-17,,0,
Orange,Chapel Hill - Carrboro,78141.0,0.26,2021-04-18,,0,
Mecklenburg,Charlotte 1,68685.0,,2021-04-18,,0,
Mecklenburg,Charlotte 2,182501.0,1.32,2021-04-18,,0,
Pitt,Greenville,89616.0,1.0,2021-04-18,,0,
New Hanover,New Hanover County (North),67743.0,0.30000000000000004,2021-04-18,,0,
Carteret,Newport (Data available until - 8/18/21),4774.0,,2021-04-18,,0,
Chatham,Pittsboro (Data available until - 5/25/21),4234.0,,2021-04-18,,0,
Wake,Raleigh,550000.0,,2021-04-18,,0,
Durham,South Durham,108105.0,0.65,2021-04-18,,0,
Carteret,Town of Beaufort,3500.0,,2021-04-18,,0,
Jackson,Tuckaseigee,13296.0,,2021-04-18,,0,
New Hanover,Wilmington City,58361.0,1.2000000000000002,2021-04-18,,0,
Orange,Chapel Hill - Carrboro,78141.0,0.26,2021-04-19,,0,
Mecklenburg,Charlotte 1,68685.0,,2021-04-19,6928.203230275505,0,1974063.12915141
Mecklenburg,Charlotte 2,182501.0,1.4800000000000002,2021-04-19,15708.278072405014,0,5789786.34658199
Pitt,Greenville,89616.0,2.23,2021-04-19,,0,
New Hanover,New Hanover County (North),67743.0,0.30000000000000004,2021-04-19,,0,
Carteret,Newport (Data available until - 8/18/21),4774.0,4.19,2021-04-19,,0,
Chatham,Pittsboro (Data available until - 5/25/21),4234.0,,2021-04-19,,0,
Wake,Raleigh,550000.0,,2021-04-19,,0,
Durham,South Durham,108105.0,0.65,2021-04-19,,0,
Carteret,Town of Beaufort,3500.0,,2021-04-19,,0,
Jackson,Tuckaseigee,13296.0,1.5,2021-04-19,1554.9999999999998,0,572689.795126353
New Hanover,Wilmington City,58361.0,0.34,2021-04-19,,0,
Orange,Chapel Hill - Carrboro,78141.0,0.6400000000000001,2021-04-20,2371.708245126283,0,824932.70278222
Mecklenburg,Charlotte 1,68685.0,,2021-04-20,,0,
Mecklenburg,Charlotte 2,182501.0,2.19,2021-04-20,,0,
Pitt,Greenville,89616.0,1.9000000000000001,2021-04-20,7705.517503711229,0,3245063.44410292
New Hanover,New Hanover County (North),67743.0,1.03,2021-04-20,0.0,0,158178.415325341
Carteret,Newport (Data available until - 8/18/21),4774.0,4.19,2021-04-20,0.0,0,115436.807177073
Chatham,Pittsboro (Data available until - 5/25/21),4234.0,,2021-04-20,0.0,0,687547.102591007
Wake,Raleigh,550000.0,,2021-04-20,,0,
Durham,South Durham,108105.0,1.2000000000000002,2021-04-20,,0,
Carteret,Town of Beaufort,3500.0,5.710000000000001,2021-04-20,,0,
Jackson,Tuckaseigee,13296.0,,2021-04-20,,0,
New Hanover,Wilmington City,58361.0,3.2600000000000002,2021-04-20,4123.105625617668,0,826365.149137411
Orange,Chapel Hill - Carrboro,78141.0,0.26,2021-04-21,,0,
Mecklenburg,Charlotte 1,68685.0,,2021-04-21,5267.826876426378,0,1451614.75271342
Mecklenburg,Charlotte 2,182501.0,2.14,2021-04-21,13162.446581088203,0,4802296.7206581
Pitt,Greenville,89616.0,3.0100000000000002,2021-04-21,,0,
New Hanover,New Hanover County (North),67743.0,0.7400000000000001,2021-04-21,,0,
Carteret,Newport (Data available until - 8/18/21),4774.0,4.19,2021-04-21,,0,
Chatham,Pittsboro (Data available until - 5/25/21),4234.0,4.720000000000001,2021-04-21,,0,
Wake,Raleigh,550000.0,,2021-04-21,4358.898943540679,0,1406115.00358798
Durham,South Durham,108105.0,1.4800000000000002,2021-04-21,4183.300132670386,0,1092757.63233606
Carteret,Town of Beaufort,3500.0,,2021-04-21,0.0,0,234577.015596644
Jackson,Tuckaseigee,13296.0,1.5,2021-04-21,,0,
New Hanover,Wilmington City,58361.0,1.8800000000000001,2021-04-21,,0,
Orange,Chapel Hill - Carrboro,78141.0,1.2800000000000002,2021-04-22,,0,
Mecklenburg,Charlotte 1,68685.0,,2021-04-22,,0,
Mecklenburg,Charlotte 2,182501.0,2.6300000000000003,2021-04-22,,0,
Pitt,Greenville,89616.0,2.45,2021-04-22,,0,
New Hanover,New Hanover County (North),67743.0,2.07,2021-04-22,,0,
Carteret,Newport (Data available until - 8/18/21),4774.0,,2021-04-22,,0,
Chatham,Pittsboro (Data available until - 5/25/21),4234.0,,2021-04-22,,0,
Wake,Raleigh,550000.0,,2021-04-22,,0,
Durham,South Durham,108105.0,0.19,2021-04-22,,0,
Carteret,Town of Beaufort,3500.0,5.710000000000001,2021-04-22,,0,
Jackson,Tuckaseigee,13296.0,1.5,2021-04-22,,0,
New Hanover,Wilmington City,58361.0,1.54,2021-04-22,,0,
Orange,Chapel Hill - Carrboro,78141.0,0.26,2021-04-23,6422.616289332563,0,2177924.54551997
Mecklenburg,Charlotte 1,68685.0,,2021-04-23,,0,
Mecklenburg,Charlotte 2,182501.0,1.21,2021-04-23,,0,
Pitt,Greenville,89616.0,3.12,2021-04-23,12124.355652982154,0,4983078.51497512
New Hanover,New Hanover County (North),67743.0,1.4800000000000002,2021-04-23,0.0,0,203281.107178799
Carteret,Newport (Data available until - 8/18/21),4774.0,,2021-04-23,0.0,0,106013.394346292
Chatham,Pittsboro (Data available until - 5/25/21),4234.0,,2021-04-23,0.0,0,527324.555870755
Wake,Raleigh,550000.0,,2021-04-23,,0,
Durham,South Durham,108105.0,0.9300000000000002,2021-04-23,,0,
Carteret,Town of Beaufort,3500.0,5.710000000000001,2021-04-23,,0,
Jackson,Tuckaseigee,13296.0,1.5,2021-04-23,,0,
New Hanover,Wilmington City,58361.0,1.03,2021-04-23,4683.748498798799,0,944806.796910054
Orange,Chapel Hill - Carrboro,78141.0,0.26,2021-04-24,,0,
Mecklenburg,Charlotte 1,68685.0,,2021-04-24,,0,
Mecklenburg,Charlotte 2,182501.0,1.42,2021-04-24,,0,
Pitt,Greenville,89616.0,2.9000000000000004,2021-04-24,,0,
New Hanover,New Hanover County (North),67743.0,1.1800000000000002,2021-04-24,,0,
Carteret,Newport (Data available until - 8/18/21),4774.0,,2021-04-24,,0,
Chatham,Pittsboro (Data available until - 5/25/21),4234.0,,2021-04-24,,0,
Wake,Raleigh,550000.0,,2021-04-24,0.0,0,553476.571003409
Durham,South Durham,108105.0,0.9300000000000002,2021-04-24,3976.4934301467215,0,1008102.82585131
Carteret,Town of Beaufort,3500.0,,2021-04-24,0.0,0,228150.248046051
Jackson,Tuckaseigee,13296.0,1.5,2021-04-24,,0,
New Hanover,Wilmington City,58361.0,2.4000000000000004,2021-04-24,,0,
Orange,Chapel Hill - Carrboro,78141.0,0.26,2021-04-25,,0,
Mecklenburg,Charlotte 1,68685.0,,2021-04-25,,0,
Mecklenburg,Charlotte 2,182501.0,0.9900000000000001,2021-04-25,,0,
Pitt,Greenville,89616.0,1.4500000000000002,2021-04-25,,0,
New Hanover,New Hanover County (North),67743.0,1.62,2021-04-25,,0,
Carteret,Newport (Data available until - 8/18/21),4774.0,,2021-04-25,,0,
Chatham,Pittsboro (Data available until - 5/25/21),4234.0,,2021-04-25,,0,
Wake,Raleigh,550000.0,,2021-04-25,,0,
Durham,South Durham,108105.0,0.65,2021-04-25,,0,
Carteret,Town of Beaufort,3500.0,5.710000000000001,2021-04-25,,0,
Jackson,Tuckaseigee,13296.0,1.5,2021-04-25,,0,
New Hanover,Wilmington City,58361.0,1.54,2021-04-25,,0,
Orange,Chapel Hill - Carrboro,78141.0,0.26,2021-04-26,,0,
Mecklenburg,Charlotte 1,68685.0,,2021-04-26,5086.747487343954,0,1418536.68383598
Mecklenburg,Charlotte 2,182501.0,0.44000000000000006,2021-04-26,7866.0663612761455,0,3033077.62345351
Pitt,Greenville,89616.0,1.79,2021-04-26,,0,
New Hanover,New Hanover County (North),67743.0,0.30000000000000004,2021-04-26,,0,
Carteret,Newport (Data available until - 8/18/21),4774.0,4.19,2021-04-26,,0,
Chatham,Pittsboro (Data available until - 5/25/21),4234.0,,2021-04-26,,0,
Wake,Raleigh,550000.0,,2021-04-26,,0,
Durham,South Durham,108105.0,0.65,2021-04-26,,0,
Carteret,Town of Beaufort,3500.0,,2021-04-26,,0,
Jackson,Tuckaseigee,13296.0,1.5,2021-04-26,9561.84997790701,0,2341160.28425672
New Hanover,Wilmington City,58361.0,0.86,2021-04-26,,0,
Orange,Chapel Hill - Carrboro,78141.0,0.6400000000000001,2021-04-27,0.0,0,229401.607627682
Mecklenburg,Charlotte 1,68685.0,,2021-04-27,,0,
Mecklenburg,Charlotte 2,182501.0,1.26,2021-04-27,,0,
Pitt,Greenville,89616.0,3.0100000000000002,2021-04-27,6000.0,0,2440640.1981788906
New Hanover,New Hanover County (North),67743.0,2.66,2021-04-27,0.0,0,112563.064800475
Carteret,Newport (Data available until - 8/18/21),4774.0,,2021-04-27,0.0,0,115436.807177073
Chatham,Pittsboro (Data available until - 5/25/21),4234.0,,2021-04-27,0.0,0,272373.066044894
Wake,Raleigh,550000.0,,2021-04-27,3031.0889132455386,0,912069.46775376
Durham,South Durham,108105.0,1.2000000000000002,2021-04-27,3372.6843908080114,0,836132.215995464
Carteret,Town of Beaufort,3500.0,5.710000000000001,2021-04-27,0.0,0,234577.015596644
Jackson,Tuckaseigee,13296.0,1.5,2021-04-27,,0,
New Hanover,Wilmington City,58361.0,2.4000000000000004,2021-04-27,3708.099243547835,0,719136.927756765
Orange,Chapel Hill - Carrboro,78141.0,0.26,2021-04-28,,0,
Mecklenburg,Charlotte 1,68685.0,,2021-04-28,25256.18736072415,0,6917896.41155079
Mecklenburg,Charlotte 2,182501.0,1.5300000000000002,2021-04-28,15241.801074676212,0,5472425.85888104
Pitt,Greenville,89616.0,3.0100000000000002,2021-04-28,,0,
New Hanover,New Hanover County (North),67743.0,2.07,2021-04-28,,0,
Carteret,Newport (Data available until - 8/18/21),4774.0,4.19,2021-04-28,,0,
Chatham,Pittsboro (Data available until - 5/25/21),4234.0,,2021-04-28,,0,
Wake,Raleigh,550000.0,,2021-04-28,,0,
Durham,South Durham,108105.0,1.02,2021-04-28,,0,
Carteret,Town of Beaufort,3500.0,,2021-04-28,,0,
Jackson,Tuckaseigee,13296.0,,2021-04-28,,0,
New Hanover,Wilmington City,58361.0,1.03,2021-04-28,,0,
Orange,Chapel Hill - Carrboro,78141.0,0.26,2021-04-29,,0,
Mecklenburg,Charlotte 1,68685.0,,2021-04-29,,0,
Mecklenburg,Charlotte 2,182501.0,0.8800000000000001,2021-04-29,,0,
Pitt,Greenville,89616.0,2.34,2021-04-29,,0,
New Hanover,New Hanover County (North),67743.0,1.03,2021-04-29,,0,
Carteret,Newport (Data available until - 8/18/21),4774.0,,2021-04-29,,0,
Chatham,Pittsboro (Data available until - 5/25/21),4234.0,,2021-04-29,,0,
Wake,Raleigh,550000.0,,2021-04-29,,0,
Durham,South Durham,108105.0,1.02,2021-04-29,,0,
Pitt,Greenville,89616.0,51.11000000000001,2022-01-05,169834.4782427879,0,70432825.593927
Scotland,Laurinburg,15527.0,48.95,2022-01-05,,0,
"Buncombe,henderson",MSD of Buncombe County,173000.0,26.82,2022-01-05,,0,
Mcdowell,Marion,8459.0,28.37,2022-01-05,,0,
New Hanover,New Hanover County (North),67743.0,23.180000000000003,2022-01-05,143874.94569938167,0,45101956.9714503
Wake,Raleigh,550000.0,,2022-01-05,108166.53826391972,0,46312926.042675
Wake,Raleigh 2,30655.0,1180.23,2022-01-05,,0,
Wake,Raleigh 3,7776.0,109.31,2022-01-05,,0,
"Halifax,northampton",Roanoke Rapids,14320.0,74.02000000000001,2022-01-05,41807.59500377899,0,89517710.0580424
Durham,South Durham,108105.0,38.67,2022-01-05,131909.05958272936,0,130715490.331514
Carteret,Town of Beaufort,3500.0,31.430000000000003,2022-01-05,70356.23639735149,0,76093284.9310096
Jackson,Tuckaseigee,13296.0,28.580000000000002,2022-01-05,,0,
New Hanover,Wilmington City,58361.0,34.95,2022-01-05,302386.3422841715,0,78453299.98337929
Forsyth,Winston Salem - Salem,178000.0,31.010000000000005,2022-01-05,97211.11047611802,0,45894501.2058302
Wake,Cary 1,84189.0,34.68,2022-01-06,230323.60602042012,0,78498992.6829052
Wake,Cary 2,74331.0,29.060000000000002,2022-01-06,186477.471106879,0,57160039.0056815
Wake,Cary 3,75886.0,40.980000000000004,2022-01-06,476355.59919533797,0,112156226.578233
Orange,Chapel Hill - Carrboro,78141.0,33.53,2022-01-06,,0,
Mecklenburg,Charlotte 1,68685.0,,2022-01-06,,0,
Mecklenburg,Charlotte 2,182501.0,31.230000000000004,2022-01-06,,0,
Mecklenburg,Charlotte 3,120000.0,,2022-01-06,,0,
Wilson,City of Wilson,49384.0,52.650000000000006,2022-01-06,,0,
Cumberland,Fayetteville - Rockfish,151589.0,33.839999999999996,2022-01-06,,0,
Guilford,Greensboro - North Buffalo,135821.0,27.610000000000003,2022-01-06,,0,
Pitt,Greenville,89616.0,38.27,2022-01-06,,0,
Scotland,Laurinburg,15527.0,65.05,2022-01-06,99937.48045653343,0,57012289.0537243
"Buncombe,henderson",MSD of Buncombe County,173000.0,26.760000000000005,2022-01-06,,0,
Mcdowell,Marion,8459.0,28.37,2022-01-06,87357.02604828087,0,31664717.1044521
New Hanover,New Hanover County (North),67743.0,18.45,2022-01-06,,0,
Wake,Raleigh,550000.0,,2022-01-06,,0,
Wake,Raleigh 2,30655.0,1119.8799999999999,2022-01-06,176398.88667919036,0,58965033.9466659
Wake,Raleigh 3,7776.0,100.31,2022-01-06,294176.0784998495,0,181872317.643098
"Halifax,northampton",Roanoke Rapids,14320.0,70.53,2022-01-06,,0,
Durham,South Durham,108105.0,34.32,2022-01-06,,0,
Carteret,Town of Beaufort,3500.0,14.290000000000001,2022-01-06,,0,
Jackson,Tuckaseigee,13296.0,29.330000000000002,2022-01-06,,0,
New Hanover,Wilmington City,58361.0,26.900000000000002,2022-01-06,,0,
Forsyth,Winston Salem - Salem,178000.0,32.19,2022-01-06,,0,
Wake,Cary 1,84189.0,31.12,2022-01-07,,0,
Wake,Cary 2,74331.0,31.880000000000003,2022-01-07,,0,
Wake,Cary 3,75886.0,38.870000000000005,2022-01-07,,0,
Orange,Chapel Hill - Carrboro,78141.0,33.53,2022-01-07,,0,
Mecklenburg,Charlotte 1,68685.0,,2022-01-07,,0,
Mecklenburg,Charlotte 2,182501.0,26.85,2022-01-07,,0,
Mecklenburg,Charlotte 3,120000.0,,2022-01-07,1101436.5619498927,0,379065946.342599
Wilson,City of Wilson,49384.0,44.14,2022-01-07,,0,
Cumberland,Fayetteville - Rockfish,151589.0,29.29,2022-01-07,,0,
Guilford,Greensboro - North Buffalo,135821.0,33.06,2022-01-07,102834.81900601556,0,39322321.8459067
Pitt,Greenville,89616.0,48.88,2022-01-07,,0,
Scotland,Laurinburg,15527.0,73.42,2022-01-07,,0,
"Buncombe,henderson",MSD of Buncombe County,173000.0,24.39,2022-01-07,,0,
Mcdowell,Marion,8459.0,22.46,2022-01-07,,0,
New Hanover,New Hanover County (North),67743.0,24.21,2022-01-07,,0,
Wake,Raleigh,550000.0,,2022-01-07,357071.4214271427,0,130348997.701586
Wake,Raleigh 2,30655.0,986.46,2022-01-07,,0,
Wake,Raleigh 3,7776.0,64.3,2022-01-07,,0,
"Halifax,northampton",Roanoke Rapids,14320.0,91.48,2022-01-07,,0,
Durham,South Durham,108105.0,34.87,2022-01-07,,0,
Carteret,Town of Beaufort,3500.0,14.290000000000001,2022-01-07,,0,
Jackson,Tuckaseigee,13296.0,22.560000000000002,2022-01-07,415302.9100488457,0,142831066.781308
New Hanover,Wilmington City,58361.0,30.160000000000004,2022-01-07,,0,
Forsyth,Winston Salem - Salem,178000.0,31.97,2022-01-07,,0,
Wake,Cary 1,84189.0,28.630000000000003,2022-01-08,,0,
Wake,Cary 2,74331.0,26.1,2022-01-08,,0,
Wake,Cary 3,75886.0,39.53,2022-01-08,,0,
Orange,Chapel Hill - Carrboro,78141.0,26.62,2022-01-08,256855.9907808265,0,89091348.962932
Mecklenburg,Charlotte 1,68685.0,,2022-01-08,550590.5920009898,0,135639501.383324
Mecklenburg,Charlotte 2,182501.0,24.82,2022-01-08,694577.2095310924,0,200254303.858773
Mecklenburg,Charlotte 3,120000.0,,2022-01-08,,0,
Wilson,City of Wilson,49384.0,39.89,2022-01-08,,0,
Cumberland,Fayetteville - Rockfish,151589.0,29.49,2022-01-08,83591.26748650256,0,30684732.0317969
Guilford,Greensboro - North Buffalo,135821.0,24.590000000000003,2022-01-08,,0,
Pitt,Greenville,89616.0,42.07,2022-01-08,109287.46497197193,0,45009189.2806283
Scotland,Laurinburg,15527.0,48.300000000000004,2022-01-08,,0,
"Buncombe,henderson",MSD of Buncombe County,173000.0,22.080000000000002,2022-01-08,212661.70318136745,0,94041874.235906
Mcdowell,Marion,8459.0,18.91,2022-01-08,,0,
New Hanover,New Hanover County (North),67743.0,20.67,2022-01-08,188712.74466765634,0,78244260.2127733
Wake,Raleigh,550000.0,,2022-01-08,,0,
Wake,Raleigh 2,30655.0,845.8700000000001,2022-01-08,,0,
Wake,Raleigh 3,7776.0,73.3,2022-01-08,,0,
"Halifax,northampton",Roanoke Rapids,14320.0,76.12,2022-01-08,,0,
Durham,South Durham,108105.0,28.950000000000003,2022-01-08,159824.1220842461,0,59321782.1231181
Carteret,Town of Beaufort,3500.0,48.57,2022-01-08,52500.00000000004,0,49967279.9999999
Jackson,Tuckaseigee,13296.0,20.310000000000002,2022-01-08,,0,
New Hanover,Wilmington City,58361.0,28.1,2022-01-08,127377.39202856996,0,28916747.9866232
Forsyth,Winston Salem - Salem,178000.0,28.09,2022-01-08,235929.01474808063,0,32261466.3051015
Wake,Cary 1,84189.0,18.41,2022-01-09,,0,
Wake,Cary 2,74331.0,16.01,2022-01-09,,0,
Wake,Cary 3,75886.0,25.17,2022-01-09,,0,
Orange,Chapel Hill - Carrboro,78141.0,13.82,2022-01-09,,0,
Mecklenburg,Charlotte 1,68685.0,,2022-01-09,,0,
Mecklenburg,Charlotte 2,182501.0,11.840000000000002,2022-01-09,,0,
Mecklenburg,Charlotte 3,120000.0,,2022-01-09,,0,
Wilson,City of Wilson,49384.0,8.5,2022-01-09,,0,
Cumberland,Fayetteville - Rockfish,151589.0,13.590000000000002,2022-01-09,,0,
Guilford,Greensboro - North Buffalo,135821.0,24.0,2022-01-09,,0,
Pitt,Greenville,89616.0,19.19,2022-01-09,,0,
Scotland,Laurinburg,15527.0,27.689999999999998,2022-01-09,,0,
"Buncombe,henderson",MSD of Buncombe County,173000.0,13.530000000000001,2022-01-09,,0,
Mcdowell,Marion,8459.0,13.0,2022-01-09,,0,
New Hanover,New Hanover County (North),67743.0,11.81,2022-01-09,,0,
Wake,Raleigh,550000.0,,2022-01-09,,0,
Wake,Raleigh 2,30655.0,528.79,2022-01-09,,0,
Wake,Raleigh 3,7776.0,50.150000000000006,2022-01-09,,0,
"Halifax,northampton",Roanoke Rapids,14320.0,16.06,2022-01-09,,0,
Durham,South Durham,108105.0,17.76,2022-01-09,,0,
Carteret,Town of Beaufort,3500.0,20.0,2022-01-09,,0,
Jackson,Tuckaseigee,13296.0,1.5,2022-01-09,,0,
New Hanover,Wilmington City,58361.0,16.96,2022-01-09,,0,
Forsyth,Winston Salem - Salem,178000.0,23.200000000000003,2022-01-09,,0,
Wake,Cary 1,84189.0,12.23,2022-01-10,,0,
Wake,Cary 2,74331.0,9.28,2022-01-10,,0,
Wake,Cary 3,75886.0,14.89,2022-01-10,,0,
Orange,Chapel Hill - Carrboro,78141.0,9.340000000000002,2022-01-10,,0,
Mecklenburg,Charlotte 1,68685.0,,2022-01-10,,0,
Mecklenburg,Charlotte 2,182501.0,11.780000000000001,2022-01-10,,0,
Mecklenburg,Charlotte 3,120000.0,,2022-01-10,,0,
Wilson,City of Wilson,49384.0,13.57,2022-01-10,,0,
Cumberland,Fayetteville - Rockfish,151589.0,13.990000000000002,2022-01-10,,0,
Guilford,Greensboro - North Buffalo,135821.0,13.690000000000001,2022-01-10,,0,
Pitt,Greenville,89616.0,23.66,2022-01-10,,0,
Scotland,Laurinburg,15527.0,21.900000000000002,2022-01-10,,0,
"Buncombe,henderson",MSD of Buncombe County,173000.0,14.91,2022-01-10,,0,
Mcdowell,Marion,8459.0,10.64,2022-01-10,,0,
New Hanover,New Hanover County (North),67743.0,10.48,2022-01-10,,0,
Wake,Raleigh,550000.0,,2022-01-10,,0,
Wake,Raleigh 2,30655.0,230.31,2022-01-10,,0,
Wake,Raleigh 3,7776.0,14.15,2022-01-10,,0,
"Halifax,northampton",Roanoke Rapids,14320.0,22.35,2022-01-10,,0,
Durham,South Durham,108105.0,13.690000000000001,2022-01-10,,0,
Carteret,Town of Beaufort,3500.0,17.14,2022-01-10,,0,
Jackson,Tuckaseigee,13296.0,10.530000000000001,2022-01-10,,0,
New Hanover,Wilmington City,58361.0,15.080000000000002,2022-01-10,,0,
Forsyth,Winston Salem - Salem,178000.0,15.0,2022-01-10,,0,
Wake,Cary 1,84189.0,36.11000000000001,2022-01-11,132854.9037052261,0,42914132.6617221
Wake,Cary 2,74331.0,39.96000000000001,2022-01-11,137935.94727698812,0,41866390.8670807
Wake,Cary 3,75886.0,49.28,2022-01-11,262531.14067266596,0,96646760.9793512
Orange,Chapel Hill - Carrboro,78141.0,41.080000000000005,2022-01-11,,0,
Mecklenburg,Charlotte 1,68685.0,,2022-01-11,,0,
Mecklenburg,Charlotte 2,182501.0,26.25,2022-01-11,68647.65108872992,0,21543245.9157223
Mecklenburg,Charlotte 3,120000.0,,2022-01-11,466469.4523760375,0,153475143.668357
Wilson,City of Wilson,49384.0,50.02,2022-01-11,0.0,0,51826957.2066174
Cumberland,Fayetteville - Rockfish,151589.0,37.010000000000005,2022-01-11,,0,
Guilford,Greensboro - North Buffalo,135821.0,38.730000000000004,2022-01-11,,0,
Pitt,Greenville,89616.0,64.39,2022-01-11,,0,
Scotland,Laurinburg,15527.0,65.69,2022-01-11,388973.0067755343,0,255091488.979933
"Buncombe,henderson",MSD of Buncombe County,173000.0,33.64,2022-01-11,,0,
Mcdowell,Marion,8459.0,39.010000000000005,2022-01-11,276586.33371878654,0,79214273.6614045
New Hanover,New Hanover County (North),67743.0,26.57,2022-01-11,,0,
Wake,Raleigh,550000.0,,2022-01-11,,0,
Wake,Raleigh 2,30655.0,1093.1299999999999,2022-01-11,140723.27316229924,0,44520036.4058584
Wake,Raleigh 3,7776.0,91.31,2022-01-11,345673.20576999243,0,166592880.605775
"Halifax,northampton",Roanoke Rapids,14320.0,85.89,2022-01-11,0.0,0,143362483.028168
Durham,South Durham,108105.0,34.5,2022-01-11,,0,
Carteret,Town of Beaufort,3500.0,48.57,2022-01-11,,0,
Jackson,Tuckaseigee,13296.0,24.07,2022-01-11,57119.78451499974,0,20018677.5695766
New Hanover,Wilmington City,58361.0,36.330000000000005,2022-01-11,,0,
Forsyth,Winston Salem - Salem,178000.0,40.45,2022-01-11,,0,
Wake,Cary 1,84189.0,30.760000000000005,2022-01-12,,0,
Wake,Cary 2,74331.0,31.62,2022-01-12,,0,
Wake,Cary 3,75886.0,39.53,2022-01-12,,0,
Orange,Chapel Hill - Carrboro,78141.0,39.800000000000004,2022-01-12,118427.19282327016,0,46010676.2342422
Mecklenburg,Charlotte 1,68685.0,,2022-01-12,,0,
Mecklenburg,Charlotte 2,182501.0,27.180000000000003,2022-01-12,,0,
Mecklenburg,Charlotte 3,120000.0,,2022-01-12,,0,
Wilson,City of Wilson,49384.0,40.09,2022-01-12,,0,
Cumberland,Fayetteville - Rockfish,151589.0,37.14,2022-01-12,530919.0145398824,0,198867414.948242
Guilford,Greensboro - North Buffalo,135821.0,38.650000000000006,2022-01-12,307245.8299147446,0,117913842.336466
Pitt,Greenville,89616.0,51.550000000000004,2022-01-12,112472.21879202005,0,46083262.6880079
Scotland,Laurinburg,15527.0,38.64,2022-01-12,,0,
"Buncombe,henderson",MSD of Buncombe County,173000.0,33.18,2022-01-12,174982.14194597106,0,78681246.0838894
Mcdowell,Marion,8459.0,35.47,2022-01-12,,0,
New Hanover,New Hanover County (North),67743.0,23.180000000000003,2022-01-12,225000.00000000017,0,78956795.5360702
Wake,Raleigh,550000.0,,2022-01-12,308474.06698132673,0,125028580.918671
Wake,Raleigh 2,30655.0,975.04,2022-01-12,,0,
Wake,Raleigh 3,7776.0,63.010000000000005,2022-01-12,,0,
"Halifax,northampton",Roanoke Rapids,14320.0,76.82000000000001,2022-01-12,,0,
Durham,South Durham,108105.0,32.65,2022-01-12,78740.0787401181,0,34740205.7739403
Carteret,Town of Beaufort,3500.0,37.14,2022-01-12,78581.16822750855,0,79039678.1182348
Jackson,Tuckaseigee,13296.0,16.55,2022-01-12,,0,
New Hanover,Wilmington City,58361.0,33.93,2022-01-12,306614.57890974503,0,57475094.8414917
Forsyth,Winston Salem - Salem,178000.0,39.330000000000005,2022-01-12,331247.641501038,0,46422656.0555596
Wake,Cary 1,84189.0,35.52,2022-01-13,191794.6652541456,0,59063627.4640095
Wake,Cary 2,74331.0,32.830000000000005,2022-01-13,245431.57847147566,0,68744021.1258101
Wake,Cary 3,75886.0,43.88,2022-01-13,343851.27042702056,0,83668608.3636656
Orange,Chapel Hill - Carrboro,78141.0,34.300000000000004,2022-01-13,,0,
Mecklenburg,Charlotte 1,68685.0,,2022-01-13,,0,
Mecklenburg,Charlotte 2,182501.0,26.410000000000004,2022-01-13,,0,
Mecklenburg,Charlotte 3,120000.0,,2022-01-13,,0,
Wilson,City of Wilson,49384.0,43.13,2022-01-13,,0,
Cumberland,Fayetteville - Rockfish,151589.0,32.46,2022-01-13,,0,
Guilford,Greensboro - North Buffalo,135821.0,33.43,2022-01-13,,0,
Pitt,Greenville,89616.0,54.68,2022-01-13,,0,
Scotland,Laurinburg,15527.0,62.470000000000006,2022-01-13,76034.53162872783,0,47268876.529261
"Buncombe,henderson",MSD of Buncombe County,173000.0,30.460000000000004,2022-01-13,,0,
Mcdowell,Marion,8459.0,29.55,2022-01-13,321480.9481135701,0,94949335.3177456
New Hanover,New Hanover County (North),67743.0,27.160000000000004,2022-01-13,,0,
Wake,Raleigh,550000.0,,2022-01-13,,0,
Wake,Raleigh 2,30655.0,959.0600000000001,2022-01-13,173490.60819699382,0,52829864.7800068
Wake,Raleigh 3,7776.0,75.87,2022-01-13,190764.80117048312,0,75499541.7565789
"Halifax,northampton",Roanoke Rapids,14320.0,76.82000000000001,2022-01-13,,0,
Durham,South Durham,108105.0,31.360000000000003,2022-01-13,,0,
Carteret,Town of Beaufort,3500.0,34.29,2022-01-13,,0,
Jackson,Tuckaseigee,13296.0,17.3,2022-01-13,,0,
New Hanover,Wilmington City,58361.0,31.53,2022-01-13,,0,
Forsyth,Winston Salem - Salem,178000.0,39.27,2022-01-13,,0,
Wake,Cary 1,84189.0,30.650000000000002,2022-01-14,,0,
Wake,Cary 2,74331.0,30.400000000000002,2022-01-14,,0,
Wake,Cary 3,75886.0,39.93000000000001,2022-01-14,,0,
Orange,Chapel Hill - Carrboro,78141.0,33.53,2022-01-14,,0,
Mecklenburg,Charlotte 1,68685.0,,2022-01-14,,0,
Mecklenburg,Charlotte 2,182501.0,22.790000000000003,2022-01-14,,0,
Mecklenburg,Charlotte 3,120000.0,,2022-01-14,,0,
Wilson,City of Wilson,49384.0,33.010000000000005,2022-01-14,82990.96336348912,0,51909456.1105579
Cumberland,Fayetteville - Rockfish,151589.0,32.65,2022-01-14,,0,
Guilford,Greensboro - North Buffalo,135821.0,29.450000000000003,2022-01-14,,0,
Pitt,Greenville,89616.0,47.54,2022-01-14,,0,
Scotland,Laurinburg,15527.0,46.370000000000005,2022-01-14,,0,
"Buncombe,henderson",MSD of Buncombe County,173000.0,28.960000000000004,2022-01-14,,0,
Mcdowell,Marion,8459.0,30.74,2022-01-14,,0,
New Hanover,New Hanover County (North),67743.0,24.060000000000002,2022-01-14,,0,
Wake,Raleigh,550000.0,,2022-01-14,2646341.8146565994,0,861501758.247292
Wake,Raleigh 2,30655.0,822.38,2022-01-14,,0,
Wake,Raleigh 3,7776.0,74.59,2022-01-14,,0,
"Halifax,northampton",Roanoke Rapids,14320.0,55.870000000000005,2022-01-14,194213.15609401948,0,138615300.20331
Durham,South Durham,108105.0,28.03,2022-01-14,,0,
Carteret,Town of Beaufort,3500.0,54.29,2022-01-14,,0,
Jackson,Tuckaseigee,13296.0,18.8,2022-01-14,,0,
New Hanover,Wilmington City,58361.0,33.580000000000005,2022-01-14,,0,
Forsyth,Winston Salem - Salem,178000.0,35.9,2022-01-14,,0,
Wake,Cary 1,84189.0,26.49,2022-01-15,,0,
Wake,Cary 2,74331.0,29.6,2022-01-15,,0,
Wake,Cary 3,75886.0,47.18000000000001,2022-01-15,,0,
Orange,Chapel Hill - Carrboro,78141.0,26.110000000000003,2022-01-15,41989.58204126356,0,14665930.7332051
Mecklenburg,Charlotte 1,68685.0,,2022-01-15,469414.52896134375,0,111243554.765962
Mecklenburg,Charlotte 2,182501.0,21.310000000000002,2022-01-15,235981.99083828396,0,66714655.2033428
Mecklenburg,Charlotte 3,120000.0,,2022-01-15,395482.30048890936,0,104918863.910639
Wilson,City of Wilson,49384.0,37.87,2022-01-15,,0,
Cumberland,Fayetteville - Rockfish,151589.0,28.830000000000002,2022-01-15,197737.19933285203,0,66660142.383595
Guilford,Greensboro - North Buffalo,135821.0,27.460000000000004,2022-01-15,224874.9652584743,0,89623520.7876454
Pitt,Greenville,89616.0,45.42,2022-01-15,170678.79188698274,0,70148537.7991813
Scotland,Laurinburg,15527.0,37.35,2022-01-15,,0,
"Buncombe,henderson",MSD of Buncombe County,173000.0,25.660000000000004,2022-01-15,124096.73645990863,0,51075759.1811231
Mcdowell,Marion,8459.0,22.46,2022-01-15,,0,
New Hanover,New Hanover County (North),67743.0,24.36,2022-01-15,152171.777935332,0,53740109.3043013
Wake,Raleigh,550000.0,,2022-01-15,,0,
Wake,Raleigh 2,30655.0,767.9000000000001,2022-01-15,,0,
Wake,Raleigh 3,7776.0,60.44,2022-01-15,,0,
"Halifax,northampton",Roanoke Rapids,14320.0,72.63,2022-01-15,,0,
Durham,South Durham,108105.0,25.810000000000002,2022-01-15,122397.91664893644,0,49716209.7472037
Carteret,Town of Beaufort,3500.0,45.71000000000001,2022-01-15,73950.99728874513,0,70383432.1486851
Jackson,Tuckaseigee,13296.0,30.080000000000002,2022-01-15,860672.6655083685,0,285956279.29106
New Hanover,Wilmington City,58361.0,34.61000000000001,2022-01-15,145945.19519326417,0,28304145.1694608
Forsyth,Winston Salem - Salem,178000.0,36.69,2022-01-15,347994.252826106,0,92506843.0230297
Wake,Cary 1,84189.0,15.32,2022-01-16,,0,
Wake,Cary 2,74331.0,15.87,2022-01-16,,0,
Wake,Cary 3,75886.0,27.67,2022-01-16,,0,
Orange,Chapel Hill - Carrboro,78141.0,13.05,2022-01-16,,0,
Mecklenburg,Charlotte 1,68685.0,,2022-01-16,,0,
Mecklenburg,Charlotte 2,182501.0,11.290000000000001,2022-01-16,,0,
Mecklenburg,Charlotte 3,120000.0,,2022-01-16,,0,
Wilson,City of Wilson,49384.0,12.350000000000001,2022-01-16,,0,
Cumberland,Fayetteville - Rockfish,151589.0,17.75,2022-01-16,,0,
Guilford,Greensboro - North Buffalo,135821.0,14.06,2022-01-16,,0,
Pitt,Greenville,89616.0,13.06,2022-01-16,,0,
Scotland,Laurinburg,15527.0,32.85,2022-01-16,,0,
"Buncombe,henderson",MSD of Buncombe County,173000.0,12.08,2022-01-16,,0,
Mcdowell,Marion,8459.0,10.64,2022-01-16,,0,
New Hanover,New Hanover County (North),67743.0,13.290000000000001,2022-01-16,,0,
Wake,Raleigh,550000.0,,2022-01-16,,0,
Wake,Raleigh 2,30655.0,423.42,2022-01-16,,0,
Wake,Raleigh 3,7776.0,27.010000000000005,2022-01-16,,0,
"Halifax,northampton",Roanoke Rapids,14320.0,11.170000000000002,2022-01-16,,0,
Durham,South Durham,108105.0,18.87,2022-01-16,,0,
Carteret,Town of Beaufort,3500.0,20.0,2022-01-16,,0,
Jackson,Tuckaseigee,13296.0,6.7700000000000005,2022-01-16,,0,
New Hanover,Wilmington City,58361.0,16.11,2022-01-16,,0,
Forsyth,Winston Salem - Salem,178000.0,22.02,2022-01-16,,0,
Wake,Cary 1,84189.0,2.14,2022-01-17,,0,
Wake,Cary 2,74331.0,2.9600000000000004,2022-01-17,,0,
Wake,Cary 3,75886.0,3.95,2022-01-17,,0,
Orange,Chapel Hill - Carrboro,78141.0,6.010000000000001,2022-01-17,,0,
Mecklenburg,Charlotte 1,68685.0,,2022-01-17,,0,
Mecklenburg,Charlotte 2,182501.0,2.6300000000000003,2022-01-17,,0,
Mecklenburg,Charlotte 3,120000.0,,2022-01-17,,0,
Wilson,City of Wilson,49384.0,5.870000000000001,2022-01-17,,0,
Cumberland,Fayetteville - Rockfish,151589.0,7.26,2022-01-17,,0,
Guilford,Greensboro - North Buffalo,135821.0,3.83,2022-01-17,,0,
Pitt,Greenville,89616.0,9.71,2022-01-17,,0,
Scotland,Laurinburg,15527.0,7.08,2022-01-17,,0,
"Buncombe,henderson",MSD of Buncombe County,173000.0,4.91,2022-01-17,,0,
Mcdowell,Marion,8459.0,2.3600000000000003,2022-01-17,,0,
New Hanover,New Hanover County (North),67743.0,11.22,2022-01-17,,0,
Wake,Raleigh,550000.0,,2022-01-17,,0,
Wake,Raleigh 2,30655.0,81.23,2022-01-17,,0,
Wake,Raleigh 3,7776.0,11.57,2022-01-17,,0,
"Halifax,northampton",Roanoke Rapids,14320.0,12.57,2022-01-17,,0,
Durham,South Durham,108105.0,2.04,2022-01-17,,0,
Carteret,Town of Beaufort,3500.0,5.710000000000001,2022-01-17,,0,
Jackson,Tuckaseigee,13296.0,6.0200000000000005,2022-01-17,,0,
New Hanover,Wilmington City,58361.0,10.790000000000001,2022-01-17,,0,
Forsyth,Winston Salem - Salem,178000.0,4.94,2022-01-17,,0,
Wake,Cary 1,84189.0,25.540000000000003,2022-01-18,,0,
Wake,Cary 2,74331.0,24.22,2022-01-18,,0,
Wake,Cary 3,75886.0,32.68,2022-01-18,,0,
"Buncombe,henderson",MSD of Buncombe County,173000.0,0.29,2021-06-19,0.0,0,96280.7791864128
"Buncombe,henderson",MSD of Buncombe County,173000.0,0.12,2021-06-20,,0,
"Buncombe,henderson",MSD of Buncombe County,173000.0,0.12,2021-06-21,,0,
"Buncombe,henderson",MSD of Buncombe County,173000.0,0.4,2021-06-22,,0,
"Buncombe,henderson",MSD of Buncombe County,173000.0,0.52,2021-07-10,5153.88203202208,0,2222730.31455238
"Buncombe,henderson",MSD of Buncombe County,173000.0,0.6900000000000001,2021-07-11,,0,
"Buncombe,henderson",MSD of Buncombe County,173000.0,0.52,2021-07-12,,0,
"Buncombe,henderson",MSD of Buncombe County,173000.0,1.16,2021-07-13,,0,
"Buncombe,henderson",MSD of Buncombe County,173000.0,1.27,2021-07-14,5086.747487343954,0,2273914.9685863
"Buncombe,henderson",MSD of Buncombe County,173000.0,1.21,2021-07-15,,0,
"Buncombe,henderson",MSD of Buncombe County,173000.0,0.87,2021-07-16,,0,
"Buncombe,henderson",MSD of Buncombe County,173000.0,1.04,2021-07-17,7574.628703771565,0,3379436.1832849
"Buncombe,henderson",MSD of Buncombe County,173000.0,0.6400000000000001,2021-07-18,,0,
"Buncombe,henderson",MSD of Buncombe County,173000.0,0.9800000000000001,2021-07-19,,0,
"Buncombe,henderson",MSD of Buncombe County,173000.0,1.33,2021-07-20,,0,
"Buncombe,henderson",MSD of Buncombe County,173000.0,1.3900000000000001,2021-07-21,0.0,0,1293383.41346564
"Buncombe,henderson",MSD of Buncombe County,173000.0,2.31,2021-07-22,,0,
"Buncombe,henderson",MSD of Buncombe County,173000.0,2.02,2021-07-23,,0,
"Buncombe,henderson",MSD of Buncombe County,173000.0,2.66,2021-07-24,9354.143466934851,0,4179510.6760704895
"Buncombe,henderson",MSD of Buncombe County,173000.0,1.85,2021-07-25,,0,
"Buncombe,henderson",MSD of Buncombe County,173000.0,2.14,2021-07-26,,0,
"Buncombe,henderson",MSD of Buncombe County,173000.0,2.89,2021-07-27,,0,
"Buncombe,henderson",MSD of Buncombe County,173000.0,2.77,2021-07-28,4898.979485566358,0,2258581.83597715
"Buncombe,henderson",MSD of Buncombe County,173000.0,3.24,2021-07-29,,0,
"Buncombe,henderson",MSD of Buncombe County,173000.0,3.8200000000000003,2021-07-30,,0,
"Buncombe,henderson",MSD of Buncombe County,173000.0,3.35,2021-07-31,20026.54488422805,0,8496684.88706494
"Buncombe,henderson",MSD of Buncombe County,173000.0,2.43,2021-08-01,,0,
"Buncombe,henderson",MSD of Buncombe County,173000.0,3.0600000000000005,2021-08-02,,0,
"Buncombe,henderson",MSD of Buncombe County,173000.0,5.550000000000001,2021-08-03,,0,
"Buncombe,henderson",MSD of Buncombe County,173000.0,4.800000000000001,2021-08-04,14790.19945774904,0,6132660.45357534
"Buncombe,henderson",MSD of Buncombe County,173000.0,5.140000000000001,2021-08-05,,0,
"Buncombe,henderson",MSD of Buncombe County,173000.0,4.800000000000001,2021-08-06,,0,
"Buncombe,henderson",MSD of Buncombe County,173000.0,4.220000000000001,2021-08-07,13670.223114492323,0,5665278.34231057
"Buncombe,henderson",MSD of Buncombe County,173000.0,2.08,2021-08-08,,0,
"Buncombe,henderson",MSD of Buncombe County,173000.0,3.58,2021-08-09,,0,
"Buncombe,henderson",MSD of Buncombe County,173000.0,4.05,2021-08-10,,0,
"Buncombe,henderson",MSD of Buncombe County,173000.0,6.65,2021-08-11,14897.566915439591,0,6177179.67481104
"Buncombe,henderson",MSD of Buncombe County,173000.0,4.68,2021-08-12,,0,
"Buncombe,henderson",MSD of Buncombe County,173000.0,5.260000000000001,2021-08-13,,0,
"Buncombe,henderson",MSD of Buncombe County,173000.0,5.550000000000001,2021-08-14,40804.41152620633,0,17231778.4638851
"Buncombe,henderson",MSD of Buncombe County,173000.0,3.8700000000000006,2021-08-15,,0,
"Buncombe,henderson",MSD of Buncombe County,173000.0,3.99,2021-08-16,,0,
"Buncombe,henderson",MSD of Buncombe County,173000.0,6.53,2021-08-17,,0,
"Buncombe,henderson",MSD of Buncombe County,173000.0,6.88,2021-08-18,8162.413858657265,0,6286760.98268065
"Buncombe,henderson",MSD of Buncombe County,173000.0,6.300000000000001,2021-08-19,,0,
"Buncombe,henderson",MSD of Buncombe County,173000.0,5.84,2021-08-20,,0,
"Buncombe,henderson",MSD of Buncombe County,173000.0,4.800000000000001,2021-08-21,14000.000000000007,0,13604246.2196531
"Buncombe,henderson",MSD of Buncombe County,173000.0,3.0600000000000005,2021-08-22,,0,
"Buncombe,henderson",MSD of Buncombe County,173000.0,3.4700000000000006,2021-08-23,,0,
"Buncombe,henderson",MSD of Buncombe County,173000.0,6.940000000000001,2021-08-24,,0,
"Buncombe,henderson",MSD of Buncombe County,173000.0,7.28,2021-08-25,17549.928774784254,0,9089485.28376242
"Buncombe,henderson",MSD of Buncombe County,173000.0,5.550000000000001,2021-08-26,,0,
"Buncombe,henderson",MSD of Buncombe County,173000.0,4.68,2021-08-27,,0,
"Buncombe,henderson",MSD of Buncombe County,173000.0,4.57,2021-08-28,30903.07428072491,0,16255555.8212106
"Buncombe,henderson",MSD of Buncombe County,173000.0,3.35,2021-08-29,,0,
"Buncombe,henderson",MSD of Buncombe County,173000.0,2.37,2021-08-30,,0,
"Buncombe,henderson",MSD of Buncombe County,173000.0,6.940000000000001,2021-08-31,,0,
"Buncombe,henderson",MSD of Buncombe County,173000.0,5.09,2021-09-01,18547.236990991394,0,8579260.97425706
"Buncombe,henderson",MSD of Buncombe County,173000.0,5.38,2021-09-02,,0,
"Buncombe,henderson",MSD of Buncombe County,173000.0,5.95,2021-09-03,,0,
"Buncombe,henderson",MSD of Buncombe County,173000.0,6.36,2021-09-04,,0,
"Buncombe,henderson",MSD of Buncombe County,173000.0,3.29,2021-09-05,,0,
"Buncombe,henderson",MSD of Buncombe County,173000.0,3.58,2021-09-06,,0,
"Buncombe,henderson",MSD of Buncombe County,173000.0,3.7,2021-09-07,,0,
"Buncombe,henderson",MSD of Buncombe County,173000.0,7.98,2021-09-08,34481.87929913337,0,15708594.4324619
"Buncombe,henderson",MSD of Buncombe County,173000.0,7.75,2021-09-09,,0,
"Buncombe,henderson",MSD of Buncombe County,173000.0,6.36,2021-09-10,,0,
"Buncombe,henderson",MSD of Buncombe County,173000.0,5.66,2021-09-11,32478.839264973743,0,16615395.426774
"Buncombe,henderson",MSD of Buncombe County,173000.0,2.83,2021-09-12,,0,
"Buncombe,henderson",MSD of Buncombe County,173000.0,3.7600000000000002,2021-09-13,,0,
"Buncombe,henderson",MSD of Buncombe County,173000.0,6.300000000000001,2021-09-14,,0,
"Buncombe,henderson",MSD of Buncombe County,173000.0,5.03,2021-09-15,49969.99099459594,0,21561643.2666116
"Buncombe,henderson",MSD of Buncombe County,173000.0,4.91,2021-09-16,,0,
"Buncombe,henderson",MSD of Buncombe County,173000.0,3.8700000000000006,2021-09-17,,0,
"Buncombe,henderson",MSD of Buncombe County,173000.0,4.91,2021-09-18,33046.36893820561,0,14678627.8443195
"Buncombe,henderson",MSD of Buncombe County,173000.0,3.53,2021-09-19,,0,
"Buncombe,henderson",MSD of Buncombe County,173000.0,2.66,2021-09-20,,0,
"Buncombe,henderson",MSD of Buncombe County,173000.0,5.61,2021-09-21,,0,
"Buncombe,henderson",MSD of Buncombe County,173000.0,4.970000000000001,2021-09-22,46222.965071488055,0,20602242.9599156
"Buncombe,henderson",MSD of Buncombe County,173000.0,4.39,2021-09-23,,0,
"Buncombe,henderson",MSD of Buncombe County,173000.0,3.7600000000000002,2021-09-24,,0,
"Buncombe,henderson",MSD of Buncombe County,173000.0,3.24,2021-09-25,10532.687216470456,0,4895075.27271205
"Buncombe,henderson",MSD of Buncombe County,173000.0,3.0600000000000005,2021-09-26,,0,
"Buncombe,henderson",MSD of Buncombe County,173000.0,2.08,2021-09-27,,0,
"Buncombe,henderson",MSD of Buncombe County,173000.0,4.74,2021-09-28,,0,
"Buncombe,henderson",MSD of Buncombe County,173000.0,3.35,2021-09-29,35295.183807426205,0,14650365.2904303
"Buncombe,henderson",MSD of Buncombe County,173000.0,3.7600000000000002,2021-09-30,,0,
"Buncombe,henderson",MSD of Buncombe County,173000.0,3.29,2021-10-01,,0,
"Buncombe,henderson",MSD of Buncombe County,173000.0,4.510000000000001,2021-10-02,23717.08245126287,0,9932735.517091
"Buncombe,henderson",MSD of Buncombe County,173000.0,1.6800000000000002,2021-10-03,,0,
"Buncombe,henderson",MSD of Buncombe County,173000.0,1.7300000000000002,2021-10-04,,0,
"Buncombe,henderson",MSD of Buncombe County,173000.0,3.7600000000000002,2021-10-05,,0,
"Buncombe,henderson",MSD of Buncombe County,173000.0,3.0100000000000002,2021-10-06,17975.678012247587,0,7807490.527278061
"Buncombe,henderson",MSD of Buncombe County,173000.0,3.24,2021-10-07,,0,
"Buncombe,henderson",MSD of Buncombe County,173000.0,2.89,2021-10-08,,0,
"Buncombe,henderson",MSD of Buncombe County,173000.0,2.02,2021-10-09,,0,
"Buncombe,henderson",MSD of Buncombe County,173000.0,2.77,2021-10-10,,0,
"Buncombe,henderson",MSD of Buncombe County,173000.0,1.27,2021-10-11,,0,
"Buncombe,henderson",MSD of Buncombe County,173000.0,2.66,2021-10-12,,0,
"Buncombe,henderson",MSD of Buncombe County,173000.0,2.49,2021-10-13,,0,
"Buncombe,henderson",MSD of Buncombe County,173000.0,2.72,2021-10-14,,0,
"Buncombe,henderson",MSD of Buncombe County,173000.0,1.85,2021-10-15,,0,
"Buncombe,henderson",MSD of Buncombe County,173000.0,1.7300000000000002,2021-10-16,14370.107863199915,0,7326248.13245559
"Buncombe,henderson",MSD of Buncombe County,173000.0,1.5,2021-10-17,,0,
"Buncombe,henderson",MSD of Buncombe County,173000.0,1.27,2021-10-18,,0,
"Buncombe,henderson",MSD of Buncombe County,173000.0,1.5,2021-10-19,,0,
"Buncombe,henderson",MSD of Buncombe County,173000.0,2.14,2021-10-20,13190.905958272924,0,6041009.61748186
"Buncombe,henderson",MSD of Buncombe County,173000.0,1.6800000000000002,2021-10-21,,0,
"Buncombe,henderson",MSD of Buncombe County,173000.0,0.29,2021-10-22,,0,
"Buncombe,henderson",MSD of Buncombe County,173000.0,0.52,2021-10-23,12636.751956100108,0,5809345.2575468
"Buncombe,henderson",MSD of Buncombe County,173000.0,1.85,2021-10-24,,0,
"Buncombe,henderson",MSD of Buncombe County,173000.0,0.9199999999999999,2021-10-25,,0,
"Buncombe,henderson",MSD of Buncombe County,173000.0,2.2,2021-10-26,,0,
"Buncombe,henderson",MSD of Buncombe County,173000.0,1.56,2021-10-27,14536.591760106643,0,6450542.17930515
"Buncombe,henderson",MSD of Buncombe County,173000.0,1.5,2021-10-28,,0,
"Buncombe,henderson",MSD of Buncombe County,173000.0,1.79,2021-10-29,,0,
"Buncombe,henderson",MSD of Buncombe County,173000.0,1.5,2021-10-30,23104.382701124046,0,10555785.0646261
"Buncombe,henderson",MSD of Buncombe County,173000.0,1.33,2021-10-31,,0,
"Buncombe,henderson",MSD of Buncombe County,173000.0,1.4500000000000002,2021-11-01,,0,
"Buncombe,henderson",MSD of Buncombe County,173000.0,1.79,2021-11-02,,0,
"Buncombe,henderson",MSD of Buncombe County,173000.0,2.25,2021-11-03,14491.376746189448,0,6170468.7608763
"Buncombe,henderson",MSD of Buncombe County,173000.0,3.0600000000000005,2021-11-04,,0,
"Buncombe,henderson",MSD of Buncombe County,173000.0,2.49,2021-11-05,,0,
"Buncombe,henderson",MSD of Buncombe County,173000.0,1.9100000000000001,2021-11-06,16269.219403523957,0,7340422.39620031
"Buncombe,henderson",MSD of Buncombe County,173000.0,1.97,2021-11-07,,0,
"Buncombe,henderson",MSD of Buncombe County,173000.0,1.62,2021-11-08,,0,
"Buncombe,henderson",MSD of Buncombe County,173000.0,2.2,2021-11-09,,0,
"Buncombe,henderson",MSD of Buncombe County,173000.0,2.66,2021-11-10,12705.805759573075,0,5354564.68309402
"Buncombe,henderson",MSD of Buncombe County,173000.0,2.66,2021-11-11,,0,
"Buncombe,henderson",MSD of Buncombe County,173000.0,1.97,2021-11-12,,0,
"Buncombe,henderson",MSD of Buncombe County,173000.0,2.83,2021-11-13,7185.05393159997,0,3211915.22201863
"Buncombe,henderson",MSD of Buncombe County,173000.0,1.4500000000000002,2021-11-14,,0,
"Buncombe,henderson",MSD of Buncombe County,173000.0,1.3900000000000001,2021-11-15,,0,
"Buncombe,henderson",MSD of Buncombe County,173000.0,2.89,2021-11-16,,0,
"Buncombe,henderson",MSD of Buncombe County,173000.0,2.66,2021-11-17,16378.339354159189,0,6816258.5049091
"Buncombe,henderson",MSD of Buncombe County,173000.0,2.49,2021-11-18,,0,
"Buncombe,henderson",MSD of Buncombe County,173000.0,3.24,2021-11-19,,0,
"Buncombe,henderson",MSD of Buncombe County,173000.0,3.18,2021-11-20,5385.164807134508,0,2333081.25229106
"Buncombe,henderson",MSD of Buncombe County,173000.0,2.25,2021-11-21,,0,
"Buncombe,henderson",MSD of Buncombe County,173000.0,1.6800000000000002,2021-11-22,,0,
"Buncombe,henderson",MSD of Buncombe County,173000.0,2.89,2021-11-23,,0,
"Buncombe,henderson",MSD of Buncombe County,173000.0,3.35,2021-11-24,7141.428428542854,0,234391.588208723
"Buncombe,henderson",MSD of Buncombe County,173000.0,3.53,2021-11-25,,0,
"Buncombe,henderson",MSD of Buncombe County,173000.0,1.04,2021-11-26,,0,
"Buncombe,henderson",MSD of Buncombe County,173000.0,2.83,2021-11-27,,0,
"Buncombe,henderson",MSD of Buncombe County,173000.0,2.2,2021-11-28,,0,
"Buncombe,henderson",MSD of Buncombe County,173000.0,2.77,2021-11-29,,0,
"Buncombe,henderson",MSD of Buncombe County,173000.0,3.24,2021-11-30,,0,
"Buncombe,henderson",MSD of Buncombe County,173000.0,3.8700000000000006,2021-12-01,11929.480290440155,0,4836849.98515744
"Buncombe,henderson",MSD of Buncombe County,173000.0,3.9299999999999997,2021-12-02,,0,
"Buncombe,henderson",MSD of Buncombe County,173000.0,2.49,2021-12-03,,0,
"Buncombe,henderson",MSD of Buncombe County,173000.0,2.72,2021-12-04,13874.43692551162,0,5716515.18680559
"Buncombe,henderson",MSD of Buncombe County,173000.0,1.97,2021-12-05,,0,
"Buncombe,henderson",MSD of Buncombe County,173000.0,1.3900000000000001,2021-12-06,,0,
"Buncombe,henderson",MSD of Buncombe County,173000.0,3.8700000000000006,2021-12-07,,0,
"Buncombe,henderson",MSD of Buncombe County,173000.0,3.4700000000000006,2021-12-08,24698.178070456946,0,10419277.9040766
"Buncombe,henderson",MSD of Buncombe County,173000.0,3.0100000000000002,2021-12-09,,0,
"Buncombe,henderson",MSD of Buncombe County,173000.0,2.83,2021-12-10,,0,
"Buncombe,henderson",MSD of Buncombe County,173000.0,2.77,2021-12-11,,0,
"Buncombe,henderson",MSD of Buncombe County,173000.0,2.31,2021-12-12,,0,
"Buncombe,henderson",MSD of Buncombe County,173000.0,2.25,2021-12-13,,0,
"Buncombe,henderson",MSD of Buncombe County,173000.0,4.510000000000001,2021-12-14,,0,
"Buncombe,henderson",MSD of Buncombe County,173000.0,3.9299999999999997,2021-12-15,19773.71993328522,0,7961077.95151691
"Buncombe,henderson",MSD of Buncombe County,173000.0,4.34,2021-12-16,,0,
"Buncombe,henderson",MSD of Buncombe County,173000.0,3.58,2021-12-17,,0,
"Buncombe,henderson",MSD of Buncombe County,173000.0,3.7600000000000002,2021-12-18,,0,
"Buncombe,henderson",MSD of Buncombe County,173000.0,3.53,2021-12-19,,0,
"Buncombe,henderson",MSD of Buncombe County,173000.0,3.0100000000000002,2021-12-20,,0,
"Buncombe,henderson",MSD of Buncombe County,173000.0,7.57,2021-12-21,,0,
"Buncombe,henderson",MSD of Buncombe County,173000.0,6.53,2021-12-22,,0,
"Buncombe,henderson",MSD of Buncombe County,173000.0,7.4,2021-12-23,,0,
"Buncombe,henderson",MSD of Buncombe County,173000.0,8.440000000000001,2021-12-24,,0,
"Buncombe,henderson",MSD of Buncombe County,173000.0,4.74,2021-12-25,59686.68193156658,0,24108756.3489484
"Buncombe,henderson",MSD of Buncombe County,173000.0,4.28,2021-12-26,,0,
"Buncombe,henderson",MSD of Buncombe County,173000.0,6.300000000000001,2021-12-27,,0,
"Buncombe,henderson",MSD of Buncombe County,173000.0,15.55,2021-12-28,,0,
"Buncombe,henderson",MSD of Buncombe County,173000.0,19.130000000000003,2021-12-29,85805.01150865262,0,34677295.8770684
"Buncombe,henderson",MSD of Buncombe County,173000.0,19.94,2021-12-30,,0,
"Buncombe,henderson",MSD of Buncombe County,173000.0,19.77,2021-12-31,,0,
"Buncombe,henderson",MSD of Buncombe County,173000.0,15.55,2022-01-01,,0,
"Buncombe,henderson",MSD of Buncombe County,173000.0,9.08,2022-01-02,,0,
"Buncombe,henderson",MSD of Buncombe County,173000.0,13.350000000000001,2022-01-03,,0,
"Buncombe,henderson",MSD of Buncombe County,173000.0,27.980000000000004,2022-01-04,,0,
"Buncombe,henderson",MSD of Buncombe County,173000.0,10.350000000000001,2022-01-18,,0,
"Buncombe,henderson",MSD of Buncombe County,173000.0,24.22,2022-01-19,105652.73304557733,0,42606096.4162515
"Buncombe,henderson",MSD of Buncombe County,173000.0,23.12,2022-01-20,,0,
"Buncombe,henderson",MSD of Buncombe County,173000.0,24.57,2022-01-21,,0,
"Buncombe,henderson",MSD of Buncombe County,173000.0,19.080000000000002,2022-01-22,76157.73105863901,0,41160119.2843323
"Buncombe,henderson",MSD of Buncombe County,173000.0,11.97,2022-01-23,,0,
"Buncombe,henderson",MSD of Buncombe County,173000.0,10.520000000000001,2022-01-24,,0,
"Buncombe,henderson",MSD of Buncombe County,173000.0,23.35,2022-01-25,,0,
"Buncombe,henderson",MSD of Buncombe County,173000.0,16.47,2022-01-26,83666.00265340765,0,36192731.7514567
"Buncombe,henderson",MSD of Buncombe County,173000.0,16.59,2022-01-27,,0,
"Buncombe,henderson",MSD of Buncombe County,173000.0,16.419999999999998,2022-01-28,,0,
"Buncombe,henderson",MSD of Buncombe County,173000.0,11.790000000000001,2022-01-29,62749.50199005568,0,25895103.2182274
"Buncombe,henderson",MSD of Buncombe County,173000.0,5.43,2022-01-30,,0,
"Buncombe,henderson",MSD of Buncombe County,173000.0,6.590000000000001,2022-01-31,,0,
"Buncombe,henderson",MSD of Buncombe County,173000.0,14.51,2022-02-01,,0,
"Buncombe,henderson",MSD of Buncombe County,173000.0,10.0,2022-02-02,78660.66361276139,0,33149697.0203789
"Buncombe,henderson",MSD of Buncombe County,173000.0,10.64,2022-02-03,,0,
"Buncombe,henderson",MSD of Buncombe County,173000.0,10.4,2022-02-04,,0,
"Buncombe,henderson",MSD of Buncombe County,173000.0,9.83,2022-02-05,24530.593144072194,0,13714015.2670371
"Buncombe,henderson",MSD of Buncombe County,173000.0,5.38,2022-02-06,,0,
"Buncombe,henderson",MSD of Buncombe County,173000.0,4.68,2022-02-07,,0,
"Buncombe,henderson",MSD of Buncombe County,173000.0,9.42,2022-02-08,,0,
"Buncombe,henderson",MSD of Buncombe County,173000.0,7.75,2022-02-09,14754.236679679536,0,7974057.69897858
"Buncombe,henderson",MSD of Buncombe County,173000.0,6.82,2022-02-10,,0,
"Buncombe,henderson",MSD of Buncombe County,173000.0,5.49,2022-02-11,,0,
"Buncombe,henderson",MSD of Buncombe County,173000.0,5.260000000000001,2022-02-12,16259.612541509106,0,5514518.08310258
"Buncombe,henderson",MSD of Buncombe County,173000.0,3.35,2022-02-13,,0,
"Buncombe,henderson",MSD of Buncombe County,173000.0,3.8700000000000006,2022-02-14,,0,
"Buncombe,henderson",MSD of Buncombe County,173000.0,5.66,2022-02-15,,0,
"Buncombe,henderson",MSD of Buncombe County,173000.0,4.220000000000001,2022-02-16,20256.171898954668,0,8638431.37827655
"Buncombe,henderson",MSD of Buncombe County,173000.0,4.220000000000001,2022-02-17,,0,
"Buncombe,henderson",MSD of Buncombe County,173000.0,3.53,2022-02-18,,0,
"Buncombe,henderson",MSD of Buncombe County,173000.0,3.24,2022-02-19,30141.333746203116,0,13388261.2525226
"Buncombe,henderson",MSD of Buncombe County,173000.0,1.85,2022-02-20,,0,
"Buncombe,henderson",MSD of Buncombe County,173000.0,1.97,2022-02-21,,0,
"Buncombe,henderson",MSD of Buncombe County,173000.0,3.24,2022-02-22,,0,
"Buncombe,henderson",MSD of Buncombe County,173000.0,2.54,2022-02-23,16677.080080157935,0,7356584.310625809
"Buncombe,henderson",MSD of Buncombe County,173000.0,2.66,2022-02-24,,0,
"Buncombe,henderson",MSD of Buncombe County,173000.0,2.72,2022-02-25,,0,
"Buncombe,henderson",MSD of Buncombe County,173000.0,2.25,2022-02-26,9440.60379424961,0,7050204.82371064
"Buncombe,henderson",MSD of Buncombe County,173000.0,0.6400000000000001,2022-02-27,,0,
"Buncombe,henderson",MSD of Buncombe County,173000.0,0.81,2022-02-28,,0,
"Buncombe,henderson",MSD of Buncombe County,173000.0,2.02,2022-03-01,,0,
"Buncombe,henderson",MSD of Buncombe County,173000.0,1.9100000000000001,2022-03-02,9470.348462437918,0,5516195.94910836
"Buncombe,henderson",MSD of Buncombe County,173000.0,1.79,2022-03-03,,0,
"Buncombe,henderson",MSD of Buncombe County,173000.0,1.62,2022-03-04,,0,
"Buncombe,henderson",MSD of Buncombe County,173000.0,0.9800000000000001,2022-03-05,0.0,0,527908.985414456
"Buncombe,henderson",MSD of Buncombe County,173000.0,0.6400000000000001,2022-03-06,,0,
"Buncombe,henderson",MSD of Buncombe County,173000.0,0.52,2022-03-07,,0,
"Buncombe,henderson",MSD of Buncombe County,173000.0,0.9199999999999999,2022-03-08,,0,
"Buncombe,henderson",MSD of Buncombe County,173000.0,0.87,2022-03-09,2738.612787525828,0,1272173.37039574
"Buncombe,henderson",MSD of Buncombe County,173000.0,0.9199999999999999,2022-03-10,,0,
"Buncombe,henderson",MSD of Buncombe County,173000.0,0.58,2022-03-11,,0,
"Buncombe,henderson",MSD of Buncombe County,173000.0,0.9199999999999999,2022-03-12,0.0,0,174878.66037235
"Buncombe,henderson",MSD of Buncombe County,173000.0,0.52,2022-03-13,,0,
"Buncombe,henderson",MSD of Buncombe County,173000.0,0.58,2022-03-14,,0,
"Buncombe,henderson",MSD of Buncombe County,173000.0,1.04,2022-03-15,,0,
"Buncombe,henderson",MSD of Buncombe County,173000.0,0.58,2022-03-16,3061.8621784789757,0,1502058.75541669
"Buncombe,henderson",MSD of Buncombe County,173000.0,0.9199999999999999,2022-03-17,,0,
"Buncombe,henderson",MSD of Buncombe County,173000.0,0.45999999999999996,2022-03-18,,0,
"Buncombe,henderson",MSD of Buncombe County,173000.0,0.52,2022-03-19,3061.8621784789757,0,1766024.47782266
"Buncombe,henderson",MSD of Buncombe County,173000.0,0.4,2022-03-20,,0,
"Buncombe,henderson",MSD of Buncombe County,173000.0,0.29,2022-03-21,,0,
"Buncombe,henderson",MSD of Buncombe County,173000.0,0.52,2022-03-22,,0,
"Buncombe,henderson",MSD of Buncombe County,173000.0,0.45999999999999996,2022-03-23,2704.1634565979907,0,1259720.72844984
"Buncombe,henderson",MSD of Buncombe County,173000.0,0.9800000000000001,2022-03-24,,0,
"Buncombe,henderson",MSD of Buncombe County,173000.0,1.1,2022-03-25,,0,
"Buncombe,henderson",MSD of Buncombe County,173000.0,0.52,2022-03-26,0.0,0,1665014.36947486
"Buncombe,henderson",MSD of Buncombe County,173000.0,0.4,2022-03-27,,0,
"Buncombe,henderson",MSD of Buncombe County,173000.0,0.45999999999999996,2022-03-28,,0,
"Buncombe,henderson",MSD of Buncombe County,173000.0,0.9199999999999999,2022-03-29,,0,
"Buncombe,henderson",MSD of Buncombe County,173000.0,1.04,2022-03-30,5477.225575051671,0,2618651.73275053
"Buncombe,henderson",MSD of Buncombe County,173000.0,0.52,2022-03-31,,0,
"Buncombe,henderson",MSD of Buncombe County,173000.0,1.16,2022-04-01,,0,
"Buncombe,henderson",MSD of Buncombe County,173000.0,0.9800000000000001,2022-04-02,0.0,0,176893.990659169
"Buncombe,henderson",MSD of Buncombe County,173000.0,0.45999999999999996,2022-04-03,,0,
"Buncombe,henderson",MSD of Buncombe County,173000.0,0.6900000000000001,2022-04-04,,0,
"Buncombe,henderson",MSD of Buncombe County,173000.0,1.27,2022-04-05,,0,
"Buncombe,henderson",MSD of Buncombe County,173000.0,1.1,2022-04-06,3622.844186547362,0,1694817.85852434
"Buncombe,henderson",MSD of Buncombe County,173000.0,1.27,2022-04-07,,0,
"Buncombe,henderson",MSD of Buncombe County,173000.0,0.9199999999999999,2022-04-08,,0,
"Buncombe,henderson",MSD of Buncombe County,173000.0,1.3900000000000001,2022-04-09,10133.484099755631,0,5126397.69504791
"Buncombe,henderson",MSD of Buncombe County,173000.0,0.81,2022-04-10,,0,
"Buncombe,henderson",MSD of Buncombe County,173000.0,0.9199999999999999,2022-04-11,,0,
"Buncombe,henderson",MSD of Buncombe County,173000.0,1.85,2022-04-12,,0,
"Buncombe,henderson",MSD of Buncombe County,173000.0,2.77,2022-04-13,14348.344852281753,0,6527125.60412469
"Buncombe,henderson",MSD of Buncombe County,173000.0,2.02,2022-04-14,,0,
"Buncombe,henderson",MSD of Buncombe County,173000.0,2.72,2022-04-15,,0,
"Buncombe,henderson",MSD of Buncombe County,173000.0,1.56,2022-04-16,17000.000000000022,0,7945401.43352602
"Buncombe,henderson",MSD of Buncombe County,173000.0,1.33,2022-04-17,,0,
"Buncombe,henderson",MSD of Buncombe County,173000.0,0.81,2022-04-18,,0,
"Buncombe,henderson",MSD of Buncombe County,173000.0,3.0100000000000002,2022-04-19,,0,
"Buncombe,henderson",MSD of Buncombe County,173000.0,2.95,2022-04-20,13500.000000000004,0,7975597.10982659
"Buncombe,henderson",MSD of Buncombe County,173000.0,2.6,2022-04-21,,0,
"Buncombe,henderson",MSD of Buncombe County,173000.0,2.72,2022-04-22,,0,
"Buncombe,henderson",MSD of Buncombe County,173000.0,2.02,2022-04-23,27292.398209025174,0,12988728.3868477
"Buncombe,henderson",MSD of Buncombe County,173000.0,1.27,2022-04-24,,0,
"Buncombe,henderson",MSD of Buncombe County,173000.0,1.1,2022-04-25,,0,
"Buncombe,henderson",MSD of Buncombe County,173000.0,3.4700000000000006,2022-04-26,,0,
"Buncombe,henderson",MSD of Buncombe County,173000.0,3.53,2022-04-27,24944.93936653284,0,11423977.9358154
"Buncombe,henderson",MSD of Buncombe County,173000.0,2.77,2022-04-28,,0,
"Buncombe,henderson",MSD of Buncombe County,173000.0,3.8200000000000003,2022-04-29,,0,
"Buncombe,henderson",MSD of Buncombe County,173000.0,4.05,2022-04-30,20819.161846721872,0,10564030.9442412
"Buncombe,henderson",MSD of Buncombe County,173000.0,2.25,2022-05-01,,0,
"Buncombe,henderson",MSD of Buncombe County,173000.0,1.9100000000000001,2022-05-02,,0,
"Buncombe,henderson",MSD of Buncombe County,173000.0,5.09,2022-05-03,,0,
"Buncombe,henderson",MSD of Buncombe County,173000.0,4.45,2022-05-04,52440.44240850753,0,23178396.6705313
"Buncombe,henderson",MSD of Buncombe County,173000.0,4.74,2022-05-05,,0,
"Buncombe,henderson",MSD of Buncombe County,173000.0,5.09,2022-05-06,,0,
"Buncombe,henderson",MSD of Buncombe County,173000.0,4.05,2022-05-07,46904.15759823428,0,20834018.860686895
"Buncombe,henderson",MSD of Buncombe County,173000.0,2.72,2022-05-08,,0,
"Buncombe,henderson",MSD of Buncombe County,173000.0,2.25,2022-05-09,,0,
"Buncombe,henderson",MSD of Buncombe County,173000.0,6.36,2022-05-10,,0,
"Buncombe,henderson",MSD of Buncombe County,173000.0,4.68,2022-05-11,36607.717765520465,0,15916083.0373651
"Buncombe,henderson",MSD of Buncombe County,173000.0,5.720000000000001,2022-05-12,,0,
"Buncombe,henderson",MSD of Buncombe County,173000.0,6.420000000000001,2022-05-13,,0,
"Buncombe,henderson",MSD of Buncombe County,173000.0,4.74,2022-05-14,47271.820358433455,0,21824809.244853
"Buncombe,henderson",MSD of Buncombe County,173000.0,3.9299999999999997,2022-05-15,,0,
"Buncombe,henderson",MSD of Buncombe County,173000.0,3.58,2022-05-16,,0,
"Buncombe,henderson",MSD of Buncombe County,173000.0,7.050000000000001,2022-05-17,,0,
"Buncombe,henderson",MSD of Buncombe County,173000.0,5.09,2022-05-18,19442.222095223588,0,8976231.19454554
"Buncombe,henderson",MSD of Buncombe County,173000.0,5.260000000000001,2022-05-19,,0,
"Buncombe,henderson",MSD of Buncombe County,173000.0,4.57,2022-05-20,,0,
"Buncombe,henderson",MSD of Buncombe County,173000.0,5.38,2022-05-21,57069.03713924048,0,24350104.6077698
"Buncombe,henderson",MSD of Buncombe County,173000.0,3.58,2022-05-22,,0,
"Buncombe,henderson",MSD of Buncombe County,173000.0,2.49,2022-05-23,,0,
"Buncombe,henderson",MSD of Buncombe County,173000.0,6.470000000000001,2022-05-24,,0,
"Buncombe,henderson",MSD of Buncombe County,173000.0,4.34,2022-05-25,28472.574523565643,0,21468795.843398105
"Buncombe,henderson",MSD of Buncombe County,173000.0,6.300000000000001,2022-05-26,,0,
"Buncombe,henderson",MSD of Buncombe County,173000.0,5.32,2022-05-27,,0,
"Buncombe,henderson",MSD of Buncombe County,173000.0,3.7,2022-05-28,23371.9917850405,0,15382935.9428266
"Buncombe,henderson",MSD of Buncombe County,173000.0,3.18,2022-05-29,,0,
"Buncombe,henderson",MSD of Buncombe County,173000.0,4.05,2022-05-30,,0,
"Buncombe,henderson",MSD of Buncombe County,173000.0,1.9100000000000001,2022-05-31,,0,
"Buncombe,henderson",MSD of Buncombe County,173000.0,6.53,2022-06-01,77942.28634059953,0,39685805.4549591
"Buncombe,henderson",MSD of Buncombe County,173000.0,5.720000000000001,2022-06-02,,0,
"Buncombe,henderson",MSD of Buncombe County,173000.0,4.28,2022-06-03,,0,
"Buncombe,henderson",MSD of Buncombe County,173000.0,4.34,2022-06-04,34489.128721961104,0,16753319.5525044
"Buncombe,henderson",MSD of Buncombe County,173000.0,2.25,2022-06-05,,0,
"Buncombe,henderson",MSD of Buncombe County,173000.0,2.83,2022-06-06,,0,
"Buncombe,henderson",MSD of Buncombe County,173000.0,4.62,2022-06-07,,0,
"Buncombe,henderson",MSD of Buncombe County,173000.0,4.1000000000000005,2022-06-08,41024.38299353204,0,18114606.0899618
"Buncombe,henderson",MSD of Buncombe County,173000.0,4.970000000000001,2022-06-09,,0,
"Buncombe,henderson",MSD of Buncombe County,173000.0,4.74,2022-06-10,,0,
"Buncombe,henderson",MSD of Buncombe County,173000.0,4.16,2022-06-11,24624.682739073043,0,10980964.7684689
"Buncombe,henderson",MSD of Buncombe County,173000.0,1.9100000000000001,2022-06-12,,0,
"Buncombe,henderson",MSD of Buncombe County,173000.0,2.66,2022-06-13,,0,
"Buncombe,henderson",MSD of Buncombe County,173000.0,4.74,2022-06-14,,0,
"Buncombe,henderson",MSD of Buncombe County,173000.0,3.41,2022-06-15,40466.807385807006,0,17222025.2866569
"Buncombe,henderson",MSD of Buncombe County,173000.0,3.0100000000000002,2022-06-16,,0,
"Buncombe,henderson",MSD of Buncombe County,173000.0,3.7,2022-06-17,,0,
"Buncombe,henderson",MSD of Buncombe County,173000.0,3.29,2022-06-18,,0,
"Buncombe,henderson",MSD of Buncombe County,173000.0,2.08,2022-06-19,,0,
"Buncombe,henderson",MSD of Buncombe County,173000.0,2.37,2022-06-20,,0,
"Buncombe,henderson",MSD of Buncombe County,173000.0,3.4700000000000006,2022-06-21,,0,
"Buncombe,henderson",MSD of Buncombe County,173000.0,4.57,2022-06-22,47739.52764743281,0,19136797.5130911
"Buncombe,henderson",MSD of Buncombe County,173000.0,4.1000000000000005,2022-06-23,,0,
"Buncombe,henderson",MSD of Buncombe County,173000.0,3.24,2022-06-24,,0,
"Buncombe,henderson",MSD of Buncombe County,173000.0,4.220000000000001,2022-06-25,48785.24367060189,0,20260509.4404359
"Buncombe,henderson",MSD of Buncombe County,173000.0,2.83,2022-06-26,,0,
"Buncombe,henderson",MSD of Buncombe County,173000.0,2.72,2022-06-27,,0,
"Buncombe,henderson",MSD of Buncombe County,173000.0,5.66,2022-06-28,,0,
"Buncombe,henderson",MSD of Buncombe County,173000.0,3.99,2022-06-29,23728.938029334546,0,10285572.0875247
"Buncombe,henderson",MSD of Buncombe County,173000.0,4.62,2022-06-30,,0,
"Buncombe,henderson",MSD of Buncombe County,173000.0,5.32,2022-07-01,,0,
"Buncombe,henderson",MSD of Buncombe County,173000.0,3.7600000000000002,2022-07-02,52571.38004656149,0,22085959.9938871
"Buncombe,henderson",MSD of Buncombe County,173000.0,1.56,2022-07-03,,0,
"Buncombe,henderson",MSD of Buncombe County,173000.0,2.08,2022-07-04,,0,
"Buncombe,henderson",MSD of Buncombe County,173000.0,1.3900000000000001,2022-07-05,,0,
"Buncombe,henderson",MSD of Buncombe County,173000.0,5.09,2022-07-06,50494.4303859346,0,21522767.0227238
"Buncombe,henderson",MSD of Buncombe County,173000.0,4.34,2022-07-07,,0,
"Buncombe,henderson",MSD of Buncombe County,173000.0,4.74,2022-07-08,,0,
"Buncombe,henderson",MSD of Buncombe County,173000.0,3.58,2022-07-09,32337.091705965147,0,14611227.0311483
"Buncombe,henderson",MSD of Buncombe County,173000.0,1.97,2022-07-10,,0,
"Buncombe,henderson",MSD of Buncombe County,173000.0,2.6,2022-07-11,,0,
"Buncombe,henderson",MSD of Buncombe County,173000.0,5.140000000000001,2022-07-12,,0,
"Buncombe,henderson",MSD of Buncombe County,173000.0,4.74,2022-07-13,45141.44437210668,0,20752344.9611843
"Buncombe,henderson",MSD of Buncombe County,173000.0,3.9299999999999997,2022-07-14,,0,
"Buncombe,henderson",MSD of Buncombe County,173000.0,2.83,2022-07-15,,0,
"Buncombe,henderson",MSD of Buncombe County,173000.0,3.24,2022-07-16,27449.954462621652,0,13291950.550247
"Buncombe,henderson",MSD of Buncombe County,173000.0,2.83,2022-07-17,,0,
"Buncombe,henderson",MSD of Buncombe County,173000.0,2.2,2022-07-18,,0,
"Buncombe,henderson",MSD of Buncombe County,173000.0,4.220000000000001,2022-07-19,,0,
"Buncombe,henderson",MSD of Buncombe County,173000.0,3.7,2022-07-20,43474.130238568316,0,19291434.7076933
"Buncombe,henderson",MSD of Buncombe County,173000.0,4.34,2022-07-21,,0,
"Buncombe,henderson",MSD of Buncombe County,173000.0,4.1000000000000005,2022-07-22,,0,
"Buncombe,henderson",MSD of Buncombe County,173000.0,4.39,2022-07-23,60000.000000000044,0,26217724.1618497
"Buncombe,henderson",MSD of Buncombe County,173000.0,2.89,2022-07-24,,0,
"Buncombe,henderson",MSD of Buncombe County,173000.0,2.54,2022-07-25,,0,
"Buncombe,henderson",MSD of Buncombe County,173000.0,4.91,2022-07-26,,0,
"Buncombe,henderson",MSD of Buncombe County,173000.0,5.2,2022-07-27,47104.936047085386,0,20583070.3324009
"Buncombe,henderson",MSD of Buncombe County,173000.0,3.58,2022-07-28,,0,
"Buncombe,henderson",MSD of Buncombe County,173000.0,4.220000000000001,2022-07-29,,0,
"Buncombe,henderson",MSD of Buncombe County,173000.0,3.8200000000000003,2022-07-30,39237.25907858499,0,16810360.391357
"Buncombe,henderson",MSD of Buncombe County,173000.0,2.66,2022-07-31,,0,
"Buncombe,henderson",MSD of Buncombe County,173000.0,3.8200000000000003,2022-08-01,,0,
"Buncombe,henderson",MSD of Buncombe County,173000.0,4.91,2022-08-02,,0,
"Buncombe,henderson",MSD of Buncombe County,173000.0,3.58,2022-08-03,17161.00230173054,0,7765311.08541176
"Buncombe,henderson",MSD of Buncombe County,173000.0,4.220000000000001,2022-08-04,,0,
"Buncombe,henderson",MSD of Buncombe County,173000.0,4.45,2022-08-05,,0,
"Buncombe,henderson",MSD of Buncombe County,173000.0,3.53,2022-08-06,534548.5829183343,0,239776556.176132
"Buncombe,henderson",MSD of Buncombe County,173000.0,2.77,2022-08-07,,0,
"Buncombe,henderson",MSD of Buncombe County,173000.0,1.79,2022-08-08,,0,
"Buncombe,henderson",MSD of Buncombe County,173000.0,3.58,2022-08-09,,0,
"Buncombe,henderson",MSD of Buncombe County,173000.0,3.58,2022-08-10,98126.99042567247,0,41181556.4468773
"Buncombe,henderson",MSD of Buncombe County,173000.0,3.7,2022-08-11,,0,
"Buncombe,henderson",MSD of Buncombe County,173000.0,3.18,2022-08-12,,0,
"Buncombe,henderson",MSD of Buncombe County,173000.0,2.89,2022-08-13,51149.29129518807,0,22092885.5970301
"Buncombe,henderson",MSD of Buncombe County,173000.0,2.89,2022-08-14,,0,
"Buncombe,henderson",MSD of Buncombe County,173000.0,2.2,2022-08-15,,0,
"Buncombe,henderson",MSD of Buncombe County,173000.0,3.24,2022-08-16,,0,
"Buncombe,henderson",MSD of Buncombe County,173000.0,2.77,2022-08-17,36672.537408802236,0,15214054.5093296
"Buncombe,henderson",MSD of Buncombe County,173000.0,3.0100000000000002,2022-08-18,,0,
"Buncombe,henderson",MSD of Buncombe County,173000.0,2.72,2022-08-19,,0,
"Buncombe,henderson",MSD of Buncombe County,173000.0,2.49,2022-08-20,29622.626487197263,0,12367092.4567194
"Buncombe,henderson",MSD of Buncombe County,173000.0,1.5,2022-08-21,,0,
"Buncombe,henderson",MSD of Buncombe County,173000.0,2.02,2022-08-22,,0,
"Buncombe,henderson",MSD of Buncombe County,173000.0,3.18,2022-08-23,,0,
"Buncombe,henderson",MSD of Buncombe County,173000.0,2.6,2022-08-24,68738.63542433763,0,31931298.1749373
"Buncombe,henderson",MSD of Buncombe County,173000.0,2.6,2022-08-25,,0,
"Buncombe,henderson",MSD of Buncombe County,173000.0,2.25,2022-08-26,,0,
"Buncombe,henderson",MSD of Buncombe County,173000.0,2.37,2022-08-27,14491.376746189422,0,6186322.99715809
"Buncombe,henderson",MSD of Buncombe County,173000.0,0.75,2022-08-28,,0,
"Buncombe,henderson",MSD of Buncombe County,173000.0,2.43,2022-08-29,,0,
"Buncombe,henderson",MSD of Buncombe County,173000.0,3.64,2022-08-30,,0,
"Buncombe,henderson",MSD of Buncombe County,173000.0,2.83,2022-08-31,17320.508075688776,0,7147727.55460565
"Buncombe,henderson",MSD of Buncombe County,173000.0,2.02,2022-09-01,,0,
"Buncombe,henderson",MSD of Buncombe County,173000.0,2.2,2022-09-02,,0,
"Buncombe,henderson",MSD of Buncombe County,173000.0,1.97,2022-09-03,13346.347815039138,0,5449287.89165004
"Buncombe,henderson",MSD of Buncombe County,173000.0,1.4500000000000002,2022-09-04,,0,
"Buncombe,henderson",MSD of Buncombe County,173000.0,1.7300000000000002,2022-09-05,,0,
"Buncombe,henderson",MSD of Buncombe County,173000.0,1.04,2022-09-06,,0,
"Buncombe,henderson",MSD of Buncombe County,173000.0,3.0100000000000002,2022-09-07,0.0,0,210764.541608609
"Buncombe,henderson",MSD of Buncombe County,173000.0,2.37,2022-09-08,,0,
"Buncombe,henderson",MSD of Buncombe County,173000.0,2.54,2022-09-09,,0,
"Buncombe,henderson",MSD of Buncombe County,173000.0,1.9100000000000001,2022-09-10,18998.355191963332,0,8596708.7226523
"Buncombe,henderson",MSD of Buncombe County,173000.0,1.5,2022-09-11,,0,
"Buncombe,henderson",MSD of Buncombe County,173000.0,1.04,2022-09-12,,0,
"Buncombe,henderson",MSD of Buncombe County,173000.0,3.99,2022-09-13,,0,
"Buncombe,henderson",MSD of Buncombe County,173000.0,2.6,2022-09-14,34437.44328488981,0,15424618.0357423
"Buncombe,henderson",MSD of Buncombe County,173000.0,2.72,2022-09-15,,0,
"Buncombe,henderson",MSD of Buncombe County,173000.0,3.0600000000000005,2022-09-16,,0,
"Buncombe,henderson",MSD of Buncombe County,173000.0,1.5,2022-09-17,35041.0473587763,0,14698224.1472863
"Buncombe,henderson",MSD of Buncombe County,173000.0,1.62,2022-09-18,,0,
"Buncombe,henderson",MSD of Buncombe County,173000.0,1.85,2022-09-19,,0,
"Buncombe,henderson",MSD of Buncombe County,173000.0,2.95,2022-09-20,,0,
"Buncombe,henderson",MSD of Buncombe County,173000.0,2.89,2022-09-21,39057.64969887466,0,15417299.6656009
"Buncombe,henderson",MSD of Buncombe County,173000.0,2.14,2022-09-22,,0,
"Buncombe,henderson",MSD of Buncombe County,173000.0,2.66,2022-09-23,,0,
"Buncombe,henderson",MSD of Buncombe County,173000.0,1.4500000000000002,2022-09-24,29283.100928692646,0,13180049.177775
"Buncombe,henderson",MSD of Buncombe County,173000.0,1.16,2022-09-25,,0,
"Buncombe,henderson",MSD of Buncombe County,173000.0,0.9199999999999999,2022-09-26,,0,
"Buncombe,henderson",MSD of Buncombe County,173000.0,2.37,2022-09-27,,0,
"Buncombe,henderson",MSD of Buncombe County,173000.0,1.62,2022-09-28,23848.480035423687,0,9492029.48422904
"Buncombe,henderson",MSD of Buncombe County,173000.0,1.4500000000000002,2022-09-29,,0,
"Buncombe,henderson",MSD of Buncombe County,173000.0,1.62,2022-09-30,28984.909867032544,0,11022685.111846
"Buncombe,henderson",MSD of Buncombe County,173000.0,1.21,2022-10-01,,0,
"Buncombe,henderson",MSD of Buncombe County,173000.0,1.04,2022-10-02,,0,
"Buncombe,henderson",MSD of Buncombe County,173000.0,0.87,2022-10-03,,0,
"Buncombe,henderson",MSD of Buncombe County,173000.0,2.14,2022-10-04,,0,
"Buncombe,henderson",MSD of Buncombe County,173000.0,1.79,2022-10-05,26117.522853440743,0,10223697.6783724
"Buncombe,henderson",MSD of Buncombe County,173000.0,1.56,2022-10-06,,0,
"Buncombe,henderson",MSD of Buncombe County,173000.0,1.27,2022-10-07,,0,
"Buncombe,henderson",MSD of Buncombe County,173000.0,1.62,2022-10-08,34703.96469247729,0,14913729.1287698
"Buncombe,henderson",MSD of Buncombe County,173000.0,0.6400000000000001,2022-10-09,,0,
"Buncombe,henderson",MSD of Buncombe County,173000.0,0.81,2022-10-10,,0,
"Buncombe,henderson",MSD of Buncombe County,173000.0,1.33,2022-10-11,21399.472157464945,0,8287852.28737665
"Buncombe,henderson",MSD of Buncombe County,173000.0,1.6800000000000002,2022-10-12,,0,
"Buncombe,henderson",MSD of Buncombe County,173000.0,1.62,2022-10-13,,0,
"Buncombe,henderson",MSD of Buncombe County,173000.0,1.97,2022-10-14,,0,
"Buncombe,henderson",MSD of Buncombe County,173000.0,1.97,2022-10-15,21650.635094610952,0,9285224.02374537
"Buncombe,henderson",MSD of Buncombe County,173000.0,0.81,2022-10-16,,0,
"Buncombe,henderson",MSD of Buncombe County,173000.0,0.81,2022-10-17,,0,
"Buncombe,henderson",MSD of Buncombe County,173000.0,2.25,2022-10-18,,0,
"Buncombe,henderson",MSD of Buncombe County,173000.0,1.21,2022-10-19,25034.975534240068,0,10906467.4108173
"Buncombe,henderson",MSD of Buncombe County,173000.0,1.6800000000000002,2022-10-20,,0,
"Buncombe,henderson",MSD of Buncombe County,173000.0,1.62,2022-10-21,,0,
"Buncombe,henderson",MSD of Buncombe County,173000.0,1.5,2022-10-22,13795.379661321416,0,5327752.49999942
"Buncombe,henderson",MSD of Buncombe County,173000.0,0.87,2022-10-23,,0,
"Buncombe,henderson",MSD of Buncombe County,173000.0,1.16,2022-10-24,,0,
"Buncombe,henderson",MSD of Buncombe County,173000.0,2.08,2022-10-25,,0,
"Buncombe,henderson",MSD of Buncombe County,173000.0,2.02,2022-10-26,67082.0393249937,0,26244569.0618246
"Buncombe,henderson",MSD of Buncombe County,173000.0,2.08,2022-10-27,,0,
"Buncombe,henderson",MSD of Buncombe County,173000.0,1.27,2022-10-28,,0,
"Buncombe,henderson",MSD of Buncombe County,173000.0,1.62,2022-10-29,32468.25372575496,0,9946095.87947182
"Buncombe,henderson",MSD of Buncombe County,173000.0,0.87,2022-10-30,,0,
"Buncombe,henderson",MSD of Buncombe County,173000.0,0.9199999999999999,2022-10-31,,0,
"Buncombe,henderson",MSD of Buncombe County,173000.0,0.87,2022-11-01,,0,
"Buncombe,henderson",MSD of Buncombe County,173000.0,1.79,2022-11-02,72456.8837309473,0,29726693.0283736
"Buncombe,henderson",MSD of Buncombe County,173000.0,1.5,2022-11-03,,0,
"Buncombe,henderson",MSD of Buncombe County,173000.0,1.21,2022-11-04,,0,
"Buncombe,henderson",MSD of Buncombe County,173000.0,1.33,2022-11-05,7373.940601876326,0,2951066.62923078
"Buncombe,henderson",MSD of Buncombe County,173000.0,0.81,2022-11-06,,0,
"Buncombe,henderson",MSD of Buncombe County,173000.0,0.9199999999999999,2022-11-07,,0,
"Buncombe,henderson",MSD of Buncombe County,173000.0,1.1,2022-11-08,,0,
"Buncombe,henderson",MSD of Buncombe County,173000.0,1.04,2022-11-09,15260.242462031852,0,6110520.40016583
"Buncombe,henderson",MSD of Buncombe County,173000.0,1.16,2022-11-10,,0,
"Buncombe,henderson",MSD of Buncombe County,173000.0,0.81,2022-11-11,,0,
"Buncombe,henderson",MSD of Buncombe County,173000.0,0.81,2022-11-12,20463.381929681138,0,8292473.01685844
"Buncombe,henderson",MSD of Buncombe County,173000.0,0.81,2022-11-13,,0,
"Buncombe,henderson",MSD of Buncombe County,173000.0,0.6400000000000001,2022-11-14,,0,
"Buncombe,henderson",MSD of Buncombe County,173000.0,1.4500000000000002,2022-11-15,,0,
"Buncombe,henderson",MSD of Buncombe County,173000.0,1.5,2022-11-16,41677.331968349434,0,18612666.1928168
"Buncombe,henderson",MSD of Buncombe County,173000.0,1.4500000000000002,2022-11-17,,0,
"Buncombe,henderson",MSD of Buncombe County,173000.0,0.9800000000000001,2022-11-18,,0,
"Buncombe,henderson",MSD of Buncombe County,173000.0,1.5,2022-11-19,14137.715515598695,0,5933261.85802597
"Buncombe,henderson",MSD of Buncombe County,173000.0,0.52,2022-11-20,,0,
"Buncombe,henderson",MSD of Buncombe County,173000.0,1.04,2022-11-21,,0,
"Buncombe,henderson",MSD of Buncombe County,173000.0,1.1,2022-11-22,,0,
"Buncombe,henderson",MSD of Buncombe County,173000.0,1.85,2022-11-23,13344.00614508253,0,5495048.46367183
"Buncombe,henderson",MSD of Buncombe County,173000.0,1.21,2022-11-24,,0,
"Buncombe,henderson",MSD of Buncombe County,173000.0,0.75,2022-11-25,,0,
"Buncombe,henderson",MSD of Buncombe County,173000.0,1.4500000000000002,2022-11-26,,0,
"Buncombe,henderson",MSD of Buncombe County,173000.0,1.27,2022-11-27,,0,
"Buncombe,henderson",MSD of Buncombe County,173000.0,1.62,2022-11-28,,0,
"Buncombe,henderson",MSD of Buncombe County,173000.0,1.85,2022-11-29,,0,
"Buncombe,henderson",MSD of Buncombe County,173000.0,1.4500000000000002,2022-11-30,22524.986126521813,0,9201836.76279696
"Buncombe,henderson",MSD of Buncombe County,173000.0,1.9100000000000001,2022-12-01,,0,
"Buncombe,henderson",MSD of Buncombe County,173000.0,1.3900000000000001,2022-12-02,,0,
"Buncombe,henderson",MSD of Buncombe County,173000.0,1.4500000000000002,2022-12-03,25053.692342646853,0,9593464.29128595
"Buncombe,henderson",MSD of Buncombe County,173000.0,0.6400000000000001,2022-12-04,,0,
"Buncombe,henderson",MSD of Buncombe County,173000.0,1.21,2022-12-05,,0,
"Buncombe,henderson",MSD of Buncombe County,173000.0,2.6,2022-12-06,,0,
"Buncombe,henderson",MSD of Buncombe County,173000.0,1.97,2022-12-07,21991.475621249236,0,9522825.80723722
"Buncombe,henderson",MSD of Buncombe County,173000.0,2.37,2022-12-08,,0,
"Buncombe,henderson",MSD of Buncombe County,173000.0,2.25,2022-12-09,,0,
"Buncombe,henderson",MSD of Buncombe County,173000.0,2.02,2022-12-10,21270.5782714058,0,11146807.1987079
"Buncombe,henderson",MSD of Buncombe County,173000.0,1.1,2022-12-11,,0,
"Buncombe,henderson",MSD of Buncombe County,173000.0,1.79,2022-12-12,,0,
"Buncombe,henderson",MSD of Buncombe County,173000.0,2.77,2022-12-13,,0,
"Buncombe,henderson",MSD of Buncombe County,173000.0,2.6,2022-12-14,16983.447824278806,0,7636658.362700659
"Buncombe,henderson",MSD of Buncombe County,173000.0,2.14,2022-12-15,,0,
"Buncombe,henderson",MSD of Buncombe County,173000.0,2.72,2022-12-16,,0,
"Buncombe,henderson",MSD of Buncombe County,173000.0,1.97,2022-12-17,11618.950038622272,0,8079536.584240821
"Buncombe,henderson",MSD of Buncombe County,173000.0,1.85,2022-12-18,,0,
"Buncombe,henderson",MSD of Buncombe County,173000.0,1.21,2022-12-19,,0,
"Buncombe,henderson",MSD of Buncombe County,173000.0,3.0600000000000005,2022-12-20,,0,
"Buncombe,henderson",MSD of Buncombe County,173000.0,2.83,2022-12-21,58896.09494694874,0,25426071.278811
"Buncombe,henderson",MSD of Buncombe County,173000.0,2.6,2022-12-22,,0,
"Buncombe,henderson",MSD of Buncombe County,173000.0,2.02,2022-12-23,,0,
"Buncombe,henderson",MSD of Buncombe County,173000.0,3.18,2022-12-24,,0,
"Buncombe,henderson",MSD of Buncombe County,173000.0,2.37,2022-12-25,,0,
"Buncombe,henderson",MSD of Buncombe County,173000.0,1.79,2022-12-26,,0,
"Buncombe,henderson",MSD of Buncombe County,173000.0,5.03,2022-12-27,,0,
"Buncombe,henderson",MSD of Buncombe County,173000.0,5.720000000000001,2022-12-28,,0,
"Buncombe,henderson",MSD of Buncombe County,173000.0,4.34,2022-12-29,,0,
"Buncombe,henderson",MSD of Buncombe County,173000.0,3.7600000000000002,2022-12-30,,0,
"Buncombe,henderson",MSD of Buncombe County,173000.0,4.16,2022-12-31,130623.50477613123,0,57134680.2164251
"Buncombe,henderson",MSD of Buncombe County,173000.0,1.85,2023-01-01,,0,
"Buncombe,henderson",MSD of Buncombe County,173000.0,2.25,2023-01-02,,0,
"Buncombe,henderson",MSD of Buncombe County,173000.0,3.8200000000000003,2023-01-03,,0,
"Buncombe,henderson",MSD of Buncombe County,173000.0,3.7600000000000002,2023-01-04,102469.50765959604,0,44864973.2175471
"Buncombe,henderson",MSD of Buncombe County,173000.0,4.05,2023-01-05,,0,
"Buncombe,henderson",MSD of Buncombe County,173000.0,3.9299999999999997,2023-01-06,,0,
"Buncombe,henderson",MSD of Buncombe County,173000.0,2.31,2023-01-07,89456.6934331915,0,50755257.1945637
"Buncombe,henderson",MSD of Buncombe County,173000.0,2.37,2023-01-08,,0,
"Buncombe,henderson",MSD of Buncombe County,173000.0,2.2,2023-01-09,,0,
"Buncombe,henderson",MSD of Buncombe County,173000.0,2.72,2023-01-10,,0,
"Buncombe,henderson",MSD of Buncombe County,173000.0,2.08,2023-01-11,78660.66361276139,0,39931099.2145788
"Buncombe,henderson",MSD of Buncombe County,173000.0,2.83,2023-01-12,,0,
"Buncombe,henderson",MSD of Buncombe County,173000.0,1.6800000000000002,2023-01-13,,0,
"Buncombe,henderson",MSD of Buncombe County,173000.0,2.37,2023-01-14,24293.774922806908,0,12539742.5169594
"Buncombe,henderson",MSD of Buncombe County,173000.0,0.6400000000000001,2023-01-15,,0,
"Buncombe,henderson",MSD of Buncombe County,173000.0,0.9800000000000001,2023-01-16,,0,
"Buncombe,henderson",MSD of Buncombe County,173000.0,2.54,2023-01-17,,0,
"Buncombe,henderson",MSD of Buncombe County,173000.0,2.31,2023-01-18,25209.12533191109,0,11677350.3443646
"Buncombe,henderson",MSD of Buncombe County,173000.0,1.9100000000000001,2023-01-19,,0,
"Buncombe,henderson",MSD of Buncombe County,173000.0,2.02,2023-01-20,,0,
"Buncombe,henderson",MSD of Buncombe County,173000.0,1.3900000000000001,2023-01-21,19677.080576142405,0,8877997.11654686
"Buncombe,henderson",MSD of Buncombe County,173000.0,0.52,2023-01-22,,0,
"Buncombe,henderson",MSD of Buncombe County,173000.0,0.87,2023-01-23,,0,
"Buncombe,henderson",MSD of Buncombe County,173000.0,1.7300000000000002,2023-01-24,,0,
"Buncombe,henderson",MSD of Buncombe County,173000.0,1.5,2023-01-25,18866.305944725915,0,8615391.08727436
"Buncombe,henderson",MSD of Buncombe County,173000.0,1.6800000000000002,2023-01-26,,0,
"Buncombe,henderson",MSD of Buncombe County,173000.0,1.56,2023-01-27,,0,
"Buncombe,henderson",MSD of Buncombe County,173000.0,1.5,2023-01-28,,0,
"Buncombe,henderson",MSD of Buncombe County,173000.0,0.75,2023-01-29,,0,
"Buncombe,henderson",MSD of Buncombe County,173000.0,1.1,2023-01-30,,0,
"Buncombe,henderson",MSD of Buncombe County,173000.0,2.25,2023-01-31,,0,
"Buncombe,henderson",MSD of Buncombe County,173000.0,2.49,2023-02-01,,0,
"Buncombe,henderson",MSD of Buncombe County,173000.0,1.3900000000000001,2023-02-02,,0,
"Buncombe,henderson",MSD of Buncombe County,173000.0,1.4500000000000002,2023-02-03,,0,
"Buncombe,henderson",MSD of Buncombe County,173000.0,1.7300000000000002,2023-02-04,27444.261695297962,0,14057841.4304192
"Buncombe,henderson",MSD of Buncombe County,173000.0,1.1,2023-02-05,,0,
"Buncombe,henderson",MSD of Buncombe County,173000.0,0.52,2023-02-06,,0,
"Buncombe,henderson",MSD of Buncombe County,173000.0,1.85,2023-02-07,,0,
"Buncombe,henderson",MSD of Buncombe County,173000.0,1.85,2023-02-08,20539.59590644373,0,9181759.99429523
"Buncombe,henderson",MSD of Buncombe County,173000.0,1.3900000000000001,2023-02-09,,0,
"Buncombe,henderson",MSD of Buncombe County,173000.0,1.1,2023-02-10,,0,
"Buncombe,henderson",MSD of Buncombe County,173000.0,0.9199999999999999,2023-02-11,15689.013366365656,0,7030581.70933752
"Buncombe,henderson",MSD of Buncombe County,173000.0,0.9199999999999999,2023-02-12,,0,
"Buncombe,henderson",MSD of Buncombe County,173000.0,0.58,2023-02-13,,0,
"Buncombe,henderson",MSD of Buncombe County,173000.0,1.97,2023-02-14,,0,
"Buncombe,henderson",MSD of Buncombe County,173000.0,1.16,2023-02-15,24772.565766942716,0,13529484.3846037
"Buncombe,henderson",MSD of Buncombe County,173000.0,1.27,2023-02-16,,0,
"Buncombe,henderson",MSD of Buncombe County,173000.0,0.9199999999999999,2023-02-17,,0,
"Buncombe,henderson",MSD of Buncombe County,173000.0,1.1,2023-02-18,33111.55387474285,0,15526279.777356
"Buncombe,henderson",MSD of Buncombe County,173000.0,0.6900000000000001,2023-02-19,,0,
"Buncombe,henderson",MSD of Buncombe County,173000.0,1.04,2023-02-20,,0,
"Buncombe,henderson",MSD of Buncombe County,173000.0,1.27,2023-02-21,,0,
"Buncombe,henderson",MSD of Buncombe County,173000.0,1.16,2023-02-22,11480.962503205039,0,5707583.84764649
"Buncombe,henderson",MSD of Buncombe County,173000.0,0.9800000000000001,2023-02-23,,0,
"Buncombe,henderson",MSD of Buncombe County,173000.0,1.4500000000000002,2023-02-24,,0,
"Buncombe,henderson",MSD of Buncombe County,173000.0,0.75,2023-02-25,20991.06952968336,0,9957711.04553378
"Buncombe,henderson",MSD of Buncombe County,173000.0,0.35000000000000003,2023-02-26,,0,
"Buncombe,henderson",MSD of Buncombe County,173000.0,0.4,2023-02-27,,0,
"Buncombe,henderson",MSD of Buncombe County,173000.0,0.87,2023-02-28,,0,
"Buncombe,henderson",MSD of Buncombe County,173000.0,1.1,2023-03-01,27099.354235848507,0,12274249.9269056
"Buncombe,henderson",MSD of Buncombe County,173000.0,0.81,2023-03-02,,0,
"Buncombe,henderson",MSD of Buncombe County,173000.0,0.52,2023-03-03,,0,
"Buncombe,henderson",MSD of Buncombe County,173000.0,0.45999999999999996,2023-03-04,11958.260743101411,0,6721989.00331265
"Buncombe,henderson",MSD of Buncombe County,173000.0,0.12,2023-03-05,,0,
"Buncombe,henderson",MSD of Buncombe County,173000.0,0.4,2023-03-06,,0,
"Buncombe,henderson",MSD of Buncombe County,173000.0,0.52,2023-03-07,,0,
"Buncombe,henderson",MSD of Buncombe County,173000.0,0.6400000000000001,2023-03-08,8824.68129736139,0,4263475.51857423
"Buncombe,henderson",MSD of Buncombe County,173000.0,0.9199999999999999,2023-03-09,,0,
"Buncombe,henderson",MSD of Buncombe County,173000.0,1.04,2023-03-10,,0,
"Buncombe,henderson",MSD of Buncombe County,173000.0,0.29,2023-03-11,10644.834428021895,0,4826077.99637133
"Buncombe,henderson",MSD of Buncombe County,173000.0,0.12,2023-03-12,,0,
"Buncombe,henderson",MSD of Buncombe County,173000.0,0.12,2023-03-13,,0,
"Buncombe,henderson",MSD of Buncombe County,173000.0,0.75,2023-03-14,,0,
"Buncombe,henderson",MSD of Buncombe County,173000.0,0.45999999999999996,2023-03-15,15508.062419270818,0,7339724.08898073
"Buncombe,henderson",MSD of Buncombe County,173000.0,0.45999999999999996,2023-03-16,,0,
"Buncombe,henderson",MSD of Buncombe County,173000.0,0.12,2023-03-17,,0,
"Buncombe,henderson",MSD of Buncombe County,173000.0,0.45999999999999996,2023-03-18,13180.09280695701,0,5790923.81557235
"Buncombe,henderson",MSD of Buncombe County,173000.0,0.29,2023-03-19,,0,
"Buncombe,henderson",MSD of Buncombe County,173000.0,0.35000000000000003,2023-03-20,,0,
"Buncombe,henderson",MSD of Buncombe County,173000.0,0.45999999999999996,2023-03-21,,0,
"Buncombe,henderson",MSD of Buncombe County,173000.0,0.6400000000000001,2023-03-22,17032.582509707685,0,5403985.54085312
"Buncombe,henderson",MSD of Buncombe County,173000.0,0.9199999999999999,2023-03-23,,0,
"Buncombe,henderson",MSD of Buncombe County,173000.0,0.35000000000000003,2023-03-24,,0,
"Buncombe,henderson",MSD of Buncombe County,173000.0,0.75,2023-03-25,23232.234091074828,0,10497278.1668816
"Buncombe,henderson",MSD of Buncombe County,173000.0,0.45999999999999996,2023-03-26,,0,
"Buncombe,henderson",MSD of Buncombe County,173000.0,0.29,2023-03-27,,0,
"Buncombe,henderson",MSD of Buncombe County,173000.0,1.27,2023-03-28,,0,
"Buncombe,henderson",MSD of Buncombe County,173000.0,0.35000000000000003,2023-03-29,23904.6614231409,0,10544810.9819614
"Buncombe,henderson",MSD of Buncombe County,173000.0,0.6400000000000001,2023-03-30,,0,
"Buncombe,henderson",MSD of Buncombe County,173000.0,0.6900000000000001,2023-03-31,,0,
"Buncombe,henderson",MSD of Buncombe County,173000.0,0.35000000000000003,2023-04-01,27385.77014491287,0,11547084.6085969
"Buncombe,henderson",MSD of Buncombe County,173000.0,0.35000000000000003,2023-04-02,,0,
"Buncombe,henderson",MSD of Buncombe County,173000.0,0.12,2023-04-03,,0,
"Buncombe,henderson",MSD of Buncombe County,173000.0,0.6400000000000001,2023-04-04,,0,
"Buncombe,henderson",MSD of Buncombe County,173000.0,0.29,2023-04-05,53885.365144025905,0,22696936.2913975
"Buncombe,henderson",MSD of Buncombe County,173000.0,0.12,2023-04-06,,0,
"Buncombe,henderson",MSD of Buncombe County,173000.0,0.35000000000000003,2023-04-07,,0,
"Buncombe,henderson",MSD of Buncombe County,173000.0,0.12,2023-04-08,,0,
"Buncombe,henderson",MSD of Buncombe County,173000.0,0.52,2023-04-09,,0,
"Buncombe,henderson",MSD of Buncombe County,173000.0,0.6900000000000001,2023-04-10,,0,
"Buncombe,henderson",MSD of Buncombe County,173000.0,0.6900000000000001,2023-04-11,,0,
"Buncombe,henderson",MSD of Buncombe County,173000.0,0.58,2023-04-12,17205.663252981558,0,9362953.7609699
"Buncombe,henderson",MSD of Buncombe County,173000.0,0.29,2023-04-13,,0,
"Buncombe,henderson",MSD of Buncombe County,173000.0,0.9199999999999999,2023-04-14,,0,
"Buncombe,henderson",MSD of Buncombe County,173000.0,0.81,2023-04-15,60459.4409501114,0,27569412.8114449
"Buncombe,henderson",MSD of Buncombe County,173000.0,0.52,2023-04-16,,0,
"Buncombe,henderson",MSD of Buncombe County,173000.0,0.35000000000000003,2023-04-17,,0,
"Buncombe,henderson",MSD of Buncombe County,173000.0,1.4500000000000002,2023-04-18,,0,
"Buncombe,henderson",MSD of Buncombe County,173000.0,0.75,2023-04-19,55719.39339224722,0,25176311.9050625
"Buncombe,henderson",MSD of Buncombe County,173000.0,0.87,2023-04-20,,0,
"Buncombe,henderson",MSD of Buncombe County,173000.0,0.29,2023-04-21,,0,
"Buncombe,henderson",MSD of Buncombe County,173000.0,0.87,2023-04-22,57174.994534324236,0,25333595.6201281
"Buncombe,henderson",MSD of Buncombe County,173000.0,0.35000000000000003,2023-04-23,,0,
"Buncombe,henderson",MSD of Buncombe County,173000.0,0.52,2023-04-24,,0,
"Buncombe,henderson",MSD of Buncombe County,173000.0,1.85,2023-04-25,,0,
"Buncombe,henderson",MSD of Buncombe County,173000.0,0.58,2023-04-26,34348.93884823811,0,14843834.3586322
"Buncombe,henderson",MSD of Buncombe County,173000.0,0.29,2023-04-27,,0,
"Buncombe,henderson",MSD of Buncombe County,173000.0,0.58,2023-04-28,,0,
"Buncombe,henderson",MSD of Buncombe County,173000.0,0.35000000000000003,2023-04-29,47377.46299666122,0,23791409.1411129
"Buncombe,henderson",MSD of Buncombe County,173000.0,0.45999999999999996,2023-04-30,,0,
"Buncombe,henderson",MSD of Buncombe County,173000.0,0.12,2023-05-01,,0,
"Buncombe,henderson",MSD of Buncombe County,173000.0,0.58,2023-05-02,,0,
"Buncombe,henderson",MSD of Buncombe County,173000.0,0.52,2023-05-03,12747.658608544563,0,5907749.26285489
"Buncombe,henderson",MSD of Buncombe County,173000.0,0.12,2023-05-04,,0,
"Buncombe,henderson",MSD of Buncombe County,173000.0,0.12,2023-05-05,,0,
"Buncombe,henderson",MSD of Buncombe County,173000.0,0.58,2023-05-06,46549.2169644131,0,20105977.9908008
"Buncombe,henderson",MSD of Buncombe County,173000.0,0.12,2023-05-07,,0,
"Buncombe,henderson",MSD of Buncombe County,173000.0,0.12,2023-05-08,,0,
"Buncombe,henderson",MSD of Buncombe County,173000.0,0.52,2023-05-09,,0,
"Buncombe,henderson",MSD of Buncombe County,173000.0,0.45999999999999996,2023-05-10,14047.39121687726,0,6380999.36548405
"Buncombe,henderson",MSD of Buncombe County,173000.0,0.29,2023-05-11,,0,
"Buncombe,henderson",MSD of Buncombe County,173000.0,0.52,2023-05-12,,0,
"Buncombe,henderson",MSD of Buncombe County,173000.0,0.12,2023-05-13,,0,
"Buncombe,henderson",MSD of Buncombe County,173000.0,0.12,2023-05-14,,0,
"Buncombe,henderson",MSD of Buncombe County,173000.0,0.12,2023-05-15,,0,
"Buncombe,henderson",MSD of Buncombe County,173000.0,0.45999999999999996,2023-05-16,,0,
"Buncombe,henderson",MSD of Buncombe County,173000.0,0.12,2023-05-17,12524.535919546104,0,5634435.70652088
"Buncombe,henderson",MSD of Buncombe County,173000.0,0.12,2023-05-18,,0,
"Buncombe,henderson",MSD of Buncombe County,173000.0,0.45999999999999996,2023-05-19,,0,
"Buncombe,henderson",MSD of Buncombe County,173000.0,0.4,2023-05-20,34309.61964231022,0,14714233.700592
"Buncombe,henderson",MSD of Buncombe County,173000.0,0.12,2023-05-21,,0,
"Buncombe,henderson",MSD of Buncombe County,173000.0,0.12,2023-05-22,,0,
"Buncombe,henderson",MSD of Buncombe County,173000.0,0.29,2023-05-23,,0,
"Buncombe,henderson",MSD of Buncombe County,173000.0,0.12,2023-05-24,43982.087262884656,0,18304253.5562777
"Buncombe,henderson",MSD of Buncombe County,173000.0,,2023-05-25,,0,
"Buncombe,henderson",MSD of Buncombe County,173000.0,,2023-05-26,,0,
"Buncombe,henderson",MSD of Buncombe County,173000.0,,2023-05-27,49240.227456826404,0,20341722.0141302
"Buncombe,henderson",MSD of Buncombe County,173000.0,,2023-05-28,,0,
"Buncombe,henderson",MSD of Buncombe County,173000.0,,2023-05-29,,0,
"Buncombe,henderson",MSD of Buncombe County,173000.0,,2023-05-30,,0,
"Buncombe,henderson",MSD of Buncombe County,173000.0,,2023-05-31,22069.66243511671,0,12796972.5712145
"Buncombe,henderson",MSD of Buncombe County,173000.0,,2023-06-01,,0,
"Buncombe,henderson",MSD of Buncombe County,173000.0,,2023-06-02,,0,
"Buncombe,henderson",MSD of Buncombe County,173000.0,,2023-06-03,23577.404437299738,0,11179453.6382843
"Buncombe,henderson",MSD of Buncombe County,173000.0,,2023-06-04,,0,
"Buncombe,henderson",MSD of Buncombe County,173000.0,,2023-06-05,,0,
"Buncombe,henderson",MSD of Buncombe County,173000.0,,2023-06-06,,0,
"Buncombe,henderson",MSD of Buncombe County,173000.0,,2023-06-07,16454.713610391413,0,7053268.85622078
"Buncombe,henderson",MSD of Buncombe County,173000.0,,2023-06-08,,0,
"Buncombe,henderson",MSD of Buncombe County,173000.0,,2023-06-09,,0,
"Buncombe,henderson",MSD of Buncombe County,173000.0,,2023-06-10,18729.42070647142,0,7868487.303651529
"Buncombe,henderson",MSD of Buncombe County,173000.0,,2023-06-11,,0,
"Buncombe,henderson",MSD of Buncombe County,173000.0,,2023-06-12,,0,
"Buncombe,henderson",MSD of Buncombe County,173000.0,,2023-06-13,,0,
"Buncombe,henderson",MSD of Buncombe County,173000.0,,2023-06-14,18499.783782520273,0,8273956.222430059
"Buncombe,henderson",MSD of Buncombe County,173000.0,,2023-06-15,,0,
"Buncombe,henderson",MSD of Buncombe County,173000.0,,2023-06-16,,0,
"Buncombe,henderson",MSD of Buncombe County,173000.0,,2023-06-17,14847.922413590393,0,6088368.7858529
"Buncombe,henderson",MSD of Buncombe County,173000.0,,2023-06-18,,0,
"Buncombe,henderson",MSD of Buncombe County,173000.0,,2023-06-19,,0,
"Buncombe,henderson",MSD of Buncombe County,173000.0,,2023-06-20,,0,
"Buncombe,henderson",MSD of Buncombe County,173000.0,,2023-06-21,10546.544457783326,0,4495363.49899886
"Buncombe,henderson",MSD of Buncombe County,173000.0,,2023-06-22,,0,
"Buncombe,henderson",MSD of Buncombe County,173000.0,,2023-06-23,,0,
"Buncombe,henderson",MSD of Buncombe County,173000.0,,2023-06-24,15178.932768808214,0,7907993.5686332
"Buncombe,henderson",MSD of Buncombe County,173000.0,,2023-06-25,,0,
"Buncombe,henderson",MSD of Buncombe County,173000.0,,2023-06-26,,0,
"Buncombe,henderson",MSD of Buncombe County,173000.0,,2023-06-27,,0,
"Buncombe,henderson",MSD of Buncombe County,173000.0,,2023-06-28,148228.97962274455,0,68597638.5298397
"Buncombe,henderson",MSD of Buncombe County,173000.0,,2023-06-29,,0,
"Buncombe,henderson",MSD of Buncombe County,173000.0,,2023-06-30,,0,
"Buncombe,henderson",MSD of Buncombe County,173000.0,,2023-07-01,46092.06873204972,0,19222716.9803839
"Buncombe,henderson",MSD of Buncombe County,173000.0,,2023-07-02,,0,
"Buncombe,henderson",MSD of Buncombe County,173000.0,,2023-07-03,,0,
"Buncombe,henderson",MSD of Buncombe County,173000.0,,2023-07-04,,0,
"Buncombe,henderson",MSD of Buncombe County,173000.0,,2023-07-05,,0,
"Buncombe,henderson",MSD of Buncombe County,173000.0,,2023-07-06,,0,
"Buncombe,henderson",MSD of Buncombe County,173000.0,,2023-07-07,,0,
"Buncombe,henderson",MSD of Buncombe County,173000.0,,2023-07-08,15503.199669745605,0,8908031.35204622
"Buncombe,henderson",MSD of Buncombe County,173000.0,,2023-07-09,,0,
"Buncombe,henderson",MSD of Buncombe County,173000.0,,2023-07-10,,0,
"Buncombe,henderson",MSD of Buncombe County,173000.0,,2023-07-11,,0,
"Buncombe,henderson",MSD of Buncombe County,173000.0,,2023-07-12,8823.808701462207,0,3629774.18855538
"Buncombe,henderson",MSD of Buncombe County,173000.0,,2023-07-13,,0,
"Buncombe,henderson",MSD of Buncombe County,173000.0,,2023-07-14,,0,
"Buncombe,henderson",MSD of Buncombe County,173000.0,,2023-07-15,54852.602490674995,0,22528235.8864632
"Buncombe,henderson",MSD of Buncombe County,173000.0,,2023-07-16,,0,
"Buncombe,henderson",MSD of Buncombe County,173000.0,,2023-07-17,,0,
"Buncombe,henderson",MSD of Buncombe County,173000.0,,2023-07-18,,0,
"Buncombe,henderson",MSD of Buncombe County,173000.0,,2023-07-19,49363.184662256135,0,20630141.763651
"Buncombe,henderson",MSD of Buncombe County,173000.0,,2023-07-20,,0,
"Buncombe,henderson",MSD of Buncombe County,173000.0,,2023-07-21,,0,
"Buncombe,henderson",MSD of Buncombe County,173000.0,,2023-07-22,57019.5826010679,0,26637139.6666592
"Buncombe,henderson",MSD of Buncombe County,173000.0,,2023-07-23,,0,
"Buncombe,henderson",MSD of Buncombe County,173000.0,,2023-07-24,,0,
"Buncombe,henderson",MSD of Buncombe County,173000.0,,2023-07-25,,0,
"Buncombe,henderson",MSD of Buncombe County,173000.0,,2023-07-26,46802.49993323007,0,19805745.5722647
"Buncombe,henderson",MSD of Buncombe County,173000.0,,2023-07-27,,0,
"Buncombe,henderson",MSD of Buncombe County,173000.0,,2023-07-28,,0,
"Buncombe,henderson",MSD of Buncombe County,173000.0,,2023-07-29,25514.286194208897,0,10322526.5489146
"Buncombe,henderson",MSD of Buncombe County,173000.0,,2023-07-30,,0,
"Buncombe,henderson",MSD of Buncombe County,173000.0,,2023-07-31,,0,
"Buncombe,henderson",MSD of Buncombe County,173000.0,,2023-08-01,,0,
"Buncombe,henderson",MSD of Buncombe County,173000.0,,2023-08-02,30910.787760909676,0,12187946.3684535
"Buncombe,henderson",MSD of Buncombe County,173000.0,,2023-08-03,,0,
"Buncombe,henderson",MSD of Buncombe County,173000.0,,2023-08-04,,0,
"Buncombe,henderson",MSD of Buncombe County,173000.0,,2023-08-05,34964.26747409417,0,17512006.1562278
"Buncombe,henderson",MSD of Buncombe County,173000.0,,2023-08-06,,0,
"Buncombe,henderson",MSD of Buncombe County,173000.0,,2023-08-07,,0,
"Buncombe,henderson",MSD of Buncombe County,173000.0,,2023-08-08,,0,
"Buncombe,henderson",MSD of Buncombe County,173000.0,,2023-08-09,38869.47388375614,0,16499700.7221252
"Buncombe,henderson",MSD of Buncombe County,173000.0,,2023-08-10,,0,
"Buncombe,henderson",MSD of Buncombe County,173000.0,,2023-08-11,,0,
"Buncombe,henderson",MSD of Buncombe County,173000.0,,2023-08-12,27276.612692927978,0,13339318.4076447
"Buncombe,henderson",MSD of Buncombe County,173000.0,,2023-08-13,,0,
"Buncombe,henderson",MSD of Buncombe County,173000.0,,2023-08-14,,0,
"Buncombe,henderson",MSD of Buncombe County,173000.0,,2023-08-15,,0,
"Buncombe,henderson",MSD of Buncombe County,173000.0,,2023-08-16,53249.31548855821,0,21578471.8954288
"Buncombe,henderson",MSD of Buncombe County,173000.0,,2023-08-17,,0,
"Buncombe,henderson",MSD of Buncombe County,173000.0,,2023-08-18,,0,
"Buncombe,henderson",MSD of Buncombe County,173000.0,,2023-08-19,65294.64909163697,0,25731018.6574185
"Buncombe,henderson",MSD of Buncombe County,173000.0,,2023-08-20,,0,
"Buncombe,henderson",MSD of Buncombe County,173000.0,,2023-08-21,,0,
"Buncombe,henderson",MSD of Buncombe County,173000.0,,2023-08-22,,0,
"Buncombe,henderson",MSD of Buncombe County,173000.0,,2023-08-23,120833.60459739658,0,45846110.7251871
"Buncombe,henderson",MSD of Buncombe County,173000.0,,2023-08-24,,0,
"Buncombe,henderson",MSD of Buncombe County,173000.0,,2023-08-25,,0,
"Buncombe,henderson",MSD of Buncombe County,173000.0,,2023-08-26,149746.39361266786,0,58257762.8394287
"Buncombe,henderson",MSD of Buncombe County,173000.0,,2023-08-27,,0,
"Buncombe,henderson",MSD of Buncombe County,173000.0,,2023-08-28,,0,
"Buncombe,henderson",MSD of Buncombe County,173000.0,,2023-08-29,,0,
"Buncombe,henderson",MSD of Buncombe County,173000.0,,2023-08-30,88129.44797285419,0,34883920.7602776
"Buncombe,henderson",MSD of Buncombe County,173000.0,,2023-08-31,,0,
"Buncombe,henderson",MSD of Buncombe County,173000.0,,2023-09-01,,0,
"Buncombe,henderson",MSD of Buncombe County,173000.0,,2023-09-02,87337.65510935128,0,37628154.4828149
"Buncombe,henderson",MSD of Buncombe County,173000.0,,2023-09-03,,0,
"Buncombe,henderson",MSD of Buncombe County,173000.0,,2023-09-04,,0,
"Buncombe,henderson",MSD of Buncombe County,173000.0,,2023-09-05,,0,
"Buncombe,henderson",MSD of Buncombe County,173000.0,,2023-09-06,119389.22229414173,0,46917744.964263
"Buncombe,henderson",MSD of Buncombe County,173000.0,,2023-09-07,,0,
"Buncombe,henderson",MSD of Buncombe County,173000.0,,2023-09-08,,0,
"Buncombe,henderson",MSD of Buncombe County,173000.0,,2023-09-09,188968.2640021862,0,74054274.8900573
"Buncombe,henderson",MSD of Buncombe County,173000.0,,2023-09-10,,0,
"Buncombe,henderson",MSD of Buncombe County,173000.0,,2023-09-11,,0,
"Buncombe,henderson",MSD of Buncombe County,173000.0,,2023-09-12,,0,
"Buncombe,henderson",MSD of Buncombe County,173000.0,,2023-09-13,98039.39208297853,0,39299927.9015572
"Buncombe,henderson",MSD of Buncombe County,173000.0,,2023-09-14,,0,
"Buncombe,henderson",MSD of Buncombe County,173000.0,,2023-09-15,,0,
"Buncombe,henderson",MSD of Buncombe County,173000.0,,2023-09-16,109587.78216571423,0,42010893.1068721
"Buncombe,henderson",MSD of Buncombe County,173000.0,,2023-09-17,,0,
"Buncombe,henderson",MSD of Buncombe County,173000.0,,2023-09-18,,0,
"Buncombe,henderson",MSD of Buncombe County,173000.0,,2023-09-19,,0,
"Buncombe,henderson",MSD of Buncombe County,173000.0,,2023-09-20,51239.23496696652,0,19967892.5478776
"Buncombe,henderson",MSD of Buncombe County,173000.0,,2023-09-21,,0,
"Buncombe,henderson",MSD of Buncombe County,173000.0,,2023-09-22,,0,
"Buncombe,henderson",MSD of Buncombe County,173000.0,,2023-09-23,76336.72772656697,0,28996724.0058005
"Buncombe,henderson",MSD of Buncombe County,173000.0,,2023-09-24,,0,
"Buncombe,henderson",MSD of Buncombe County,173000.0,,2023-09-25,,0,
"Buncombe,henderson",MSD of Buncombe County,173000.0,,2023-09-26,,0,
"Buncombe,henderson",MSD of Buncombe County,173000.0,,2023-09-27,43285.24921956673,0,16053705.7896411
"Buncombe,henderson",MSD of Buncombe County,173000.0,,2023-09-28,,0,
"Buncombe,henderson",MSD of Buncombe County,173000.0,,2023-09-29,,0,
"Buncombe,henderson",MSD of Buncombe County,173000.0,,2023-09-30,59109.38334985409,0,22038990.2996672
"Buncombe,henderson",MSD of Buncombe County,173000.0,,2023-10-01,,0,
"Buncombe,henderson",MSD of Buncombe County,173000.0,,2023-10-02,,0,
"Buncombe,henderson",MSD of Buncombe County,173000.0,,2023-10-03,,0,
"Buncombe,henderson",MSD of Buncombe County,173000.0,,2023-10-04,43823.69222235853,0,16004089.6748429
"Buncombe,henderson",MSD of Buncombe County,173000.0,,2023-10-05,,0,
"Buncombe,henderson",MSD of Buncombe County,173000.0,,2023-10-06,,0,
"Buncombe,henderson",MSD of Buncombe County,173000.0,,2023-10-07,42551.578114095915,0,16144717.0946377
"Buncombe,henderson",MSD of Buncombe County,173000.0,,2023-10-08,,0,
"Buncombe,henderson",MSD of Buncombe County,173000.0,,2023-10-09,,0,
"Buncombe,henderson",MSD of Buncombe County,173000.0,,2023-10-10,,0,
"Buncombe,henderson",MSD of Buncombe County,173000.0,,2023-10-11,37491.196246536434,0,13945814.81282
"Buncombe,henderson",MSD of Buncombe County,173000.0,,2023-10-12,,0,
"Buncombe,henderson",MSD of Buncombe County,173000.0,,2023-10-13,,0,
"Buncombe,henderson",MSD of Buncombe County,173000.0,,2023-10-14,79619.97739261182,0,31864083.3970996
"Buncombe,henderson",MSD of Buncombe County,173000.0,,2023-10-15,,0,
"Buncombe,henderson",MSD of Buncombe County,173000.0,,2023-10-16,,0,
"Buncombe,henderson",MSD of Buncombe County,173000.0,,2023-10-17,,0,
"Buncombe,henderson",MSD of Buncombe County,173000.0,,2023-10-18,51609.46853137041,0,19829856.5725843
"Buncombe,henderson",MSD of Buncombe County,173000.0,,2023-10-19,,0,
"Buncombe,henderson",MSD of Buncombe County,173000.0,,2023-10-20,,0,
"Buncombe,henderson",MSD of Buncombe County,173000.0,,2023-10-21,37100.43126433974,0,14352478.1152716
"Buncombe,henderson",MSD of Buncombe County,173000.0,,2023-10-22,,0,
"Buncombe,henderson",MSD of Buncombe County,173000.0,,2023-10-23,,0,
"Buncombe,henderson",MSD of Buncombe County,173000.0,,2023-10-24,,0,
"Buncombe,henderson",MSD of Buncombe County,173000.0,,2023-10-25,41753.861870912355,0,15796370.7414749
"Buncombe,henderson",MSD of Buncombe County,173000.0,,2023-10-26,,0,
"Buncombe,henderson",MSD of Buncombe County,173000.0,,2023-10-27,,0,
"Buncombe,henderson",MSD of Buncombe County,173000.0,,2023-10-28,107528.59340659106,0,40797986.7510169
"Buncombe,henderson",MSD of Buncombe County,173000.0,,2023-10-29,,0,
"Buncombe,henderson",MSD of Buncombe County,173000.0,,2023-10-30,,0,
"Buncombe,henderson",MSD of Buncombe County,173000.0,,2023-10-31,,0,
"Buncombe,henderson",MSD of Buncombe County,173000.0,,2023-11-01,46224.16122029081,0,18225921.7150108
"Buncombe,henderson",MSD of Buncombe County,173000.0,,2023-11-02,,0,
"Buncombe,henderson",MSD of Buncombe County,173000.0,,2023-11-03,,0,
"Buncombe,henderson",MSD of Buncombe County,173000.0,,2023-11-04,80914.76997433789,0,30186854.5257088
"Buncombe,henderson",MSD of Buncombe County,173000.0,,2023-11-05,,0,
"Buncombe,henderson",MSD of Buncombe County,173000.0,,2023-11-06,,0,
"Buncombe,henderson",MSD of Buncombe County,173000.0,,2023-11-07,,0,
"Buncombe,henderson",MSD of Buncombe County,173000.0,,2023-11-08,61588.40956187125,0,23111534.8513119
"Buncombe,henderson",MSD of Buncombe County,173000.0,,2023-11-09,,0,
"Buncombe,henderson",MSD of Buncombe County,173000.0,,2023-11-10,,0,
"Buncombe,henderson",MSD of Buncombe County,173000.0,,2023-11-11,69978.31664165696,0,26826453.8448818
"Buncombe,henderson",MSD of Buncombe County,173000.0,,2023-11-12,,0,
"Buncombe,henderson",MSD of Buncombe County,173000.0,,2023-11-13,,0,
"Buncombe,henderson",MSD of Buncombe County,173000.0,,2023-11-14,,0,
"Buncombe,henderson",MSD of Buncombe County,173000.0,,2023-11-15,58841.42095424381,0,21823204.8394179
"Buncombe,henderson",MSD of Buncombe County,173000.0,,2023-11-16,,0,
"Buncombe,henderson",MSD of Buncombe County,173000.0,,2023-11-17,,0,
"Buncombe,henderson",MSD of Buncombe County,173000.0,,2023-11-18,96605.07233059773,0,36399779.4137584
"Buncombe,henderson",MSD of Buncombe County,173000.0,,2023-11-19,,0,
"Buncombe,henderson",MSD of Buncombe County,173000.0,,2023-11-20,,0,
"Buncombe,henderson",MSD of Buncombe County,173000.0,,2023-11-21,,0,
"Buncombe,henderson",MSD of Buncombe County,173000.0,,2023-11-22,82859.73757307952,0,31692073.6453623
"Buncombe,henderson",MSD of Buncombe County,173000.0,,2023-11-23,,0,
"Buncombe,henderson",MSD of Buncombe County,173000.0,,2023-11-24,,0,
"Buncombe,henderson",MSD of Buncombe County,173000.0,,2023-11-25,,0,
"Buncombe,henderson",MSD of Buncombe County,173000.0,,2023-11-26,,0,
"Buncombe,henderson",MSD of Buncombe County,173000.0,,2023-11-27,,0,
"Buncombe,henderson",MSD of Buncombe County,173000.0,,2023-11-28,,0,
"Buncombe,henderson",MSD of Buncombe County,173000.0,,2023-11-29,58652.495113885416,0,21830137.9573396
"Buncombe,henderson",MSD of Buncombe County,173000.0,,2023-11-30,,0,
"Buncombe,henderson",MSD of Buncombe County,173000.0,,2023-12-01,,0,
"Buncombe,henderson",MSD of Buncombe County,173000.0,,2023-12-02,126824.06711661634,0,47869230.9722016
"Buncombe,henderson",MSD of Buncombe County,173000.0,,2023-12-03,,0,
"Buncombe,henderson",MSD of Buncombe County,173000.0,,2023-12-04,,0,
"Buncombe,henderson",MSD of Buncombe County,173000.0,,2023-12-05,,0,
"Buncombe,henderson",MSD of Buncombe County,173000.0,,2023-12-06,113905.0490007315,0,42693918.1197029
"Buncombe,henderson",MSD of Buncombe County,173000.0,,2023-12-07,,0,
"Buncombe,henderson",MSD of Buncombe County,173000.0,,2023-12-08,,0,
"Buncombe,henderson",MSD of Buncombe County,173000.0,,2023-12-09,149946.9159402755,0,56990573.964032
"Buncombe,henderson",MSD of Buncombe County,173000.0,,2023-12-10,,0,
"Buncombe,henderson",MSD of Buncombe County,173000.0,,2023-12-11,,0,
"Buncombe,henderson",MSD of Buncombe County,173000.0,,2023-12-12,,0,
"Buncombe,henderson",MSD of Buncombe County,173000.0,,2023-12-13,114990.25392472124,0,59153348.9042087
"Buncombe,henderson",MSD of Buncombe County,173000.0,,2023-12-14,,0,
"Buncombe,henderson",MSD of Buncombe County,173000.0,,2023-12-15,,0,
"Buncombe,henderson",MSD of Buncombe County,173000.0,,2023-12-16,95745.95552815808,0,37919682.0521321
"Buncombe,henderson",MSD of Buncombe County,173000.0,,2023-12-17,,0,
"Buncombe,henderson",MSD of Buncombe County,173000.0,,2023-12-18,,0,
"Buncombe,henderson",MSD of Buncombe County,173000.0,,2023-12-19,,0,
"Buncombe,henderson",MSD of Buncombe County,173000.0,,2023-12-20,158822.73783180944,0,61510834.5355897
"Buncombe,henderson",MSD of Buncombe County,173000.0,,2023-12-21,,0,
"Buncombe,henderson",MSD of Buncombe County,173000.0,,2023-12-22,,0,
"Buncombe,henderson",MSD of Buncombe County,173000.0,,2023-12-23,,0,
"Buncombe,henderson",MSD of Buncombe County,173000.0,,2023-12-24,,0,
"Buncombe,henderson",MSD of Buncombe County,173000.0,,2023-12-25,,0,
"Buncombe,henderson",MSD of Buncombe County,173000.0,,2023-12-26,,0,
"Buncombe,henderson",MSD of Buncombe County,173000.0,,2023-12-27,,0,
"Buncombe,henderson",MSD of Buncombe County,173000.0,,2023-12-28,,0,
"Buncombe,henderson",MSD of Buncombe County,173000.0,,2023-12-29,,0,
"Buncombe,henderson",MSD of Buncombe County,173000.0,,2023-12-30,193398.75904462262,0,94918011.5005488
"Buncombe,henderson",MSD of Buncombe County,173000.0,,2023-12-31,,0,
"Buncombe,henderson",MSD of Buncombe County,173000.0,,2024-01-01,,0,
"Buncombe,henderson",MSD of Buncombe County,173000.0,,2024-01-02,,0,
"Buncombe,henderson",MSD of Buncombe County,173000.0,,2024-01-03,284903.52849790204,0,112273488.093266
"Buncombe,henderson",MSD of Buncombe County,173000.0,,2024-01-04,,0,
"Buncombe,henderson",MSD of Buncombe County,173000.0,,2024-01-05,,0,
"Buncombe,henderson",MSD of Buncombe County,173000.0,,2024-01-06,151087.34427476046,0,60531593.4367265
"Buncombe,henderson",MSD of Buncombe County,173000.0,,2024-01-07,,0,
"Buncombe,henderson",MSD of Buncombe County,173000.0,,2024-01-08,,0,
"Buncombe,henderson",MSD of Buncombe County,173000.0,,2024-01-09,,0,
"Buncombe,henderson",MSD of Buncombe County,173000.0,,2024-01-10,185423.96679944458,0,76154542.7816621
"Buncombe,henderson",MSD of Buncombe County,173000.0,,2024-01-11,,0,
"Buncombe,henderson",MSD of Buncombe County,173000.0,,2024-01-12,,0,
"Buncombe,henderson",MSD of Buncombe County,173000.0,,2024-01-13,,0,
"Buncombe,henderson",MSD of Buncombe County,173000.0,,2024-01-14,,0,
"Buncombe,henderson",MSD of Buncombe County,173000.0,,2024-01-15,,0,
"Buncombe,henderson",MSD of Buncombe County,173000.0,,2024-01-16,,0,
"Buncombe,henderson",MSD of Buncombe County,173000.0,,2024-01-17,138226.4262491358,0,66327768.4644041
"Buncombe,henderson",MSD of Buncombe County,173000.0,,2024-01-18,,0,
"Buncombe,henderson",MSD of Buncombe County,173000.0,,2024-01-19,,0,
"Buncombe,henderson",MSD of Buncombe County,173000.0,,2024-01-20,208004.61533341053,0,95350433.8439351
"Buncombe,henderson",MSD of Buncombe County,173000.0,,2024-01-21,,0,
"Buncombe,henderson",MSD of Buncombe County,173000.0,,2024-01-22,,0,
"Buncombe,henderson",MSD of Buncombe County,173000.0,,2024-01-23,,0,
"Buncombe,henderson",MSD of Buncombe County,173000.0,,2024-01-24,159890.34534921154,0,70810624.3057021
"Buncombe,henderson",MSD of Buncombe County,173000.0,,2024-01-25,,0,
"Buncombe,henderson",MSD of Buncombe County,173000.0,,2024-01-26,,0,
"Buncombe,henderson",MSD of Buncombe County,173000.0,,2024-01-27,52965.93244718721,0,34861023.1203602
"Buncombe,henderson",MSD of Buncombe County,173000.0,,2024-01-28,,0,
"Buncombe,henderson",MSD of Buncombe County,173000.0,,2024-01-29,,0,
"Buncombe,henderson",MSD of Buncombe County,173000.0,,2024-01-30,,0,
"Buncombe,henderson",MSD of Buncombe County,173000.0,,2024-01-31,74384.64938102324,0,46028667.2368129
"Buncombe,henderson",MSD of Buncombe County,173000.0,,2024-02-01,,0,
"Buncombe,henderson",MSD of Buncombe County,173000.0,,2024-02-02,,0,
"Buncombe,henderson",MSD of Buncombe County,173000.0,,2024-02-03,84077.33582839069,0,40804321.2569563
"Buncombe,henderson",MSD of Buncombe County,173000.0,,2024-02-04,,0,
"Buncombe,henderson",MSD of Buncombe County,173000.0,,2024-02-05,,0,
"Buncombe,henderson",MSD of Buncombe County,173000.0,,2024-02-06,,0,
"Buncombe,henderson",MSD of Buncombe County,173000.0,,2024-02-07,84848.64013173031,0,37149900.0434484
"Buncombe,henderson",MSD of Buncombe County,173000.0,,2024-02-08,,0,
"Buncombe,henderson",MSD of Buncombe County,173000.0,,2024-02-09,,0,
"Buncombe,henderson",MSD of Buncombe County,173000.0,,2024-02-10,164875.4560266629,0,70312659.2701299
"Buncombe,henderson",MSD of Buncombe County,173000.0,,2024-02-11,,0,
"Buncombe,henderson",MSD of Buncombe County,173000.0,,2024-02-12,,0,
"Buncombe,henderson",MSD of Buncombe County,173000.0,,2024-02-13,,0,
"Buncombe,henderson",MSD of Buncombe County,173000.0,,2024-02-14,77368.12029637687,0,37108061.6990308
"Buncombe,henderson",MSD of Buncombe County,173000.0,,2024-02-15,,0,
"Buncombe,henderson",MSD of Buncombe County,173000.0,,2024-02-16,,0,
"Buncombe,henderson",MSD of Buncombe County,173000.0,,2024-02-17,156488.2219210123,0,70468122.5667439
"Buncombe,henderson",MSD of Buncombe County,173000.0,,2024-02-18,,0,
"Buncombe,henderson",MSD of Buncombe County,173000.0,,2024-02-19,,0,
"Buncombe,henderson",MSD of Buncombe County,173000.0,,2024-02-20,,0,
"Buncombe,henderson",MSD of Buncombe County,173000.0,,2024-02-21,152052.80397142976,0,64777779.8870964
"Buncombe,henderson",MSD of Buncombe County,173000.0,,2024-02-22,,0,
"Buncombe,henderson",MSD of Buncombe County,173000.0,,2024-02-23,,0,
"Buncombe,henderson",MSD of Buncombe County,173000.0,,2024-02-24,119712.1647953958,0,50449892.1107147
"Buncombe,henderson",MSD of Buncombe County,173000.0,,2024-02-25,,0,
"Buncombe,henderson",MSD of Buncombe County,173000.0,,2024-02-26,,0,
"Buncombe,henderson",MSD of Buncombe County,173000.0,,2024-02-27,,0,
"Buncombe,henderson",MSD of Buncombe County,173000.0,,2024-02-28,129736.43369327592,0,53368559.3452454
"Buncombe,henderson",MSD of Buncombe County,173000.0,,2024-02-29,,0,
"Buncombe,henderson",MSD of Buncombe County,173000.0,,2024-03-01,,0,
"Buncombe,henderson",MSD of Buncombe County,173000.0,,2024-03-02,132971.76392001426,0,55106785.6000291
"Buncombe,henderson",MSD of Buncombe County,173000.0,,2024-03-03,,0,
"Buncombe,henderson",MSD of Buncombe County,173000.0,,2024-03-04,,0,
"Buncombe,henderson",MSD of Buncombe County,173000.0,,2024-03-05,,0,
"Buncombe,henderson",MSD of Buncombe County,173000.0,,2024-03-06,43418.5685270977,0,20254819.4400507
"Buncombe,henderson",MSD of Buncombe County,173000.0,,2024-03-07,,0,
"Buncombe,henderson",MSD of Buncombe County,173000.0,,2024-03-08,,0,
"Buncombe,henderson",MSD of Buncombe County,173000.0,,2024-03-09,33684.566198780136,0,20814276.800817695
"Buncombe,henderson",MSD of Buncombe County,173000.0,,2024-03-10,,0,
"Buncombe,henderson",MSD of Buncombe County,173000.0,,2024-03-11,,0,
"Buncombe,henderson",MSD of Buncombe County,173000.0,,2024-03-12,,0,
"Buncombe,henderson",MSD of Buncombe County,173000.0,,2024-03-13,44588.123192716426,0,22683382.9228828
"Buncombe,henderson",MSD of Buncombe County,173000.0,,2024-03-14,,0,
"Buncombe,henderson",MSD of Buncombe County,173000.0,,2024-03-15,,0,
"Buncombe,henderson",MSD of Buncombe County,173000.0,,2024-03-16,49407.999352331644,0,22843489.1966006
"Buncombe,henderson",MSD of Buncombe County,173000.0,,2024-03-17,,0,
"Buncombe,henderson",MSD of Buncombe County,173000.0,,2024-03-18,,0,
"Buncombe,henderson",MSD of Buncombe County,173000.0,,2024-03-19,,0,
"Buncombe,henderson",MSD of Buncombe County,173000.0,,2024-03-20,41268.74403908861,0,18547584.8190839
"Buncombe,henderson",MSD of Buncombe County,173000.0,,2024-03-21,,0,
"Buncombe,henderson",MSD of Buncombe County,173000.0,,2024-03-22,,0,
"Buncombe,henderson",MSD of Buncombe County,173000.0,,2024-03-23,,0,
"Buncombe,henderson",MSD of Buncombe County,173000.0,,2024-03-24,,0,
"Buncombe,henderson",MSD of Buncombe County,173000.0,,2024-03-25,,0,
"Buncombe,henderson",MSD of Buncombe County,173000.0,,2024-03-26,,0,
"Buncombe,henderson",MSD of Buncombe County,173000.0,,2024-03-27,30122.133432909082,0,13702691.871776
"Buncombe,henderson",MSD of Buncombe County,173000.0,,2024-03-28,,0,
"Buncombe,henderson",MSD of Buncombe County,173000.0,,2024-03-29,,0,
"Buncombe,henderson",MSD of Buncombe County,173000.0,,2024-03-30,,0,
"Buncombe,henderson",MSD of Buncombe County,173000.0,,2024-03-31,,0,
"Buncombe,henderson",MSD of Buncombe County,173000.0,,2024-04-01,,0,
"Buncombe,henderson",MSD of Buncombe County,173000.0,,2024-04-02,,0,
"Buncombe,henderson",MSD of Buncombe County,173000.0,,2024-04-03,40892.56524675334,0,17134790.8710341
"Buncombe,henderson",MSD of Buncombe County,173000.0,,2024-04-04,,0,
"Buncombe,henderson",MSD of Buncombe County,173000.0,,2024-04-05,,0,
"Buncombe,henderson",MSD of Buncombe County,173000.0,,2024-04-06,19255.50310950093,0,8333872.12422278
"Buncombe,henderson",MSD of Buncombe County,173000.0,,2024-04-07,,0,
"Buncombe,henderson",MSD of Buncombe County,173000.0,,2024-04-08,,0,
"Buncombe,henderson",MSD of Buncombe County,173000.0,,2024-04-09,,0,
"Buncombe,henderson",MSD of Buncombe County,173000.0,,2024-04-10,67154.55420787357,0,28917865.8851455
"Buncombe,henderson",MSD of Buncombe County,173000.0,,2024-04-11,,0,
"Buncombe,henderson",MSD of Buncombe County,173000.0,,2024-04-12,,0,
"Buncombe,henderson",MSD of Buncombe County,173000.0,,2024-04-13,9039.911503991629,0,5613610.09817698
"Buncombe,henderson",MSD of Buncombe County,173000.0,,2024-04-14,,0,
"Buncombe,henderson",MSD of Buncombe County,173000.0,,2024-04-15,,0,
"Buncombe,henderson",MSD of Buncombe County,173000.0,,2024-04-16,,0,
"Buncombe,henderson",MSD of Buncombe County,173000.0,,2024-04-17,15016.632951656633,0,6689844.35814505
"Buncombe,henderson",MSD of Buncombe County,173000.0,,2024-04-18,,0,
"Buncombe,henderson",MSD of Buncombe County,173000.0,,2024-04-19,,0,
"Buncombe,henderson",MSD of Buncombe County,173000.0,,2024-04-20,21247.117451550934,0,9716547.52938155
"Buncombe,henderson",MSD of Buncombe County,173000.0,,2024-04-21,,0,
"Buncombe,henderson",MSD of Buncombe County,173000.0,,2024-04-22,,0,
"Buncombe,henderson",MSD of Buncombe County,173000.0,,2024-04-23,,0,
"Buncombe,henderson",MSD of Buncombe County,173000.0,,2024-04-24,13934.619186088017,0,6021821.51718843
"Buncombe,henderson",MSD of Buncombe County,173000.0,,2024-04-25,,0,
"Buncombe,henderson",MSD of Buncombe County,173000.0,,2024-04-26,,0,
"Buncombe,henderson",MSD of Buncombe County,173000.0,,2024-04-27,8564.391396941177,0,3779793.54856994
"Buncombe,henderson",MSD of Buncombe County,173000.0,,2024-04-28,,0,
"Buncombe,henderson",MSD of Buncombe County,173000.0,,2024-04-29,,0,
"Buncombe,henderson",MSD of Buncombe County,173000.0,,2024-04-30,,0,
"Buncombe,henderson",MSD of Buncombe County,173000.0,,2024-05-01,23819.898373904525,0,10033127.0729082
"Buncombe,henderson",MSD of Buncombe County,173000.0,,2024-05-02,,0,
"Buncombe,henderson",MSD of Buncombe County,173000.0,,2024-05-03,,0,
"Buncombe,henderson",MSD of Buncombe County,173000.0,,2024-05-04,31778.70985424049,0,13427161.4284976
"Buncombe,henderson",MSD of Buncombe County,173000.0,,2024-05-05,,0,
"Buncombe,henderson",MSD of Buncombe County,173000.0,,2024-05-06,,0,
"Buncombe,henderson",MSD of Buncombe County,173000.0,,2024-05-07,,0,
"Buncombe,henderson",MSD of Buncombe County,173000.0,,2024-05-08,8893.188404616201,0,4421111.77334608
"Buncombe,henderson",MSD of Buncombe County,173000.0,,2024-05-09,,0,
"Buncombe,henderson",MSD of Buncombe County,173000.0,,2024-05-10,,0,
"Buncombe,henderson",MSD of Buncombe County,173000.0,,2024-05-11,0.0,0,1914394.41064425
"Buncombe,henderson",MSD of Buncombe County,173000.0,,2024-05-12,,0,
"Buncombe,henderson",MSD of Buncombe County,173000.0,,2024-05-13,,0,
"Buncombe,henderson",MSD of Buncombe County,173000.0,,2024-05-14,,0,
"Buncombe,henderson",MSD of Buncombe County,173000.0,,2024-05-15,11321.837306727222,0,5145399.27561957
Cabarrus,Muddy Creek,6898.0,2.9000000000000004,2022-10-19,21714.000000000022,0,1954214.67068715
Cabarrus,Muddy Creek,6898.0,2.9000000000000004,2022-10-20,,0,
Cabarrus,Muddy Creek,6898.0,2.9000000000000004,2022-10-21,3516.0000000000055,0,326079.99733256
Cabarrus,Muddy Creek,6898.0,,2022-10-22,,0,
Cabarrus,Muddy Creek,6898.0,,2022-10-23,,0,
Cabarrus,Muddy Creek,6898.0,2.9000000000000004,2022-10-24,,0,
Cabarrus,Muddy Creek,6898.0,,2022-10-25,,0,
Cabarrus,Muddy Creek,6898.0,,2022-10-26,27917.999999999993,0,2435959.22800811
Cabarrus,Muddy Creek,6898.0,,2022-10-27,,0,
Cabarrus,Muddy Creek,6898.0,,2022-10-28,10030.000000000002,0,897174.921136561
Cabarrus,Muddy Creek,6898.0,,2022-10-29,,0,
Cabarrus,Muddy Creek,6898.0,2.9000000000000004,2022-10-30,,0,
Cabarrus,Muddy Creek,6898.0,,2022-10-31,,0,
Cabarrus,Muddy Creek,6898.0,2.9000000000000004,2022-11-01,,0,
Cabarrus,Muddy Creek,6898.0,2.9000000000000004,2022-11-02,13442.000000000013,0,1431048.02539866
Cabarrus,Muddy Creek,6898.0,,2022-11-03,,0,
Cabarrus,Muddy Creek,6898.0,2.9000000000000004,2022-11-04,112706.00000000012,0,10885497.7475209
Cabarrus,Muddy Creek,6898.0,,2022-11-05,,0,
Cabarrus,Muddy Creek,6898.0,2.9000000000000004,2022-11-06,,0,
Cabarrus,Muddy Creek,6898.0,,2022-11-07,,0,
Cabarrus,Muddy Creek,6898.0,,2022-11-08,13442.000000000013,0,1194998.86657002
Cabarrus,Muddy Creek,6898.0,,2022-11-09,,0,
Cabarrus,Muddy Creek,6898.0,2.9000000000000004,2022-11-10,6618.000000000009,0,690031.5552334
Cabarrus,Muddy Creek,6898.0,,2022-11-11,,0,
Cabarrus,Muddy Creek,6898.0,,2022-11-12,,0,
Cabarrus,Muddy Creek,6898.0,,2022-11-13,,0,
Cabarrus,Muddy Creek,6898.0,,2022-11-14,,0,
Cabarrus,Muddy Creek,6898.0,,2022-11-15,,0,
Cabarrus,Muddy Creek,6898.0,,2022-11-16,2274.9999999999995,0,230962.6304726
Cabarrus,Muddy Creek,6898.0,2.9000000000000004,2022-11-17,,0,
Cabarrus,Muddy Creek,6898.0,2.9000000000000004,2022-11-18,5687.0,0,558630.761699042
Cabarrus,Muddy Creek,6898.0,,2022-11-19,,0,
Cabarrus,Muddy Creek,6898.0,,2022-11-20,,0,
Cabarrus,Muddy Creek,6898.0,,2022-11-21,,0,
Cabarrus,Muddy Creek,6898.0,,2022-11-22,15510.000000000002,0,1455447.33748912
Cabarrus,Muddy Creek,6898.0,,2022-11-23,,0,
Cabarrus,Muddy Creek,6898.0,,2022-11-24,101331.99999999999,0,9731353.54305596
Cabarrus,Muddy Creek,6898.0,2.9000000000000004,2022-11-25,,0,
Cabarrus,Muddy Creek,6898.0,,2022-11-26,,0,
Cabarrus,Muddy Creek,6898.0,2.9000000000000004,2022-11-27,,0,
Cabarrus,Muddy Creek,6898.0,,2022-11-28,,0,
Cabarrus,Muddy Creek,6898.0,,2022-11-29,,0,
Cabarrus,Muddy Creek,6898.0,2.9000000000000004,2022-11-30,47563.999999999985,0,5794552.90855321
Cabarrus,Muddy Creek,6898.0,,2022-12-01,,0,
Cabarrus,Muddy Creek,6898.0,,2022-12-02,38258.00000000004,0,6949264.53888083
Cabarrus,Muddy Creek,6898.0,,2022-12-03,,0,
Cabarrus,Muddy Creek,6898.0,,2022-12-04,,0,
Cabarrus,Muddy Creek,6898.0,,2022-12-05,,0,
Cabarrus,Muddy Creek,6898.0,2.9000000000000004,2022-12-06,,0,
Cabarrus,Muddy Creek,6898.0,2.9000000000000004,2022-12-07,2688.0000000000005,0,287642.108437228
Cabarrus,Muddy Creek,6898.0,,2022-12-08,,0,
Cabarrus,Muddy Creek,6898.0,,2022-12-09,9409.000000000005,0,965547.5425050699
Cabarrus,Muddy Creek,6898.0,,2022-12-10,,0,
Cabarrus,Muddy Creek,6898.0,2.9000000000000004,2022-12-11,,0,
Cabarrus,Muddy Creek,6898.0,,2022-12-12,,0,
Cabarrus,Muddy Creek,6898.0,2.9000000000000004,2022-12-13,,0,
Cabarrus,Muddy Creek,6898.0,2.9000000000000004,2022-12-14,27917.999999999993,0,2773010.19037401
Cabarrus,Muddy Creek,6898.0,2.9000000000000004,2022-12-15,,0,
Cabarrus,Muddy Creek,6898.0,2.9000000000000004,2022-12-16,14476.0,0,3400015.76851261
Cabarrus,Muddy Creek,6898.0,2.9000000000000004,2022-12-17,,0,
Cabarrus,Muddy Creek,6898.0,2.9000000000000004,2022-12-18,,0,
Cabarrus,Muddy Creek,6898.0,,2022-12-19,,0,
Cabarrus,Muddy Creek,6898.0,,2022-12-20,65142.00000000002,0,7828774.62586256
Cabarrus,Muddy Creek,6898.0,2.9000000000000004,2022-12-21,,0,
Cabarrus,Muddy Creek,6898.0,2.9000000000000004,2022-12-22,17578.00000000001,0,1852078.01542475
Cabarrus,Muddy Creek,6898.0,,2022-12-23,,0,
Cabarrus,Muddy Creek,6898.0,2.9000000000000004,2022-12-24,,0,
Cabarrus,Muddy Creek,6898.0,2.9000000000000004,2022-12-25,,0,
Cabarrus,Muddy Creek,6898.0,2.9000000000000004,2022-12-26,,0,
Cabarrus,Muddy Creek,6898.0,2.9000000000000004,2022-12-27,,0,
Cabarrus,Muddy Creek,6898.0,2.9000000000000004,2022-12-28,,0,
Cabarrus,Muddy Creek,6898.0,2.9000000000000004,2022-12-29,7238.0,0,838087.999014208
Cabarrus,Muddy Creek,6898.0,7.25,2022-12-30,,0,
Cabarrus,Muddy Creek,6898.0,2.9000000000000004,2022-12-31,97196.00000000003,0,9760859.68790956
Cabarrus,Muddy Creek,6898.0,,2023-01-01,,0,
Cabarrus,Muddy Creek,6898.0,2.9000000000000004,2023-01-02,,0,
Cabarrus,Muddy Creek,6898.0,2.9000000000000004,2023-01-03,,0,
Cabarrus,Muddy Creek,6898.0,2.9000000000000004,2023-01-04,245057.9999999999,0,26492546.0974775
Cabarrus,Muddy Creek,6898.0,2.9000000000000004,2023-01-05,,0,
Cabarrus,Muddy Creek,6898.0,,2023-01-06,18612.000000000007,0,6056703.65706001
Cabarrus,Muddy Creek,6898.0,2.9000000000000004,2023-01-07,,0,
Cabarrus,Muddy Creek,6898.0,,2023-01-08,,0,
Cabarrus,Muddy Creek,6898.0,,2023-01-09,,0,
Cabarrus,Muddy Creek,6898.0,2.9000000000000004,2023-01-10,,0,
Cabarrus,Muddy Creek,6898.0,2.9000000000000004,2023-01-11,69278.0,0,8401874.7470571
Cabarrus,Muddy Creek,6898.0,,2023-01-12,,0,
Cabarrus,Muddy Creek,6898.0,2.9000000000000004,2023-01-13,54802.00000000001,0,6646259.12826908
Cabarrus,Muddy Creek,6898.0,2.9000000000000004,2023-01-14,,0,
Cabarrus,Muddy Creek,6898.0,2.9000000000000004,2023-01-15,,0,
Cabarrus,Muddy Creek,6898.0,,2023-01-16,,0,
Cabarrus,Muddy Creek,6898.0,2.9000000000000004,2023-01-17,,0,
Cabarrus,Muddy Creek,6898.0,2.9000000000000004,2023-01-18,18612.000000000007,0,2277647.4123514
Cabarrus,Muddy Creek,6898.0,2.9000000000000004,2023-01-19,,0,
Cabarrus,Muddy Creek,6898.0,,2023-01-20,6101.000000000007,0,709782.804407074
Cabarrus,Muddy Creek,6898.0,2.9000000000000004,2023-01-21,,0,
Cabarrus,Muddy Creek,6898.0,2.9000000000000004,2023-01-22,,0,
Cabarrus,Muddy Creek,6898.0,,2023-01-23,,0,
Cabarrus,Muddy Creek,6898.0,2.9000000000000004,2023-01-24,,0,
Cabarrus,Muddy Creek,6898.0,,2023-01-25,14476.0,0,2637395.40922006
Cabarrus,Muddy Creek,6898.0,2.9000000000000004,2023-01-26,,0,
Cabarrus,Muddy Creek,6898.0,2.9000000000000004,2023-01-27,5067.000000000008,0,1432012.21035082
Cabarrus,Muddy Creek,6898.0,2.9000000000000004,2023-01-28,,0,
Cabarrus,Muddy Creek,6898.0,,2023-01-29,,0,
Cabarrus,Muddy Creek,6898.0,2.9000000000000004,2023-01-30,,0,
Cabarrus,Muddy Creek,6898.0,2.9000000000000004,2023-01-31,,0,
Cabarrus,Muddy Creek,6898.0,,2023-02-01,4446.000000000004,0,714867.686459843
Cabarrus,Muddy Creek,6898.0,2.9000000000000004,2023-02-02,,0,
Cabarrus,Muddy Creek,6898.0,,2023-02-03,53768.00000000005,0,11094310.4649463
Cabarrus,Muddy Creek,6898.0,,2023-02-04,,0,
Cabarrus,Muddy Creek,6898.0,2.9000000000000004,2023-02-05,,0,
Cabarrus,Muddy Creek,6898.0,,2023-02-06,,0,
Cabarrus,Muddy Creek,6898.0,2.9000000000000004,2023-02-07,,0,
Cabarrus,Muddy Creek,6898.0,2.9000000000000004,2023-02-08,14476.0,0,1564960.52896491
Cabarrus,Muddy Creek,6898.0,2.9000000000000004,2023-02-09,,0,
Cabarrus,Muddy Creek,6898.0,2.9000000000000004,2023-02-10,13958.999999999996,0,1585671.57294867
Cabarrus,Muddy Creek,6898.0,2.9000000000000004,2023-02-11,,0,
Cabarrus,Muddy Creek,6898.0,,2023-02-12,,0,
Cabarrus,Muddy Creek,6898.0,2.9000000000000004,2023-02-13,,0,
Cabarrus,Muddy Creek,6898.0,,2023-02-14,,0,
Cabarrus,Muddy Creek,6898.0,2.9000000000000004,2023-02-15,37400.000000000015,0,6875511.24963757
Cabarrus,Muddy Creek,6898.0,2.9000000000000004,2023-02-16,,0,
Cabarrus,Muddy Creek,6898.0,2.9000000000000004,2023-02-17,4860.000000000004,0,682754.894752102
Cabarrus,Muddy Creek,6898.0,2.9000000000000004,2023-02-18,,0,
Cabarrus,Muddy Creek,6898.0,,2023-02-19,,0,
Cabarrus,Muddy Creek,6898.0,2.9000000000000004,2023-02-20,,0,
Cabarrus,Muddy Creek,6898.0,,2023-02-21,,0,
Cabarrus,Muddy Creek,6898.0,,2023-02-22,32999.99999999999,0,3748632.56016236
Cabarrus,Muddy Creek,6898.0,2.9000000000000004,2023-02-23,,0,
Cabarrus,Muddy Creek,6898.0,2.9000000000000004,2023-02-24,118800.00000000013,0,12451979.4607132
Cabarrus,Muddy Creek,6898.0,2.9000000000000004,2023-02-25,,0,
Cabarrus,Muddy Creek,6898.0,,2023-02-26,,0,
Cabarrus,Muddy Creek,6898.0,,2023-02-27,,0,
Cabarrus,Muddy Creek,6898.0,,2023-02-28,,0,
Cabarrus,Muddy Creek,6898.0,2.9000000000000004,2023-03-01,0.0,0,109863.305305885
Cabarrus,Muddy Creek,6898.0,,2023-03-02,,0,
Cabarrus,Muddy Creek,6898.0,,2023-03-03,,0,
Cabarrus,Muddy Creek,6898.0,,2023-03-04,,0,
Cabarrus,Muddy Creek,6898.0,2.9000000000000004,2023-03-05,,0,
Cabarrus,Muddy Creek,6898.0,2.9000000000000004,2023-03-06,,0,
Cabarrus,Muddy Creek,6898.0,,2023-03-07,,0,
Cabarrus,Muddy Creek,6898.0,2.9000000000000004,2023-03-08,155100.00000000015,0,15575839.9275152
Cabarrus,Muddy Creek,6898.0,,2023-03-09,,0,
Cabarrus,Muddy Creek,6898.0,,2023-03-10,261800.00000000006,0,25141794.8680776
Cabarrus,Muddy Creek,6898.0,2.9000000000000004,2023-03-11,,0,
Cabarrus,Muddy Creek,6898.0,,2023-03-12,,0,
Cabarrus,Muddy Creek,6898.0,2.9000000000000004,2023-03-13,,0,
Cabarrus,Muddy Creek,6898.0,,2023-03-14,,0,
Cabarrus,Muddy Creek,6898.0,,2023-03-15,0.0,0,124954.418672078
Cabarrus,Muddy Creek,6898.0,,2023-03-16,,0,
Cabarrus,Muddy Creek,6898.0,,2023-03-17,192499.99999999988,0,19754267.3963467
Cabarrus,Muddy Creek,6898.0,2.9000000000000004,2023-03-18,,0,
Cabarrus,Muddy Creek,6898.0,,2023-03-19,,0,
Cabarrus,Muddy Creek,6898.0,,2023-03-20,,0,
Cabarrus,Muddy Creek,6898.0,2.9000000000000004,2023-03-21,,0,
Cabarrus,Muddy Creek,6898.0,,2023-03-22,29370.00000000003,0,2997819.48796753
Cabarrus,Muddy Creek,6898.0,,2023-03-23,,0,
Cabarrus,Muddy Creek,6898.0,,2023-03-24,17490.0,0,1727630.65816178
Cabarrus,Muddy Creek,6898.0,2.9000000000000004,2023-03-25,,0,
Cabarrus,Muddy Creek,6898.0,,2023-03-26,,0,
Cabarrus,Muddy Creek,6898.0,,2023-03-27,,0,
Cabarrus,Muddy Creek,6898.0,,2023-03-28,,0,
Cabarrus,Muddy Creek,6898.0,,2023-03-29,12870.000000000002,0,1885725.16178602
Cabarrus,Muddy Creek,6898.0,,2023-03-30,,0,
Cabarrus,Muddy Creek,6898.0,,2023-03-31,122099.99999999997,0,13936945.0159466
Cabarrus,Muddy Creek,6898.0,2.9000000000000004,2023-04-01,,0,
Cabarrus,Muddy Creek,6898.0,2.9000000000000004,2023-04-02,,0,
Cabarrus,Muddy Creek,6898.0,,2023-04-03,,0,
Cabarrus,Muddy Creek,6898.0,,2023-04-04,,0,
Cabarrus,Muddy Creek,6898.0,2.9000000000000004,2023-04-05,41800.00000000004,0,4060113.14004059
Cabarrus,Muddy Creek,6898.0,,2023-04-06,,0,
Cabarrus,Muddy Creek,6898.0,,2023-04-07,0.0,0,122539.840533487
Cabarrus,Muddy Creek,6898.0,,2023-04-08,,0,
Cabarrus,Muddy Creek,6898.0,,2023-04-09,,0,
Cabarrus,Muddy Creek,6898.0,,2023-04-10,,0,
Cabarrus,Muddy Creek,6898.0,,2023-04-11,,0,
Cabarrus,Muddy Creek,6898.0,,2023-04-12,0.0,0,433416.775877066
Cabarrus,Muddy Creek,6898.0,,2023-04-13,,0,
Cabarrus,Muddy Creek,6898.0,,2023-04-14,62700.00000000001,0,8017003.064656419
Cabarrus,Muddy Creek,6898.0,,2023-04-15,,0,
Cabarrus,Muddy Creek,6898.0,,2023-04-16,,0,
Cabarrus,Muddy Creek,6898.0,,2023-04-17,,0,
Cabarrus,Muddy Creek,6898.0,,2023-04-18,,0,
Cabarrus,Muddy Creek,6898.0,,2023-04-19,0.0,0,117710.684256306
Cabarrus,Muddy Creek,6898.0,,2023-04-20,,0,
Cabarrus,Muddy Creek,6898.0,,2023-04-21,17710.000000000004,0,1729924.50739344
Cabarrus,Muddy Creek,6898.0,,2023-04-22,,0,
Cabarrus,Muddy Creek,6898.0,,2023-04-23,,0,
Cabarrus,Muddy Creek,6898.0,2.9000000000000004,2023-04-24,,0,
Cabarrus,Muddy Creek,6898.0,,2023-04-25,,0,
Cabarrus,Muddy Creek,6898.0,,2023-04-26,0.0,0,105637.793563351
Cabarrus,Muddy Creek,6898.0,2.9000000000000004,2023-04-27,,0,
Cabarrus,Muddy Creek,6898.0,,2023-04-28,2199.999999999999,0,216829.116845462
Cabarrus,Muddy Creek,6898.0,,2023-04-29,,0,
Cabarrus,Muddy Creek,6898.0,,2023-04-30,,0,
Cabarrus,Muddy Creek,6898.0,,2023-05-01,,0,
Cabarrus,Muddy Creek,6898.0,,2023-05-02,,0,
Cabarrus,Muddy Creek,6898.0,,2023-05-03,14300.00000000001,0,2103097.55871267
Cabarrus,Muddy Creek,6898.0,,2023-05-04,,0,
Cabarrus,Muddy Creek,6898.0,,2023-05-05,17160.000000000015,0,1921038.36706291
Cabarrus,Muddy Creek,6898.0,2.9000000000000004,2023-05-06,,0,
Cabarrus,Muddy Creek,6898.0,,2023-05-07,,0,
Cabarrus,Muddy Creek,6898.0,,2023-05-08,,0,
Cabarrus,Muddy Creek,6898.0,,2023-05-09,,0,
Cabarrus,Muddy Creek,6898.0,,2023-05-10,16390.000000000015,0,1591991.73122643
Cabarrus,Muddy Creek,6898.0,,2023-05-11,,0,
Cabarrus,Muddy Creek,6898.0,,2023-05-12,134200.00000000003,0,12961455.4479559
Cabarrus,Muddy Creek,6898.0,,2023-05-13,,0,
Cabarrus,Muddy Creek,6898.0,,2023-05-14,,0,
Cabarrus,Muddy Creek,6898.0,,2023-05-15,,0,
Cabarrus,Muddy Creek,6898.0,,2023-05-16,,0,
Cabarrus,Muddy Creek,6898.0,,2023-05-17,129800.00000000004,0,12180339.4201217
Cabarrus,Muddy Creek,6898.0,,2023-05-18,,0,
Cabarrus,Muddy Creek,6898.0,,2023-05-19,128700.00000000013,0,10495084.6082922
Cabarrus,Muddy Creek,6898.0,,2023-05-20,,0,
Cabarrus,Muddy Creek,6898.0,,2023-05-21,,0,
Cabarrus,Muddy Creek,6898.0,,2023-05-22,,0,
Cabarrus,Muddy Creek,6898.0,,2023-05-23,,0,
Cabarrus,Muddy Creek,6898.0,2.9000000000000004,2023-05-24,6050.000000000007,0,577687.819657871
Cabarrus,Muddy Creek,6898.0,,2023-05-25,,0,
Cabarrus,Muddy Creek,6898.0,,2023-05-26,0.0,0,105034.149028703
Cabarrus,Muddy Creek,6898.0,,2023-05-27,,0,
Cabarrus,Muddy Creek,6898.0,,2023-05-28,,0,
Cabarrus,Muddy Creek,6898.0,,2023-05-29,,0,
Cabarrus,Muddy Creek,6898.0,,2023-05-30,,0,
Cabarrus,Muddy Creek,6898.0,,2023-05-31,37400.000000000015,0,3796924.12293418
Cabarrus,Muddy Creek,6898.0,,2023-06-01,,0,
Cabarrus,Muddy Creek,6898.0,,2023-06-02,77000.00000000003,0,8197492.78051609
Cabarrus,Muddy Creek,6898.0,,2023-06-03,,0,
Cabarrus,Muddy Creek,6898.0,,2023-06-04,,0,
Cabarrus,Muddy Creek,6898.0,,2023-06-05,,0,
Cabarrus,Muddy Creek,6898.0,,2023-06-06,,0,
Cabarrus,Muddy Creek,6898.0,,2023-06-07,14519.999999999996,0,1386450.76717889
Cabarrus,Muddy Creek,6898.0,,2023-06-08,,0,
Cabarrus,Muddy Creek,6898.0,,2023-06-09,0.0,0,100204.992751522
Cabarrus,Muddy Creek,6898.0,,2023-06-10,,0,
Cabarrus,Muddy Creek,6898.0,,2023-06-11,,0,
Cabarrus,Muddy Creek,6898.0,,2023-06-12,,0,
Cabarrus,Muddy Creek,6898.0,,2023-06-13,,0,
Cabarrus,Muddy Creek,6898.0,,2023-06-14,59400.000000000065,0,5834828.07190489
Cabarrus,Muddy Creek,6898.0,,2023-06-15,,0,
Cabarrus,Muddy Creek,6898.0,,2023-06-16,90200.00000000003,0,8315807.10930707
Cabarrus,Muddy Creek,6898.0,,2023-06-17,,0,
Cabarrus,Muddy Creek,6898.0,,2023-06-18,,0,
Cabarrus,Muddy Creek,6898.0,,2023-06-19,,0,
Cabarrus,Muddy Creek,6898.0,,2023-06-20,,0,
Cabarrus,Muddy Creek,6898.0,,2023-06-21,0.0,0,191536.410843722
Cabarrus,Muddy Creek,6898.0,,2023-06-22,,0,
Cabarrus,Muddy Creek,6898.0,,2023-06-23,20570.000000000022,0,5023227.99507104
Cabarrus,Muddy Creek,6898.0,,2023-06-24,,0,
Cabarrus,Muddy Creek,6898.0,,2023-06-25,,0,
Cabarrus,Muddy Creek,6898.0,,2023-06-26,,0,
Cabarrus,Muddy Creek,6898.0,,2023-06-27,,0,
Cabarrus,Muddy Creek,6898.0,,2023-06-28,42900.0,0,4873222.32821108
Cabarrus,Muddy Creek,6898.0,,2023-06-29,,0,
Cabarrus,Muddy Creek,6898.0,,2023-06-30,45100.000000000015,0,4652892.07306465
Cabarrus,Muddy Creek,6898.0,,2023-07-01,,0,
Cabarrus,Muddy Creek,6898.0,,2023-07-02,,0,
Cabarrus,Muddy Creek,6898.0,,2023-07-03,,0,
Cabarrus,Muddy Creek,6898.0,,2023-07-04,72600.00000000004,0,6892413.2966077
Cabarrus,Muddy Creek,6898.0,,2023-07-05,,0,
Cabarrus,Muddy Creek,6898.0,,2023-07-06,,0,
Cabarrus,Muddy Creek,6898.0,,2023-07-07,19250.000000000007,0,1795842.49057698
Cabarrus,Muddy Creek,6898.0,,2023-07-08,,0,
Cabarrus,Muddy Creek,6898.0,,2023-07-09,,0,
Cabarrus,Muddy Creek,6898.0,,2023-07-10,,0,
Cabarrus,Muddy Creek,6898.0,,2023-07-11,,0,
Cabarrus,Muddy Creek,6898.0,,2023-07-12,128700.00000000013,0,12288995.4363583
Cabarrus,Muddy Creek,6898.0,,2023-07-13,,0,
Cabarrus,Muddy Creek,6898.0,,2023-07-14,89100.00000000003,0,8312185.24209916
Cabarrus,Muddy Creek,6898.0,,2023-07-15,,0,
Cabarrus,Muddy Creek,6898.0,,2023-07-16,,0,
Cabarrus,Muddy Creek,6898.0,,2023-07-17,,0,
Cabarrus,Muddy Creek,6898.0,,2023-07-18,,0,
Cabarrus,Muddy Creek,6898.0,,2023-07-19,67100.00000000001,0,6112504.55784287
Cabarrus,Muddy Creek,6898.0,,2023-07-20,,0,
Cabarrus,Muddy Creek,6898.0,,2023-07-21,20790.000000000004,0,1825421.07277471
Cabarrus,Muddy Creek,6898.0,,2023-07-22,,0,
Cabarrus,Muddy Creek,6898.0,,2023-07-23,,0,
Cabarrus,Muddy Creek,6898.0,,2023-07-24,,0,
Cabarrus,Muddy Creek,6898.0,,2023-07-25,,0,
Cabarrus,Muddy Creek,6898.0,,2023-07-26,65999.99999999999,0,5686331.51638157
Cabarrus,Muddy Creek,6898.0,,2023-07-27,,0,
Cabarrus,Muddy Creek,6898.0,,2023-07-28,100100.00000000006,0,8734132.7718179
Cabarrus,Muddy Creek,6898.0,,2023-07-29,,0,
Cabarrus,Muddy Creek,6898.0,,2023-07-30,,0,
Cabarrus,Muddy Creek,6898.0,,2023-07-31,,0,
Cabarrus,Muddy Creek,6898.0,,2023-08-01,,0,
Cabarrus,Muddy Creek,6898.0,,2023-08-02,573099.9999999999,0,50005309.6056829
Cabarrus,Muddy Creek,6898.0,,2023-08-03,,0,
Cabarrus,Muddy Creek,6898.0,,2023-08-04,827056.0000000005,0,71710143.4646564
Cabarrus,Muddy Creek,6898.0,,2023-08-05,,0,
Cabarrus,Muddy Creek,6898.0,,2023-08-06,,0,
Cabarrus,Muddy Creek,6898.0,,2023-08-07,,0,
Cabarrus,Muddy Creek,6898.0,,2023-08-08,,0,
Cabarrus,Muddy Creek,6898.0,,2023-08-09,708454.0000000005,0,62981827.6310814
Cabarrus,Muddy Creek,6898.0,,2023-08-10,,0,
Cabarrus,Muddy Creek,6898.0,,2023-08-11,168350.6518906299,0,102403835.796671
Cabarrus,Muddy Creek,6898.0,,2023-08-12,,0,
Cabarrus,Muddy Creek,6898.0,,2023-08-13,,0,
Cabarrus,Muddy Creek,6898.0,,2023-08-14,,0,
Cabarrus,Muddy Creek,6898.0,,2023-08-15,,0,
Cabarrus,Muddy Creek,6898.0,,2023-08-16,221269.1757294723,0,10393187.2157726
Cabarrus,Muddy Creek,6898.0,,2023-08-17,,0,
Cabarrus,Muddy Creek,6898.0,,2023-08-18,168350.6518906299,0,2462807.14183821
Cabarrus,Muddy Creek,6898.0,,2023-08-19,,0,
Cabarrus,Muddy Creek,6898.0,,2023-08-20,,0,
Cabarrus,Muddy Creek,6898.0,,2023-08-21,,0,
Cabarrus,Muddy Creek,6898.0,,2023-08-22,,0,
Cabarrus,Muddy Creek,6898.0,,2023-08-23,221269.1757294723,0,36958244.1922875
Cabarrus,Muddy Creek,6898.0,,2023-08-24,,0,
Cabarrus,Muddy Creek,6898.0,,2023-08-25,453294.0,0,41541773.1181792
Cabarrus,Muddy Creek,6898.0,,2023-08-26,,0,
Cabarrus,Muddy Creek,6898.0,,2023-08-27,,0,
Cabarrus,Muddy Creek,6898.0,,2023-08-28,,0,
Cabarrus,Muddy Creek,6898.0,,2023-08-29,,0,
Cabarrus,Muddy Creek,6898.0,,2023-08-30,387889.0,0,40869307.618904
Cabarrus,Muddy Creek,6898.0,,2023-08-31,,0,
Cabarrus,Muddy Creek,6898.0,,2023-09-01,328653.9999999999,0,79843034.0973211
Cabarrus,Muddy Creek,6898.0,,2023-09-02,,0,
Cabarrus,Muddy Creek,6898.0,,2023-09-03,,0,
Cabarrus,Muddy Creek,6898.0,,2023-09-04,,0,
Cabarrus,Muddy Creek,6898.0,,2023-09-05,,0,
Cabarrus,Muddy Creek,6898.0,,2023-09-06,186363.99999999994,0,18510970.3817918
Cabarrus,Muddy Creek,6898.0,,2023-09-07,,0,
Cabarrus,Muddy Creek,6898.0,,2023-09-08,644976.9999999998,0,61586009.3982603
Cabarrus,Muddy Creek,6898.0,,2023-09-09,,0,
Cabarrus,Muddy Creek,6898.0,,2023-09-10,,0,
Cabarrus,Muddy Creek,6898.0,,2023-09-11,,0,
Cabarrus,Muddy Creek,6898.0,,2023-09-12,,0,
Cabarrus,Muddy Creek,6898.0,,2023-09-13,44846.00000000003,0,4675907.3928675
Cabarrus,Muddy Creek,6898.0,,2023-09-14,,0,
Cabarrus,Muddy Creek,6898.0,,2023-09-15,376199.99999999977,0,36334571.8295158
Cabarrus,Muddy Creek,6898.0,,2023-09-16,,0,
Cabarrus,Muddy Creek,6898.0,,2023-09-17,,0,
Cabarrus,Muddy Creek,6898.0,,2023-09-18,,0,
Cabarrus,Muddy Creek,6898.0,,2023-09-19,,0,
Cabarrus,Muddy Creek,6898.0,,2023-09-20,446599.9999999999,0,43869262.9109887
Cabarrus,Muddy Creek,6898.0,,2023-09-21,,0,
Cabarrus,Muddy Creek,6898.0,,2023-09-22,217689.99999999985,0,18253679.5205567
Cabarrus,Muddy Creek,6898.0,,2023-09-23,,0,
Cabarrus,Muddy Creek,6898.0,,2023-09-24,,0,
Cabarrus,Muddy Creek,6898.0,,2023-09-25,,0,
Cabarrus,Muddy Creek,6898.0,,2023-09-26,,0,
Cabarrus,Muddy Creek,6898.0,,2023-09-27,92070.00000000007,0,8488207.98840245
Cabarrus,Muddy Creek,6898.0,,2023-09-28,,0,
Cabarrus,Muddy Creek,6898.0,,2023-09-29,103069.99999999996,0,9332646.32792115
Cabarrus,Muddy Creek,6898.0,,2023-09-30,,0,
Cabarrus,Muddy Creek,6898.0,,2023-10-01,,0,
Cabarrus,Muddy Creek,6898.0,,2023-10-02,,0,
Cabarrus,Muddy Creek,6898.0,,2023-10-03,,0,
Cabarrus,Muddy Creek,6898.0,,2023-10-04,109780.00000000009,0,10000458.2766019
Cabarrus,Muddy Creek,6898.0,,2023-10-05,,0,
Cabarrus,Muddy Creek,6898.0,,2023-10-06,299200.0000000001,0,27912523.2821107
Cabarrus,Muddy Creek,6898.0,,2023-10-07,,0,
Cabarrus,Muddy Creek,6898.0,,2023-10-08,,0,
Cabarrus,Muddy Creek,6898.0,,2023-10-09,,0,
Cabarrus,Muddy Creek,6898.0,,2023-10-10,,0,
Cabarrus,Muddy Creek,6898.0,,2023-10-11,335500.00000000035,0,31298969.1214846
Cabarrus,Muddy Creek,6898.0,,2023-10-12,,0,
Cabarrus,Muddy Creek,6898.0,,2023-10-13,213510.00000000006,0,20387128.3264713
Cabarrus,Muddy Creek,6898.0,,2023-10-14,,0,
Cabarrus,Muddy Creek,6898.0,,2023-10-15,,0,
Cabarrus,Muddy Creek,6898.0,,2023-10-16,,0,
Cabarrus,Muddy Creek,6898.0,,2023-10-17,,0,
Cabarrus,Muddy Creek,6898.0,,2023-10-18,201080.00000000006,0,18979550.0005798
Cabarrus,Muddy Creek,6898.0,,2023-10-19,,0,
Cabarrus,Muddy Creek,6898.0,,2023-10-20,245300.0000000002,0,22614938.846042305
Cabarrus,Muddy Creek,6898.0,,2023-10-21,,0,
Cabarrus,Muddy Creek,6898.0,,2023-10-22,,0,
Cabarrus,Muddy Creek,6898.0,,2023-10-23,,0,
Cabarrus,Muddy Creek,6898.0,,2023-10-24,,0,
Cabarrus,Muddy Creek,6898.0,,2023-10-25,165440.00000000015,0,15433983.461873
Cabarrus,Muddy Creek,6898.0,,2023-10-26,,0,
Cabarrus,Muddy Creek,6898.0,,2023-10-27,218350.00000000023,0,20369984.8216874
Cabarrus,Muddy Creek,6898.0,,2023-10-28,,0,
Cabarrus,Muddy Creek,6898.0,,2023-10-29,,0,
Cabarrus,Muddy Creek,6898.0,,2023-10-30,,0,
Cabarrus,Muddy Creek,6898.0,,2023-10-31,,0,
Cabarrus,Muddy Creek,6898.0,,2023-11-01,2266.0000000000005,0,202691.761844013
Cabarrus,Muddy Creek,6898.0,,2023-11-02,,0,
Cabarrus,Muddy Creek,6898.0,,2023-11-03,44880.00000000002,0,4186878.49231661
Cabarrus,Muddy Creek,6898.0,,2023-11-04,,0,
Cabarrus,Muddy Creek,6898.0,,2023-11-05,,0,
Cabarrus,Muddy Creek,6898.0,,2023-11-06,,0,
Cabarrus,Muddy Creek,6898.0,,2023-11-07,,0,
Cabarrus,Muddy Creek,6898.0,,2023-11-08,22726.0,0,2032821.26198898
Cabarrus,Muddy Creek,6898.0,,2023-11-09,,0,
Cabarrus,Muddy Creek,6898.0,,2023-11-10,75020.00000000007,0,6751643.39112786
Cabarrus,Muddy Creek,6898.0,,2023-11-11,,0,
Cabarrus,Muddy Creek,6898.0,,2023-11-12,,0,
Cabarrus,Muddy Creek,6898.0,,2023-11-13,,0,
Cabarrus,Muddy Creek,6898.0,,2023-11-14,,0,
Cabarrus,Muddy Creek,6898.0,,2023-11-15,185239.99999999994,0,16874520.7793563
Cabarrus,Muddy Creek,6898.0,,2023-11-16,,0,
Cabarrus,Muddy Creek,6898.0,,2023-11-17,193160.0,0,17913996.6680197
Cabarrus,Muddy Creek,6898.0,,2023-11-18,,0,
Cabarrus,Muddy Creek,6898.0,,2023-11-19,,0,
Cabarrus,Muddy Creek,6898.0,,2023-11-20,,0,
Cabarrus,Muddy Creek,6898.0,,2023-11-21,53680.00000000006,0,4890003.64627427
Cabarrus,Muddy Creek,6898.0,,2023-11-22,,0,
Cabarrus,Muddy Creek,6898.0,,2023-11-23,,0,
Cabarrus,Muddy Creek,6898.0,,2023-11-24,,0,
Cabarrus,Muddy Creek,6898.0,,2023-11-25,,0,
Cabarrus,Muddy Creek,6898.0,,2023-11-26,,0,
Cabarrus,Muddy Creek,6898.0,,2023-11-27,,0,
Cabarrus,Muddy Creek,6898.0,,2023-11-28,,0,
Cabarrus,Muddy Creek,6898.0,,2023-11-29,281599.9999999999,0,25652478.1443896
Cabarrus,Muddy Creek,6898.0,,2023-11-30,,0,
Cabarrus,Muddy Creek,6898.0,,2023-12-01,460899.99999999977,0,41732964.9028703
Cabarrus,Muddy Creek,6898.0,,2023-12-02,,0,
Cabarrus,Muddy Creek,6898.0,,2023-12-03,,0,
Cabarrus,Muddy Creek,6898.0,,2023-12-04,,0,
Cabarrus,Muddy Creek,6898.0,,2023-12-05,,0,
Cabarrus,Muddy Creek,6898.0,,2023-12-06,413599.99999999994,0,37223136.5845172
Cabarrus,Muddy Creek,6898.0,,2023-12-07,,0,
Cabarrus,Muddy Creek,6898.0,,2023-12-08,775500.0,0,67239964.71441
Cabarrus,Muddy Creek,6898.0,,2023-12-09,,0,
Cabarrus,Muddy Creek,6898.0,,2023-12-10,,0,
Cabarrus,Muddy Creek,6898.0,,2023-12-11,,0,
Cabarrus,Muddy Creek,6898.0,,2023-12-12,,0,
Cabarrus,Muddy Creek,6898.0,,2023-12-13,18678.000000000004,0,2992966.18590895
Cabarrus,Muddy Creek,6898.0,,2023-12-14,,0,
Cabarrus,Muddy Creek,6898.0,,2023-12-15,122099.99999999997,0,13802935.9292548
Cabarrus,Muddy Creek,6898.0,,2023-12-16,,0,
Cabarrus,Muddy Creek,6898.0,,2023-12-17,,0,
Cabarrus,Muddy Creek,6898.0,,2023-12-18,,0,
Cabarrus,Muddy Creek,6898.0,,2023-12-19,,0,
Cabarrus,Muddy Creek,6898.0,,2023-12-20,596200.0000000005,0,98479776.6714989
Cabarrus,Muddy Creek,6898.0,,2023-12-21,,0,
Cabarrus,Muddy Creek,6898.0,,2023-12-22,,0,
Cabarrus,Muddy Creek,6898.0,,2023-12-23,,0,
Cabarrus,Muddy Creek,6898.0,,2023-12-24,,0,
Cabarrus,Muddy Creek,6898.0,,2023-12-25,,0,
Cabarrus,Muddy Creek,6898.0,,2023-12-26,,0,
Cabarrus,Muddy Creek,6898.0,,2023-12-27,,0,
Cabarrus,Muddy Creek,6898.0,,2023-12-28,,0,
Cabarrus,Muddy Creek,6898.0,,2023-12-29,,0,
Cabarrus,Muddy Creek,6898.0,,2023-12-30,,0,
Cabarrus,Muddy Creek,6898.0,,2023-12-31,,0,
Cabarrus,Muddy Creek,6898.0,,2024-01-01,,0,
Cabarrus,Muddy Creek,6898.0,,2024-01-02,,0,
Cabarrus,Muddy Creek,6898.0,,2024-01-03,163240.00000000012,0,19707786.7671788
Cabarrus,Muddy Creek,6898.0,,2024-01-04,,0,
Cabarrus,Muddy Creek,6898.0,,2024-01-05,257400.00000000026,0,26273024.7260074
Cabarrus,Muddy Creek,6898.0,,2024-01-06,,0,
Cabarrus,Muddy Creek,6898.0,,2024-01-07,,0,
Cabarrus,Muddy Creek,6898.0,,2024-01-08,,0,
Cabarrus,Muddy Creek,6898.0,,2024-01-09,,0,
Cabarrus,Muddy Creek,6898.0,,2024-01-10,378400.0000000001,0,154909675.059437
Cabarrus,Muddy Creek,6898.0,,2024-01-11,,0,
Cabarrus,Muddy Creek,6898.0,,2024-01-12,,0,
Cabarrus,Muddy Creek,6898.0,,2024-01-13,,0,
Cabarrus,Muddy Creek,6898.0,,2024-01-14,,0,
Cabarrus,Muddy Creek,6898.0,,2024-01-15,,0,
Cabarrus,Muddy Creek,6898.0,,2024-01-16,,0,
Cabarrus,Muddy Creek,6898.0,,2024-01-17,970199.9999999998,0,154400199.072194
Cabarrus,Muddy Creek,6898.0,,2024-01-18,,0,
Cabarrus,Muddy Creek,6898.0,,2024-01-19,571999.9999999999,0,77218208.8721368
Cabarrus,Muddy Creek,6898.0,,2024-01-20,,0,
Cabarrus,Muddy Creek,6898.0,,2024-01-21,,0,
Cabarrus,Muddy Creek,6898.0,,2024-01-22,,0,
Cabarrus,Muddy Creek,6898.0,,2024-01-23,,0,
Cabarrus,Muddy Creek,6898.0,,2024-01-24,683100.0000000005,0,75722377.7152796
Cabarrus,Muddy Creek,6898.0,,2024-01-25,,0,
Cabarrus,Muddy Creek,6898.0,,2024-01-26,601699.9999999999,0,125143359.411423
Cabarrus,Muddy Creek,6898.0,,2024-01-27,,0,
Cabarrus,Muddy Creek,6898.0,,2024-01-28,,0,
Cabarrus,Muddy Creek,6898.0,,2024-01-29,,0,
Cabarrus,Muddy Creek,6898.0,,2024-01-30,,0,
Cabarrus,Muddy Creek,6898.0,,2024-01-31,141899.99999999997,0,23594653.9257756
Cabarrus,Muddy Creek,6898.0,,2024-02-01,,0,
Cabarrus,Muddy Creek,6898.0,,2024-02-02,324499.99999999977,0,43984559.0171064
Cabarrus,Muddy Creek,6898.0,,2024-02-03,,0,
Cabarrus,Muddy Creek,6898.0,,2024-02-04,,0,
Cabarrus,Muddy Creek,6898.0,,2024-02-05,,0,
Cabarrus,Muddy Creek,6898.0,,2024-02-06,,0,
Cabarrus,Muddy Creek,6898.0,,2024-02-07,139040.00000000015,0,14268225.1365612
Cabarrus,Muddy Creek,6898.0,,2024-02-08,,0,
Cabarrus,Muddy Creek,6898.0,,2024-02-09,65230.00000000001,0,6264321.15830674
Cabarrus,Muddy Creek,6898.0,,2024-02-10,,0,
Cabarrus,Muddy Creek,6898.0,,2024-02-11,,0,
Cabarrus,Muddy Creek,6898.0,,2024-02-12,,0,
Cabarrus,Muddy Creek,6898.0,,2024-02-13,,0,
Cabarrus,Muddy Creek,6898.0,,2024-02-14,261800.00000000006,0,32325164.8303856
Cabarrus,Muddy Creek,6898.0,,2024-02-15,,0,
Cabarrus,Muddy Creek,6898.0,,2024-02-16,325600.0000000001,0,32698217.1527979
Cabarrus,Muddy Creek,6898.0,,2024-02-17,,0,
Cabarrus,Muddy Creek,6898.0,,2024-02-18,,0,
Cabarrus,Muddy Creek,6898.0,,2024-02-19,,0,
Cabarrus,Muddy Creek,6898.0,,2024-02-20,,0,
Cabarrus,Muddy Creek,6898.0,,2024-02-21,85030.00000000009,0,8119139.719918821
Cabarrus,Muddy Creek,6898.0,,2024-02-22,,0,
Cabarrus,Muddy Creek,6898.0,,2024-02-23,333299.9999999999,0,30545017.0977094
Cabarrus,Muddy Creek,6898.0,,2024-02-24,,0,
Cabarrus,Muddy Creek,6898.0,,2024-02-25,,0,
Cabarrus,Muddy Creek,6898.0,,2024-02-26,,0,
Cabarrus,Muddy Creek,6898.0,,2024-02-27,,0,
Cabarrus,Muddy Creek,6898.0,,2024-02-28,205920.00000000003,0,18645372.3861989
Cabarrus,Muddy Creek,6898.0,,2024-02-29,,0,
Cabarrus,Muddy Creek,6898.0,,2024-03-01,301400.00000000006,0,26959972.2064366
Cabarrus,Muddy Creek,6898.0,,2024-03-02,,0,
Cabarrus,Muddy Creek,6898.0,,2024-03-03,,0,
Cabarrus,Muddy Creek,6898.0,,2024-03-04,,0,
Cabarrus,Muddy Creek,6898.0,,2024-03-05,,0,
Cabarrus,Muddy Creek,6898.0,,2024-03-06,75900.00000000003,0,10121307.9124384
Cabarrus,Muddy Creek,6898.0,,2024-03-07,,0,
Cabarrus,Muddy Creek,6898.0,,2024-03-08,203830.00000000006,0,38030812.9718759
Cabarrus,Muddy Creek,6898.0,,2024-03-09,,0,
Cabarrus,Muddy Creek,6898.0,,2024-03-10,,0,
Cabarrus,Muddy Creek,6898.0,,2024-03-11,,0,
Cabarrus,Muddy Creek,6898.0,,2024-03-12,,0,
Cabarrus,Muddy Creek,6898.0,,2024-03-13,99330.00000000006,0,15153530.2110756
Cabarrus,Muddy Creek,6898.0,,2024-03-14,,0,
Cabarrus,Muddy Creek,6898.0,,2024-03-15,37069.99999999999,0,4495763.40069586
Cabarrus,Muddy Creek,6898.0,,2024-03-16,,0,
Cabarrus,Muddy Creek,6898.0,,2024-03-17,,0,
Cabarrus,Muddy Creek,6898.0,,2024-03-18,,0,
Cabarrus,Muddy Creek,6898.0,,2024-03-19,,0,
Cabarrus,Muddy Creek,6898.0,,2024-03-20,104610.00000000006,0,11653538.8347347
Cabarrus,Muddy Creek,6898.0,,2024-03-21,,0,
Cabarrus,Muddy Creek,6898.0,,2024-03-22,48400.00000000006,0,4966787.23108145
Cabarrus,Muddy Creek,6898.0,,2024-03-23,,0,
Cabarrus,Muddy Creek,6898.0,,2024-03-24,,0,
Cabarrus,Muddy Creek,6898.0,,2024-03-25,,0,
Cabarrus,Muddy Creek,6898.0,,2024-03-26,,0,
Cabarrus,Muddy Creek,6898.0,,2024-03-27,5104.0,0,649811.26865758
Cabarrus,Muddy Creek,6898.0,,2024-03-28,,0,
Cabarrus,Muddy Creek,6898.0,,2024-03-29,55219.99999999997,0,12412090.6298636
Cabarrus,Muddy Creek,6898.0,,2024-03-30,,0,
Cabarrus,Muddy Creek,6898.0,,2024-03-31,,0,
Cabarrus,Muddy Creek,6898.0,,2024-04-01,,0,
Cabarrus,Muddy Creek,6898.0,,2024-04-02,,0,
Cabarrus,Muddy Creek,6898.0,,2024-04-03,3993.0000000000023,0,479879.2957089
Cabarrus,Muddy Creek,6898.0,,2024-04-04,,0,
Cabarrus,Muddy Creek,6898.0,,2024-04-05,31899.999999999993,0,4236377.34415772
Cabarrus,Muddy Creek,6898.0,,2024-04-06,,0,
Cabarrus,Muddy Creek,6898.0,,2024-04-07,,0,
Cabarrus,Muddy Creek,6898.0,,2024-04-08,,0,
Cabarrus,Muddy Creek,6898.0,,2024-04-09,,0,
Cabarrus,Muddy Creek,6898.0,,2024-04-10,58520.0,0,5876841.73151638
Cabarrus,Muddy Creek,6898.0,,2024-04-11,,0,
Cabarrus,Muddy Creek,6898.0,,2024-04-12,903.9999999999997,0,112881.527979124
Cabarrus,Muddy Creek,6898.0,,2024-04-13,,0,
Cabarrus,Muddy Creek,6898.0,,2024-04-14,,0,
Cabarrus,Muddy Creek,6898.0,,2024-04-15,,0,
Cabarrus,Muddy Creek,6898.0,,2024-04-16,,0,
Cabarrus,Muddy Creek,6898.0,,2024-04-17,126060.00000000013,0,12036913.4786894
Cabarrus,Muddy Creek,6898.0,,2024-04-18,,0,
Cabarrus,Muddy Creek,6898.0,,2024-04-19,100649.99999999994,0,9942025.48564801
Cabarrus,Muddy Creek,6898.0,,2024-04-20,,0,
Cabarrus,Muddy Creek,6898.0,,2024-04-21,,0,
Cabarrus,Muddy Creek,6898.0,,2024-04-22,,0,
Cabarrus,Muddy Creek,6898.0,,2024-04-23,,0,
Cabarrus,Muddy Creek,6898.0,,2024-04-24,56760.000000000044,0,5357465.97390549
Cabarrus,Muddy Creek,6898.0,,2024-04-25,,0,
Cabarrus,Muddy Creek,6898.0,,2024-04-26,16456.000000000004,0,1535188.78051609
Cabarrus,Muddy Creek,6898.0,,2024-04-27,,0,
Cabarrus,Muddy Creek,6898.0,,2024-04-28,,0,
Cabarrus,Muddy Creek,6898.0,,2024-04-29,,0,
Cabarrus,Muddy Creek,6898.0,,2024-04-30,,0,
Cabarrus,Muddy Creek,6898.0,,2024-05-01,24860.000000000004,0,2319202.30211655
Cabarrus,Muddy Creek,6898.0,,2024-05-02,,0,
Cabarrus,Muddy Creek,6898.0,,2024-05-03,10989.000000000004,0,995017.468686576
Cabarrus,Muddy Creek,6898.0,,2024-05-04,,0,
Cabarrus,Muddy Creek,6898.0,,2024-05-05,,0,
Cabarrus,Muddy Creek,6898.0,,2024-05-06,,0,
Cabarrus,Muddy Creek,6898.0,,2024-05-07,,0,
Cabarrus,Muddy Creek,6898.0,,2024-05-08,0.0,0,167209.536097419
Cabarrus,Muddy Creek,6898.0,,2024-05-09,,0,
Cabarrus,Muddy Creek,6898.0,,2024-05-10,,0,
Cabarrus,Muddy Creek,6898.0,,2024-05-11,,0,
Cabarrus,Muddy Creek,6898.0,,2024-05-12,,0,
Cabarrus,Muddy Creek,6898.0,,2024-05-13,,0,
Cabarrus,Muddy Creek,6898.0,,2024-05-14,,0,
Cabarrus,Muddy Creek,6898.0,,2024-05-15,,0,
Cabarrus,Rocky River,226400.0,0.97,2022-10-15,19646.000000000025,0,5961919.72818022
Cabarrus,Rocky River,226400.0,0.5700000000000001,2022-10-16,,0,
Cabarrus,Rocky River,226400.0,0.31000000000000005,2022-10-17,,0,
Cabarrus,Rocky River,226400.0,1.2400000000000002,2022-10-18,11374.0,0,3797752.3754947
Cabarrus,Rocky River,226400.0,1.1500000000000001,2022-10-19,,0,
Cabarrus,Rocky River,226400.0,0.35000000000000003,2022-10-20,,0,
Cabarrus,Rocky River,226400.0,0.9300000000000002,2022-10-21,,0,
Cabarrus,Rocky River,226400.0,1.1500000000000001,2022-10-22,15510.000000000002,0,4862374.72393993
Cabarrus,Rocky River,226400.0,0.44000000000000006,2022-10-23,,0,
Cabarrus,Rocky River,226400.0,0.49000000000000005,2022-10-24,,0,
Cabarrus,Rocky River,226400.0,0.97,2022-10-25,26884.000000000025,0,8684330.9202827
Cabarrus,Rocky River,226400.0,0.75,2022-10-26,,0,
Cabarrus,Rocky River,226400.0,0.9300000000000002,2022-10-27,,0,
Cabarrus,Rocky River,226400.0,1.02,2022-10-28,,0,
Cabarrus,Rocky River,226400.0,0.97,2022-10-29,26884.000000000025,0,8895595.69939928
Cabarrus,Rocky River,226400.0,0.49000000000000005,2022-10-30,,0,
Cabarrus,Rocky River,226400.0,0.53,2022-10-31,,0,
Cabarrus,Rocky River,226400.0,1.1,2022-11-01,11374.0,0,4067797.86238515
Cabarrus,Rocky River,226400.0,1.1900000000000002,2022-11-02,,0,
Cabarrus,Rocky River,226400.0,1.33,2022-11-03,,0,
Cabarrus,Rocky River,226400.0,1.06,2022-11-04,,0,
Cabarrus,Rocky River,226400.0,0.5700000000000001,2022-11-05,0.0,0,361585.955830388
Cabarrus,Rocky River,226400.0,0.66,2022-11-06,,0,
Cabarrus,Rocky River,226400.0,0.97,2022-11-07,,0,
Cabarrus,Rocky River,226400.0,1.37,2022-11-08,20680.00000000002,0,6974158.09293288
Cabarrus,Rocky River,226400.0,0.8,2022-11-09,,0,
Cabarrus,Rocky River,226400.0,1.1900000000000002,2022-11-10,,0,
Cabarrus,Rocky River,226400.0,0.8400000000000001,2022-11-11,,0,
Cabarrus,Rocky River,226400.0,0.44000000000000006,2022-11-12,,0,
Cabarrus,Rocky River,226400.0,0.53,2022-11-13,,0,
Cabarrus,Rocky River,226400.0,0.53,2022-11-14,,0,
Cabarrus,Rocky River,226400.0,0.75,2022-11-15,10340.00000000001,0,3238125.46060071
Cabarrus,Rocky River,226400.0,0.97,2022-11-16,,0,
Cabarrus,Rocky River,226400.0,1.06,2022-11-17,,0,
Cabarrus,Rocky River,226400.0,1.06,2022-11-18,,0,
Cabarrus,Rocky River,226400.0,0.53,2022-11-19,34122.00000000003,0,10765686.6287809
Cabarrus,Rocky River,226400.0,0.44000000000000006,2022-11-20,,0,
Cabarrus,Rocky River,226400.0,0.49000000000000005,2022-11-21,,0,
Cabarrus,Rocky River,226400.0,0.8400000000000001,2022-11-22,58938.00000000003,0,18733238.6830918
Cabarrus,Rocky River,226400.0,1.55,2022-11-23,,0,
Cabarrus,Rocky River,226400.0,0.66,2022-11-24,6204.000000000007,0,2022747.88515901
Cabarrus,Rocky River,226400.0,0.5700000000000001,2022-11-25,,0,
Cabarrus,Rocky River,226400.0,1.1900000000000002,2022-11-26,,0,
Cabarrus,Rocky River,226400.0,0.75,2022-11-27,,0,
Cabarrus,Rocky River,226400.0,0.97,2022-11-28,,0,
Cabarrus,Rocky River,226400.0,1.8100000000000003,2022-11-29,14476.0,0,5663694.07844524
Cabarrus,Rocky River,226400.0,2.12,2022-11-30,,0,
Cabarrus,Rocky River,226400.0,1.2400000000000002,2022-12-01,,0,
Cabarrus,Rocky River,226400.0,1.4100000000000001,2022-12-02,,0,
Cabarrus,Rocky River,226400.0,1.1500000000000001,2022-12-03,28952.0,0,10528662.0689046
Cabarrus,Rocky River,226400.0,0.75,2022-12-04,,0,
Cabarrus,Rocky River,226400.0,0.8,2022-12-05,,0,
Cabarrus,Rocky River,226400.0,2.12,2022-12-06,53768.00000000005,0,19202619.923109505
Cabarrus,Rocky River,226400.0,1.55,2022-12-07,,0,
Cabarrus,Rocky River,226400.0,1.5,2022-12-08,,0,
Cabarrus,Rocky River,226400.0,1.9000000000000001,2022-12-09,,0,
Cabarrus,Rocky River,226400.0,1.33,2022-12-10,19646.000000000025,0,7752138.048763261
Cabarrus,Rocky River,226400.0,0.97,2022-12-11,,0,
Cabarrus,Rocky River,226400.0,1.1,2022-12-12,,0,
Cabarrus,Rocky River,226400.0,1.8600000000000003,2022-12-13,40326.000000000015,0,13963702.9005477
Cabarrus,Rocky River,226400.0,2.2100000000000004,2022-12-14,,0,
Cabarrus,Rocky River,226400.0,1.59,2022-12-15,,0,
Cabarrus,Rocky River,226400.0,1.8100000000000003,2022-12-16,,0,
Cabarrus,Rocky River,226400.0,1.59,2022-12-17,62040.00000000001,0,29366150.066077705
Cabarrus,Rocky River,226400.0,1.02,2022-12-18,,0,
Cabarrus,Rocky River,226400.0,1.1900000000000002,2022-12-19,,0,
Cabarrus,Rocky River,226400.0,2.6100000000000003,2022-12-20,69278.0,0,24683920.9230212
Cabarrus,Rocky River,226400.0,2.47,2022-12-21,,0,
Cabarrus,Rocky River,226400.0,2.9600000000000004,2022-12-22,122012.00000000009,0,42677559.9947704
Cabarrus,Rocky River,226400.0,3.45,2022-12-23,,0,
Cabarrus,Rocky River,226400.0,2.74,2022-12-24,,0,
Cabarrus,Rocky River,226400.0,1.6300000000000001,2022-12-25,,0,
Cabarrus,Rocky River,226400.0,1.02,2022-12-26,,0,
Cabarrus,Rocky River,226400.0,2.74,2022-12-27,,0,
Cabarrus,Rocky River,226400.0,3.53,2022-12-28,,0,
Cabarrus,Rocky River,226400.0,4.0200000000000005,2022-12-29,265738.0000000001,0,97482271.5410244
Cabarrus,Rocky River,226400.0,3.9299999999999997,2022-12-30,,0,
Cabarrus,Rocky River,226400.0,4.37,2022-12-31,146828.00000000006,0,54107295.7369612
Cabarrus,Rocky River,226400.0,2.47,2023-01-01,,0,
Cabarrus,Rocky River,226400.0,1.06,2023-01-02,,0,
Cabarrus,Rocky River,226400.0,2.9600000000000004,2023-01-03,,0,
Cabarrus,Rocky River,226400.0,3.6700000000000004,2023-01-04,63074.00000000004,0,23496377.7415547
Cabarrus,Rocky River,226400.0,3.75,2023-01-05,,0,
Cabarrus,Rocky River,226400.0,2.5600000000000005,2023-01-06,,0,
Cabarrus,Rocky River,226400.0,2.5600000000000005,2023-01-07,53768.00000000005,0,23131245.8156184
Cabarrus,Rocky River,226400.0,1.46,2023-01-08,,0,
Cabarrus,Rocky River,226400.0,1.37,2023-01-09,,0,
Cabarrus,Rocky River,226400.0,3.2700000000000005,2023-01-10,40326.000000000015,0,16175240.5883215
Cabarrus,Rocky River,226400.0,2.6100000000000003,2023-01-11,,0,
Cabarrus,Rocky River,226400.0,2.2100000000000004,2023-01-12,,0,
Cabarrus,Rocky River,226400.0,2.3000000000000003,2023-01-13,,0,
Cabarrus,Rocky River,226400.0,2.25,2023-01-14,46530.00000000006,0,21254412.3932863
Cabarrus,Rocky River,226400.0,1.1500000000000001,2023-01-15,,0,
Cabarrus,Rocky River,226400.0,1.37,2023-01-16,,0,
Cabarrus,Rocky River,226400.0,2.0300000000000002,2023-01-17,,0,
Cabarrus,Rocky River,226400.0,2.2100000000000004,2023-01-18,49632.00000000006,0,20273120.3423321
Cabarrus,Rocky River,226400.0,2.52,2023-01-19,,0,
Cabarrus,Rocky River,226400.0,2.08,2023-01-20,,0,
Cabarrus,Rocky River,226400.0,2.12,2023-01-21,31020.000000000004,0,11508916.8132508
Cabarrus,Rocky River,226400.0,1.37,2023-01-22,,0,
Cabarrus,Rocky River,226400.0,1.37,2023-01-23,,0,
Cabarrus,Rocky River,226400.0,2.16,2023-01-24,19646.000000000025,0,9910254.44623671
Cabarrus,Rocky River,226400.0,2.12,2023-01-25,,0,
Cabarrus,Rocky River,226400.0,2.3000000000000003,2023-01-26,,0,
Cabarrus,Rocky River,226400.0,2.0300000000000002,2023-01-27,,0,
Cabarrus,Rocky River,226400.0,1.6800000000000002,2023-01-28,33088.0,0,13659253.4111661
Cabarrus,Rocky River,226400.0,0.8800000000000001,2023-01-29,,0,
Cabarrus,Rocky River,226400.0,1.1900000000000002,2023-01-30,,0,
Cabarrus,Rocky River,226400.0,1.8600000000000003,2023-01-31,21714.000000000022,0,9268853.19376327
Cabarrus,Rocky River,226400.0,2.2100000000000004,2023-02-01,,0,
Cabarrus,Rocky River,226400.0,1.99,2023-02-02,,0,
Cabarrus,Rocky River,226400.0,1.55,2023-02-03,,0,
Cabarrus,Rocky River,226400.0,1.4100000000000001,2023-02-04,80652.00000000003,0,39066004.1553709
Cabarrus,Rocky River,226400.0,0.9300000000000002,2023-02-05,,0,
Cabarrus,Rocky River,226400.0,0.66,2023-02-06,,0,
Cabarrus,Rocky River,226400.0,1.6800000000000002,2023-02-07,34122.00000000003,0,13515586.4459893
Cabarrus,Rocky River,226400.0,1.94,2023-02-08,,0,
Cabarrus,Rocky River,226400.0,1.77,2023-02-09,,0,
Cabarrus,Rocky River,226400.0,1.77,2023-02-10,,0,
Cabarrus,Rocky River,226400.0,1.2800000000000002,2023-02-11,44979.00000000006,0,17432456.1969434
Cabarrus,Rocky River,226400.0,0.66,2023-02-12,,0,
Cabarrus,Rocky River,226400.0,0.8800000000000001,2023-02-13,,0,
Cabarrus,Rocky River,226400.0,1.8100000000000003,2023-02-14,9254.000000000013,0,5265344.59871025
Cabarrus,Rocky River,226400.0,1.46,2023-02-15,,0,
Cabarrus,Rocky River,226400.0,1.46,2023-02-16,,0,
Cabarrus,Rocky River,226400.0,1.1900000000000002,2023-02-17,,0,
Cabarrus,Rocky River,226400.0,1.1,2023-02-18,58938.00000000003,0,25355404.0671201
Cabarrus,Rocky River,226400.0,0.66,2023-02-19,,0,
Cabarrus,Rocky River,226400.0,0.6200000000000001,2023-02-20,,0,
Cabarrus,Rocky River,226400.0,1.55,2023-02-21,28952.0,0,11438725.7327915
Cabarrus,Rocky River,226400.0,0.97,2023-02-22,,0,
Cabarrus,Rocky River,226400.0,1.06,2023-02-23,,0,
Cabarrus,Rocky River,226400.0,1.1500000000000001,2023-02-24,,0,
Cabarrus,Rocky River,226400.0,1.1,2023-02-25,134200.00000000003,0,48466495.9717315
Cabarrus,Rocky River,226400.0,0.49000000000000005,2023-02-26,,0,
Cabarrus,Rocky River,226400.0,0.66,2023-02-27,,0,
Cabarrus,Rocky River,226400.0,0.8800000000000001,2023-02-28,154000.00000000006,0,58655642.4381623
Cabarrus,Rocky River,226400.0,0.9300000000000002,2023-03-01,,0,
Cabarrus,Rocky River,226400.0,0.8400000000000001,2023-03-02,,0,
Cabarrus,Rocky River,226400.0,0.71,2023-03-03,,0,
Cabarrus,Rocky River,226400.0,0.75,2023-03-04,201299.99999999988,0,85893401.1943463
Cabarrus,Rocky River,226400.0,0.5700000000000001,2023-03-05,,0,
Cabarrus,Rocky River,226400.0,0.27,2023-03-06,,0,
Cabarrus,Rocky River,226400.0,0.8800000000000001,2023-03-07,126500.00000000001,0,46573963.1713782
Cabarrus,Rocky River,226400.0,0.8,2023-03-08,,0,
Cabarrus,Rocky River,226400.0,0.4,2023-03-09,,0,
Cabarrus,Rocky River,226400.0,0.27,2023-03-10,,0,
Cabarrus,Rocky River,226400.0,0.49000000000000005,2023-03-11,194699.9999999999,0,70153376.9390459
Cabarrus,Rocky River,226400.0,0.35000000000000003,2023-03-12,,0,
Cabarrus,Rocky River,226400.0,0.27,2023-03-13,,0,
Cabarrus,Rocky River,226400.0,0.8800000000000001,2023-03-14,162800.00000000006,0,55855650.2756184
Cabarrus,Rocky River,226400.0,0.71,2023-03-15,,0,
Cabarrus,Rocky River,226400.0,0.35000000000000003,2023-03-16,,0,
Cabarrus,Rocky River,226400.0,0.4,2023-03-17,,0,
Cabarrus,Rocky River,226400.0,0.49000000000000005,2023-03-18,0.0,0,419336.713780918
Cabarrus,Rocky River,226400.0,0.27,2023-03-19,,0,
Cabarrus,Rocky River,226400.0,0.44000000000000006,2023-03-20,,0,
Cabarrus,Rocky River,226400.0,0.44000000000000006,2023-03-21,92400.00000000006,0,32984143.0918728
Cabarrus,Rocky River,226400.0,0.53,2023-03-22,,0,
Cabarrus,Rocky River,226400.0,0.6200000000000001,2023-03-23,,0,
Cabarrus,Rocky River,226400.0,0.66,2023-03-24,,0,
Cabarrus,Rocky River,226400.0,0.49000000000000005,2023-03-25,42900.0,0,16009834.3250883
Cabarrus,Rocky River,226400.0,0.22000000000000003,2023-03-26,,0,
Cabarrus,Rocky River,226400.0,0.09000000000000001,2023-03-27,,0,
Cabarrus,Rocky River,226400.0,0.31000000000000005,2023-03-28,94600.00000000003,0,40555009.9717315
Cabarrus,Rocky River,226400.0,0.49000000000000005,2023-03-29,,0,
Cabarrus,Rocky River,226400.0,0.53,2023-03-30,,0,
Cabarrus,Rocky River,226400.0,0.53,2023-03-31,,0,
Cabarrus,Rocky River,226400.0,0.44000000000000006,2023-04-01,53900.000000000065,0,19538148.1484098
Cabarrus,Rocky River,226400.0,0.44000000000000006,2023-04-02,,0,
Cabarrus,Rocky River,226400.0,0.49000000000000005,2023-04-03,,0,
Cabarrus,Rocky River,226400.0,0.31000000000000005,2023-04-04,68200.00000000001,0,24174393.7102474
Cabarrus,Rocky River,226400.0,0.09000000000000001,2023-04-05,,0,
Cabarrus,Rocky River,226400.0,0.5700000000000001,2023-04-06,,0,
Cabarrus,Rocky River,226400.0,0.27,2023-04-07,69300.0,0,25943148.6121907
Cabarrus,Rocky River,226400.0,0.09000000000000001,2023-04-08,,0,
Cabarrus,Rocky River,226400.0,0.09000000000000001,2023-04-09,,0,
Cabarrus,Rocky River,226400.0,0.09000000000000001,2023-04-10,,0,
Cabarrus,Rocky River,226400.0,0.27,2023-04-11,56099.99999999997,0,28064661.328621905
Cabarrus,Rocky River,226400.0,0.22000000000000003,2023-04-12,,0,
Cabarrus,Rocky River,226400.0,0.4,2023-04-13,,0,
Cabarrus,Rocky River,226400.0,0.4,2023-04-14,,0,
Cabarrus,Rocky River,226400.0,0.53,2023-04-15,38500.000000000015,0,16762433.3745583
Cabarrus,Rocky River,226400.0,0.31000000000000005,2023-04-16,,0,
Cabarrus,Rocky River,226400.0,0.35000000000000003,2023-04-17,,0,
Cabarrus,Rocky River,226400.0,0.6200000000000001,2023-04-18,34100.00000000001,0,14139739.7173145
Cabarrus,Rocky River,226400.0,0.4,2023-04-19,,0,
Cabarrus,Rocky River,226400.0,0.4,2023-04-20,,0,
Cabarrus,Rocky River,226400.0,0.09000000000000001,2023-04-21,,0,
Cabarrus,Rocky River,226400.0,0.31000000000000005,2023-04-22,28600.00000000002,0,11098812.8639575
Cabarrus,Rocky River,226400.0,0.09000000000000001,2023-04-23,,0,
Cabarrus,Rocky River,226400.0,0.44000000000000006,2023-04-24,,0,
Cabarrus,Rocky River,226400.0,0.35000000000000003,2023-04-25,30800.000000000044,0,11581785.7632508
Cabarrus,Rocky River,226400.0,0.27,2023-04-26,,0,
Cabarrus,Rocky River,226400.0,0.09000000000000001,2023-04-27,,0,
Cabarrus,Rocky River,226400.0,0.44000000000000006,2023-04-28,,0,
Cabarrus,Rocky River,226400.0,0.22000000000000003,2023-04-29,46200.00000000003,0,32582462.6607773
Cabarrus,Rocky River,226400.0,0.09000000000000001,2023-04-30,,0,
Cabarrus,Rocky River,226400.0,0.09000000000000001,2023-05-01,,0,
Cabarrus,Rocky River,226400.0,0.53,2023-05-02,39600.0,0,18645034.5159011
Cabarrus,Rocky River,226400.0,0.22000000000000003,2023-05-03,,0,
Cabarrus,Rocky River,226400.0,0.6200000000000001,2023-05-04,,0,
Cabarrus,Rocky River,226400.0,0.09000000000000001,2023-05-05,,0,
Cabarrus,Rocky River,226400.0,0.27,2023-05-06,46200.00000000003,0,18315082.7332155
Cabarrus,Rocky River,226400.0,0.35000000000000003,2023-05-07,,0,
Cabarrus,Rocky River,226400.0,0.09000000000000001,2023-05-08,,0,
Cabarrus,Rocky River,226400.0,0.35000000000000003,2023-05-09,67100.00000000001,0,26768763.7473498
Cabarrus,Rocky River,226400.0,0.71,2023-05-10,,0,
Cabarrus,Rocky River,226400.0,0.31000000000000005,2023-05-11,,0,
Cabarrus,Rocky River,226400.0,0.22000000000000003,2023-05-12,,0,
Cabarrus,Rocky River,226400.0,0.4,2023-05-13,109999.99999999994,0,42319902.5618375
Cabarrus,Rocky River,226400.0,0.49000000000000005,2023-05-14,,0,
Cabarrus,Rocky River,226400.0,0.22000000000000003,2023-05-15,,0,
Cabarrus,Rocky River,226400.0,0.4,2023-05-16,31459.99999999999,0,11872047.6938162
Cabarrus,Rocky River,226400.0,0.22000000000000003,2023-05-17,,0,
Cabarrus,Rocky River,226400.0,0.5700000000000001,2023-05-18,,0,
Cabarrus,Rocky River,226400.0,0.22000000000000003,2023-05-19,,0,
Cabarrus,Rocky River,226400.0,0.27,2023-05-20,63799.999999999985,0,25068243.0212014
Cabarrus,Rocky River,226400.0,0.09000000000000001,2023-05-21,,0,
Cabarrus,Rocky River,226400.0,0.09000000000000001,2023-05-22,,0,
Cabarrus,Rocky River,226400.0,0.09000000000000001,2023-05-23,61599.99999999997,0,23142972.530035295
Cabarrus,Rocky River,226400.0,0.22000000000000003,2023-05-24,,0,
Cabarrus,Rocky River,226400.0,,2023-05-25,,0,
Cabarrus,Rocky River,226400.0,,2023-05-26,,0,
Cabarrus,Rocky River,226400.0,,2023-05-27,40700.000000000015,0,14297358.8242049
Cabarrus,Rocky River,226400.0,,2023-05-28,,0,
Cabarrus,Rocky River,226400.0,,2023-05-29,,0,
Cabarrus,Rocky River,226400.0,,2023-05-30,,0,
Cabarrus,Rocky River,226400.0,,2023-05-31,38500.000000000015,0,15719609.1784452
Cabarrus,Rocky River,226400.0,,2023-06-01,,0,
Cabarrus,Rocky River,226400.0,,2023-06-02,,0,
Cabarrus,Rocky River,226400.0,,2023-06-03,114400.00000000007,0,41487850.2402828
Cabarrus,Rocky River,226400.0,,2023-06-04,,0,
Cabarrus,Rocky River,226400.0,,2023-06-05,,0,
Cabarrus,Rocky River,226400.0,,2023-06-06,37400.000000000015,0,14157395.9999999
Cabarrus,Rocky River,226400.0,,2023-06-07,,0,
Cabarrus,Rocky River,226400.0,,2023-06-08,,0,
Cabarrus,Rocky River,226400.0,,2023-06-09,,0,
Cabarrus,Rocky River,226400.0,,2023-06-10,35199.999999999985,0,12153407.9151943
Cabarrus,Rocky River,226400.0,,2023-06-11,,0,
Cabarrus,Rocky River,226400.0,,2023-06-12,,0,
Cabarrus,Rocky River,226400.0,,2023-06-13,64900.00000000002,0,24697461.0848056
Cabarrus,Rocky River,226400.0,,2023-06-14,,0,
Cabarrus,Rocky River,226400.0,,2023-06-15,,0,
Cabarrus,Rocky River,226400.0,,2023-06-16,,0,
Cabarrus,Rocky River,226400.0,,2023-06-17,64900.00000000002,0,22820193.6121907
Cabarrus,Rocky River,226400.0,,2023-06-18,,0,
Cabarrus,Rocky River,226400.0,,2023-06-19,,0,
Cabarrus,Rocky River,226400.0,,2023-06-20,44000.00000000003,0,16957388.1625441
Cabarrus,Rocky River,226400.0,,2023-06-21,,0,
Cabarrus,Rocky River,226400.0,,2023-06-22,,0,
Cabarrus,Rocky River,226400.0,,2023-06-23,,0,
Cabarrus,Rocky River,226400.0,,2023-06-24,44000.00000000003,0,22857529.2932861
Cabarrus,Rocky River,226400.0,,2023-06-25,,0,
Cabarrus,Rocky River,226400.0,,2023-06-26,,0,
Cabarrus,Rocky River,226400.0,,2023-06-27,58299.999999999985,0,23433565.515901
Cabarrus,Rocky River,226400.0,,2023-06-28,,0,
Cabarrus,Rocky River,226400.0,,2023-06-29,,0,
Cabarrus,Rocky River,226400.0,,2023-06-30,,0,
Cabarrus,Rocky River,226400.0,,2023-07-01,44000.00000000003,0,17472363.0742049
Cabarrus,Rocky River,226400.0,,2023-07-02,,0,
Cabarrus,Rocky River,226400.0,,2023-07-03,,0,
Cabarrus,Rocky River,226400.0,,2023-07-04,82500.00000000006,0,29919122.7694346
Cabarrus,Rocky River,226400.0,,2023-07-05,,0,
Cabarrus,Rocky River,226400.0,,2023-07-06,,0,
Cabarrus,Rocky River,226400.0,,2023-07-07,,0,
Cabarrus,Rocky River,226400.0,,2023-07-08,79200.0,0,28351575.9222615
Cabarrus,Rocky River,226400.0,,2023-07-09,,0,
Cabarrus,Rocky River,226400.0,,2023-07-10,,0,
Cabarrus,Rocky River,226400.0,,2023-07-11,74800.00000000003,0,25338237.0106006
Cabarrus,Rocky River,226400.0,,2023-07-12,,0,
Cabarrus,Rocky River,226400.0,,2023-07-13,,0,
Cabarrus,Rocky River,226400.0,,2023-07-14,,0,
Cabarrus,Rocky River,226400.0,,2023-07-15,95700.00000000009,0,32002012.3674912
Cabarrus,Rocky River,226400.0,,2023-07-16,,0,
Cabarrus,Rocky River,226400.0,,2023-07-17,,0,
Cabarrus,Rocky River,226400.0,,2023-07-18,69300.0,0,22188981.5061837
Cabarrus,Rocky River,226400.0,,2023-07-19,,0,
Cabarrus,Rocky River,226400.0,,2023-07-20,,0,
Cabarrus,Rocky River,226400.0,,2023-07-21,,0,
Cabarrus,Rocky River,226400.0,,2023-07-22,77000.00000000003,0,25362514.3992932
Cabarrus,Rocky River,226400.0,,2023-07-23,,0,
Cabarrus,Rocky River,226400.0,,2023-07-24,,0,
Cabarrus,Rocky River,226400.0,,2023-07-25,37289.999999999985,0,12606916.8927561
Cabarrus,Rocky River,226400.0,,2023-07-26,,0,
Cabarrus,Rocky River,226400.0,,2023-07-27,,0,
Cabarrus,Rocky River,226400.0,,2023-07-28,,0,
Cabarrus,Rocky River,226400.0,,2023-07-29,152900.0000000001,0,50899568.5097174
Cabarrus,Rocky River,226400.0,,2023-07-30,,0,
Cabarrus,Rocky River,226400.0,,2023-07-31,,0,
Cabarrus,Rocky River,226400.0,,2023-08-01,117699.99999999994,0,37666368.5565371
Cabarrus,Rocky River,226400.0,,2023-08-02,,0,
Cabarrus,Rocky River,226400.0,,2023-08-03,,0,
Cabarrus,Rocky River,226400.0,,2023-08-04,,0,
Cabarrus,Rocky River,226400.0,,2023-08-05,274259.0000000002,0,90107055.50128089
Cabarrus,Rocky River,226400.0,,2023-08-06,,0,
Cabarrus,Rocky River,226400.0,,2023-08-07,,0,
Cabarrus,Rocky River,226400.0,,2023-08-08,252643.00000000015,0,85962104.3651503
Cabarrus,Rocky River,226400.0,,2023-08-09,,0,
Cabarrus,Rocky River,226400.0,,2023-08-10,,0,
Cabarrus,Rocky River,226400.0,,2023-08-11,,0,
Cabarrus,Rocky River,226400.0,,2023-08-12,56366.880878757125,0,5062280.62786218
Cabarrus,Rocky River,226400.0,,2023-08-13,,0,
Cabarrus,Rocky River,226400.0,,2023-08-14,,0,
Cabarrus,Rocky River,226400.0,,2023-08-15,73846.00090729352,0,14681474.9324204
Cabarrus,Rocky River,226400.0,,2023-08-16,,0,
Cabarrus,Rocky River,226400.0,,2023-08-17,,0,
Cabarrus,Rocky River,226400.0,,2023-08-18,,0,
Cabarrus,Rocky River,226400.0,,2023-08-19,56366.880878757125,0,67222557.7409896
Cabarrus,Rocky River,226400.0,,2023-08-20,,0,
Cabarrus,Rocky River,226400.0,,2023-08-21,,0,
Cabarrus,Rocky River,226400.0,,2023-08-22,73846.00090729352,0,38742908.7285955
Cabarrus,Rocky River,226400.0,,2023-08-23,,0,
Cabarrus,Rocky River,226400.0,,2023-08-24,,0,
Cabarrus,Rocky River,226400.0,,2023-08-25,,0,
Cabarrus,Rocky River,226400.0,,2023-08-26,371818.0000000002,0,161822882.87507
Cabarrus,Rocky River,226400.0,,2023-08-27,,0,
Cabarrus,Rocky River,226400.0,,2023-08-28,,0,
Cabarrus,Rocky River,226400.0,,2023-08-29,184018.00000000015,0,65381457.2239401
Cabarrus,Rocky River,226400.0,,2023-08-30,,0,
Cabarrus,Rocky River,226400.0,,2023-08-31,,0,
Cabarrus,Rocky River,226400.0,,2023-09-01,,0,
Cabarrus,Rocky River,226400.0,,2023-09-02,256684.99999999994,0,84333165.1517229
Cabarrus,Rocky River,226400.0,,2023-09-03,,0,
Cabarrus,Rocky River,226400.0,,2023-09-04,,0,
Cabarrus,Rocky River,226400.0,,2023-09-05,,0,
Cabarrus,Rocky River,226400.0,,2023-09-06,101970.00000000004,0,33195080.4940812
Cabarrus,Rocky River,226400.0,,2023-09-07,,0,
Cabarrus,Rocky River,226400.0,,2023-09-08,,0,
Cabarrus,Rocky River,226400.0,,2023-09-09,326149.00000000035,0,107100843.194099
Cabarrus,Rocky River,226400.0,,2023-09-10,,0,
Cabarrus,Rocky River,226400.0,,2023-09-11,,0,
Cabarrus,Rocky River,226400.0,,2023-09-12,152947.99999999997,0,51606014.4375265
Cabarrus,Rocky River,226400.0,,2023-09-13,,0,
Cabarrus,Rocky River,226400.0,,2023-09-14,,0,
Cabarrus,Rocky River,226400.0,,2023-09-15,,0,
Cabarrus,Rocky River,226400.0,,2023-09-16,107580.00000000001,0,33600347.3575971
Cabarrus,Rocky River,226400.0,,2023-09-17,,0,
Cabarrus,Rocky River,226400.0,,2023-09-18,,0,
Cabarrus,Rocky River,226400.0,,2023-09-19,76120.00000000009,0,24652658.2674912
Cabarrus,Rocky River,226400.0,,2023-09-20,,0,
Cabarrus,Rocky River,226400.0,,2023-09-21,,0,
Cabarrus,Rocky River,226400.0,,2023-09-22,,0,
Cabarrus,Rocky River,226400.0,,2023-09-23,73919.99999999999,0,22864886.0777385
Cabarrus,Rocky River,226400.0,,2023-09-24,,0,
Cabarrus,Rocky River,226400.0,,2023-09-25,,0,
Cabarrus,Rocky River,226400.0,,2023-09-26,47190.00000000003,0,14880825.3991166
Cabarrus,Rocky River,226400.0,,2023-09-27,,0,
Cabarrus,Rocky River,226400.0,,2023-09-28,,0,
Cabarrus,Rocky River,226400.0,,2023-09-29,,0,
Cabarrus,Rocky River,226400.0,,2023-09-30,32780.00000000003,0,10123045.7581272
Cabarrus,Rocky River,226400.0,,2023-10-01,,0,
Cabarrus,Rocky River,226400.0,,2023-10-02,,0,
Cabarrus,Rocky River,226400.0,,2023-10-03,45759.99999999999,0,14162104.3420495
Cabarrus,Rocky River,226400.0,,2023-10-04,,0,
Cabarrus,Rocky River,226400.0,,2023-10-05,,0,
Cabarrus,Rocky River,226400.0,,2023-10-06,,0,
Cabarrus,Rocky River,226400.0,,2023-10-07,33109.999999999985,0,10623546.1963781
Cabarrus,Rocky River,226400.0,,2023-10-08,,0,
Cabarrus,Rocky River,226400.0,,2023-10-09,,0,
Cabarrus,Rocky River,226400.0,,2023-10-10,54010.00000000003,0,15911658.0365724
Cabarrus,Rocky River,226400.0,,2023-10-11,,0,
Cabarrus,Rocky River,226400.0,,2023-10-12,,0,
Cabarrus,Rocky River,226400.0,,2023-10-13,,0,
Cabarrus,Rocky River,226400.0,,2023-10-14,53019.999999999985,0,16063244.580212
Cabarrus,Rocky River,226400.0,,2023-10-15,,0,
Cabarrus,Rocky River,226400.0,,2023-10-16,,0,
Cabarrus,Rocky River,226400.0,,2023-10-17,97459.99999999999,0,30244035.1547703
Cabarrus,Rocky River,226400.0,,2023-10-18,,0,
Cabarrus,Rocky River,226400.0,,2023-10-19,,0,
Cabarrus,Rocky River,226400.0,,2023-10-20,,0,
Cabarrus,Rocky River,226400.0,,2023-10-21,91630.0000000001,0,28833187.8164311
Cabarrus,Rocky River,226400.0,,2023-10-22,,0,
Cabarrus,Rocky River,226400.0,,2023-10-23,,0,
Cabarrus,Rocky River,226400.0,,2023-10-24,79859.99999999997,0,24355076.3363958
Cabarrus,Rocky River,226400.0,,2023-10-25,,0,
Cabarrus,Rocky River,226400.0,,2023-10-26,,0,
Cabarrus,Rocky River,226400.0,,2023-10-27,,0,
Cabarrus,Rocky River,226400.0,,2023-10-28,0.0,0,365816.106890459
Cabarrus,Rocky River,226400.0,,2023-10-29,,0,
Cabarrus,Rocky River,226400.0,,2023-10-30,,0,
Cabarrus,Rocky River,226400.0,,2023-10-31,66660.00000000003,0,21321395.9157244
Cabarrus,Rocky River,226400.0,,2023-11-01,,0,
Cabarrus,Rocky River,226400.0,,2023-11-02,,0,
Cabarrus,Rocky River,226400.0,,2023-11-03,,0,
Cabarrus,Rocky River,226400.0,,2023-11-04,,0,
Cabarrus,Rocky River,226400.0,,2023-11-05,,0,
Cabarrus,Rocky River,226400.0,,2023-11-06,,0,
Cabarrus,Rocky River,226400.0,,2023-11-07,1061499.9999999998,0,316451163.617491
Cabarrus,Rocky River,226400.0,,2023-11-08,,0,
Cabarrus,Rocky River,226400.0,,2023-11-09,,0,
Cabarrus,Rocky River,226400.0,,2023-11-10,100100.00000000006,0,29975402.170494705
Cabarrus,Rocky River,226400.0,,2023-11-11,,0,
Cabarrus,Rocky River,226400.0,,2023-11-12,,0,
Cabarrus,Rocky River,226400.0,,2023-11-13,,0,
Cabarrus,Rocky River,226400.0,,2023-11-14,60500.000000000015,0,17752840.4814487
Cabarrus,Rocky River,226400.0,,2023-11-15,,0,
Cabarrus,Rocky River,226400.0,,2023-11-16,,0,
Cabarrus,Rocky River,226400.0,,2023-11-17,,0,
Cabarrus,Rocky River,226400.0,,2023-11-18,108129.99999999996,0,34929203.3332155
Cabarrus,Rocky River,226400.0,,2023-11-19,,0,
Cabarrus,Rocky River,226400.0,,2023-11-20,,0,
Cabarrus,Rocky River,226400.0,,2023-11-21,102190.00000000003,0,32190272.4816254
Cabarrus,Rocky River,226400.0,,2023-11-22,,0,
Cabarrus,Rocky River,226400.0,,2023-11-23,,0,
Cabarrus,Rocky River,226400.0,,2023-11-24,,0,
Cabarrus,Rocky River,226400.0,,2023-11-25,,0,
Cabarrus,Rocky River,226400.0,,2023-11-26,,0,
Cabarrus,Rocky River,226400.0,,2023-11-27,,0,
Cabarrus,Rocky River,226400.0,,2023-11-28,124960.00000000013,0,38798798.3872791
Cabarrus,Rocky River,226400.0,,2023-11-29,,0,
Cabarrus,Rocky River,226400.0,,2023-11-30,,0,
Cabarrus,Rocky River,226400.0,,2023-12-01,,0,
Cabarrus,Rocky River,226400.0,,2023-12-02,143659.99999999997,0,44797115.8065371
Cabarrus,Rocky River,226400.0,,2023-12-03,,0,
Cabarrus,Rocky River,226400.0,,2023-12-04,,0,
Cabarrus,Rocky River,226400.0,,2023-12-05,,0,
Cabarrus,Rocky River,226400.0,,2023-12-06,,0,
Cabarrus,Rocky River,226400.0,,2023-12-07,,0,
Cabarrus,Rocky River,226400.0,,2023-12-08,,0,
Cabarrus,Rocky River,226400.0,,2023-12-09,182820.00000000006,0,56672032.6462898
Cabarrus,Rocky River,226400.0,,2023-12-10,,0,
Cabarrus,Rocky River,226400.0,,2023-12-11,,0,
Cabarrus,Rocky River,226400.0,,2023-12-12,243870.00000000012,0,140877548.391784
Cabarrus,Rocky River,226400.0,,2023-12-13,,0,
Cabarrus,Rocky River,226400.0,,2023-12-14,,0,
Cabarrus,Rocky River,226400.0,,2023-12-15,,0,
Cabarrus,Rocky River,226400.0,,2023-12-16,,0,
Cabarrus,Rocky River,226400.0,,2023-12-17,,0,
Cabarrus,Rocky River,226400.0,,2023-12-18,,0,
Cabarrus,Rocky River,226400.0,,2023-12-19,230120.00000000023,0,109964358.515194
Cabarrus,Rocky River,226400.0,,2023-12-20,,0,
Cabarrus,Rocky River,226400.0,,2023-12-21,,0,
Cabarrus,Rocky River,226400.0,,2023-12-22,,0,
Cabarrus,Rocky River,226400.0,,2023-12-23,,0,
Cabarrus,Rocky River,226400.0,,2023-12-24,,0,
Cabarrus,Rocky River,226400.0,,2023-12-25,,0,
Cabarrus,Rocky River,226400.0,,2023-12-26,,0,
Cabarrus,Rocky River,226400.0,,2023-12-27,,0,
Cabarrus,Rocky River,226400.0,,2023-12-28,,0,
Cabarrus,Rocky River,226400.0,,2023-12-29,,0,
Cabarrus,Rocky River,226400.0,,2023-12-30,,0,
Cabarrus,Rocky River,226400.0,,2023-12-31,,0,
Cabarrus,Rocky River,226400.0,,2024-01-01,,0,
Cabarrus,Rocky River,226400.0,,2024-01-02,,0,
Cabarrus,Rocky River,226400.0,,2024-01-03,506000.00000000006,0,166921760.830387
Cabarrus,Rocky River,226400.0,,2024-01-04,,0,
Cabarrus,Rocky River,226400.0,,2024-01-05,,0,
Cabarrus,Rocky River,226400.0,,2024-01-06,0.0,0,362505.553886925
Cabarrus,Rocky River,226400.0,,2024-01-07,,0,
Cabarrus,Rocky River,226400.0,,2024-01-08,,0,
Cabarrus,Rocky River,226400.0,,2024-01-09,266199.9999999998,0,101523993.280918
Cabarrus,Rocky River,226400.0,,2024-01-10,,0,
Cabarrus,Rocky River,226400.0,,2024-01-11,,0,
Cabarrus,Rocky River,226400.0,,2024-01-12,,0,
Cabarrus,Rocky River,226400.0,,2024-01-13,312400.00000000006,0,145155978.349823
Cabarrus,Rocky River,226400.0,,2024-01-14,,0,
Cabarrus,Rocky River,226400.0,,2024-01-15,,0,
Cabarrus,Rocky River,226400.0,,2024-01-16,,0,
Cabarrus,Rocky River,226400.0,,2024-01-17,324499.99999999977,0,133795999.637808
Cabarrus,Rocky River,226400.0,,2024-01-18,,0,
Cabarrus,Rocky River,226400.0,,2024-01-19,,0,
Cabarrus,Rocky River,226400.0,,2024-01-20,271700.00000000006,0,101350189.248233
Cabarrus,Rocky River,226400.0,,2024-01-21,,0,
Cabarrus,Rocky River,226400.0,,2024-01-22,,0,
Cabarrus,Rocky River,226400.0,,2024-01-23,500499.9999999998,0,173726786.448762
Cabarrus,Rocky River,226400.0,,2024-01-24,,0,
Cabarrus,Rocky River,226400.0,,2024-01-25,,0,
Cabarrus,Rocky River,226400.0,,2024-01-26,,0,
Cabarrus,Rocky River,226400.0,,2024-01-27,310200.0000000003,0,151031842.091872
Cabarrus,Rocky River,226400.0,,2024-01-28,,0,
Cabarrus,Rocky River,226400.0,,2024-01-29,,0,
Cabarrus,Rocky River,226400.0,,2024-01-30,304700.0,0,157422312.90636
Cabarrus,Rocky River,226400.0,,2024-01-31,,0,
Cabarrus,Rocky River,226400.0,,2024-02-01,,0,
Cabarrus,Rocky River,226400.0,,2024-02-02,,0,
Cabarrus,Rocky River,226400.0,,2024-02-03,456500.0000000001,0,176314535.379859
Cabarrus,Rocky River,226400.0,,2024-02-04,,0,
Cabarrus,Rocky River,226400.0,,2024-02-05,,0,
Cabarrus,Rocky River,226400.0,,2024-02-06,203390.00000000012,0,73760610.6675795
Cabarrus,Rocky River,226400.0,,2024-02-07,,0,
Cabarrus,Rocky River,226400.0,,2024-02-08,,0,
Cabarrus,Rocky River,226400.0,,2024-02-09,,0,
Cabarrus,Rocky River,226400.0,,2024-02-10,186780.00000000017,0,66768777.9
Cabarrus,Rocky River,226400.0,,2024-02-11,,0,
Cabarrus,Rocky River,226400.0,,2024-02-12,,0,
Cabarrus,Rocky River,226400.0,,2024-02-13,91190.00000000009,0,35845546.0126325
Cabarrus,Rocky River,226400.0,,2024-02-14,,0,
Cabarrus,Rocky River,226400.0,,2024-02-15,,0,
Cabarrus,Rocky River,226400.0,,2024-02-16,,0,
Cabarrus,Rocky River,226400.0,,2024-02-17,285999.99999999994,0,101902499.840989
Cabarrus,Rocky River,226400.0,,2024-02-18,,0,
Cabarrus,Rocky River,226400.0,,2024-02-19,,0,
Cabarrus,Rocky River,226400.0,,2024-02-20,143440.00000000012,0,49189373.612014
Cabarrus,Rocky River,226400.0,,2024-02-21,,0,
Cabarrus,Rocky River,226400.0,,2024-02-22,,0,
Cabarrus,Rocky River,226400.0,,2024-02-23,,0,
Cabarrus,Rocky River,226400.0,,2024-02-24,233199.99999999994,0,82582848.1908127
Cabarrus,Rocky River,226400.0,,2024-02-25,,0,
Cabarrus,Rocky River,226400.0,,2024-02-26,,0,
Cabarrus,Rocky River,226400.0,,2024-02-27,164670.00000000003,0,57158021.8272085
Cabarrus,Rocky River,226400.0,,2024-02-28,,0,
Cabarrus,Rocky River,226400.0,,2024-02-29,,0,
Cabarrus,Rocky River,226400.0,,2024-03-01,,0,
Cabarrus,Rocky River,226400.0,,2024-03-02,161589.99999999994,0,59520193.3550352
Cabarrus,Rocky River,226400.0,,2024-03-03,,0,
Cabarrus,Rocky River,226400.0,,2024-03-04,,0,
Cabarrus,Rocky River,226400.0,,2024-03-05,138820.00000000003,0,50297489.2701414
Cabarrus,Rocky River,226400.0,,2024-03-06,,0,
Cabarrus,Rocky River,226400.0,,2024-03-07,,0,
Cabarrus,Rocky River,226400.0,,2024-03-08,,0,
Cabarrus,Rocky River,226400.0,,2024-03-09,129909.99999999996,0,48893759.6207598
Cabarrus,Rocky River,226400.0,,2024-03-10,,0,
Cabarrus,Rocky River,226400.0,,2024-03-11,,0,
Cabarrus,Rocky River,226400.0,,2024-03-12,136070.00000000015,0,56763385.5172261
Cabarrus,Rocky River,226400.0,,2024-03-13,,0,
Cabarrus,Rocky River,226400.0,,2024-03-14,,0,
Cabarrus,Rocky River,226400.0,,2024-03-15,,0,
Cabarrus,Rocky River,226400.0,,2024-03-16,,0,
Cabarrus,Rocky River,226400.0,,2024-03-17,,0,
Cabarrus,Rocky River,226400.0,,2024-03-18,,0,
Cabarrus,Rocky River,226400.0,,2024-03-19,,0,
Cabarrus,Rocky River,226400.0,,2024-03-20,,0,
Cabarrus,Rocky River,226400.0,,2024-03-21,,0,
Cabarrus,Rocky River,226400.0,,2024-03-22,,0,
Cabarrus,Rocky River,226400.0,,2024-03-23,94929.99999999996,0,32617499.3467314
Cabarrus,Rocky River,226400.0,,2024-03-24,,0,
Cabarrus,Rocky River,226400.0,,2024-03-25,,0,
Cabarrus,Rocky River,226400.0,,2024-03-26,96580.0,0,35235245.5664311
Cabarrus,Rocky River,226400.0,,2024-03-27,,0,
Cabarrus,Rocky River,226400.0,,2024-03-28,,0,
Cabarrus,Rocky River,226400.0,,2024-03-29,242000.00000000006,0,115074822.402826
Cabarrus,Rocky River,226400.0,,2024-03-30,,0,
Cabarrus,Rocky River,226400.0,,2024-03-31,,0,
Cabarrus,Rocky River,226400.0,,2024-04-01,,0,
Cabarrus,Rocky River,226400.0,,2024-04-02,92290.00000000003,0,35521829.1047703
Cabarrus,Rocky River,226400.0,,2024-04-03,,0,
Cabarrus,Rocky River,226400.0,,2024-04-04,,0,
Cabarrus,Rocky River,226400.0,,2024-04-05,,0,
Cabarrus,Rocky River,226400.0,,2024-04-06,0.0,0,386782.942579505
Cabarrus,Rocky River,226400.0,,2024-04-07,,0,
Cabarrus,Rocky River,226400.0,,2024-04-08,,0,
Cabarrus,Rocky River,226400.0,,2024-04-09,26180.00000000003,0,9240452.32738516
Cabarrus,Rocky River,226400.0,,2024-04-10,,0,
Cabarrus,Rocky River,226400.0,,2024-04-11,,0,
Cabarrus,Rocky River,226400.0,,2024-04-12,,0,
Cabarrus,Rocky River,226400.0,,2024-04-13,51370.0,0,18560928.0776502
Cabarrus,Rocky River,226400.0,,2024-04-14,,0,
Cabarrus,Rocky River,226400.0,,2024-04-15,,0,
Cabarrus,Rocky River,226400.0,,2024-04-16,13177.999999999996,0,4657896.57848056
Cabarrus,Rocky River,226400.0,,2024-04-17,,0,
Cabarrus,Rocky River,226400.0,,2024-04-18,,0,
Cabarrus,Rocky River,226400.0,,2024-04-19,,0,
Cabarrus,Rocky River,226400.0,,2024-04-20,42790.000000000015,0,14752523.0782685
Cabarrus,Rocky River,226400.0,,2024-04-21,,0,
Cabarrus,Rocky River,226400.0,,2024-04-22,,0,
Cabarrus,Rocky River,226400.0,,2024-04-23,20504.00000000003,0,7055362.2797173
Cabarrus,Rocky River,226400.0,,2024-04-24,,0,
Cabarrus,Rocky River,226400.0,,2024-04-25,,0,
Cabarrus,Rocky River,226400.0,,2024-04-26,,0,
Cabarrus,Rocky River,226400.0,,2024-04-27,18436.000000000025,0,6390007.33706713
Cabarrus,Rocky River,226400.0,,2024-04-28,,0,
Cabarrus,Rocky River,226400.0,,2024-04-29,,0,
Cabarrus,Rocky River,226400.0,,2024-04-30,11209.0,0,3806380.0444611306
Cabarrus,Rocky River,226400.0,,2024-05-01,,0,
Cabarrus,Rocky River,226400.0,,2024-05-02,,0,
Cabarrus,Rocky River,226400.0,,2024-05-03,,0,
Cabarrus,Rocky River,226400.0,,2024-05-04,47520.000000000015,0,14905433.8431095
Cabarrus,Rocky River,226400.0,,2024-05-05,,0,
Cabarrus,Rocky River,226400.0,,2024-05-06,,0,
Cabarrus,Rocky River,226400.0,,2024-05-07,9229.000000000013,0,3487373.31784452
Cabarrus,Rocky River,226400.0,,2024-05-08,,0,
Cabarrus,Rocky River,226400.0,,2024-05-09,,0,
Cabarrus,Rocky River,226400.0,,2024-05-10,,0,
Cabarrus,Rocky River,226400.0,,2024-05-11,,0,
Cabarrus,Rocky River,226400.0,,2024-05-12,,0,
Cabarrus,Rocky River,226400.0,,2024-05-13,,0,
Cabarrus,Rocky River,226400.0,,2024-05-14,,0,
Cabarrus,Rocky River,226400.0,,2024-05-15,,0,
Carteret,Newport (Data available until - 8/18/21),4774.0,4.19,2021-01-03,,0,
Carteret,Newport (Data available until - 8/18/21),4774.0,4.19,2021-01-04,,0,
Carteret,Newport (Data available until - 8/18/21),4774.0,12.57,2021-01-05,,0,
Carteret,Newport (Data available until - 8/18/21),4774.0,10.47,2021-01-06,,0,
Carteret,Newport (Data available until - 8/18/21),4774.0,4.19,2021-01-07,,0,
Carteret,Newport (Data available until - 8/18/21),4774.0,4.19,2021-01-08,,0,
Carteret,Newport (Data available until - 8/18/21),4774.0,4.19,2021-01-09,,0,
Carteret,Newport (Data available until - 8/18/21),4774.0,4.19,2021-01-10,,0,
Carteret,Newport (Data available until - 8/18/21),4774.0,4.19,2021-01-11,,0,
Carteret,Newport (Data available until - 8/18/21),4774.0,4.19,2021-01-12,0.0,0,325812.331113028
Carteret,Newport (Data available until - 8/18/21),4774.0,4.19,2021-01-13,7541.551564499176,0,3587908.16408736
Carteret,Newport (Data available until - 8/18/21),4774.0,,2021-01-14,,0,
Carteret,Newport (Data available until - 8/18/21),4774.0,4.19,2021-01-15,6229.967897188558,0,3260311.5868227
Carteret,Newport (Data available until - 8/18/21),4774.0,,2021-01-16,,0,
Carteret,Newport (Data available until - 8/18/21),4774.0,4.19,2021-01-17,,0,
Carteret,Newport (Data available until - 8/18/21),4774.0,,2021-01-18,,0,
Carteret,Newport (Data available until - 8/18/21),4774.0,4.19,2021-01-19,0.0,0,150774.605292504
Carteret,Newport (Data available until - 8/18/21),4774.0,4.19,2021-01-20,,0,
Carteret,Newport (Data available until - 8/18/21),4774.0,4.19,2021-01-21,,0,
Carteret,Newport (Data available until - 8/18/21),4774.0,10.47,2021-01-22,0.0,0,141351.192461722
Carteret,Newport (Data available until - 8/18/21),4774.0,4.19,2021-01-23,,0,
Carteret,Newport (Data available until - 8/18/21),4774.0,4.19,2021-01-24,,0,
Carteret,Newport (Data available until - 8/18/21),4774.0,,2021-01-25,,0,
Carteret,Newport (Data available until - 8/18/21),4774.0,4.19,2021-01-26,0.0,0,320471.145357077
Carteret,Newport (Data available until - 8/18/21),4774.0,4.19,2021-01-27,,0,
Carteret,Newport (Data available until - 8/18/21),4774.0,,2021-01-28,,0,
Carteret,Newport (Data available until - 8/18/21),4774.0,4.19,2021-01-29,0.0,0,438237.700183487
Carteret,Newport (Data available until - 8/18/21),4774.0,4.19,2021-01-30,,0,
Carteret,Newport (Data available until - 8/18/21),4774.0,,2021-01-31,,0,
Carteret,Newport (Data available until - 8/18/21),4774.0,4.19,2021-02-01,,0,
Carteret,Newport (Data available until - 8/18/21),4774.0,4.19,2021-02-02,0.0,0,150774.605292504
Carteret,Newport (Data available until - 8/18/21),4774.0,4.19,2021-02-03,,0,
Carteret,Newport (Data available until - 8/18/21),4774.0,,2021-02-04,,0,
Carteret,Newport (Data available until - 8/18/21),4774.0,,2021-02-05,0.0,0,445899.594221255
Carteret,Newport (Data available until - 8/18/21),4774.0,4.19,2021-02-06,,0,
Carteret,Newport (Data available until - 8/18/21),4774.0,4.19,2021-02-07,,0,
Carteret,Newport (Data available until - 8/18/21),4774.0,4.19,2021-02-08,,0,
Carteret,Newport (Data available until - 8/18/21),4774.0,,2021-02-09,9354.143466934851,0,4746935.85987233
Carteret,Newport (Data available until - 8/18/21),4774.0,4.19,2021-02-10,,0,
Carteret,Newport (Data available until - 8/18/21),4774.0,4.19,2021-02-11,,0,
Carteret,Newport (Data available until - 8/18/21),4774.0,,2021-02-12,0.0,0,117792.660384769
Carteret,Newport (Data available until - 8/18/21),4774.0,,2021-02-13,,0,
Carteret,Newport (Data available until - 8/18/21),4774.0,,2021-02-14,,0,
Carteret,Newport (Data available until - 8/18/21),4774.0,,2021-02-15,,0,
Carteret,Newport (Data available until - 8/18/21),4774.0,,2021-02-16,0.0,0,725829.7882005711
Carteret,Newport (Data available until - 8/18/21),4774.0,,2021-02-17,,0,
Carteret,Newport (Data available until - 8/18/21),4774.0,4.19,2021-02-18,,0,
Carteret,Newport (Data available until - 8/18/21),4774.0,4.19,2021-02-19,0.0,0,212026.788692584
Carteret,Newport (Data available until - 8/18/21),4774.0,,2021-02-20,,0,
Carteret,Newport (Data available until - 8/18/21),4774.0,4.19,2021-02-21,,0,
Carteret,Newport (Data available until - 8/18/21),4774.0,,2021-02-22,,0,
Carteret,Newport (Data available until - 8/18/21),4774.0,,2021-02-23,0.0,0,195535.816238716
Carteret,Newport (Data available until - 8/18/21),4774.0,4.19,2021-02-24,,0,
Carteret,Newport (Data available until - 8/18/21),4774.0,,2021-02-25,,0,
Carteret,Newport (Data available until - 8/18/21),4774.0,4.19,2021-02-26,3491.060010942236,0,2076098.43403132
Carteret,Newport (Data available until - 8/18/21),4774.0,,2021-02-27,,0,
Carteret,Newport (Data available until - 8/18/21),4774.0,4.19,2021-02-28,,0,
Carteret,Newport (Data available until - 8/18/21),4774.0,,2021-03-01,,0,
Carteret,Newport (Data available until - 8/18/21),4774.0,,2021-03-02,0.0,0,174333.137369458
Carteret,Newport (Data available until - 8/18/21),4774.0,,2021-03-03,,0,
Carteret,Newport (Data available until - 8/18/21),4774.0,4.19,2021-03-04,,0,
Carteret,Newport (Data available until - 8/18/21),4774.0,,2021-03-05,0.0,0,176688.990577153
Carteret,Newport (Data available until - 8/18/21),4774.0,,2021-03-06,,0,
Carteret,Newport (Data available until - 8/18/21),4774.0,4.19,2021-03-07,,0,
Carteret,Newport (Data available until - 8/18/21),4774.0,,2021-03-08,,0,
Carteret,Newport (Data available until - 8/18/21),4774.0,,2021-03-09,0.0,0,146062.898877113
Carteret,Newport (Data available until - 8/18/21),4774.0,,2021-03-10,,0,
Carteret,Newport (Data available until - 8/18/21),4774.0,,2021-03-11,,0,
Carteret,Newport (Data available until - 8/18/21),4774.0,,2021-03-12,0.0,0,143707.045669418
Carteret,Newport (Data available until - 8/18/21),4774.0,,2021-03-13,,0,
Carteret,Newport (Data available until - 8/18/21),4774.0,,2021-03-14,,0,
Carteret,Newport (Data available until - 8/18/21),4774.0,,2021-03-15,,0,
Carteret,Newport (Data available until - 8/18/21),4774.0,,2021-03-16,0.0,0,127216.07321555
Carteret,Newport (Data available until - 8/18/21),4774.0,,2021-03-17,,0,
Carteret,Newport (Data available until - 8/18/21),4774.0,,2021-03-18,,0,
Carteret,Newport (Data available until - 8/18/21),4774.0,,2021-03-19,0.0,0,141351.192461722
Carteret,Newport (Data available until - 8/18/21),4774.0,4.19,2021-03-20,,0,
Carteret,Newport (Data available until - 8/18/21),4774.0,4.19,2021-03-21,,0,
Carteret,Newport (Data available until - 8/18/21),4774.0,,2021-03-22,,0,
Carteret,Newport (Data available until - 8/18/21),4774.0,,2021-03-23,0.0,0,143707.045669418
Carteret,Newport (Data available until - 8/18/21),4774.0,,2021-03-24,,0,
Carteret,Newport (Data available until - 8/18/21),4774.0,,2021-03-25,,0,
Carteret,Newport (Data available until - 8/18/21),4774.0,4.19,2021-03-26,0.0,0,124860.220007855
Carteret,Newport (Data available until - 8/18/21),4774.0,,2021-03-27,,0,
Carteret,Newport (Data available until - 8/18/21),4774.0,,2021-03-28,,0,
Carteret,Newport (Data available until - 8/18/21),4774.0,,2021-03-29,,0,
Carteret,Newport (Data available until - 8/18/21),4774.0,,2021-03-30,0.0,0,134283.632838636
Carteret,Newport (Data available until - 8/18/21),4774.0,,2021-03-31,,0,
Carteret,Newport (Data available until - 8/18/21),4774.0,,2021-04-30,0.0,0,110725.100761682
Carteret,Newport (Data available until - 8/18/21),4774.0,,2021-05-01,,0,
Carteret,Newport (Data available until - 8/18/21),4774.0,4.19,2021-05-02,,0,
Carteret,Newport (Data available until - 8/18/21),4774.0,,2021-05-03,,0,
Carteret,Newport (Data available until - 8/18/21),4774.0,4.19,2021-05-04,0.0,0,110725.100761682
Carteret,Newport (Data available until - 8/18/21),4774.0,4.19,2021-05-05,,0,
Carteret,Newport (Data available until - 8/18/21),4774.0,,2021-05-06,,0,
Carteret,Newport (Data available until - 8/18/21),4774.0,,2021-05-07,0.0,0,103657.541138596
Carteret,Newport (Data available until - 8/18/21),4774.0,4.19,2021-05-08,,0,
Carteret,Newport (Data available until - 8/18/21),4774.0,,2021-05-09,,0,
Carteret,Newport (Data available until - 8/18/21),4774.0,,2021-05-10,,0,
Carteret,Newport (Data available until - 8/18/21),4774.0,4.19,2021-05-11,0.0,0,110725.100761682
Carteret,Newport (Data available until - 8/18/21),4774.0,,2021-05-12,,0,
Carteret,Newport (Data available until - 8/18/21),4774.0,,2021-05-13,,0,
Carteret,Newport (Data available until - 8/18/21),4774.0,,2021-05-14,0.0,0,110725.100761682
Carteret,Newport (Data available until - 8/18/21),4774.0,,2021-05-15,,0,
Carteret,Newport (Data available until - 8/18/21),4774.0,,2021-05-16,,0,
Carteret,Newport (Data available until - 8/18/21),4774.0,,2021-05-17,,0,
Carteret,Newport (Data available until - 8/18/21),4774.0,4.19,2021-05-18,0.0,0,108369.247553987
Carteret,Newport (Data available until - 8/18/21),4774.0,,2021-05-19,,0,
Carteret,Newport (Data available until - 8/18/21),4774.0,,2021-05-20,,0,
Carteret,Newport (Data available until - 8/18/21),4774.0,,2021-05-21,0.0,0,101301.687930901
Carteret,Newport (Data available until - 8/18/21),4774.0,,2021-05-22,,0,
Carteret,Newport (Data available until - 8/18/21),4774.0,,2021-05-23,,0,
Carteret,Newport (Data available until - 8/18/21),4774.0,,2021-05-24,,0,
Carteret,Newport (Data available until - 8/18/21),4774.0,,2021-05-25,0.0,0,98945.834723206
Carteret,Newport (Data available until - 8/18/21),4774.0,,2021-05-26,,0,
Carteret,Newport (Data available until - 8/18/21),4774.0,,2021-05-27,,0,
Carteret,Newport (Data available until - 8/18/21),4774.0,,2021-05-28,0.0,0,96589.9815155104
Carteret,Newport (Data available until - 8/18/21),4774.0,4.19,2021-05-29,,0,
Carteret,Newport (Data available until - 8/18/21),4774.0,,2021-05-30,,0,
Carteret,Newport (Data available until - 8/18/21),4774.0,,2021-05-31,,0,
Carteret,Newport (Data available until - 8/18/21),4774.0,,2021-06-01,0.0,0,84810.7154770336
Carteret,Newport (Data available until - 8/18/21),4774.0,,2021-06-02,,0,
Carteret,Newport (Data available until - 8/18/21),4774.0,,2021-06-03,,0,
Carteret,Newport (Data available until - 8/18/21),4774.0,,2021-06-04,0.0,0,127216.07321555
Carteret,Newport (Data available until - 8/18/21),4774.0,,2021-06-05,,0,
Carteret,Newport (Data available until - 8/18/21),4774.0,4.19,2021-06-06,,0,
Carteret,Newport (Data available until - 8/18/21),4774.0,,2021-06-07,,0,
Carteret,Newport (Data available until - 8/18/21),4774.0,,2021-06-08,0.0,0,115436.807177073
Carteret,Newport (Data available until - 8/18/21),4774.0,,2021-06-09,,0,
Carteret,Newport (Data available until - 8/18/21),4774.0,,2021-06-10,,0,
Carteret,Newport (Data available until - 8/18/21),4774.0,,2021-06-11,0.0,0,182083.894422775
Carteret,Newport (Data available until - 8/18/21),4774.0,,2021-06-12,,0,
Carteret,Newport (Data available until - 8/18/21),4774.0,,2021-06-13,,0,
Carteret,Newport (Data available until - 8/18/21),4774.0,,2021-06-14,,0,
Carteret,Newport (Data available until - 8/18/21),4774.0,,2021-06-15,0.0,0,132964.355042327
Carteret,Newport (Data available until - 8/18/21),4774.0,,2021-06-16,,0,
Carteret,Newport (Data available until - 8/18/21),4774.0,4.19,2021-06-17,,0,
Carteret,Newport (Data available until - 8/18/21),4774.0,,2021-06-18,0.0,0,138995.339254027
Carteret,Newport (Data available until - 8/18/21),4774.0,,2021-06-19,,0,
Carteret,Newport (Data available until - 8/18/21),4774.0,,2021-06-20,,0,
Carteret,Newport (Data available until - 8/18/21),4774.0,,2021-06-21,,0,
Carteret,Newport (Data available until - 8/18/21),4774.0,4.19,2021-06-22,0.0,0,155486.311707895
Carteret,Newport (Data available until - 8/18/21),4774.0,4.19,2021-07-10,0.0,0,120148.513592464
Carteret,Newport (Data available until - 8/18/21),4774.0,,2021-07-11,,0,
Carteret,Newport (Data available until - 8/18/21),4774.0,,2021-07-12,,0,
Carteret,Newport (Data available until - 8/18/21),4774.0,4.19,2021-07-13,,0,
Carteret,Newport (Data available until - 8/18/21),4774.0,,2021-07-14,0.0,0,113080.953969378
Carteret,Newport (Data available until - 8/18/21),4774.0,4.19,2021-07-15,,0,
Carteret,Newport (Data available until - 8/18/21),4774.0,,2021-07-16,,0,
Carteret,Newport (Data available until - 8/18/21),4774.0,,2021-07-17,0.0,0,106013.394346292
Carteret,Newport (Data available until - 8/18/21),4774.0,,2021-07-18,,0,
Carteret,Newport (Data available until - 8/18/21),4774.0,4.19,2021-07-19,,0,
Carteret,Newport (Data available until - 8/18/21),4774.0,,2021-07-20,,0,
Carteret,Newport (Data available until - 8/18/21),4774.0,,2021-07-21,0.0,0,122504.366800159
Carteret,Newport (Data available until - 8/18/21),4774.0,,2021-07-22,,0,
Carteret,Newport (Data available until - 8/18/21),4774.0,,2021-07-23,,0,
Carteret,Newport (Data available until - 8/18/21),4774.0,,2021-07-24,0.0,0,113080.953969378
Carteret,Newport (Data available until - 8/18/21),4774.0,,2021-07-25,,0,
Carteret,Newport (Data available until - 8/18/21),4774.0,,2021-07-26,,0,
Carteret,Newport (Data available until - 8/18/21),4774.0,4.19,2021-07-27,,0,
Carteret,Newport (Data available until - 8/18/21),4774.0,4.19,2021-07-28,0.0,0,136639.486046331
Carteret,Newport (Data available until - 8/18/21),4774.0,4.19,2021-07-29,,0,
Carteret,Newport (Data available until - 8/18/21),4774.0,4.19,2021-07-30,,0,
Carteret,Newport (Data available until - 8/18/21),4774.0,4.19,2021-07-31,0.0,0,131927.779630941
Carteret,Newport (Data available until - 8/18/21),4774.0,,2021-08-01,,0,
Carteret,Newport (Data available until - 8/18/21),4774.0,,2021-08-02,,0,
Carteret,Newport (Data available until - 8/18/21),4774.0,4.19,2021-08-03,,0,
Carteret,Newport (Data available until - 8/18/21),4774.0,4.19,2021-08-04,5689.903338370527,0,3744659.58956143
Carteret,Newport (Data available until - 8/18/21),4774.0,4.19,2021-08-05,,0,
Carteret,Newport (Data available until - 8/18/21),4774.0,4.19,2021-08-06,,0,
Carteret,Newport (Data available until - 8/18/21),4774.0,,2021-08-07,3181.980515339464,0,2321211.46194904
Carteret,Newport (Data available until - 8/18/21),4774.0,4.19,2021-08-08,,0,
Carteret,Newport (Data available until - 8/18/21),4774.0,,2021-08-09,,0,
Carteret,Newport (Data available until - 8/18/21),4774.0,4.19,2021-08-10,,0,
Carteret,Newport (Data available until - 8/18/21),4774.0,4.19,2021-08-11,3354.1019662496888,0,2047841.54565186
Carteret,Newport (Data available until - 8/18/21),4774.0,4.19,2021-08-12,,0,
Carteret,Newport (Data available until - 8/18/21),4774.0,4.19,2021-08-13,,0,
Carteret,Newport (Data available until - 8/18/21),4774.0,4.19,2021-08-14,0.0,0,765561.677400082
Carteret,Newport (Data available until - 8/18/21),4774.0,4.19,2021-08-15,,0,
Carteret,Newport (Data available until - 8/18/21),4774.0,4.19,2021-08-16,,0,
Carteret,Newport (Data available until - 8/18/21),4774.0,4.19,2021-08-17,,0,
Carteret,Newport (Data available until - 8/18/21),4774.0,12.57,2021-08-18,0.0,0,167265.577746372
Carteret,Town of Beaufort,3500.0,5.710000000000001,2021-01-03,,0,
Carteret,Town of Beaufort,3500.0,5.710000000000001,2021-01-04,,0,
Carteret,Town of Beaufort,3500.0,14.290000000000001,2021-01-05,0.0,0,311698.22620376
Carteret,Town of Beaufort,3500.0,5.710000000000001,2021-01-06,,0,
Carteret,Town of Beaufort,3500.0,17.14,2021-01-07,,0,
Carteret,Town of Beaufort,3500.0,,2021-01-08,0.0,0,318124.993754353
Carteret,Town of Beaufort,3500.0,5.710000000000001,2021-01-09,,0,
Carteret,Town of Beaufort,3500.0,,2021-01-10,,0,
Carteret,Town of Beaufort,3500.0,,2021-01-11,,0,
Carteret,Town of Beaufort,3500.0,5.710000000000001,2021-01-12,0.0,0,330978.528855539
Carteret,Town of Beaufort,3500.0,,2021-01-13,,0,
Carteret,Town of Beaufort,3500.0,5.710000000000001,2021-01-14,,0,
Carteret,Town of Beaufort,3500.0,5.710000000000001,2021-01-15,3929.058411375431,0,4461917.31312615
Carteret,Town of Beaufort,3500.0,5.710000000000001,2021-01-16,,0,
Carteret,Town of Beaufort,3500.0,,2021-01-17,,0,
Carteret,Town of Beaufort,3500.0,5.710000000000001,2021-01-18,,0,
Carteret,Town of Beaufort,3500.0,5.710000000000001,2021-01-19,,0,
Carteret,Town of Beaufort,3500.0,5.710000000000001,2021-01-20,0.0,0,289204.539776685
Carteret,Town of Beaufort,3500.0,5.710000000000001,2021-01-21,,0,
Carteret,Town of Beaufort,3500.0,5.710000000000001,2021-01-22,5744.56264653803,0,5343172.00008467
Carteret,Town of Beaufort,3500.0,,2021-01-23,,0,
Carteret,Town of Beaufort,3500.0,5.710000000000001,2021-01-24,,0,
Carteret,Town of Beaufort,3500.0,,2021-01-25,,0,
Carteret,Town of Beaufort,3500.0,5.710000000000001,2021-01-26,0.0,0,295631.307327278
Carteret,Town of Beaufort,3500.0,5.710000000000001,2021-01-27,,0,
Carteret,Town of Beaufort,3500.0,,2021-01-28,,0,
Carteret,Town of Beaufort,3500.0,5.710000000000001,2021-01-29,4677.071733467434,0,7132419.47120379
Carteret,Town of Beaufort,3500.0,,2021-01-30,,0,
Carteret,Town of Beaufort,3500.0,5.710000000000001,2021-01-31,,0,
Carteret,Town of Beaufort,3500.0,,2021-02-01,,0,
Carteret,Town of Beaufort,3500.0,5.710000000000001,2021-02-02,0.0,0,3154893.69823382
Carteret,Town of Beaufort,3500.0,5.710000000000001,2021-02-03,,0,
Carteret,Town of Beaufort,3500.0,,2021-02-04,,0,
Carteret,Town of Beaufort,3500.0,5.710000000000001,2021-02-05,0.0,0,226637.305714285
Carteret,Town of Beaufort,3500.0,5.710000000000001,2021-02-06,,0,
Carteret,Town of Beaufort,3500.0,5.710000000000001,2021-02-07,,0,
Carteret,Town of Beaufort,3500.0,,2021-02-08,,0,
Carteret,Town of Beaufort,3500.0,5.710000000000001,2021-02-09,4763.139720814417,0,6593970.87055391
Carteret,Town of Beaufort,3500.0,,2021-02-10,,0,
Carteret,Town of Beaufort,3500.0,,2021-02-11,,0,
Carteret,Town of Beaufort,3500.0,5.710000000000001,2021-02-12,10102.598675588373,0,14641367.204459
Carteret,Town of Beaufort,3500.0,5.710000000000001,2021-02-13,,0,
Carteret,Town of Beaufort,3500.0,,2021-02-14,,0,
Carteret,Town of Beaufort,3500.0,5.710000000000001,2021-02-15,,0,
Carteret,Town of Beaufort,3500.0,5.710000000000001,2021-02-16,10473.180032826722,0,20728763.292617
Carteret,Town of Beaufort,3500.0,,2021-02-17,,0,
Carteret,Town of Beaufort,3500.0,,2021-02-18,,0,
Carteret,Town of Beaufort,3500.0,,2021-02-19,0.0,0,2501159.28968935
Carteret,Town of Beaufort,3500.0,,2021-02-20,,0,
Carteret,Town of Beaufort,3500.0,5.710000000000001,2021-02-21,,0,
Carteret,Town of Beaufort,3500.0,5.710000000000001,2021-02-22,,0,
Carteret,Town of Beaufort,3500.0,5.710000000000001,2021-02-23,0.0,0,498074.485170956
Carteret,Town of Beaufort,3500.0,,2021-02-24,,0,
Carteret,Town of Beaufort,3500.0,5.710000000000001,2021-02-25,,0,
Carteret,Town of Beaufort,3500.0,,2021-02-26,5086.747487343954,0,7151996.03433408
Carteret,Town of Beaufort,3500.0,5.710000000000001,2021-02-27,,0,
Carteret,Town of Beaufort,3500.0,5.710000000000001,2021-02-28,,0,
Carteret,Town of Beaufort,3500.0,,2021-03-01,,0,
Carteret,Town of Beaufort,3500.0,,2021-03-02,13856.406460551034,0,16185201.2277232
Carteret,Town of Beaufort,3500.0,5.710000000000001,2021-03-03,,0,
Carteret,Town of Beaufort,3500.0,5.710000000000001,2021-03-04,,0,
Carteret,Town of Beaufort,3500.0,5.710000000000001,2021-03-05,0.0,0,2363093.67638966
Carteret,Town of Beaufort,3500.0,5.710000000000001,2021-03-06,,0,
Carteret,Town of Beaufort,3500.0,5.710000000000001,2021-03-07,,0,
Carteret,Town of Beaufort,3500.0,5.710000000000001,2021-03-08,,0,
Carteret,Town of Beaufort,3500.0,,2021-03-09,0.0,0,1220028.34256827
Carteret,Town of Beaufort,3500.0,,2021-03-10,,0,
Carteret,Town of Beaufort,3500.0,5.710000000000001,2021-03-11,,0,
Carteret,Town of Beaufort,3500.0,,2021-03-12,0.0,0,279564.388450794
Carteret,Town of Beaufort,3500.0,,2021-03-13,,0,
Carteret,Town of Beaufort,3500.0,,2021-03-14,,0,
Carteret,Town of Beaufort,3500.0,5.710000000000001,2021-03-15,,0,
Carteret,Town of Beaufort,3500.0,5.710000000000001,2021-03-16,0.0,0,282777.772226091
Carteret,Town of Beaufort,3500.0,,2021-03-17,,0,
Carteret,Town of Beaufort,3500.0,,2021-03-18,,0,
Carteret,Town of Beaufort,3500.0,5.710000000000001,2021-03-19,0.0,0,311698.22620376
Carteret,Town of Beaufort,3500.0,5.710000000000001,2021-03-20,,0,
Carteret,Town of Beaufort,3500.0,,2021-03-21,,0,
Carteret,Town of Beaufort,3500.0,,2021-03-22,,0,
Carteret,Town of Beaufort,3500.0,,2021-03-23,0.0,0,334191.912630836
Carteret,Town of Beaufort,3500.0,5.710000000000001,2021-03-24,,0,
Carteret,Town of Beaufort,3500.0,5.710000000000001,2021-03-25,,0,
Carteret,Town of Beaufort,3500.0,5.710000000000001,2021-03-26,0.0,0,772587.3293604391
Carteret,Town of Beaufort,3500.0,,2021-03-27,,0,
Carteret,Town of Beaufort,3500.0,,2021-03-28,,0,
Carteret,Town of Beaufort,3500.0,,2021-03-29,,0,
Carteret,Town of Beaufort,3500.0,5.710000000000001,2021-03-30,0.0,0,273137.620900202
Carteret,Town of Beaufort,3500.0,5.710000000000001,2021-03-31,,0,
Carteret,Town of Beaufort,3500.0,,2021-04-29,,0,
Carteret,Town of Beaufort,3500.0,,2021-04-30,0.0,0,215296.712944865
Carteret,Town of Beaufort,3500.0,,2021-05-01,,0,
Carteret,Town of Beaufort,3500.0,5.710000000000001,2021-05-02,,0,
Carteret,Town of Beaufort,3500.0,,2021-05-03,,0,
Carteret,Town of Beaufort,3500.0,5.710000000000001,2021-05-04,0.0,0,224936.864270755
Carteret,Town of Beaufort,3500.0,17.14,2021-05-05,,0,
Carteret,Town of Beaufort,3500.0,,2021-05-06,,0,
Carteret,Town of Beaufort,3500.0,5.710000000000001,2021-05-07,0.0,0,253857.318248423
Carteret,Town of Beaufort,3500.0,,2021-05-08,,0,
Carteret,Town of Beaufort,3500.0,,2021-05-09,,0,
Carteret,Town of Beaufort,3500.0,,2021-05-10,,0,
Carteret,Town of Beaufort,3500.0,,2021-05-11,,0,
Carteret,Town of Beaufort,3500.0,,2021-05-12,0.0,0,221723.480495458
Carteret,Town of Beaufort,3500.0,5.710000000000001,2021-05-13,,0,
Carteret,Town of Beaufort,3500.0,5.710000000000001,2021-05-14,0.0,0,253857.318248423
Carteret,Town of Beaufort,3500.0,5.710000000000001,2021-05-15,,0,
Carteret,Town of Beaufort,3500.0,,2021-05-16,,0,
Carteret,Town of Beaufort,3500.0,,2021-05-17,,0,
Carteret,Town of Beaufort,3500.0,5.710000000000001,2021-05-18,0.0,0,218510.096720161
Carteret,Town of Beaufort,3500.0,,2021-05-19,,0,
Carteret,Town of Beaufort,3500.0,,2021-05-20,,0,
Carteret,Town of Beaufort,3500.0,,2021-05-21,0.0,0,218510.096720161
Carteret,Town of Beaufort,3500.0,,2021-05-22,,0,
Carteret,Town of Beaufort,3500.0,,2021-05-23,,0,
Carteret,Town of Beaufort,3500.0,,2021-05-24,,0,
Carteret,Town of Beaufort,3500.0,,2021-05-25,0.0,0,212083.329169568
Carteret,Town of Beaufort,3500.0,,2021-05-26,,0,
Carteret,Town of Beaufort,3500.0,,2021-05-27,,0,
Carteret,Town of Beaufort,3500.0,,2021-05-28,0.0,0,205656.561618976
Carteret,Town of Beaufort,3500.0,,2021-05-29,,0,
Carteret,Town of Beaufort,3500.0,,2021-05-30,,0,
Carteret,Town of Beaufort,3500.0,,2021-05-31,,0,
Carteret,Town of Beaufort,3500.0,,2021-06-01,0.0,0,269924.237124906
Carteret,Town of Beaufort,3500.0,5.710000000000001,2021-06-02,,0,
Carteret,Town of Beaufort,3500.0,,2021-06-03,,0,
Carteret,Town of Beaufort,3500.0,,2021-06-04,,0,
Carteret,Town of Beaufort,3500.0,,2021-06-05,,0,
Carteret,Town of Beaufort,3500.0,,2021-06-06,,0,
Carteret,Town of Beaufort,3500.0,,2021-06-07,,0,
Carteret,Town of Beaufort,3500.0,,2021-06-08,3500.000000000002,0,4466771.99999999
Carteret,Town of Beaufort,3500.0,,2021-06-09,10588.909292273682,0,11223312.0257923
Carteret,Town of Beaufort,3500.0,,2021-06-10,,0,
Carteret,Town of Beaufort,3500.0,,2021-06-11,15062.370331392063,0,18375795.7211329
Carteret,Town of Beaufort,3500.0,,2021-06-12,,0,
Carteret,Town of Beaufort,3500.0,,2021-06-13,,0,
Carteret,Town of Beaufort,3500.0,,2021-06-14,,0,
Carteret,Town of Beaufort,3500.0,,2021-06-15,8944.271909999177,0,11695398.5964931
Carteret,Town of Beaufort,3500.0,,2021-06-16,,0,
Carteret,Town of Beaufort,3500.0,5.710000000000001,2021-06-17,,0,
Carteret,Town of Beaufort,3500.0,,2021-06-18,4802.343178074646,0,5453636.95988512
Carteret,Town of Beaufort,3500.0,,2021-06-19,,0,
Carteret,Town of Beaufort,3500.0,,2021-06-20,,0,
Carteret,Town of Beaufort,3500.0,,2021-06-21,,0,
Carteret,Town of Beaufort,3500.0,,2021-06-22,0.0,0,1583574.2248329
Carteret,Town of Beaufort,3500.0,,2021-07-10,18188.25170267885,0,21048369.8728551
Carteret,Town of Beaufort,3500.0,,2021-07-11,,0,
Carteret,Town of Beaufort,3500.0,,2021-07-12,,0,
Carteret,Town of Beaufort,3500.0,,2021-07-13,,0,
Carteret,Town of Beaufort,3500.0,,2021-07-14,0.0,0,208869.945394272
Carteret,Town of Beaufort,3500.0,,2021-07-15,,0,
Carteret,Town of Beaufort,3500.0,5.710000000000001,2021-07-16,,0,
Carteret,Town of Beaufort,3500.0,,2021-07-17,0.0,0,263497.469574312
Carteret,Town of Beaufort,3500.0,,2021-07-18,,0,
Carteret,Town of Beaufort,3500.0,,2021-07-19,,0,
Carteret,Town of Beaufort,3500.0,,2021-07-20,,0,
Carteret,Town of Beaufort,3500.0,5.710000000000001,2021-07-21,0.0,0,285991.156001388
Carteret,Town of Beaufort,3500.0,5.710000000000001,2021-07-22,,0,
Carteret,Town of Beaufort,3500.0,,2021-07-23,,0,
Carteret,Town of Beaufort,3500.0,5.710000000000001,2021-07-24,6750.000000000002,0,6789385.28571428
Carteret,Town of Beaufort,3500.0,5.710000000000001,2021-07-25,,0,
Carteret,Town of Beaufort,3500.0,5.710000000000001,2021-07-26,,0,
Carteret,Town of Beaufort,3500.0,,2021-07-27,,0,
Carteret,Town of Beaufort,3500.0,5.710000000000001,2021-07-28,14031.21520040229,0,11685027.6443126
Carteret,Town of Beaufort,3500.0,5.710000000000001,2021-07-29,,0,
Carteret,Town of Beaufort,3500.0,5.710000000000001,2021-07-30,,0,
Carteret,Town of Beaufort,3500.0,,2021-07-31,12070.107704573325,0,10665394.777399
Carteret,Town of Beaufort,3500.0,5.710000000000001,2021-08-01,,0,
Carteret,Town of Beaufort,3500.0,17.14,2021-08-02,,0,
Carteret,Town of Beaufort,3500.0,5.710000000000001,2021-08-03,,0,
Carteret,Town of Beaufort,3500.0,,2021-08-04,9526.279441628818,0,8221857.42922191
Carteret,Town of Beaufort,3500.0,5.710000000000001,2021-08-05,,0,
Carteret,Town of Beaufort,3500.0,,2021-08-06,,0,
Carteret,Town of Beaufort,3500.0,5.710000000000001,2021-08-07,14991.66435056495,0,27726158.0165128
Carteret,Town of Beaufort,3500.0,5.710000000000001,2021-08-08,,0,
Carteret,Town of Beaufort,3500.0,,2021-08-09,,0,
Carteret,Town of Beaufort,3500.0,5.710000000000001,2021-08-10,,0,
Carteret,Town of Beaufort,3500.0,14.290000000000001,2021-08-11,19267.84886799771,0,26048755.3946136
Carteret,Town of Beaufort,3500.0,5.710000000000001,2021-08-12,,0,
Carteret,Town of Beaufort,3500.0,5.710000000000001,2021-08-13,,0,
Carteret,Town of Beaufort,3500.0,,2021-08-14,,0,
Carteret,Town of Beaufort,3500.0,,2021-08-15,,0,
Carteret,Town of Beaufort,3500.0,5.710000000000001,2021-08-16,,0,
Carteret,Town of Beaufort,3500.0,14.290000000000001,2021-08-17,,0,
Carteret,Town of Beaufort,3500.0,5.710000000000001,2021-08-18,2598.0762113533146,0,2475549.00722642
Carteret,Town of Beaufort,3500.0,5.710000000000001,2021-08-19,0.0,0,282135.095471032
Carteret,Town of Beaufort,3500.0,5.710000000000001,2021-08-20,,0,
Carteret,Town of Beaufort,3500.0,5.710000000000001,2021-08-21,28321.81138274881,0,26342877.4100289
Carteret,Town of Beaufort,3500.0,5.710000000000001,2021-08-22,,0,
Carteret,Town of Beaufort,3500.0,5.710000000000001,2021-08-23,,0,
Carteret,Town of Beaufort,3500.0,5.710000000000001,2021-08-24,,0,
Carteret,Town of Beaufort,3500.0,5.710000000000001,2021-08-25,4999.999999999998,0,6435180.00000001
Carteret,Town of Beaufort,3500.0,5.710000000000001,2021-08-26,,0,
Carteret,Town of Beaufort,3500.0,22.86,2021-08-27,,0,
Carteret,Town of Beaufort,3500.0,5.710000000000001,2021-08-28,,0,
Carteret,Town of Beaufort,3500.0,5.710000000000001,2021-08-29,,0,
Carteret,Town of Beaufort,3500.0,,2021-08-30,,0,
Carteret,Town of Beaufort,3500.0,22.86,2021-08-31,35003.57124637434,0,31043447.2139258
Carteret,Town of Beaufort,3500.0,5.710000000000001,2021-09-01,13770.439353920417,0,12808255.4777382
Carteret,Town of Beaufort,3500.0,17.14,2021-09-02,,0,
Carteret,Town of Beaufort,3500.0,14.290000000000001,2021-09-03,,0,
Carteret,Town of Beaufort,3500.0,,2021-09-04,0.0,0,961162.685975804
Carteret,Town of Beaufort,3500.0,5.710000000000001,2021-09-05,,0,
Carteret,Town of Beaufort,3500.0,5.710000000000001,2021-09-06,,0,
Carteret,Town of Beaufort,3500.0,,2021-09-07,,0,
Carteret,Town of Beaufort,3500.0,5.710000000000001,2021-09-08,,0,
Carteret,Town of Beaufort,3500.0,14.290000000000001,2021-09-09,0.0,0,260284.085799016
Carteret,Town of Beaufort,3500.0,25.710000000000004,2021-09-10,,0,
Carteret,Town of Beaufort,3500.0,5.710000000000001,2021-09-11,11489.12529307606,0,10686344.0001693
Carteret,Town of Beaufort,3500.0,5.710000000000001,2021-09-12,,0,
Carteret,Town of Beaufort,3500.0,,2021-09-13,,0,
Carteret,Town of Beaufort,3500.0,14.290000000000001,2021-09-14,,0,
Carteret,Town of Beaufort,3500.0,14.290000000000001,2021-09-15,9624.188277460084,0,9263985.15768361
Carteret,Town of Beaufort,3500.0,5.710000000000001,2021-09-16,,0,
Carteret,Town of Beaufort,3500.0,5.710000000000001,2021-09-17,,0,
Carteret,Town of Beaufort,3500.0,5.710000000000001,2021-09-18,26689.183202188855,0,21071811.6823722
Carteret,Town of Beaufort,3500.0,,2021-09-19,,0,
Carteret,Town of Beaufort,3500.0,,2021-09-20,,0,
Carteret,Town of Beaufort,3500.0,5.710000000000001,2021-09-21,,0,
Carteret,Town of Beaufort,3500.0,20.0,2021-09-22,15992.18559171947,0,13491062.5955251
Carteret,Town of Beaufort,3500.0,14.290000000000001,2021-09-23,,0,
Carteret,Town of Beaufort,3500.0,5.710000000000001,2021-09-24,,0,
Carteret,Town of Beaufort,3500.0,5.710000000000001,2021-09-25,12376.89379448658,0,12984556.8447314
Carteret,Town of Beaufort,3500.0,,2021-09-26,,0,
Carteret,Town of Beaufort,3500.0,5.710000000000001,2021-09-27,,0,
Carteret,Town of Beaufort,3500.0,5.710000000000001,2021-09-28,,0,
Carteret,Town of Beaufort,3500.0,20.0,2021-09-29,17240.939649566684,0,15103920.2540201
Carteret,Town of Beaufort,3500.0,5.710000000000001,2021-09-30,,0,
Carteret,Town of Beaufort,3500.0,5.710000000000001,2021-10-01,26787.357092479266,0,21728756.0438295
Carteret,Town of Beaufort,3500.0,17.14,2021-10-02,,0,
Carteret,Town of Beaufort,3500.0,,2021-10-03,,0,
Carteret,Town of Beaufort,3500.0,,2021-10-04,,0,
Carteret,Town of Beaufort,3500.0,5.710000000000001,2021-10-05,,0,
Carteret,Town of Beaufort,3500.0,,2021-10-06,,0,
Carteret,Town of Beaufort,3500.0,5.710000000000001,2021-10-07,12845.232578665147,0,9863795.37609374
Carteret,Town of Beaufort,3500.0,5.710000000000001,2021-10-08,,0,
Carteret,Town of Beaufort,3500.0,5.710000000000001,2021-10-09,11258.330249197708,0,9741093.33150009
Carteret,Town of Beaufort,3500.0,,2021-10-10,,0,
Carteret,Town of Beaufort,3500.0,5.710000000000001,2021-10-11,,0,
Carteret,Town of Beaufort,3500.0,5.710000000000001,2021-10-12,,0,
Carteret,Town of Beaufort,3500.0,,2021-10-13,15020.818885799808,0,19982161.0304792
Carteret,Town of Beaufort,3500.0,5.710000000000001,2021-10-14,,0,
Carteret,Town of Beaufort,3500.0,,2021-10-15,,0,
Carteret,Town of Beaufort,3500.0,,2021-10-16,,0,
Carteret,Town of Beaufort,3500.0,,2021-10-17,,0,
Carteret,Town of Beaufort,3500.0,,2021-10-18,9093.26673973661,0,8851281.92141115
Carteret,Town of Beaufort,3500.0,5.710000000000001,2021-10-19,,0,
Carteret,Town of Beaufort,3500.0,5.710000000000001,2021-10-20,53385.39126015655,0,53119501.505743
Carteret,Town of Beaufort,3500.0,5.710000000000001,2021-10-21,,0,
Carteret,Town of Beaufort,3500.0,5.710000000000001,2021-10-22,,0,
Carteret,Town of Beaufort,3500.0,,2021-10-23,0.0,0,250643.934473127
Carteret,Town of Beaufort,3500.0,5.710000000000001,2021-10-24,,0,
Carteret,Town of Beaufort,3500.0,5.710000000000001,2021-10-25,,0,
Carteret,Town of Beaufort,3500.0,5.710000000000001,2021-10-26,,0,
Carteret,Town of Beaufort,3500.0,48.57,2021-10-27,0.0,0,237790.399371941
Carteret,Town of Beaufort,3500.0,5.710000000000001,2021-10-28,,0,
Carteret,Town of Beaufort,3500.0,5.710000000000001,2021-10-29,,0,
Carteret,Town of Beaufort,3500.0,5.710000000000001,2021-10-30,97788.03607803979,0,78263844.4313316
Carteret,Town of Beaufort,3500.0,5.710000000000001,2021-10-31,,0,
Carteret,Town of Beaufort,3500.0,5.710000000000001,2021-11-01,,0,
Carteret,Town of Beaufort,3500.0,5.710000000000001,2021-11-02,,0,
Carteret,Town of Beaufort,3500.0,,2021-11-03,0.0,0,2698558.3392565
Carteret,Town of Beaufort,3500.0,5.710000000000001,2021-11-04,,0,
Carteret,Town of Beaufort,3500.0,5.710000000000001,2021-11-05,,0,
Carteret,Town of Beaufort,3500.0,5.710000000000001,2021-11-06,8746.427842267953,0,7283920.149906631
Carteret,Town of Beaufort,3500.0,5.710000000000001,2021-11-07,,0,
Carteret,Town of Beaufort,3500.0,,2021-11-08,,0,
Carteret,Town of Beaufort,3500.0,5.710000000000001,2021-11-09,,0,
Carteret,Town of Beaufort,3500.0,,2021-11-10,3092.329219213249,0,2876258.45791784
Carteret,Town of Beaufort,3500.0,,2021-11-11,,0,
Carteret,Town of Beaufort,3500.0,5.710000000000001,2021-11-12,,0,
Carteret,Town of Beaufort,3500.0,5.710000000000001,2021-11-13,0.0,0,1000239.75531531
Carteret,Town of Beaufort,3500.0,5.710000000000001,2021-11-14,,0,
Carteret,Town of Beaufort,3500.0,5.710000000000001,2021-11-15,,0,
Carteret,Town of Beaufort,3500.0,,2021-11-16,,0,
Carteret,Town of Beaufort,3500.0,5.710000000000001,2021-11-17,10606.601717798212,0,8833050.63136173
Carteret,Town of Beaufort,3500.0,5.710000000000001,2021-11-18,,0,
Carteret,Town of Beaufort,3500.0,,2021-11-19,,0,
Carteret,Town of Beaufort,3500.0,,2021-11-20,22770.59507347145,0,17239162.1182237
Carteret,Town of Beaufort,3500.0,,2021-11-21,,0,
Carteret,Town of Beaufort,3500.0,,2021-11-22,,0,
Carteret,Town of Beaufort,3500.0,,2021-11-23,,0,
Carteret,Town of Beaufort,3500.0,5.710000000000001,2021-11-24,10434.318377354606,0,7899613.75712761
Carteret,Town of Beaufort,3500.0,,2021-11-25,9447.22181384559,0,7050126.93810014
Carteret,Town of Beaufort,3500.0,,2021-11-26,,0,
Carteret,Town of Beaufort,3500.0,,2021-11-27,,0,
Carteret,Town of Beaufort,3500.0,5.710000000000001,2021-11-28,,0,
Carteret,Town of Beaufort,3500.0,5.710000000000001,2021-11-29,,0,
Carteret,Town of Beaufort,3500.0,,2021-11-30,,0,
Carteret,Town of Beaufort,3500.0,,2021-12-01,17298.843892006218,0,12348231.0918308
Carteret,Town of Beaufort,3500.0,,2021-12-02,,0,
Carteret,Town of Beaufort,3500.0,,2021-12-03,,0,
Carteret,Town of Beaufort,3500.0,,2021-12-04,11811.01181101774,0,8303175.04889349
Carteret,Town of Beaufort,3500.0,,2021-12-05,,0,
Carteret,Town of Beaufort,3500.0,5.710000000000001,2021-12-06,,0,
Carteret,Town of Beaufort,3500.0,5.710000000000001,2021-12-07,,0,
Carteret,Town of Beaufort,3500.0,,2021-12-08,0.0,0,212083.329169568
Carteret,Town of Beaufort,3500.0,5.710000000000001,2021-12-09,,0,
Carteret,Town of Beaufort,3500.0,,2021-12-10,,0,
Carteret,Town of Beaufort,3500.0,,2021-12-11,25769.71689086552,0,8741007.69236891
Carteret,Town of Beaufort,3500.0,5.710000000000001,2021-12-12,,0,
Carteret,Town of Beaufort,3500.0,5.710000000000001,2021-12-13,,0,
Carteret,Town of Beaufort,3500.0,5.710000000000001,2021-12-14,,0,
Carteret,Town of Beaufort,3500.0,5.710000000000001,2021-12-15,6528.782428600297,0,4942810.6010447
Carteret,Town of Beaufort,3500.0,,2021-12-16,,0,
Carteret,Town of Beaufort,3500.0,5.710000000000001,2021-12-17,,0,
Carteret,Town of Beaufort,3500.0,,2021-12-18,21428.66071409972,0,17613771.3494389
Carteret,Town of Beaufort,3500.0,5.710000000000001,2021-12-19,,0,
Carteret,Town of Beaufort,3500.0,,2021-12-20,,0,
Carteret,Town of Beaufort,3500.0,5.710000000000001,2021-12-21,,0,
Carteret,Town of Beaufort,3500.0,5.710000000000001,2021-12-22,23717.08245126287,0,18725260.015725
Carteret,Town of Beaufort,3500.0,5.710000000000001,2021-12-23,,0,
Carteret,Town of Beaufort,3500.0,5.710000000000001,2021-12-24,7705.517503711229,0,7833816.571724431
Carteret,Town of Beaufort,3500.0,5.710000000000001,2021-12-25,,0,
Carteret,Town of Beaufort,3500.0,5.710000000000001,2021-12-26,,0,
Carteret,Town of Beaufort,3500.0,5.710000000000001,2021-12-27,,0,
Carteret,Town of Beaufort,3500.0,31.430000000000003,2021-12-28,,0,
Carteret,Town of Beaufort,3500.0,14.290000000000001,2021-12-29,,0,
Carteret,Town of Beaufort,3500.0,14.290000000000001,2021-12-30,24464.259645450147,0,19315176.050622094
Carteret,Town of Beaufort,3500.0,5.710000000000001,2021-12-31,54543.56057317857,0,44243398.755795
Carteret,Town of Beaufort,3500.0,5.710000000000001,2022-01-01,,0,
Carteret,Town of Beaufort,3500.0,5.710000000000001,2022-01-02,,0,
Carteret,Town of Beaufort,3500.0,5.710000000000001,2022-01-03,,0,
Carteret,Town of Beaufort,3500.0,17.14,2022-01-04,,0,
Carteret,Town of Beaufort,3500.0,22.86,2022-01-18,,0,
Carteret,Town of Beaufort,3500.0,37.14,2022-01-19,61135.09630318753,0,93229519.6857087
Carteret,Town of Beaufort,3500.0,51.43,2022-01-20,,0,
Carteret,Town of Beaufort,3500.0,31.430000000000003,2022-01-21,,0,
Carteret,Town of Beaufort,3500.0,14.290000000000001,2022-01-22,0.0,0,784083.979941429
Carteret,Town of Beaufort,3500.0,5.710000000000001,2022-01-23,,0,
Carteret,Town of Beaufort,3500.0,20.0,2022-01-24,,0,
Carteret,Town of Beaufort,3500.0,40.0,2022-01-25,,0,
Carteret,Town of Beaufort,3500.0,17.14,2022-01-26,0.0,0,340618.680181429
Carteret,Town of Beaufort,3500.0,28.57,2022-01-27,,0,
Carteret,Town of Beaufort,3500.0,25.710000000000004,2022-01-28,,0,
Carteret,Town of Beaufort,3500.0,22.86,2022-01-29,44222.44905022787,0,47350189.15668141
Carteret,Town of Beaufort,3500.0,5.710000000000001,2022-01-30,,0,
Carteret,Town of Beaufort,3500.0,5.710000000000001,2022-01-31,,0,
Carteret,Town of Beaufort,3500.0,28.57,2022-02-01,,0,
Carteret,Town of Beaufort,3500.0,5.710000000000001,2022-02-02,67082.0393249937,0,61669285.4033448
Carteret,Town of Beaufort,3500.0,25.710000000000004,2022-02-03,,0,
Carteret,Town of Beaufort,3500.0,5.710000000000001,2022-02-04,,0,
Carteret,Town of Beaufort,3500.0,5.710000000000001,2022-02-05,72929.76072907423,0,68622695.757011
Carteret,Town of Beaufort,3500.0,5.710000000000001,2022-02-06,,0,
Carteret,Town of Beaufort,3500.0,5.710000000000001,2022-02-07,,0,
Carteret,Town of Beaufort,3500.0,14.290000000000001,2022-02-08,,0,
Carteret,Town of Beaufort,3500.0,5.710000000000001,2022-02-09,,0,
Carteret,Town of Beaufort,3500.0,5.710000000000001,2022-02-10,64951.90528383292,0,66735855.7566712
Carteret,Town of Beaufort,3500.0,5.710000000000001,2022-02-11,,0,
Carteret,Town of Beaufort,3500.0,5.710000000000001,2022-02-12,38402.97020251514,0,56001052.6028026
Carteret,Town of Beaufort,3500.0,5.710000000000001,2022-02-13,,0,
Carteret,Town of Beaufort,3500.0,5.710000000000001,2022-02-14,,0,
Carteret,Town of Beaufort,3500.0,14.290000000000001,2022-02-15,,0,
Carteret,Town of Beaufort,3500.0,5.710000000000001,2022-02-16,24115.797419478644,0,16525729.7740334
Carteret,Town of Beaufort,3500.0,5.710000000000001,2022-02-17,,0,
Carteret,Town of Beaufort,3500.0,,2022-02-18,,0,
Carteret,Town of Beaufort,3500.0,5.710000000000001,2022-02-19,0.0,0,576545.78606745
Carteret,Town of Beaufort,3500.0,,2022-02-20,,0,
Carteret,Town of Beaufort,3500.0,,2022-02-21,,0,
Carteret,Town of Beaufort,3500.0,,2022-02-22,,0,
Carteret,Town of Beaufort,3500.0,5.710000000000001,2022-02-23,0.0,0,632864.08894419
Carteret,Town of Beaufort,3500.0,,2022-02-24,,0,
Carteret,Town of Beaufort,3500.0,,2022-02-25,,0,
Carteret,Town of Beaufort,3500.0,5.710000000000001,2022-02-26,22248.595461286994,0,17806479.0319357
Carteret,Town of Beaufort,3500.0,,2022-02-27,,0,
Carteret,Town of Beaufort,3500.0,,2022-02-28,,0,
Carteret,Town of Beaufort,3500.0,,2022-03-01,,0,
Carteret,Town of Beaufort,3500.0,5.710000000000001,2022-03-02,0.0,0,1041345.49868443
Carteret,Town of Beaufort,3500.0,5.710000000000001,2022-03-03,,0,
Carteret,Town of Beaufort,3500.0,,2022-03-04,,0,
Carteret,Town of Beaufort,3500.0,,2022-03-05,0.0,0,234577.015596644
Carteret,Town of Beaufort,3500.0,,2022-03-06,,0,
Carteret,Town of Beaufort,3500.0,,2022-03-07,,0,
Carteret,Town of Beaufort,3500.0,,2022-03-08,,0,
Carteret,Town of Beaufort,3500.0,,2022-03-09,0.0,0,1395175.19433698
Carteret,Town of Beaufort,3500.0,5.710000000000001,2022-03-10,,0,
Carteret,Town of Beaufort,3500.0,5.710000000000001,2022-03-11,,0,
Carteret,Town of Beaufort,3500.0,,2022-03-12,0.0,0,231363.631821347
Carteret,Town of Beaufort,3500.0,,2022-03-13,,0,
Carteret,Town of Beaufort,3500.0,5.710000000000001,2022-03-14,,0,
Carteret,Town of Beaufort,3500.0,,2022-03-15,,0,
Carteret,Town of Beaufort,3500.0,,2022-03-16,0.0,0,279564.388450794
Carteret,Town of Beaufort,3500.0,,2022-03-17,,0,
Carteret,Town of Beaufort,3500.0,,2022-03-18,,0,
Carteret,Town of Beaufort,3500.0,,2022-03-19,0.0,0,541814.112207965
Carteret,Town of Beaufort,3500.0,,2022-03-20,,0,
Carteret,Town of Beaufort,3500.0,,2022-03-21,,0,
Carteret,Town of Beaufort,3500.0,,2022-03-22,,0,
Carteret,Town of Beaufort,3500.0,5.710000000000001,2022-03-23,0.0,0,250643.934473127
Carteret,Town of Beaufort,3500.0,,2022-03-24,,0,
Carteret,Town of Beaufort,3500.0,,2022-03-25,,0,
Carteret,Town of Beaufort,3500.0,,2022-03-26,0.0,0,273137.620900202
Carteret,Town of Beaufort,3500.0,,2022-03-27,,0,
Carteret,Town of Beaufort,3500.0,,2022-03-28,,0,
Carteret,Town of Beaufort,3500.0,,2022-03-29,,0,
Carteret,Town of Beaufort,3500.0,,2022-03-30,0.0,0,984895.097975207
Carteret,Town of Beaufort,3500.0,,2022-03-31,,0,
Carteret,Town of Beaufort,3500.0,,2022-04-01,,0,
Carteret,Town of Beaufort,3500.0,5.710000000000001,2022-04-02,0.0,0,1034728.78824523
Carteret,Town of Beaufort,3500.0,,2022-04-03,,0,
Carteret,Town of Beaufort,3500.0,,2022-04-04,,0,
Carteret,Town of Beaufort,3500.0,,2022-04-05,,0,
Carteret,Town of Beaufort,3500.0,5.710000000000001,2022-04-06,0.0,0,257070.70202372
Carteret,Town of Beaufort,3500.0,,2022-04-07,,0,
Carteret,Town of Beaufort,3500.0,,2022-04-08,,0,
Carteret,Town of Beaufort,3500.0,5.710000000000001,2022-04-09,0.0,0,337405.296406132
Carteret,Town of Beaufort,3500.0,,2022-04-10,,0,
Carteret,Town of Beaufort,3500.0,,2022-04-11,,0,
Carteret,Town of Beaufort,3500.0,5.710000000000001,2022-04-12,,0,
Carteret,Town of Beaufort,3500.0,5.710000000000001,2022-04-13,0.0,0,269924.237124906
Carteret,Town of Beaufort,3500.0,5.710000000000001,2022-04-14,,0,
Carteret,Town of Beaufort,3500.0,5.710000000000001,2022-04-15,,0,
Carteret,Town of Beaufort,3500.0,,2022-04-16,3500.000000000002,0,3028319.99999999
Carteret,Town of Beaufort,3500.0,5.710000000000001,2022-04-17,,0,
Carteret,Town of Beaufort,3500.0,,2022-04-18,,0,
Carteret,Town of Beaufort,3500.0,,2022-04-19,,0,
Carteret,Town of Beaufort,3500.0,,2022-04-20,0.0,0,327765.145080242
Carteret,Town of Beaufort,3500.0,,2022-04-21,,0,
Carteret,Town of Beaufort,3500.0,,2022-04-22,,0,
Carteret,Town of Beaufort,3500.0,,2022-04-23,0.0,0,257070.70202372
Carteret,Town of Beaufort,3500.0,,2022-04-24,,0,
Carteret,Town of Beaufort,3500.0,,2022-04-25,,0,
Carteret,Town of Beaufort,3500.0,5.710000000000001,2022-04-26,,0,
Carteret,Town of Beaufort,3500.0,5.710000000000001,2022-04-27,0.0,0,241003.783147237
Carteret,Town of Beaufort,3500.0,5.710000000000001,2022-04-28,,0,
Carteret,Town of Beaufort,3500.0,,2022-04-29,,0,
Carteret,Town of Beaufort,3500.0,,2022-04-30,0.0,0,866233.037978194
Carteret,Town of Beaufort,3500.0,5.710000000000001,2022-05-01,,0,
Carteret,Town of Beaufort,3500.0,5.710000000000001,2022-05-02,,0,
Carteret,Town of Beaufort,3500.0,,2022-05-03,,0,
Carteret,Town of Beaufort,3500.0,5.710000000000001,2022-05-04,0.0,0,228150.248046051
Carteret,Town of Beaufort,3500.0,5.710000000000001,2022-05-05,,0,
Carteret,Town of Beaufort,3500.0,5.710000000000001,2022-05-06,0.0,0,1614463.1150336
Carteret,Town of Beaufort,3500.0,5.710000000000001,2022-05-07,,0,
Carteret,Town of Beaufort,3500.0,,2022-05-08,,0,
Carteret,Town of Beaufort,3500.0,,2022-05-09,,0,
Carteret,Town of Beaufort,3500.0,5.710000000000001,2022-05-10,,0,
Carteret,Town of Beaufort,3500.0,,2022-05-11,3102.418411497713,0,2315224.94624844
Carteret,Town of Beaufort,3500.0,14.290000000000001,2022-05-12,,0,
Carteret,Town of Beaufort,3500.0,,2022-05-13,,0,
Carteret,Town of Beaufort,3500.0,5.710000000000001,2022-05-14,6169.4813396265345,0,5137870.02586489
Carteret,Town of Beaufort,3500.0,5.710000000000001,2022-05-15,,0,
Carteret,Town of Beaufort,3500.0,5.710000000000001,2022-05-16,,0,
Carteret,Town of Beaufort,3500.0,5.710000000000001,2022-05-17,,0,
Carteret,Town of Beaufort,3500.0,5.710000000000001,2022-05-18,4943.429983321305,0,5881184.52707168
Carteret,Town of Beaufort,3500.0,5.710000000000001,2022-05-19,,0,
Carteret,Town of Beaufort,3500.0,5.710000000000001,2022-05-20,,0,
Carteret,Town of Beaufort,3500.0,5.710000000000001,2022-05-21,18907.670401189065,0,18200015.7221794
Carteret,Town of Beaufort,3500.0,,2022-05-22,,0,
Carteret,Town of Beaufort,3500.0,5.710000000000001,2022-05-23,,0,
Carteret,Town of Beaufort,3500.0,5.710000000000001,2022-05-24,,0,
Carteret,Town of Beaufort,3500.0,5.710000000000001,2022-05-25,3872.98334620742,0,3602365.82757452
Carteret,Town of Beaufort,3500.0,5.710000000000001,2022-05-26,,0,
Carteret,Town of Beaufort,3500.0,5.710000000000001,2022-05-27,,0,
Carteret,Town of Beaufort,3500.0,5.710000000000001,2022-05-28,21437.40889193472,0,17620962.1116692
Carteret,Town of Beaufort,3500.0,5.710000000000001,2022-05-29,,0,
Carteret,Town of Beaufort,3500.0,5.710000000000001,2022-05-30,,0,
Carteret,Town of Beaufort,3500.0,,2022-05-31,,0,
Carteret,Town of Beaufort,3500.0,5.710000000000001,2022-06-01,9219.544457292901,0,7877352.63857796
Carteret,Town of Beaufort,3500.0,,2022-06-02,,0,
Carteret,Town of Beaufort,3500.0,5.710000000000001,2022-06-03,,0,
Carteret,Town of Beaufort,3500.0,5.710000000000001,2022-06-04,6805.328794408097,0,3974537.56397437
Carteret,Town of Beaufort,3500.0,,2022-06-05,,0,
Carteret,Town of Beaufort,3500.0,5.710000000000001,2022-06-06,,0,
Carteret,Town of Beaufort,3500.0,5.710000000000001,2022-06-07,,0,
Carteret,Town of Beaufort,3500.0,,2022-06-08,0.0,0,816692.34032294
Carteret,Town of Beaufort,3500.0,5.710000000000001,2022-06-09,,0,
Carteret,Town of Beaufort,3500.0,5.710000000000001,2022-06-10,,0,
Carteret,Town of Beaufort,3500.0,,2022-06-11,11715.374513859993,0,9756423.31064841
Carteret,Town of Beaufort,3500.0,,2022-06-12,,0,
Carteret,Town of Beaufort,3500.0,5.710000000000001,2022-06-13,,0,
Carteret,Town of Beaufort,3500.0,5.710000000000001,2022-06-14,,0,
Carteret,Town of Beaufort,3500.0,17.14,2022-06-15,6937.21846275581,0,5177000.36301482
Carteret,Town of Beaufort,3500.0,5.710000000000001,2022-06-16,,0,
Carteret,Town of Beaufort,3500.0,,2022-06-17,,0,
Carteret,Town of Beaufort,3500.0,5.710000000000001,2022-06-18,20150.992531386637,0,15037971.8052956
Carteret,Town of Beaufort,3500.0,5.710000000000001,2022-06-19,,0,
Carteret,Town of Beaufort,3500.0,5.710000000000001,2022-06-20,,0,
Carteret,Town of Beaufort,3500.0,,2022-06-21,,0,
Carteret,Town of Beaufort,3500.0,5.710000000000001,2022-06-22,39350.98473990202,0,31919832.3502338
Carteret,Town of Beaufort,3500.0,5.710000000000001,2022-06-23,,0,
Carteret,Town of Beaufort,3500.0,5.710000000000001,2022-06-24,,0,
Carteret,Town of Beaufort,3500.0,5.710000000000001,2022-06-25,7582.875444051557,0,5740843.34118253
Carteret,Town of Beaufort,3500.0,,2022-06-26,,0,
Carteret,Town of Beaufort,3500.0,5.710000000000001,2022-06-27,,0,
Carteret,Town of Beaufort,3500.0,5.710000000000001,2022-06-28,,0,
Carteret,Town of Beaufort,3500.0,5.710000000000001,2022-06-29,0.0,0,231363.631821347
Carteret,Town of Beaufort,3500.0,5.710000000000001,2022-06-30,,0,
Carteret,Town of Beaufort,3500.0,,2022-07-01,,0,
Carteret,Town of Beaufort,3500.0,5.710000000000001,2022-07-02,26575.36453183661,0,19257405.1092016
Carteret,Town of Beaufort,3500.0,,2022-07-03,,0,
Carteret,Town of Beaufort,3500.0,5.710000000000001,2022-07-04,,0,
Carteret,Town of Beaufort,3500.0,,2022-07-05,,0,
Carteret,Town of Beaufort,3500.0,5.710000000000001,2022-07-06,17888.543819998322,0,22249310.812187
Carteret,Town of Beaufort,3500.0,5.710000000000001,2022-07-07,,0,
Carteret,Town of Beaufort,3500.0,,2022-07-08,,0,
Carteret,Town of Beaufort,3500.0,17.14,2022-07-09,46252.02698260905,0,46021665.4585059
Carteret,Town of Beaufort,3500.0,5.710000000000001,2022-07-10,,0,
Carteret,Town of Beaufort,3500.0,,2022-07-11,,0,
Carteret,Town of Beaufort,3500.0,5.710000000000001,2022-07-12,,0,
Carteret,Town of Beaufort,3500.0,5.710000000000001,2022-07-13,30713.392844164893,0,45176276.8829516
Carteret,Town of Beaufort,3500.0,5.710000000000001,2022-07-14,,0,
Carteret,Town of Beaufort,3500.0,14.290000000000001,2022-07-15,,0,
Carteret,Town of Beaufort,3500.0,,2022-07-16,18734.993995195196,0,29178286.4651294
Carteret,Town of Beaufort,3500.0,5.710000000000001,2022-07-17,,0,
Carteret,Town of Beaufort,3500.0,5.710000000000001,2022-07-18,,0,
Carteret,Town of Beaufort,3500.0,5.710000000000001,2022-07-19,,0,
Carteret,Town of Beaufort,3500.0,,2022-07-20,7062.223445912767,0,16651052.1651728
Carteret,Town of Beaufort,3500.0,5.710000000000001,2022-07-21,,0,
Carteret,Town of Beaufort,3500.0,5.710000000000001,2022-07-22,,0,
Carteret,Town of Beaufort,3500.0,14.290000000000001,2022-07-23,23728.938029334546,0,31823190.6571832
Carteret,Town of Beaufort,3500.0,5.710000000000001,2022-07-24,,0,
Carteret,Town of Beaufort,3500.0,,2022-07-25,,0,
Carteret,Town of Beaufort,3500.0,5.710000000000001,2022-07-26,,0,
Carteret,Town of Beaufort,3500.0,5.710000000000001,2022-07-27,9246.621004453478,0,13000801.9700958
Carteret,Town of Beaufort,3500.0,5.710000000000001,2022-07-28,,0,
Carteret,Town of Beaufort,3500.0,5.710000000000001,2022-07-29,,0,
Carteret,Town of Beaufort,3500.0,5.710000000000001,2022-07-30,16311.422378198693,0,19052822.5520194
Carteret,Town of Beaufort,3500.0,5.710000000000001,2022-07-31,,0,
Carteret,Town of Beaufort,3500.0,5.710000000000001,2022-08-01,,0,
Carteret,Town of Beaufort,3500.0,5.710000000000001,2022-08-02,,0,
Carteret,Town of Beaufort,3500.0,5.710000000000001,2022-08-03,8496.32273398322,0,9189137.16492
Carteret,Town of Beaufort,3500.0,5.710000000000001,2022-08-04,,0,
Carteret,Town of Beaufort,3500.0,,2022-08-05,,0,
Carteret,Town of Beaufort,3500.0,5.710000000000001,2022-08-06,38188.98319541908,0,41716052.2165195
Carteret,Town of Beaufort,3500.0,5.710000000000001,2022-08-07,,0,
Carteret,Town of Beaufort,3500.0,5.710000000000001,2022-08-08,,0,
Carteret,Town of Beaufort,3500.0,5.710000000000001,2022-08-09,,0,
Carteret,Town of Beaufort,3500.0,5.710000000000001,2022-08-10,41089.88812652086,0,37329999.0033918
Carteret,Town of Beaufort,3500.0,5.710000000000001,2022-08-11,,0,
Carteret,Town of Beaufort,3500.0,5.710000000000001,2022-08-12,,0,
Carteret,Town of Beaufort,3500.0,5.710000000000001,2022-08-13,21365.860619221487,0,18255394.2121488
Carteret,Town of Beaufort,3500.0,5.710000000000001,2022-08-14,,0,
Carteret,Town of Beaufort,3500.0,,2022-08-15,,0,
Carteret,Town of Beaufort,3500.0,,2022-08-16,,0,
Carteret,Town of Beaufort,3500.0,5.710000000000001,2022-08-17,31014.109692203063,0,30524210.8155049
Carteret,Town of Beaufort,3500.0,,2022-08-18,,0,
Carteret,Town of Beaufort,3500.0,5.710000000000001,2022-08-19,,0,
Carteret,Town of Beaufort,3500.0,,2022-08-20,26279.745052035832,0,21032776.2059378
Carteret,Town of Beaufort,3500.0,5.710000000000001,2022-08-21,,0,
Carteret,Town of Beaufort,3500.0,5.710000000000001,2022-08-22,,0,
Carteret,Town of Beaufort,3500.0,5.710000000000001,2022-08-23,,0,
Carteret,Town of Beaufort,3500.0,5.710000000000001,2022-08-24,23198.868506890576,0,21076079.2430361
Carteret,Town of Beaufort,3500.0,5.710000000000001,2022-08-25,,0,
Carteret,Town of Beaufort,3500.0,5.710000000000001,2022-08-26,,0,
Carteret,Town of Beaufort,3500.0,5.710000000000001,2022-08-27,16881.943016134155,0,15154592.2535478
Carteret,Town of Beaufort,3500.0,5.710000000000001,2022-08-28,,0,
Carteret,Town of Beaufort,3500.0,5.710000000000001,2022-08-29,,0,
Carteret,Town of Beaufort,3500.0,5.710000000000001,2022-08-30,,0,
Carteret,Town of Beaufort,3500.0,5.710000000000001,2022-08-31,26009.613607279894,0,29255732.2865592
Carteret,Town of Beaufort,3500.0,,2022-09-01,,0,
Carteret,Town of Beaufort,3500.0,,2022-09-02,,0,
Carteret,Town of Beaufort,3500.0,5.710000000000001,2022-09-03,0.0,0,1190523.43732792
Carteret,Town of Beaufort,3500.0,5.710000000000001,2022-09-04,,0,
Carteret,Town of Beaufort,3500.0,,2022-09-05,,0,
Carteret,Town of Beaufort,3500.0,5.710000000000001,2022-09-06,,0,
Carteret,Town of Beaufort,3500.0,5.710000000000001,2022-09-07,,0,
Carteret,Town of Beaufort,3500.0,,2022-09-08,0.0,0,418970.126655571
Carteret,Town of Beaufort,3500.0,,2022-09-09,,0,
Carteret,Town of Beaufort,3500.0,5.710000000000001,2022-09-10,16363.068171953604,0,13273019.6267385
Carteret,Town of Beaufort,3500.0,,2022-09-11,,0,
Carteret,Town of Beaufort,3500.0,,2022-09-12,,0,
Carteret,Town of Beaufort,3500.0,5.710000000000001,2022-09-13,,0,
Carteret,Town of Beaufort,3500.0,17.14,2022-09-14,14031.21520040229,0,17906925.4808946
Carteret,Town of Beaufort,3500.0,5.710000000000001,2022-09-15,,0,
Carteret,Town of Beaufort,3500.0,,2022-09-16,,0,
Carteret,Town of Beaufort,3500.0,5.710000000000001,2022-09-17,6010.407640085656,0,5915467.24100287
Carteret,Town of Beaufort,3500.0,5.710000000000001,2022-09-18,,0,
Carteret,Town of Beaufort,3500.0,5.710000000000001,2022-09-19,,0,
Carteret,Town of Beaufort,3500.0,5.710000000000001,2022-09-20,,0,
Carteret,Town of Beaufort,3500.0,,2022-09-21,0.0,0,1631371.97747071
Carteret,Town of Beaufort,3500.0,5.710000000000001,2022-09-22,,0,
Carteret,Town of Beaufort,3500.0,,2022-09-23,,0,
Carteret,Town of Beaufort,3500.0,,2022-09-24,11489.12529307606,0,11059123.4420357
Carteret,Town of Beaufort,3500.0,5.710000000000001,2022-09-25,,0,
Carteret,Town of Beaufort,3500.0,5.710000000000001,2022-09-26,,0,
Carteret,Town of Beaufort,3500.0,5.710000000000001,2022-09-27,,0,
Carteret,Town of Beaufort,3500.0,,2022-09-28,13638.181696985876,0,11210211.2790815
Carteret,Town of Beaufort,3500.0,,2022-09-29,,0,
Carteret,Town of Beaufort,3500.0,,2022-09-30,,0,
Carteret,Town of Beaufort,3500.0,,2022-10-01,35989.58182585621,0,29971691.869591095
Carteret,Town of Beaufort,3500.0,,2022-10-02,,0,
Carteret,Town of Beaufort,3500.0,,2022-10-03,,0,
Carteret,Town of Beaufort,3500.0,,2022-10-04,,0,
Carteret,Town of Beaufort,3500.0,,2022-10-05,3872.98334620742,0,5361660.76662255
Carteret,Town of Beaufort,3500.0,5.710000000000001,2022-10-06,,0,
Carteret,Town of Beaufort,3500.0,5.710000000000001,2022-10-07,,0,
Carteret,Town of Beaufort,3500.0,5.710000000000001,2022-10-08,6977.243680860423,0,7923497.4688587105
Carteret,Town of Beaufort,3500.0,,2022-10-09,,0,
Carteret,Town of Beaufort,3500.0,,2022-10-10,,0,
Carteret,Town of Beaufort,3500.0,,2022-10-11,,0,
Carteret,Town of Beaufort,3500.0,5.710000000000001,2022-10-12,0.0,0,337405.296406132
Carteret,Town of Beaufort,3500.0,,2022-10-13,,0,
Carteret,Town of Beaufort,3500.0,,2022-10-14,,0,
Carteret,Town of Beaufort,3500.0,5.710000000000001,2022-10-15,5123.475382979798,0,6039971.44258789
Carteret,Town of Beaufort,3500.0,5.710000000000001,2022-10-16,,0,
Carteret,Town of Beaufort,3500.0,,2022-10-17,,0,
Carteret,Town of Beaufort,3500.0,,2022-10-18,,0,
Carteret,Town of Beaufort,3500.0,,2022-10-19,9746.794344808972,0,10119912.7715217
Carteret,Town of Beaufort,3500.0,,2022-10-20,,0,
Carteret,Town of Beaufort,3500.0,,2022-10-21,,0,
Carteret,Town of Beaufort,3500.0,5.710000000000001,2022-10-22,68647.65108872992,0,64593477.7243463
Carteret,Town of Beaufort,3500.0,,2022-10-23,,0,
Carteret,Town of Beaufort,3500.0,5.710000000000001,2022-10-24,,0,
Carteret,Town of Beaufort,3500.0,,2022-10-25,,0,
Carteret,Town of Beaufort,3500.0,5.710000000000001,2022-10-26,24384.933873193135,0,22153614.8840604
Carteret,Town of Beaufort,3500.0,,2022-10-27,,0,
Carteret,Town of Beaufort,3500.0,,2022-10-28,,0,
Carteret,Town of Beaufort,3500.0,5.710000000000001,2022-10-29,26267.85107312743,0,22443747.2935002
Carteret,Town of Beaufort,3500.0,,2022-10-30,,0,
Carteret,Town of Beaufort,3500.0,5.710000000000001,2022-10-31,,0,
Carteret,Town of Beaufort,3500.0,,2022-11-01,,0,
Carteret,Town of Beaufort,3500.0,,2022-11-02,77338.54149129019,0,64406609.2914485
Carteret,Town of Beaufort,3500.0,,2022-11-03,,0,
Carteret,Town of Beaufort,3500.0,,2022-11-04,,0,
Carteret,Town of Beaufort,3500.0,,2022-11-05,0.0,0,234577.015596644
Carteret,Town of Beaufort,3500.0,,2022-11-06,,0,
Carteret,Town of Beaufort,3500.0,,2022-11-07,,0,
Carteret,Town of Beaufort,3500.0,5.710000000000001,2022-11-08,,0,
Carteret,Town of Beaufort,3500.0,,2022-11-09,0.0,0,234577.015596644
Carteret,Town of Beaufort,3500.0,,2022-11-10,,0,
Carteret,Town of Beaufort,3500.0,,2022-11-11,0.0,0,1607660.47958699
Carteret,Town of Beaufort,3500.0,,2022-11-12,,0,
Carteret,Town of Beaufort,3500.0,,2022-11-13,,0,
Carteret,Town of Beaufort,3500.0,,2022-11-14,,0,
Carteret,Town of Beaufort,3500.0,,2022-11-15,,0,
Carteret,Town of Beaufort,3500.0,,2022-11-16,6595.452979136462,0,5207283.49322082
Carteret,Town of Beaufort,3500.0,,2022-11-17,,0,
Carteret,Town of Beaufort,3500.0,5.710000000000001,2022-11-18,,0,
Carteret,Town of Beaufort,3500.0,,2022-11-19,4541.47553114624,0,2259428.19393612
Carteret,Town of Beaufort,3500.0,,2022-11-20,,0,
Carteret,Town of Beaufort,3500.0,,2022-11-21,,0,
Carteret,Town of Beaufort,3500.0,,2022-11-22,,0,
Carteret,Town of Beaufort,3500.0,,2022-11-23,9082.95106229248,0,4617092.39630425
Carteret,Town of Beaufort,3500.0,,2022-11-24,,0,
Carteret,Town of Beaufort,3500.0,,2022-11-25,,0,
Carteret,Town of Beaufort,3500.0,,2022-11-26,,0,
Carteret,Town of Beaufort,3500.0,,2022-11-27,,0,
Carteret,Town of Beaufort,3500.0,5.710000000000001,2022-11-28,,0,
Carteret,Town of Beaufort,3500.0,5.710000000000001,2022-11-29,,0,
Carteret,Town of Beaufort,3500.0,,2022-11-30,4257.346591481605,0,3453377.0972988
Carteret,Town of Beaufort,3500.0,,2022-12-01,,0,
Carteret,Town of Beaufort,3500.0,,2022-12-02,,0,
Carteret,Town of Beaufort,3500.0,5.710000000000001,2022-12-03,28595.23561714433,0,23813769.0791303
Carteret,Town of Beaufort,3500.0,,2022-12-04,,0,
Carteret,Town of Beaufort,3500.0,,2022-12-05,,0,
Carteret,Town of Beaufort,3500.0,,2022-12-06,,0,
Carteret,Town of Beaufort,3500.0,5.710000000000001,2022-12-07,43396.42842446834,0,34731971.9191162
Carteret,Town of Beaufort,3500.0,,2022-12-08,,0,
Carteret,Town of Beaufort,3500.0,,2022-12-09,,0,
Carteret,Town of Beaufort,3500.0,5.710000000000001,2022-12-10,24979.991993593612,0,19182021.6576314
Carteret,Town of Beaufort,3500.0,,2022-12-11,,0,
Carteret,Town of Beaufort,3500.0,,2022-12-12,,0,
Carteret,Town of Beaufort,3500.0,5.710000000000001,2022-12-13,,0,
Carteret,Town of Beaufort,3500.0,5.710000000000001,2022-12-14,101396.49895336624,0,77861908.0194376
Carteret,Town of Beaufort,3500.0,,2022-12-15,,0,
Carteret,Town of Beaufort,3500.0,5.710000000000001,2022-12-16,,0,
Carteret,Town of Beaufort,3500.0,5.710000000000001,2022-12-17,13798.073739813217,0,6379429.91266191
Carteret,Town of Beaufort,3500.0,,2022-12-18,,0,
Carteret,Town of Beaufort,3500.0,5.710000000000001,2022-12-19,,0,
Carteret,Town of Beaufort,3500.0,5.710000000000001,2022-12-20,,0,
Carteret,Town of Beaufort,3500.0,5.710000000000001,2022-12-21,18472.953201911187,0,17182189.9038407
Carteret,Town of Beaufort,3500.0,,2022-12-22,,0,
Carteret,Town of Beaufort,3500.0,5.710000000000001,2022-12-23,,0,
Carteret,Town of Beaufort,3500.0,5.710000000000001,2022-12-24,29874.738492579367,0,35218782.9279693
Carteret,Town of Beaufort,3500.0,,2022-12-25,,0,
Carteret,Town of Beaufort,3500.0,,2022-12-26,,0,
Carteret,Town of Beaufort,3500.0,5.710000000000001,2022-12-27,,0,
Carteret,Town of Beaufort,3500.0,5.710000000000001,2022-12-28,,0,
Carteret,Town of Beaufort,3500.0,5.710000000000001,2022-12-29,,0,
Carteret,Town of Beaufort,3500.0,5.710000000000001,2022-12-30,,0,
Carteret,Town of Beaufort,3500.0,5.710000000000001,2022-12-31,61104.41882548266,0,63443565.8117437
Carteret,Town of Beaufort,3500.0,5.710000000000001,2023-01-01,,0,
Carteret,Town of Beaufort,3500.0,5.710000000000001,2023-01-02,,0,
Carteret,Town of Beaufort,3500.0,5.710000000000001,2023-01-03,,0,
Carteret,Town of Beaufort,3500.0,,2023-01-04,,0,
Carteret,Town of Beaufort,3500.0,5.710000000000001,2023-01-05,,0,
Carteret,Town of Beaufort,3500.0,5.710000000000001,2023-01-06,,0,
Carteret,Town of Beaufort,3500.0,5.710000000000001,2023-01-07,94174.04100918685,0,82501141.7192292
Carteret,Town of Beaufort,3500.0,,2023-01-08,,0,
Carteret,Town of Beaufort,3500.0,,2023-01-09,,0,
Carteret,Town of Beaufort,3500.0,5.710000000000001,2023-01-10,,0,
Carteret,Town of Beaufort,3500.0,5.710000000000001,2023-01-11,168782.40429618236,0,146036323.022347
Carteret,Town of Beaufort,3500.0,5.710000000000001,2023-01-12,,0,
Carteret,Town of Beaufort,3500.0,5.710000000000001,2023-01-13,,0,
Carteret,Town of Beaufort,3500.0,,2023-01-14,15791.611697353777,0,14858995.2056205
Carteret,Town of Beaufort,3500.0,,2023-01-15,,0,
Carteret,Town of Beaufort,3500.0,,2023-01-16,,0,
Carteret,Town of Beaufort,3500.0,5.710000000000001,2023-01-17,,0,
Carteret,Town of Beaufort,3500.0,5.710000000000001,2023-01-18,24852.062288671368,0,22040427.771937095
Carteret,Town of Beaufort,3500.0,,2023-01-19,,0,
Carteret,Town of Beaufort,3500.0,,2023-01-20,,0,
Carteret,Town of Beaufort,3500.0,,2023-01-21,10173.494974687908,0,8912487.36586248
Carteret,Town of Beaufort,3500.0,,2023-01-22,,0,
Carteret,Town of Beaufort,3500.0,,2023-01-23,,0,
Carteret,Town of Beaufort,3500.0,,2023-01-24,,0,
Carteret,Town of Beaufort,3500.0,5.710000000000001,2023-01-25,6446.898479113812,0,8646020.28100525
Carteret,Town of Beaufort,3500.0,5.710000000000001,2023-01-26,,0,
Carteret,Town of Beaufort,3500.0,,2023-01-27,,0,
Carteret,Town of Beaufort,3500.0,,2023-01-28,3570.714214271427,0,5097682.19841372
Carteret,Town of Beaufort,3500.0,,2023-01-29,,0,
Carteret,Town of Beaufort,3500.0,,2023-01-30,,0,
Carteret,Town of Beaufort,3500.0,,2023-01-31,,0,
Carteret,Town of Beaufort,3500.0,5.710000000000001,2023-02-01,13360.389215887395,0,20518763.6056298
Carteret,Town of Beaufort,3500.0,,2023-02-02,,0,
Carteret,Town of Beaufort,3500.0,5.710000000000001,2023-02-03,,0,
Carteret,Town of Beaufort,3500.0,5.710000000000001,2023-02-04,7733.854149129012,0,11676834.6195924
Carteret,Town of Beaufort,3500.0,,2023-02-05,,0,
Carteret,Town of Beaufort,3500.0,5.710000000000001,2023-02-06,,0,
Carteret,Town of Beaufort,3500.0,,2023-02-07,,0,
Carteret,Town of Beaufort,3500.0,5.710000000000001,2023-02-08,22096.379793984393,0,29012392.626168
Carteret,Town of Beaufort,3500.0,5.710000000000001,2023-02-09,,0,
Carteret,Town of Beaufort,3500.0,,2023-02-10,,0,
Carteret,Town of Beaufort,3500.0,,2023-02-11,37524.65063578208,0,44805307.71955
Carteret,Town of Beaufort,3500.0,5.710000000000001,2023-02-12,,0,
Carteret,Town of Beaufort,3500.0,,2023-02-13,,0,
Carteret,Town of Beaufort,3500.0,,2023-02-14,,0,
Carteret,Town of Beaufort,3500.0,,2023-02-15,14063.408502919923,0,22358963.1497202
Carteret,Town of Beaufort,3500.0,,2023-02-16,,0,
Carteret,Town of Beaufort,3500.0,,2023-02-17,,0,
Carteret,Town of Beaufort,3500.0,5.710000000000001,2023-02-18,19322.91385893959,0,22779429.8150219
Carteret,Town of Beaufort,3500.0,,2023-02-19,,0,
Carteret,Town of Beaufort,3500.0,,2023-02-20,,0,
Carteret,Town of Beaufort,3500.0,,2023-02-21,,0,
Carteret,Town of Beaufort,3500.0,,2023-02-22,26870.057685088785,0,28683324.4138401
Carteret,Town of Beaufort,3500.0,5.710000000000001,2023-02-23,,0,
Carteret,Town of Beaufort,3500.0,,2023-02-24,,0,
Carteret,Town of Beaufort,3500.0,,2023-02-25,32287.768581925888,0,31079338.8797484
Carteret,Town of Beaufort,3500.0,5.710000000000001,2023-02-26,,0,
Carteret,Town of Beaufort,3500.0,,2023-02-27,,0,
Carteret,Town of Beaufort,3500.0,5.710000000000001,2023-02-28,,0,
Carteret,Town of Beaufort,3500.0,5.710000000000001,2023-03-01,9354.143466934867,0,9206385.41673113
Carteret,Town of Beaufort,3500.0,,2023-03-02,,0,
Carteret,Town of Beaufort,3500.0,,2023-03-03,,0,
Carteret,Town of Beaufort,3500.0,,2023-03-04,6633.249580710797,0,5811056.39996753
Carteret,Town of Beaufort,3500.0,,2023-03-05,,0,
Carteret,Town of Beaufort,3500.0,5.710000000000001,2023-03-06,,0,
Carteret,Town of Beaufort,3500.0,5.710000000000001,2023-03-07,,0,
Carteret,Town of Beaufort,3500.0,,2023-03-08,7035.623639735156,0,7000582.21365289
Carteret,Town of Beaufort,3500.0,,2023-03-09,,0,
Carteret,Town of Beaufort,3500.0,,2023-03-10,,0,
Carteret,Town of Beaufort,3500.0,,2023-03-11,23421.411144506223,0,19758382.7434865
Carteret,Town of Beaufort,3500.0,,2023-03-12,,0,
Carteret,Town of Beaufort,3500.0,5.710000000000001,2023-03-13,,0,
Carteret,Town of Beaufort,3500.0,,2023-03-14,,0,
Carteret,Town of Beaufort,3500.0,,2023-03-15,14080.127840328718,0,14619131.2256311
Carteret,Town of Beaufort,3500.0,,2023-03-16,,0,
Carteret,Town of Beaufort,3500.0,,2023-03-17,,0,
Carteret,Town of Beaufort,3500.0,5.710000000000001,2023-03-18,18987.895909499814,0,19098687.5695751
Carteret,Town of Beaufort,3500.0,,2023-03-19,,0,
Carteret,Town of Beaufort,3500.0,,2023-03-20,,0,
Carteret,Town of Beaufort,3500.0,,2023-03-21,,0,
Carteret,Town of Beaufort,3500.0,,2023-03-22,17127.91074481941,0,14634409.9238334
Carteret,Town of Beaufort,3500.0,,2023-03-23,,0,
Carteret,Town of Beaufort,3500.0,,2023-03-24,,0,
Carteret,Town of Beaufort,3500.0,,2023-03-25,0.0,0,1140984.34894858
Carteret,Town of Beaufort,3500.0,,2023-03-26,,0,
Carteret,Town of Beaufort,3500.0,,2023-03-27,,0,
Carteret,Town of Beaufort,3500.0,,2023-03-28,,0,
Carteret,Town of Beaufort,3500.0,,2023-03-29,2847.1227517003913,0,2802149.60071452
Carteret,Town of Beaufort,3500.0,,2023-03-30,,0,
Carteret,Town of Beaufort,3500.0,,2023-03-31,,0,
Carteret,Town of Beaufort,3500.0,,2023-04-01,0.0,0,1397408.94351969
Carteret,Town of Beaufort,3500.0,,2023-04-02,,0,
Carteret,Town of Beaufort,3500.0,,2023-04-03,,0,
Carteret,Town of Beaufort,3500.0,,2023-04-04,0.0,0,1782079.36877682
Carteret,Town of Beaufort,3500.0,,2023-04-05,,0,
Carteret,Town of Beaufort,3500.0,,2023-04-06,,0,
Carteret,Town of Beaufort,3500.0,,2023-04-07,,0,
Carteret,Town of Beaufort,3500.0,,2023-04-08,0.0,0,234577.015596644
Carteret,Town of Beaufort,3500.0,,2023-04-09,,0,
Carteret,Town of Beaufort,3500.0,,2023-04-10,,0,
Carteret,Town of Beaufort,3500.0,,2023-04-11,,0,
Carteret,Town of Beaufort,3500.0,,2023-04-12,5625.415197365435,0,6935905.49269773
Carteret,Town of Beaufort,3500.0,5.710000000000001,2023-04-13,,0,
Carteret,Town of Beaufort,3500.0,5.710000000000001,2023-04-14,,0,
Carteret,Town of Beaufort,3500.0,,2023-04-15,,0,
Carteret,Town of Beaufort,3500.0,,2023-04-16,,0,
Carteret,Town of Beaufort,3500.0,,2023-04-17,,0,
Carteret,Town of Beaufort,3500.0,,2023-04-18,,0,
Carteret,Town of Beaufort,3500.0,,2023-04-19,6506.369041427805,0,6685071.11455706
Carteret,Town of Beaufort,3500.0,,2023-04-20,,0,
Carteret,Town of Beaufort,3500.0,,2023-04-21,,0,
Carteret,Town of Beaufort,3500.0,,2023-04-22,2857.790891055535,0,2689016.29312326
Carteret,Town of Beaufort,3500.0,,2023-04-23,,0,
Carteret,Town of Beaufort,3500.0,,2023-04-24,,0,
Carteret,Town of Beaufort,3500.0,,2023-04-25,,0,
Carteret,Town of Beaufort,3500.0,,2023-04-26,15625.472584373258,0,15547648.8020616
Carteret,Town of Beaufort,3500.0,,2023-04-27,,0,
Carteret,Town of Beaufort,3500.0,,2023-04-28,,0,
Carteret,Town of Beaufort,3500.0,,2023-04-29,0.0,0,715054.230365513
Carteret,Town of Beaufort,3500.0,,2023-04-30,,0,
Carteret,Town of Beaufort,3500.0,,2023-05-01,,0,
Carteret,Town of Beaufort,3500.0,,2023-05-02,,0,
Carteret,Town of Beaufort,3500.0,,2023-05-03,47511.1602228624,0,58065452.2501754
Carteret,Town of Beaufort,3500.0,,2023-05-04,,0,
Carteret,Town of Beaufort,3500.0,,2023-05-05,,0,
Carteret,Town of Beaufort,3500.0,,2023-05-06,4860.162615900833,0,4888520.97045566
Carteret,Town of Beaufort,3500.0,,2023-05-07,,0,
Carteret,Town of Beaufort,3500.0,5.710000000000001,2023-05-08,,0,
Carteret,Town of Beaufort,3500.0,,2023-05-09,,0,
Carteret,Town of Beaufort,3500.0,,2023-05-10,0.0,0,1146866.49470836
Carteret,Town of Beaufort,3500.0,,2023-05-11,,0,
Carteret,Town of Beaufort,3500.0,,2023-05-12,,0,
Carteret,Town of Beaufort,3500.0,,2023-05-13,22059.033641571878,0,24812101.8813366
Carteret,Town of Beaufort,3500.0,,2023-05-14,,0,
Carteret,Town of Beaufort,3500.0,,2023-05-15,,0,
Carteret,Town of Beaufort,3500.0,,2023-05-16,,0,
Carteret,Town of Beaufort,3500.0,,2023-05-17,2243.4608536812048,0,2159495.16480488
Carteret,Town of Beaufort,3500.0,,2023-05-18,,0,
Carteret,Town of Beaufort,3500.0,,2023-05-19,,0,
Carteret,Town of Beaufort,3500.0,,2023-05-20,0.0,0,269924.237124906
Carteret,Town of Beaufort,3500.0,,2023-05-21,,0,
Carteret,Town of Beaufort,3500.0,,2023-05-22,,0,
Carteret,Town of Beaufort,3500.0,,2023-05-23,,0,
Carteret,Town of Beaufort,3500.0,,2023-05-24,0.0,0,1031158.27259172
Carteret,Town of Beaufort,3500.0,,2023-05-25,,0,
Carteret,Town of Beaufort,3500.0,,2023-05-26,,0,
Carteret,Town of Beaufort,3500.0,,2023-05-27,10060.48873415205,0,9031105.2757243
Carteret,Town of Beaufort,3500.0,,2023-05-28,,0,
Carteret,Town of Beaufort,3500.0,,2023-05-29,,0,
Carteret,Town of Beaufort,3500.0,,2023-05-30,,0,
Carteret,Town of Beaufort,3500.0,,2023-05-31,,0,
Carteret,Town of Beaufort,3500.0,,2023-06-01,5031.652621107702,0,5659625.87006249
Carteret,Town of Beaufort,3500.0,,2023-06-02,,0,
Carteret,Town of Beaufort,3500.0,,2023-06-03,3767.513095664037,0,3993232.34025145
Carteret,Town of Beaufort,3500.0,,2023-06-04,,0,
Carteret,Town of Beaufort,3500.0,,2023-06-05,,0,
Carteret,Town of Beaufort,3500.0,,2023-06-06,,0,
Carteret,Town of Beaufort,3500.0,,2023-06-07,0.0,0,295631.307327278
Carteret,Town of Beaufort,3500.0,,2023-06-08,,0,
Carteret,Town of Beaufort,3500.0,,2023-06-09,,0,
Carteret,Town of Beaufort,3500.0,,2023-06-10,3039.910475326536,0,2827502.3764111106
Carteret,Town of Beaufort,3500.0,,2023-06-11,,0,
Carteret,Town of Beaufort,3500.0,,2023-06-12,,0,
Carteret,Town of Beaufort,3500.0,,2023-06-13,,0,
Carteret,Town of Beaufort,3500.0,,2023-06-14,0.0,0,289204.539776685
Carteret,Town of Beaufort,3500.0,,2023-06-15,,0,
Carteret,Town of Beaufort,3500.0,,2023-06-16,,0,
Carteret,Town of Beaufort,3500.0,,2023-06-17,2790.7921907587456,0,2595790.76932925
Carteret,Town of Beaufort,3500.0,,2023-06-18,,0,
Carteret,Town of Beaufort,3500.0,,2023-06-19,,0,
Carteret,Town of Beaufort,3500.0,,2023-06-20,,0,
Carteret,Town of Beaufort,3500.0,,2023-06-21,0.0,0,946238.865446915
Carteret,Town of Beaufort,3500.0,,2023-06-22,,0,
Carteret,Town of Beaufort,3500.0,,2023-06-23,,0,
Carteret,Town of Beaufort,3500.0,,2023-06-24,0.0,0,1115263.83816233
Carteret,Town of Beaufort,3500.0,,2023-06-25,,0,
Carteret,Town of Beaufort,3500.0,,2023-06-26,,0,
Carteret,Town of Beaufort,3500.0,,2023-06-27,,0,
Carteret,Town of Beaufort,3500.0,,2023-06-28,0.0,0,2274422.14931653
Carteret,Town of Beaufort,3500.0,,2023-06-29,,0,
Carteret,Town of Beaufort,3500.0,,2023-06-30,,0,
Carteret,Town of Beaufort,3500.0,,2023-07-01,14229.827827489702,0,12658367.5401662
Carteret,Town of Beaufort,3500.0,,2023-07-02,,0,
Carteret,Town of Beaufort,3500.0,,2023-07-03,,0,
Carteret,Town of Beaufort,3500.0,,2023-07-04,,0,
Carteret,Town of Beaufort,3500.0,,2023-07-05,,0,
Carteret,Town of Beaufort,3500.0,,2023-07-06,23625.071428463474,0,22447221.1039296
Carteret,Town of Beaufort,3500.0,,2023-07-07,,0,
Carteret,Town of Beaufort,3500.0,,2023-07-08,0.0,0,3323652.11439222
Carteret,Town of Beaufort,3500.0,,2023-07-09,,0,
Carteret,Town of Beaufort,3500.0,,2023-07-10,,0,
Carteret,Town of Beaufort,3500.0,,2023-07-11,,0,
Carteret,Town of Beaufort,3500.0,,2023-07-12,0.0,0,2325372.11265
Carteret,Town of Beaufort,3500.0,,2023-07-13,,0,
Carteret,Town of Beaufort,3500.0,,2023-07-14,,0,
Carteret,Town of Beaufort,3500.0,,2023-07-15,0.0,0,4389398.11057016
Carteret,Town of Beaufort,3500.0,,2023-07-16,,0,
Carteret,Town of Beaufort,3500.0,,2023-07-17,,0,
Carteret,Town of Beaufort,3500.0,,2023-07-18,,0,
Carteret,Town of Beaufort,3500.0,,2023-07-19,7598.473530913953,0,7211451.01173428
Carteret,Town of Beaufort,3500.0,,2023-07-20,,0,
Carteret,Town of Beaufort,3500.0,,2023-07-21,,0,
Carteret,Town of Beaufort,3500.0,,2023-07-22,0.0,0,1999261.38962404
Carteret,Town of Beaufort,3500.0,,2023-07-23,,0,
Carteret,Town of Beaufort,3500.0,,2023-07-24,,0,
Carteret,Town of Beaufort,3500.0,,2023-07-25,,0,
Carteret,Town of Beaufort,3500.0,,2023-07-26,6460.0000000000055,0,6107705.82471085
Carteret,Town of Beaufort,3500.0,,2023-07-27,,0,
Carteret,Town of Beaufort,3500.0,,2023-07-28,,0,
Carteret,Town of Beaufort,3500.0,,2023-07-29,9238.65791119035,0,7878565.631244769
Carteret,Town of Beaufort,3500.0,,2023-07-30,,0,
Carteret,Town of Beaufort,3500.0,,2023-07-31,,0,
Carteret,Town of Beaufort,3500.0,,2023-08-01,,0,
Carteret,Town of Beaufort,3500.0,,2023-08-02,12368.184992148223,0,10009694.1591545
Carteret,Town of Beaufort,3500.0,,2023-08-03,,0,
Carteret,Town of Beaufort,3500.0,,2023-08-04,,0,
Carteret,Town of Beaufort,3500.0,,2023-08-05,0.0,0,4171331.93086446
Carteret,Town of Beaufort,3500.0,,2023-08-06,,0,
Carteret,Town of Beaufort,3500.0,,2023-08-07,,0,
Carteret,Town of Beaufort,3500.0,,2023-08-08,,0,
Carteret,Town of Beaufort,3500.0,,2023-08-09,47899.511479763576,0,54993891.6913931
Carteret,Town of Beaufort,3500.0,,2023-08-10,,0,
Carteret,Town of Beaufort,3500.0,,2023-08-11,,0,
Carteret,Town of Beaufort,3500.0,,2023-08-12,34011.762671170145,0,24486900.4443857
Carteret,Town of Beaufort,3500.0,,2023-08-13,,0,
Carteret,Town of Beaufort,3500.0,,2023-08-14,,0,
Carteret,Town of Beaufort,3500.0,,2023-08-15,,0,
Carteret,Town of Beaufort,3500.0,,2023-08-16,0.0,0,2474264.16064858
Carteret,Town of Beaufort,3500.0,,2023-08-17,,0,
Carteret,Town of Beaufort,3500.0,,2023-08-18,,0,
Carteret,Town of Beaufort,3500.0,,2023-08-19,14338.800507713328,0,13458129.7006004
Carteret,Town of Beaufort,3500.0,,2023-08-20,,0,
Carteret,Town of Beaufort,3500.0,,2023-08-21,,0,
Carteret,Town of Beaufort,3500.0,,2023-08-22,,0,
Carteret,Town of Beaufort,3500.0,,2023-08-23,8283.718971573091,0,5894470.78248024
Carteret,Town of Beaufort,3500.0,,2023-08-24,,0,
Carteret,Town of Beaufort,3500.0,,2023-08-25,,0,
Carteret,Town of Beaufort,3500.0,,2023-08-26,26501.788618883813,0,15517018.9851509
Carteret,Town of Beaufort,3500.0,,2023-08-27,,0,
Carteret,Town of Beaufort,3500.0,,2023-08-28,,0,
Carteret,Town of Beaufort,3500.0,,2023-08-29,,0,
Carteret,Town of Beaufort,3500.0,,2023-08-30,16857.99513583987,0,9087131.64905424
Carteret,Town of Beaufort,3500.0,,2023-08-31,,0,
Carteret,Town of Beaufort,3500.0,,2023-09-01,,0,
Carteret,Town of Beaufort,3500.0,,2023-09-02,5395.331315127931,0,11814094.524072
Carteret,Town of Beaufort,3500.0,,2023-09-03,,0,
Carteret,Town of Beaufort,3500.0,,2023-09-04,,0,
Carteret,Town of Beaufort,3500.0,,2023-09-05,,0,
Carteret,Town of Beaufort,3500.0,,2023-09-06,,0,
Carteret,Town of Beaufort,3500.0,,2023-09-07,92038.4158924957,0,95471067.5190552
Carteret,Town of Beaufort,3500.0,,2023-09-08,,0,
Carteret,Town of Beaufort,3500.0,,2023-09-09,24952.114138886125,0,14573671.2448883
Carteret,Town of Beaufort,3500.0,,2023-09-10,,0,
Carteret,Town of Beaufort,3500.0,,2023-09-11,,0,
Carteret,Town of Beaufort,3500.0,,2023-09-12,,0,
Carteret,Town of Beaufort,3500.0,,2023-09-13,0.0,0,4074013.39505199
Carteret,Town of Beaufort,3500.0,,2023-09-14,,0,
Carteret,Town of Beaufort,3500.0,,2023-09-15,,0,
Carteret,Town of Beaufort,3500.0,,2023-09-16,25394.96012991558,0,20232361.0458012
Carteret,Town of Beaufort,3500.0,,2023-09-17,,0,
Carteret,Town of Beaufort,3500.0,,2023-09-18,,0,
Carteret,Town of Beaufort,3500.0,,2023-09-19,,0,
Carteret,Town of Beaufort,3500.0,,2023-09-20,61300.40782898599,0,45197366.705972
Carteret,Town of Beaufort,3500.0,,2023-09-21,,0,
Carteret,Town of Beaufort,3500.0,,2023-09-22,,0,
Carteret,Town of Beaufort,3500.0,,2023-09-23,94806.12216518514,0,62985331.882823
Carteret,Town of Beaufort,3500.0,,2023-09-24,,0,
Carteret,Town of Beaufort,3500.0,,2023-09-25,,0,
Carteret,Town of Beaufort,3500.0,,2023-09-26,,0,
Carteret,Town of Beaufort,3500.0,,2023-09-27,72954.64618514704,0,98616846.0239264
Carteret,Town of Beaufort,3500.0,,2023-09-28,,0,
Carteret,Town of Beaufort,3500.0,,2023-09-29,,0,
Carteret,Town of Beaufort,3500.0,,2023-09-30,15397.80503838127,0,21099507.0638872
Carteret,Town of Beaufort,3500.0,,2023-10-01,,0,
Carteret,Town of Beaufort,3500.0,,2023-10-02,,0,
Carteret,Town of Beaufort,3500.0,,2023-10-03,,0,
Carteret,Town of Beaufort,3500.0,,2023-10-04,38694.96091224285,0,43070612.1223111
Carteret,Town of Beaufort,3500.0,,2023-10-05,,0,
Carteret,Town of Beaufort,3500.0,,2023-10-06,,0,
Carteret,Town of Beaufort,3500.0,,2023-10-07,19394.669370731775,0,15786033.3403617
Carteret,Town of Beaufort,3500.0,,2023-10-08,,0,
Carteret,Town of Beaufort,3500.0,,2023-10-09,,0,
Carteret,Town of Beaufort,3500.0,,2023-10-10,,0,
Carteret,Town of Beaufort,3500.0,,2023-10-11,8999.733329382618,0,6419404.75438929
Carteret,Town of Beaufort,3500.0,,2023-10-12,,0,
Carteret,Town of Beaufort,3500.0,,2023-10-13,,0,
Carteret,Town of Beaufort,3500.0,,2023-10-14,24188.30295824825,0,16169658.5895429
Carteret,Town of Beaufort,3500.0,,2023-10-15,,0,
Carteret,Town of Beaufort,3500.0,,2023-10-16,,0,
Carteret,Town of Beaufort,3500.0,,2023-10-17,,0,
Carteret,Town of Beaufort,3500.0,,2023-10-18,75182.41815743883,0,54511426.9912697
Carteret,Town of Beaufort,3500.0,,2023-10-19,,0,
Carteret,Town of Beaufort,3500.0,,2023-10-20,,0,
Carteret,Town of Beaufort,3500.0,,2023-10-21,20681.24754457528,0,16500619.5056077
Carteret,Town of Beaufort,3500.0,,2023-10-22,,0,
Carteret,Town of Beaufort,3500.0,,2023-10-23,,0,
Carteret,Town of Beaufort,3500.0,,2023-10-24,,0,
Carteret,Town of Beaufort,3500.0,,2023-10-25,15191.365968865332,0,9142536.57576061
Carteret,Town of Beaufort,3500.0,,2023-10-26,,0,
Carteret,Town of Beaufort,3500.0,,2023-10-27,,0,
Carteret,Town of Beaufort,3500.0,,2023-10-28,28372.846173762693,0,17305622.9789942
Carteret,Town of Beaufort,3500.0,,2023-10-29,,0,
Carteret,Town of Beaufort,3500.0,,2023-10-30,,0,
Carteret,Town of Beaufort,3500.0,,2023-10-31,,0,
Carteret,Town of Beaufort,3500.0,,2023-11-01,17690.675509996792,0,11016527.5626387
Carteret,Town of Beaufort,3500.0,,2023-11-02,,0,
Carteret,Town of Beaufort,3500.0,,2023-11-03,,0,
Carteret,Town of Beaufort,3500.0,,2023-11-04,22588.315563582903,0,15156515.5312038
Carteret,Town of Beaufort,3500.0,,2023-11-05,,0,
Carteret,Town of Beaufort,3500.0,,2023-11-06,,0,
Carteret,Town of Beaufort,3500.0,,2023-11-07,,0,
Carteret,Town of Beaufort,3500.0,,2023-11-08,27689.18922612221,0,18579146.6110364
Carteret,Town of Beaufort,3500.0,,2023-11-09,,0,
Carteret,Town of Beaufort,3500.0,,2023-11-10,37106.57084668425,0,23586984.0979543
Carteret,Town of Beaufort,3500.0,,2023-11-11,,0,
Carteret,Town of Beaufort,3500.0,,2023-11-12,,0,
Carteret,Town of Beaufort,3500.0,,2023-11-13,,0,
Carteret,Town of Beaufort,3500.0,,2023-11-14,,0,
Carteret,Town of Beaufort,3500.0,,2023-11-15,6238.3651704593385,0,3839886.38332915
Carteret,Town of Beaufort,3500.0,,2023-11-16,,0,
Carteret,Town of Beaufort,3500.0,,2023-11-17,,0,
Carteret,Town of Beaufort,3500.0,,2023-11-18,0.0,0,1223883.81234468
Carteret,Town of Beaufort,3500.0,,2023-11-19,,0,
Carteret,Town of Beaufort,3500.0,,2023-11-20,,0,
Carteret,Town of Beaufort,3500.0,,2023-11-21,,0,
Carteret,Town of Beaufort,3500.0,,2023-11-22,6473.175418602528,0,4112467.18275326
Carteret,Town of Beaufort,3500.0,,2023-11-23,35284.94578316659,0,10381189.8642376
Carteret,Town of Beaufort,3500.0,,2023-11-24,,0,
Carteret,Town of Beaufort,3500.0,,2023-11-25,,0,
Carteret,Town of Beaufort,3500.0,,2023-11-26,,0,
Carteret,Town of Beaufort,3500.0,,2023-11-27,,0,
Carteret,Town of Beaufort,3500.0,,2023-11-28,,0,
Carteret,Town of Beaufort,3500.0,,2023-11-29,35284.94578316659,0,50176684.4204752
Carteret,Town of Beaufort,3500.0,,2023-11-30,,0,
Carteret,Town of Beaufort,3500.0,,2023-12-01,,0,
Carteret,Town of Beaufort,3500.0,,2023-12-02,26268.8104032139,0,16008374.3051821
Carteret,Town of Beaufort,3500.0,,2023-12-03,,0,
Carteret,Town of Beaufort,3500.0,,2023-12-04,,0,
Carteret,Town of Beaufort,3500.0,,2023-12-05,,0,
Carteret,Town of Beaufort,3500.0,,2023-12-06,53250.577461657645,0,36499425.397551
Carteret,Town of Beaufort,3500.0,,2023-12-07,,0,
Carteret,Town of Beaufort,3500.0,,2023-12-08,,0,
Carteret,Town of Beaufort,3500.0,,2023-12-09,19841.93538947248,0,13474029.6057568
Carteret,Town of Beaufort,3500.0,,2023-12-10,,0,
Carteret,Town of Beaufort,3500.0,,2023-12-11,,0,
Carteret,Town of Beaufort,3500.0,,2023-12-12,,0,
Carteret,Town of Beaufort,3500.0,,2023-12-13,21575.578787138,0,25079897.9295108
Carteret,Town of Beaufort,3500.0,,2023-12-14,,0,
Carteret,Town of Beaufort,3500.0,,2023-12-15,,0,
Carteret,Town of Beaufort,3500.0,,2023-12-16,110480.92142990121,0,93795948.6715678
Carteret,Town of Beaufort,3500.0,,2023-12-17,,0,
Carteret,Town of Beaufort,3500.0,,2023-12-18,,0,
Carteret,Town of Beaufort,3500.0,,2023-12-19,,0,
Carteret,Town of Beaufort,3500.0,,2023-12-20,39618.21803160759,0,52928981.0953259
Carteret,Town of Beaufort,3500.0,,2023-12-21,,0,
Carteret,Town of Beaufort,3500.0,,2023-12-22,,0,
Carteret,Town of Beaufort,3500.0,,2023-12-23,,0,
Carteret,Town of Beaufort,3500.0,,2023-12-24,,0,
Carteret,Town of Beaufort,3500.0,,2023-12-25,,0,
Carteret,Town of Beaufort,3500.0,,2023-12-26,,0,
Carteret,Town of Beaufort,3500.0,,2023-12-27,,0,
Carteret,Town of Beaufort,3500.0,,2023-12-28,,0,
Carteret,Town of Beaufort,3500.0,,2023-12-29,,0,
Carteret,Town of Beaufort,3500.0,,2023-12-30,213064.3095405707,0,299620333.124442
Carteret,Town of Beaufort,3500.0,,2023-12-31,,0,
Carteret,Town of Beaufort,3500.0,,2024-01-01,,0,
Carteret,Town of Beaufort,3500.0,,2024-01-02,,0,
Carteret,Town of Beaufort,3500.0,,2024-01-03,,0,
Carteret,Town of Beaufort,3500.0,,2024-01-04,,0,
Carteret,Town of Beaufort,3500.0,,2024-01-05,,0,
Carteret,Town of Beaufort,3500.0,,2024-01-06,172952.9647042802,0,195099453.472292
Carteret,Town of Beaufort,3500.0,,2024-01-07,,0,
Carteret,Town of Beaufort,3500.0,,2024-01-08,,0,
Carteret,Town of Beaufort,3500.0,,2024-01-09,,0,
Carteret,Town of Beaufort,3500.0,,2024-01-10,58427.80160163482,0,47842161.1064049
Carteret,Town of Beaufort,3500.0,,2024-01-11,,0,
Carteret,Town of Beaufort,3500.0,,2024-01-12,,0,
Carteret,Town of Beaufort,3500.0,,2024-01-13,91360.29334453784,0,128178402.499152
Carteret,Town of Beaufort,3500.0,,2024-01-14,,0,
Carteret,Town of Beaufort,3500.0,,2024-01-15,,0,
Carteret,Town of Beaufort,3500.0,,2024-01-16,,0,
Carteret,Town of Beaufort,3500.0,,2024-01-17,179746.37687586376,0,170600656.486092
Carteret,Town of Beaufort,3500.0,,2024-01-18,,0,
Carteret,Town of Beaufort,3500.0,,2024-01-19,,0,
Carteret,Town of Beaufort,3500.0,,2024-01-20,17021.750791267037,0,24056944.7123132
Carteret,Town of Beaufort,3500.0,,2024-01-21,,0,
Carteret,Town of Beaufort,3500.0,,2024-01-22,,0,
Carteret,Town of Beaufort,3500.0,,2024-01-23,,0,
Carteret,Town of Beaufort,3500.0,,2024-01-24,16696.82604568905,0,13207503.5505368
Carteret,Town of Beaufort,3500.0,,2024-01-25,,0,
Carteret,Town of Beaufort,3500.0,,2024-01-26,,0,
Carteret,Town of Beaufort,3500.0,,2024-01-27,181515.6191626495,0,258942019.280734
Carteret,Town of Beaufort,3500.0,,2024-01-28,,0,
Carteret,Town of Beaufort,3500.0,,2024-01-29,,0,
Carteret,Town of Beaufort,3500.0,,2024-01-30,,0,
Carteret,Town of Beaufort,3500.0,,2024-01-31,81521.7762318756,0,61880737.8520332
Carteret,Town of Beaufort,3500.0,,2024-02-01,,0,
Carteret,Town of Beaufort,3500.0,,2024-02-02,,0,
Carteret,Town of Beaufort,3500.0,,2024-02-03,46440.32299629281,0,34435265.7875084
Carteret,Town of Beaufort,3500.0,,2024-02-04,,0,
Carteret,Town of Beaufort,3500.0,,2024-02-05,,0,
Carteret,Town of Beaufort,3500.0,,2024-02-06,,0,
Carteret,Town of Beaufort,3500.0,,2024-02-07,43500.77700455481,0,31544242.1538103
Carteret,Town of Beaufort,3500.0,,2024-02-08,,0,
Carteret,Town of Beaufort,3500.0,,2024-02-09,,0,
Carteret,Town of Beaufort,3500.0,,2024-02-10,28936.30937075425,0,27255876.3108811
Carteret,Town of Beaufort,3500.0,,2024-02-11,,0,
Carteret,Town of Beaufort,3500.0,,2024-02-12,,0,
Carteret,Town of Beaufort,3500.0,,2024-02-13,,0,
Carteret,Town of Beaufort,3500.0,,2024-02-14,67376.55378542305,0,71650047.4248932
Carteret,Town of Beaufort,3500.0,,2024-02-15,,0,
Carteret,Town of Beaufort,3500.0,,2024-02-16,,0,
Carteret,Town of Beaufort,3500.0,,2024-02-17,23375.029411746233,0,18825821.0186822
Carteret,Town of Beaufort,3500.0,,2024-02-18,,0,
Carteret,Town of Beaufort,3500.0,,2024-02-19,,0,
Carteret,Town of Beaufort,3500.0,,2024-02-20,,0,
Carteret,Town of Beaufort,3500.0,,2024-02-21,83668.22096829845,0,57657096.94759941
Carteret,Town of Beaufort,3500.0,,2024-02-22,,0,
Carteret,Town of Beaufort,3500.0,,2024-02-23,,0,
Carteret,Town of Beaufort,3500.0,,2024-02-24,135568.3768435691,0,95304956.2592487
Carteret,Town of Beaufort,3500.0,,2024-02-25,,0,
Carteret,Town of Beaufort,3500.0,,2024-02-26,,0,
Carteret,Town of Beaufort,3500.0,,2024-02-27,,0,
Carteret,Town of Beaufort,3500.0,,2024-02-28,25532.387275771944,0,17120910.0720281
Carteret,Town of Beaufort,3500.0,,2024-02-29,,0,
Carteret,Town of Beaufort,3500.0,,2024-03-01,,0,
Carteret,Town of Beaufort,3500.0,,2024-03-02,40307.69653552532,0,23185735.5035764
Carteret,Town of Beaufort,3500.0,,2024-03-03,,0,
Carteret,Town of Beaufort,3500.0,,2024-03-04,,0,
Carteret,Town of Beaufort,3500.0,,2024-03-05,,0,
Carteret,Town of Beaufort,3500.0,,2024-03-06,29010.032747310026,0,86654369.7136146
Carteret,Town of Beaufort,3500.0,,2024-03-07,,0,
Carteret,Town of Beaufort,3500.0,,2024-03-08,,0,
Carteret,Town of Beaufort,3500.0,,2024-03-09,47846.4544140943,0,59242135.0694133
Carteret,Town of Beaufort,3500.0,,2024-03-10,,0,
Carteret,Town of Beaufort,3500.0,,2024-03-11,,0,
Carteret,Town of Beaufort,3500.0,,2024-03-12,,0,
Carteret,Town of Beaufort,3500.0,,2024-03-13,13245.37655183876,0,11035461.2982686
Carteret,Town of Beaufort,3500.0,,2024-03-14,,0,
Carteret,Town of Beaufort,3500.0,,2024-03-15,,0,
Carteret,Town of Beaufort,3500.0,,2024-03-16,16272.615032624592,0,12467683.4408717
Carteret,Town of Beaufort,3500.0,,2024-03-17,,0,
Carteret,Town of Beaufort,3500.0,,2024-03-18,,0,
Carteret,Town of Beaufort,3500.0,,2024-03-19,,0,
Carteret,Town of Beaufort,3500.0,,2024-03-20,14366.62799685438,0,9019414.77514022
Carteret,Town of Beaufort,3500.0,,2024-03-21,,0,
Carteret,Town of Beaufort,3500.0,,2024-03-22,,0,
Carteret,Town of Beaufort,3500.0,,2024-03-23,34843.93777976305,0,21605308.9034344
Carteret,Town of Beaufort,3500.0,,2024-03-24,,0,
Carteret,Town of Beaufort,3500.0,,2024-03-25,,0,
Carteret,Town of Beaufort,3500.0,,2024-03-26,,0,
Carteret,Town of Beaufort,3500.0,,2024-03-27,98805.08084101746,0,96642723.1213448
Carteret,Town of Beaufort,3500.0,,2024-03-28,,0,
Carteret,Town of Beaufort,3500.0,,2024-03-29,61770.51723921367,0,53412565.630822
Carteret,Town of Beaufort,3500.0,,2024-03-30,,0,
Carteret,Town of Beaufort,3500.0,,2024-03-31,,0,
Carteret,Town of Beaufort,3500.0,,2024-04-01,,0,
Carteret,Town of Beaufort,3500.0,,2024-04-02,,0,
Carteret,Town of Beaufort,3500.0,,2024-04-03,,0,
Carteret,Town of Beaufort,3500.0,,2024-04-04,,0,
Carteret,Town of Beaufort,3500.0,,2024-04-05,,0,
Carteret,Town of Beaufort,3500.0,,2024-04-06,87581.4500907583,0,74372782.7293228
Carteret,Town of Beaufort,3500.0,,2024-04-07,,0,
Carteret,Town of Beaufort,3500.0,,2024-04-08,,0,
Carteret,Town of Beaufort,3500.0,,2024-04-09,,0,
Carteret,Town of Beaufort,3500.0,,2024-04-10,38068.04959542846,0,26226708.6788134
Carteret,Town of Beaufort,3500.0,,2024-04-11,,0,
Carteret,Town of Beaufort,3500.0,,2024-04-12,,0,
Carteret,Town of Beaufort,3500.0,,2024-04-13,7670.984291471333,0,9063343.60257902
Carteret,Town of Beaufort,3500.0,,2024-04-14,,0,
Carteret,Town of Beaufort,3500.0,,2024-04-15,,0,
Carteret,Town of Beaufort,3500.0,,2024-04-16,,0,
Carteret,Town of Beaufort,3500.0,,2024-04-17,9035.529868247908,0,6164668.0770031
Carteret,Town of Beaufort,3500.0,,2024-04-18,,0,
Carteret,Town of Beaufort,3500.0,,2024-04-19,,0,
Carteret,Town of Beaufort,3500.0,,2024-04-20,0.0,0,2712325.63161097
Carteret,Town of Beaufort,3500.0,,2024-04-21,,0,
Carteret,Town of Beaufort,3500.0,,2024-04-22,,0,
Carteret,Town of Beaufort,3500.0,,2024-04-23,,0,
Carteret,Town of Beaufort,3500.0,,2024-04-24,0.0,0,5781029.40768742
Carteret,Town of Beaufort,3500.0,,2024-04-25,,0,
Carteret,Town of Beaufort,3500.0,,2024-04-26,0.0,0,2631079.71818155
Carteret,Town of Beaufort,3500.0,,2024-04-27,,0,
Carteret,Town of Beaufort,3500.0,,2024-04-28,,0,
Carteret,Town of Beaufort,3500.0,,2024-04-29,,0,
Carteret,Town of Beaufort,3500.0,,2024-04-30,,0,
Carteret,Town of Beaufort,3500.0,,2024-05-01,,0,
Carteret,Town of Beaufort,3500.0,,2024-05-02,,0,
Carteret,Town of Beaufort,3500.0,,2024-05-03,,0,
Carteret,Town of Beaufort,3500.0,,2024-05-04,25722.876977507814,0,17889347.8639167
Carteret,Town of Beaufort,3500.0,,2024-05-05,,0,
Carteret,Town of Beaufort,3500.0,,2024-05-06,,0,
Carteret,Town of Beaufort,3500.0,,2024-05-07,,0,
Carteret,Town of Beaufort,3500.0,,2024-05-08,0.0,0,2298199.19602656
Carteret,Town of Beaufort,3500.0,,2024-05-09,,0,
Carteret,Town of Beaufort,3500.0,,2024-05-10,,0,
Carteret,Town of Beaufort,3500.0,,2024-05-11,14488.7266521251,0,10530736.2511309
Carteret,Town of Beaufort,3500.0,,2024-05-12,,0,
Carteret,Town of Beaufort,3500.0,,2024-05-13,,0,
Carteret,Town of Beaufort,3500.0,,2024-05-14,,0,
Carteret,Town of Beaufort,3500.0,,2024-05-15,,0,
Catawba,Henry Fork,24841.0,0.81,2022-12-03,2482.0,0,1221272.35140292
Catawba,Henry Fork,24841.0,0.81,2022-12-04,,0,
Catawba,Henry Fork,24841.0,0.81,2022-12-05,,0,
Catawba,Henry Fork,24841.0,0.81,2022-12-06,22748.0,0,6971046.71596153
Catawba,Henry Fork,24841.0,0.81,2022-12-07,,0,
Catawba,Henry Fork,24841.0,0.81,2022-12-08,,0,
Catawba,Henry Fork,24841.0,0.81,2022-12-09,,0,
Catawba,Henry Fork,24841.0,2.8200000000000003,2022-12-10,87889.99999999997,0,36697183.2228977
Catawba,Henry Fork,24841.0,0.81,2022-12-11,,0,
Catawba,Henry Fork,24841.0,0.81,2022-12-12,,0,
Catawba,Henry Fork,24841.0,3.2200000000000006,2022-12-13,32054.00000000002,0,10941401.4727265
Catawba,Henry Fork,24841.0,0.81,2022-12-14,,0,
Catawba,Henry Fork,24841.0,0.81,2022-12-15,,0,
Catawba,Henry Fork,24841.0,4.43,2022-12-16,,0,
Catawba,Henry Fork,24841.0,0.81,2022-12-17,2585.0,0,2386735.00587738
Catawba,Henry Fork,24841.0,2.42,2022-12-18,,0,
Catawba,Henry Fork,24841.0,0.81,2022-12-19,,0,
Catawba,Henry Fork,24841.0,5.23,2022-12-20,25849.999999999996,0,9840013.27724327
Catawba,Henry Fork,24841.0,2.42,2022-12-21,,0,
Catawba,Henry Fork,24841.0,2.0100000000000002,2022-12-22,,0,
Catawba,Henry Fork,24841.0,4.03,2022-12-23,,0,
Catawba,Henry Fork,24841.0,3.2200000000000006,2022-12-24,,0,
Catawba,Henry Fork,24841.0,0.81,2022-12-25,,0,
Catawba,Henry Fork,24841.0,2.42,2022-12-26,,0,
Catawba,Henry Fork,24841.0,2.8200000000000003,2022-12-27,,0,
Catawba,Henry Fork,24841.0,5.23,2022-12-28,,0,
Catawba,Henry Fork,24841.0,3.6200000000000006,2022-12-29,,0,
Catawba,Henry Fork,24841.0,2.42,2022-12-30,,0,
Catawba,Henry Fork,24841.0,4.83,2022-12-31,37224.000000000015,0,14107222.8781128
Catawba,Henry Fork,24841.0,0.81,2023-01-01,,0,
Catawba,Henry Fork,24841.0,0.81,2023-01-02,,0,
Catawba,Henry Fork,24841.0,2.0100000000000002,2023-01-03,,0,
Catawba,Henry Fork,24841.0,3.6200000000000006,2023-01-04,72380.00000000006,0,22743114.754800495
Catawba,Henry Fork,24841.0,2.8200000000000003,2023-01-05,,0,
Catawba,Henry Fork,24841.0,2.8200000000000003,2023-01-06,,0,
Catawba,Henry Fork,24841.0,5.640000000000001,2023-01-07,46530.00000000006,0,26348230.9082564
Catawba,Henry Fork,24841.0,3.6200000000000006,2023-01-08,,0,
Catawba,Henry Fork,24841.0,0.81,2023-01-09,,0,
Catawba,Henry Fork,24841.0,0.81,2023-01-10,40326.000000000015,0,16628598.2578156
Catawba,Henry Fork,24841.0,0.81,2023-01-11,,0,
Catawba,Henry Fork,24841.0,0.81,2023-01-12,,0,
Catawba,Henry Fork,24841.0,2.8200000000000003,2023-01-13,,0,
Catawba,Henry Fork,24841.0,2.0100000000000002,2023-01-14,13442.000000000013,0,6323291.79870377
Catawba,Henry Fork,24841.0,0.81,2023-01-15,,0,
Catawba,Henry Fork,24841.0,0.81,2023-01-16,,0,
Catawba,Henry Fork,24841.0,0.81,2023-01-17,,0,
Catawba,Henry Fork,24841.0,0.81,2023-01-18,15510.000000000002,0,6071816.03904834
Catawba,Henry Fork,24841.0,0.81,2023-01-19,,0,
Catawba,Henry Fork,24841.0,0.81,2023-01-20,,0,
Catawba,Henry Fork,24841.0,0.81,2023-01-21,19646.000000000025,0,8738782.64802544
Catawba,Henry Fork,24841.0,0.81,2023-01-22,,0,
Catawba,Henry Fork,24841.0,,2023-01-23,,0,
Catawba,Henry Fork,24841.0,0.81,2023-01-24,44462.000000000044,0,19662064.0002254
Catawba,Henry Fork,24841.0,2.0100000000000002,2023-01-25,,0,
Catawba,Henry Fork,24841.0,2.42,2023-01-26,,0,
Catawba,Henry Fork,24841.0,2.0100000000000002,2023-01-27,,0,
Catawba,Henry Fork,24841.0,0.81,2023-01-28,6204.000000000007,0,4303449.84192262
Catawba,Henry Fork,24841.0,0.81,2023-01-29,,0,
Catawba,Henry Fork,24841.0,0.81,2023-01-30,,0,
Catawba,Henry Fork,24841.0,3.6200000000000006,2023-01-31,16544.0,0,5493390.27858783
Catawba,Henry Fork,24841.0,4.83,2023-02-01,,0,
Catawba,Henry Fork,24841.0,2.8200000000000003,2023-02-02,,0,
Catawba,Henry Fork,24841.0,2.8200000000000003,2023-02-03,,0,
Catawba,Henry Fork,24841.0,2.0100000000000002,2023-02-04,65142.00000000002,0,44084362.445908
Catawba,Henry Fork,24841.0,0.81,2023-02-05,,0,
Catawba,Henry Fork,24841.0,0.81,2023-02-06,,0,
Catawba,Henry Fork,24841.0,2.42,2023-02-07,98747.00000000012,0,30742202.5696792
Catawba,Henry Fork,24841.0,2.8200000000000003,2023-02-08,,0,
Catawba,Henry Fork,24841.0,2.0100000000000002,2023-02-09,,0,
Catawba,Henry Fork,24841.0,2.8200000000000003,2023-02-10,,0,
Catawba,Henry Fork,24841.0,3.2200000000000006,2023-02-11,0.0,0,472195.925284811
Catawba,Henry Fork,24841.0,0.81,2023-02-12,,0,
Catawba,Henry Fork,24841.0,0.81,2023-02-13,,0,
Catawba,Henry Fork,24841.0,2.0100000000000002,2023-02-14,6048.999999999999,0,3693564.01079666
Catawba,Henry Fork,24841.0,0.81,2023-02-15,,0,
Catawba,Henry Fork,24841.0,2.42,2023-02-16,,0,
Catawba,Henry Fork,24841.0,2.42,2023-02-17,,0,
Catawba,Henry Fork,24841.0,0.81,2023-02-18,74800.00000000003,0,33397343.3275633
Catawba,Henry Fork,24841.0,0.81,2023-02-19,,0,
Catawba,Henry Fork,24841.0,0.81,2023-02-20,,0,
Catawba,Henry Fork,24841.0,2.42,2023-02-21,59400.000000000065,0,20773603.486172
Catawba,Henry Fork,24841.0,0.81,2023-02-22,,0,
Catawba,Henry Fork,24841.0,0.81,2023-02-23,,0,
Catawba,Henry Fork,24841.0,0.81,2023-02-24,,0,
Catawba,Henry Fork,24841.0,0.81,2023-02-25,161700.0000000001,0,72492886.25900711
Catawba,Henry Fork,24841.0,,2023-02-26,,0,
Catawba,Henry Fork,24841.0,0.81,2023-02-27,,0,
Catawba,Henry Fork,24841.0,2.8200000000000003,2023-02-28,70399.99999999997,0,23408312.5928908
Catawba,Henry Fork,24841.0,2.8200000000000003,2023-03-01,,0,
Catawba,Henry Fork,24841.0,2.0100000000000002,2023-03-02,,0,
Catawba,Henry Fork,24841.0,0.81,2023-03-03,,0,
Catawba,Henry Fork,24841.0,0.81,2023-03-04,34100.00000000001,0,16352863.9982287
Catawba,Henry Fork,24841.0,,2023-03-05,,0,
Catawba,Henry Fork,24841.0,,2023-03-06,,0,
Catawba,Henry Fork,24841.0,0.81,2023-03-07,25409.99999999999,0,10450817.2290165
Catawba,Henry Fork,24841.0,0.81,2023-03-08,,0,
Catawba,Henry Fork,24841.0,,2023-03-09,,0,
Catawba,Henry Fork,24841.0,0.81,2023-03-10,,0,
Catawba,Henry Fork,24841.0,,2023-03-11,46200.00000000003,0,19128209.3780443
Catawba,Henry Fork,24841.0,,2023-03-12,,0,
Catawba,Henry Fork,24841.0,0.81,2023-03-13,,0,
Catawba,Henry Fork,24841.0,0.81,2023-03-14,70399.99999999997,0,24588383.346886095
Catawba,Henry Fork,24841.0,0.81,2023-03-15,,0,
Catawba,Henry Fork,24841.0,0.81,2023-03-16,,0,
Catawba,Henry Fork,24841.0,0.81,2023-03-17,,0,
Catawba,Henry Fork,24841.0,0.81,2023-03-18,57200.00000000004,0,24074784.3709995
Catawba,Henry Fork,24841.0,,2023-03-19,,0,
Catawba,Henry Fork,24841.0,,2023-03-20,,0,
Catawba,Henry Fork,24841.0,0.81,2023-03-21,142999.99999999997,0,43146336.9429572
Catawba,Henry Fork,24841.0,0.81,2023-03-22,,0,
Catawba,Henry Fork,24841.0,0.81,2023-03-23,,0,
Catawba,Henry Fork,24841.0,2.0100000000000002,2023-03-24,,0,
Catawba,Henry Fork,24841.0,0.81,2023-03-25,47300.000000000015,0,20153060.5982046
Catawba,Henry Fork,24841.0,,2023-03-26,,0,
Catawba,Henry Fork,24841.0,,2023-03-27,,0,
Catawba,Henry Fork,24841.0,0.81,2023-03-28,32999.99999999999,0,10816756.4993357
Catawba,Henry Fork,24841.0,0.81,2023-03-29,,0,
Catawba,Henry Fork,24841.0,,2023-03-30,,0,
Catawba,Henry Fork,24841.0,0.81,2023-03-31,,0,
Catawba,Henry Fork,24841.0,0.81,2023-04-01,77000.00000000003,0,29979496.3568294
Catawba,Henry Fork,24841.0,0.81,2023-04-02,,0,
Catawba,Henry Fork,24841.0,,2023-04-03,,0,
Catawba,Henry Fork,24841.0,0.81,2023-04-04,77000.00000000003,0,24969224.362948295
Catawba,Henry Fork,24841.0,0.81,2023-04-05,,0,
Catawba,Henry Fork,24841.0,,2023-04-06,,0,
Catawba,Henry Fork,24841.0,0.81,2023-04-07,117699.99999999994,0,49359141.2648444
Catawba,Henry Fork,24841.0,,2023-04-08,,0,
Catawba,Henry Fork,24841.0,,2023-04-09,,0,
Catawba,Henry Fork,24841.0,0.81,2023-04-10,,0,
Catawba,Henry Fork,24841.0,0.81,2023-04-11,103399.99999999999,0,45867539.8719859
Catawba,Henry Fork,24841.0,0.81,2023-04-12,,0,
Catawba,Henry Fork,24841.0,0.81,2023-04-13,,0,
Catawba,Henry Fork,24841.0,0.81,2023-04-14,,0,
Catawba,Henry Fork,24841.0,,2023-04-15,17599.999999999993,0,7198431.59937201
Catawba,Henry Fork,24841.0,0.81,2023-04-16,,0,
Catawba,Henry Fork,24841.0,,2023-04-17,,0,
Catawba,Henry Fork,24841.0,0.81,2023-04-18,11000.000000000007,0,3778237.89702508
Catawba,Henry Fork,24841.0,0.81,2023-04-19,,0,
Catawba,Henry Fork,24841.0,0.81,2023-04-20,,0,
Catawba,Henry Fork,24841.0,0.81,2023-04-21,,0,
Catawba,Henry Fork,24841.0,0.81,2023-04-22,35199.999999999985,0,14032114.0565999
Catawba,Henry Fork,24841.0,0.81,2023-04-23,,0,
Catawba,Henry Fork,24841.0,,2023-04-24,,0,
Catawba,Henry Fork,24841.0,0.81,2023-04-25,35199.999999999985,0,10261251.6017873
Catawba,Henry Fork,24841.0,0.81,2023-04-26,,0,
Catawba,Henry Fork,24841.0,0.81,2023-04-27,,0,
Catawba,Henry Fork,24841.0,0.81,2023-04-28,,0,
Catawba,Henry Fork,24841.0,,2023-04-29,31899.999999999993,0,15395062.2527273
Catawba,Henry Fork,24841.0,,2023-04-30,,0,
Catawba,Henry Fork,24841.0,0.81,2023-05-01,,0,
Catawba,Henry Fork,24841.0,0.81,2023-05-02,12980.000000000015,0,5538286.60681937
Catawba,Henry Fork,24841.0,,2023-05-03,,0,
Catawba,Henry Fork,24841.0,,2023-05-04,,0,
Catawba,Henry Fork,24841.0,0.81,2023-05-05,,0,
Catawba,Henry Fork,24841.0,,2023-05-06,31899.999999999993,0,12867297.0580894
Catawba,Henry Fork,24841.0,,2023-05-07,,0,
Catawba,Henry Fork,24841.0,,2023-05-08,,0,
Catawba,Henry Fork,24841.0,,2023-05-09,7150.000000000005,0,2463481.51080874
Catawba,Henry Fork,24841.0,,2023-05-10,,0,
Catawba,Henry Fork,24841.0,0.81,2023-05-11,,0,
Catawba,Henry Fork,24841.0,,2023-05-12,,0,
Catawba,Henry Fork,24841.0,,2023-05-13,26400.00000000002,0,9280988.28227527
Catawba,Henry Fork,24841.0,0.81,2023-05-14,,0,
Catawba,Henry Fork,24841.0,0.81,2023-05-15,,0,
Catawba,Henry Fork,24841.0,,2023-05-16,36300.00000000002,0,12269048.120446
Catawba,Henry Fork,24841.0,0.81,2023-05-17,,0,
Catawba,Henry Fork,24841.0,,2023-05-18,,0,
Catawba,Henry Fork,24841.0,0.81,2023-05-19,,0,
Catawba,Henry Fork,24841.0,,2023-05-20,9790.0,0,3789301.0603437894
Catawba,Henry Fork,24841.0,,2023-05-21,,0,
Catawba,Henry Fork,24841.0,,2023-05-22,,0,
Catawba,Henry Fork,24841.0,,2023-05-23,13640.000000000015,0,4564460.03687451
Catawba,Henry Fork,24841.0,0.81,2023-05-24,,0,
Catawba,Henry Fork,24841.0,,2023-05-25,,0,
Catawba,Henry Fork,24841.0,,2023-05-26,,0,
Catawba,Henry Fork,24841.0,,2023-05-27,13200.00000000001,0,5225836.05490922
Catawba,Henry Fork,24841.0,,2023-05-28,,0,
Catawba,Henry Fork,24841.0,,2023-05-29,,0,
Catawba,Henry Fork,24841.0,,2023-05-30,,0,
Catawba,Henry Fork,24841.0,,2023-05-31,2419.999999999999,0,1046575.24994967
Catawba,Henry Fork,24841.0,,2023-06-01,,0,
Catawba,Henry Fork,24841.0,,2023-06-02,,0,
Catawba,Henry Fork,24841.0,,2023-06-03,108899.99999999997,0,45021543.1254781
Catawba,Henry Fork,24841.0,,2023-06-04,,0,
Catawba,Henry Fork,24841.0,,2023-06-05,,0,
Catawba,Henry Fork,24841.0,,2023-06-06,7590.00000000001,0,2693729.40678717
Catawba,Henry Fork,24841.0,,2023-06-07,,0,
Catawba,Henry Fork,24841.0,,2023-06-08,,0,
Catawba,Henry Fork,24841.0,,2023-06-09,,0,
Catawba,Henry Fork,24841.0,,2023-06-10,0.0,0,430122.379936396
Catawba,Henry Fork,24841.0,,2023-06-11,,0,
Catawba,Henry Fork,24841.0,,2023-06-12,,0,
Catawba,Henry Fork,24841.0,,2023-06-13,23100.000000000015,0,8666479.84702709
Catawba,Henry Fork,24841.0,,2023-06-14,,0,
Catawba,Henry Fork,24841.0,,2023-06-15,,0,
Catawba,Henry Fork,24841.0,,2023-06-16,,0,
Catawba,Henry Fork,24841.0,,2023-06-17,24200.00000000003,0,9776148.65263076
Catawba,Henry Fork,24841.0,,2023-06-18,,0,
Catawba,Henry Fork,24841.0,,2023-06-19,,0,
Catawba,Henry Fork,24841.0,,2023-06-20,25300.000000000025,0,8782475.43818684
Catawba,Henry Fork,24841.0,,2023-06-21,,0,
Catawba,Henry Fork,24841.0,,2023-06-22,,0,
Catawba,Henry Fork,24841.0,,2023-06-23,,0,
Catawba,Henry Fork,24841.0,,2023-06-24,12870.000000000002,0,9039157.58954954
Catawba,Henry Fork,24841.0,,2023-06-25,,0,
Catawba,Henry Fork,24841.0,,2023-06-26,,0,
Catawba,Henry Fork,24841.0,,2023-06-27,23430.000000000007,0,10396959.7384968
Catawba,Henry Fork,24841.0,,2023-06-28,,0,
Catawba,Henry Fork,24841.0,,2023-06-29,,0,
Catawba,Henry Fork,24841.0,,2023-06-30,,0,
Catawba,Henry Fork,24841.0,,2023-07-01,34100.00000000001,0,14414631.3095286
Catawba,Henry Fork,24841.0,,2023-07-02,,0,
Catawba,Henry Fork,24841.0,,2023-07-03,,0,
Catawba,Henry Fork,24841.0,,2023-07-04,9460.000000000015,0,3534714.20506421
Catawba,Henry Fork,24841.0,,2023-07-05,,0,
Catawba,Henry Fork,24841.0,,2023-07-06,,0,
Catawba,Henry Fork,24841.0,,2023-07-07,,0,
Catawba,Henry Fork,24841.0,,2023-07-08,17710.000000000004,0,7483609.77746469
Catawba,Henry Fork,24841.0,,2023-07-09,,0,
Catawba,Henry Fork,24841.0,,2023-07-10,,0,
Catawba,Henry Fork,24841.0,,2023-07-11,21889.999999999996,0,9123170.58129705
Catawba,Henry Fork,24841.0,,2023-07-12,,0,
Catawba,Henry Fork,24841.0,,2023-07-13,,0,
Catawba,Henry Fork,24841.0,,2023-07-14,,0,
Catawba,Henry Fork,24841.0,,2023-07-15,35199.999999999985,0,15088813.7772231
Catawba,Henry Fork,24841.0,,2023-07-16,,0,
Catawba,Henry Fork,24841.0,,2023-07-17,,0,
Catawba,Henry Fork,24841.0,,2023-07-18,19690.0,0,8266278.2951572
Catawba,Henry Fork,24841.0,,2023-07-19,,0,
Catawba,Henry Fork,24841.0,,2023-07-20,,0,
Catawba,Henry Fork,24841.0,,2023-07-21,,0,
Catawba,Henry Fork,24841.0,,2023-07-22,42900.0,0,18154148.1349382
Catawba,Henry Fork,24841.0,,2023-07-23,,0,
Catawba,Henry Fork,24841.0,,2023-07-24,,0,
Catawba,Henry Fork,24841.0,,2023-07-25,56099.99999999997,0,19311757.3149229
Catawba,Henry Fork,24841.0,,2023-07-26,,0,
Catawba,Henry Fork,24841.0,,2023-07-27,,0,
Catawba,Henry Fork,24841.0,,2023-07-28,,0,
Catawba,Henry Fork,24841.0,,2023-07-29,49500.00000000004,0,19076413.6588704
Catawba,Henry Fork,24841.0,,2023-07-30,,0,
Catawba,Henry Fork,24841.0,,2023-07-31,,0,
Catawba,Henry Fork,24841.0,,2023-08-01,80300.00000000006,0,30493430.5800894
Catawba,Henry Fork,24841.0,,2023-08-02,,0,
Catawba,Henry Fork,24841.0,,2023-08-03,,0,
Catawba,Henry Fork,24841.0,,2023-08-04,,0,
Catawba,Henry Fork,24841.0,,2023-08-05,94462.99999999994,0,46797365.6813413
Catawba,Henry Fork,24841.0,,2023-08-06,,0,
Catawba,Henry Fork,24841.0,,2023-08-07,,0,
Catawba,Henry Fork,24841.0,,2023-08-08,61061.00000000007,0,24704219.6955437
Catawba,Henry Fork,24841.0,,2023-08-09,,0,
Catawba,Henry Fork,24841.0,,2023-08-10,,0,
Catawba,Henry Fork,24841.0,,2023-08-11,,0,
Catawba,Henry Fork,24841.0,,2023-08-12,93429.07675879067,0,42904435.8482832
Catawba,Henry Fork,24841.0,,2023-08-13,,0,
Catawba,Henry Fork,24841.0,,2023-08-14,,0,
Catawba,Henry Fork,24841.0,,2023-08-15,103516.8308054299,0,26352957.896219905
Catawba,Henry Fork,24841.0,,2023-08-16,,0,
Catawba,Henry Fork,24841.0,,2023-08-17,,0,
Catawba,Henry Fork,24841.0,,2023-08-18,,0,
Catawba,Henry Fork,24841.0,,2023-08-19,93429.07675879067,0,38227233.9483918
Catawba,Henry Fork,24841.0,,2023-08-20,,0,
Catawba,Henry Fork,24841.0,,2023-08-21,,0,
Catawba,Henry Fork,24841.0,,2023-08-22,103516.8308054299,0,48306354.4906082
Catawba,Henry Fork,24841.0,,2023-08-23,,0,
Catawba,Henry Fork,24841.0,,2023-08-24,,0,
Catawba,Henry Fork,24841.0,,2023-08-25,,0,
Catawba,Henry Fork,24841.0,,2023-08-26,211053.00000000006,0,84359213.7483436
Catawba,Henry Fork,24841.0,,2023-08-27,,0,
Catawba,Henry Fork,24841.0,,2023-08-28,,0,
Catawba,Henry Fork,24841.0,,2023-08-29,79533.00000000006,0,27014699.181506295
Catawba,Henry Fork,24841.0,,2023-08-30,,0,
Catawba,Henry Fork,24841.0,,2023-08-31,,0,
Catawba,Henry Fork,24841.0,,2023-09-01,,0,
Catawba,Henry Fork,24841.0,,2023-09-02,122509.00000000012,0,49135636.1078539
Catawba,Henry Fork,24841.0,,2023-09-03,,0,
Catawba,Henry Fork,24841.0,,2023-09-04,,0,
Catawba,Henry Fork,24841.0,,2023-09-05,,0,
Catawba,Henry Fork,24841.0,,2023-09-06,78265.00000000004,0,21062067.0885229
Catawba,Henry Fork,24841.0,,2023-09-07,,0,
Catawba,Henry Fork,24841.0,,2023-09-08,,0,
Catawba,Henry Fork,24841.0,,2023-09-09,171675.00000000017,0,84525299.2590876
Catawba,Henry Fork,24841.0,,2023-09-10,,0,
Catawba,Henry Fork,24841.0,,2023-09-11,,0,
Catawba,Henry Fork,24841.0,,2023-09-12,245300.0000000002,0,103879248.217865
Catawba,Henry Fork,24841.0,,2023-09-13,,0,
Catawba,Henry Fork,24841.0,,2023-09-14,,0,
Catawba,Henry Fork,24841.0,,2023-09-15,,0,
Catawba,Henry Fork,24841.0,,2023-09-16,154000.00000000006,0,67820543.6174067
Catawba,Henry Fork,24841.0,,2023-09-17,,0,
Catawba,Henry Fork,24841.0,,2023-09-18,,0,
Catawba,Henry Fork,24841.0,,2023-09-19,139040.00000000015,0,42671894.8602712
Catawba,Henry Fork,24841.0,,2023-09-20,,0,
Catawba,Henry Fork,24841.0,,2023-09-21,,0,
Catawba,Henry Fork,24841.0,,2023-09-22,,0,
Catawba,Henry Fork,24841.0,,2023-09-23,263999.99999999994,0,109706350.436777
Catawba,Henry Fork,24841.0,,2023-09-24,,0,
Catawba,Henry Fork,24841.0,,2023-09-25,,0,
Catawba,Henry Fork,24841.0,,2023-09-26,145200.0000000001,0,50890551.2660521
Catawba,Henry Fork,24841.0,,2023-09-27,,0,
Catawba,Henry Fork,24841.0,,2023-09-28,,0,
Catawba,Henry Fork,24841.0,,2023-09-29,,0,
Catawba,Henry Fork,24841.0,,2023-09-30,171160.00000000006,0,66327150.6683304
Catawba,Henry Fork,24841.0,,2023-10-01,,0,
Catawba,Henry Fork,24841.0,,2023-10-02,,0,
Catawba,Henry Fork,24841.0,,2023-10-03,117699.99999999994,0,38454214.7063323
Catawba,Henry Fork,24841.0,,2023-10-04,,0,
Catawba,Henry Fork,24841.0,,2023-10-05,,0,
Catawba,Henry Fork,24841.0,,2023-10-06,,0,
Catawba,Henry Fork,24841.0,,2023-10-07,154110.00000000017,0,62890362.2210055
Catawba,Henry Fork,24841.0,,2023-10-08,,0,
Catawba,Henry Fork,24841.0,,2023-10-09,,0,
Catawba,Henry Fork,24841.0,,2023-10-10,51920.00000000006,0,16353769.1661366
Catawba,Henry Fork,24841.0,,2023-10-11,,0,
Catawba,Henry Fork,24841.0,,2023-10-12,,0,
Catawba,Henry Fork,24841.0,,2023-10-13,,0,
Catawba,Henry Fork,24841.0,,2023-10-14,86680.00000000007,0,35452275.6269071
Catawba,Henry Fork,24841.0,,2023-10-15,,0,
Catawba,Henry Fork,24841.0,,2023-10-16,,0,
Catawba,Henry Fork,24841.0,,2023-10-17,51920.00000000006,0,17002539.8829355
Catawba,Henry Fork,24841.0,,2023-10-18,,0,
Catawba,Henry Fork,24841.0,,2023-10-19,,0,
Catawba,Henry Fork,24841.0,,2023-10-20,,0,
Catawba,Henry Fork,24841.0,,2023-10-21,39050.00000000001,0,15203887.4381063
Catawba,Henry Fork,24841.0,,2023-10-22,,0,
Catawba,Henry Fork,24841.0,,2023-10-23,,0,
Catawba,Henry Fork,24841.0,,2023-10-24,67870.00000000006,0,21212224.3870214
Catawba,Henry Fork,24841.0,,2023-10-25,,0,
Catawba,Henry Fork,24841.0,,2023-10-26,,0,
Catawba,Henry Fork,24841.0,,2023-10-27,,0,
Catawba,Henry Fork,24841.0,,2023-10-28,2342.999999999999,0,968288.2833380292
Catawba,Henry Fork,24841.0,,2023-10-29,,0,
Catawba,Henry Fork,24841.0,,2023-10-30,,0,
Catawba,Henry Fork,24841.0,,2023-10-31,0.0,0,360558.549977858
Catawba,Henry Fork,24841.0,,2023-11-01,,0,
Catawba,Henry Fork,24841.0,,2023-11-02,,0,
Catawba,Henry Fork,24841.0,,2023-11-03,,0,
Catawba,Henry Fork,24841.0,,2023-11-04,33769.999999999985,0,12664422.1101405
Catawba,Henry Fork,24841.0,,2023-11-05,,0,
Catawba,Henry Fork,24841.0,,2023-11-06,,0,
Catawba,Henry Fork,24841.0,,2023-11-07,44440.00000000005,0,14532705.4344027
Catawba,Henry Fork,24841.0,,2023-11-08,,0,
Catawba,Henry Fork,24841.0,,2023-11-09,,0,
Catawba,Henry Fork,24841.0,,2023-11-10,,0,
Catawba,Henry Fork,24841.0,,2023-11-11,0.0,0,461970.88039934
Catawba,Henry Fork,24841.0,,2023-11-12,,0,
Catawba,Henry Fork,24841.0,,2023-11-13,,0,
Catawba,Henry Fork,24841.0,,2023-11-14,77330.00000000007,0,19419941.6422849
Catawba,Henry Fork,24841.0,,2023-11-15,,0,
Catawba,Henry Fork,24841.0,,2023-11-16,,0,
Catawba,Henry Fork,24841.0,,2023-11-17,,0,
Catawba,Henry Fork,24841.0,,2023-11-18,,0,
Catawba,Henry Fork,24841.0,,2023-11-19,,0,
Catawba,Henry Fork,24841.0,,2023-11-20,,0,
Catawba,Henry Fork,24841.0,,2023-11-21,,0,
Catawba,Henry Fork,24841.0,,2023-11-22,,0,
Catawba,Henry Fork,24841.0,,2023-11-23,,0,
Catawba,Henry Fork,24841.0,,2023-11-24,,0,
Catawba,Henry Fork,24841.0,,2023-11-25,,0,
Catawba,Henry Fork,24841.0,,2023-11-26,,0,
Catawba,Henry Fork,24841.0,,2023-11-27,,0,
Catawba,Henry Fork,24841.0,,2023-11-28,106700.00000000009,0,38014705.3999436
Catawba,Henry Fork,24841.0,,2023-11-29,,0,
Catawba,Henry Fork,24841.0,,2023-11-30,,0,
Catawba,Henry Fork,24841.0,,2023-12-01,,0,
Catawba,Henry Fork,24841.0,,2023-12-02,139150.00000000012,0,54940590.9709753
Catawba,Henry Fork,24841.0,,2023-12-03,,0,
Catawba,Henry Fork,24841.0,,2023-12-04,,0,
Catawba,Henry Fork,24841.0,,2023-12-05,83160.00000000001,0,27055468.7669578
Catawba,Henry Fork,24841.0,,2023-12-06,,0,
Catawba,Henry Fork,24841.0,,2023-12-07,,0,
Catawba,Henry Fork,24841.0,,2023-12-08,,0,
Catawba,Henry Fork,24841.0,,2023-12-09,146630.00000000003,0,57290624.7706615
Catawba,Henry Fork,24841.0,,2023-12-10,,0,
Catawba,Henry Fork,24841.0,,2023-12-11,,0,
Catawba,Henry Fork,24841.0,,2023-12-12,130900.00000000003,0,70633101.4556578
Catawba,Henry Fork,24841.0,,2023-12-13,,0,
Catawba,Henry Fork,24841.0,,2023-12-14,,0,
Catawba,Henry Fork,24841.0,,2023-12-15,,0,
Catawba,Henry Fork,24841.0,,2023-12-16,1641200.0000000002,0,700264713.336822
Catawba,Henry Fork,24841.0,,2023-12-17,,0,
Catawba,Henry Fork,24841.0,,2023-12-18,,0,
Catawba,Henry Fork,24841.0,,2023-12-19,145530.0,0,51738039.863371
Catawba,Henry Fork,24841.0,,2023-12-20,,0,
Catawba,Henry Fork,24841.0,,2023-12-21,,0,
Catawba,Henry Fork,24841.0,,2023-12-22,,0,
Catawba,Henry Fork,24841.0,,2023-12-23,,0,
Catawba,Henry Fork,24841.0,,2023-12-24,,0,
Catawba,Henry Fork,24841.0,,2023-12-25,,0,
Catawba,Henry Fork,24841.0,,2023-12-26,,0,
Catawba,Henry Fork,24841.0,,2023-12-27,,0,
Catawba,Henry Fork,24841.0,,2023-12-28,,0,
Catawba,Henry Fork,24841.0,,2023-12-29,,0,
Catawba,Henry Fork,24841.0,,2023-12-30,230229.99999999985,0,153315496.378567
Catawba,Henry Fork,24841.0,,2023-12-31,,0,
Catawba,Henry Fork,24841.0,,2024-01-01,,0,
Catawba,Henry Fork,24841.0,,2024-01-02,,0,
Catawba,Henry Fork,24841.0,,2024-01-03,,0,
Catawba,Henry Fork,24841.0,,2024-01-04,,0,
Catawba,Henry Fork,24841.0,,2024-01-05,,0,
Catawba,Henry Fork,24841.0,,2024-01-06,937199.9999999993,0,359466314.035667
Catawba,Henry Fork,24841.0,,2024-01-07,,0,
Catawba,Henry Fork,24841.0,,2024-01-08,,0,
Catawba,Henry Fork,24841.0,,2024-01-09,177869.9999999999,0,78739299.1300672
Catawba,Henry Fork,24841.0,,2024-01-10,,0,
Catawba,Henry Fork,24841.0,,2024-01-11,,0,
Catawba,Henry Fork,24841.0,,2024-01-12,,0,
Catawba,Henry Fork,24841.0,,2024-01-13,119900.00000000007,0,49477818.8349904
Catawba,Henry Fork,24841.0,,2024-01-14,,0,
Catawba,Henry Fork,24841.0,,2024-01-15,,0,
Catawba,Henry Fork,24841.0,,2024-01-16,,0,
Catawba,Henry Fork,24841.0,,2024-01-17,82940.0,0,34225940.7353971
Catawba,Henry Fork,24841.0,,2024-01-18,,0,
Catawba,Henry Fork,24841.0,,2024-01-19,,0,
Catawba,Henry Fork,24841.0,,2024-01-20,117589.99999999996,0,52377155.4558189
Catawba,Henry Fork,24841.0,,2024-01-21,,0,
Catawba,Henry Fork,24841.0,,2024-01-22,,0,
Catawba,Henry Fork,24841.0,,2024-01-23,532399.9999999997,0,167938819.177971
Catawba,Henry Fork,24841.0,,2024-01-24,,0,
Catawba,Henry Fork,24841.0,,2024-01-25,,0,
Catawba,Henry Fork,24841.0,,2024-01-26,,0,
Catawba,Henry Fork,24841.0,,2024-01-27,100869.99999999994,0,58548489.6776296
Catawba,Henry Fork,24841.0,,2024-01-28,,0,
Catawba,Henry Fork,24841.0,,2024-01-29,,0,
Catawba,Henry Fork,24841.0,,2024-01-30,49610.00000000005,0,35969662.8981118
Catawba,Henry Fork,24841.0,,2024-01-31,,0,
Catawba,Henry Fork,24841.0,,2024-02-01,,0,
Catawba,Henry Fork,24841.0,,2024-02-02,,0,
Catawba,Henry Fork,24841.0,,2024-02-03,145530.0,0,73670710.8556016
Catawba,Henry Fork,24841.0,,2024-02-04,,0,
Catawba,Henry Fork,24841.0,,2024-02-05,,0,
Catawba,Henry Fork,24841.0,,2024-02-06,173470.0,0,59767851.4237751
Catawba,Henry Fork,24841.0,,2024-02-07,,0,
Catawba,Henry Fork,24841.0,,2024-02-08,,0,
Catawba,Henry Fork,24841.0,,2024-02-09,,0,
Catawba,Henry Fork,24841.0,,2024-02-10,66330.00000000007,0,28705891.5856849
Catawba,Henry Fork,24841.0,,2024-02-11,,0,
Catawba,Henry Fork,24841.0,,2024-02-12,,0,
Catawba,Henry Fork,24841.0,,2024-02-13,101749.99999999994,0,42747811.6279538
Catawba,Henry Fork,24841.0,,2024-02-14,,0,
Catawba,Henry Fork,24841.0,,2024-02-15,,0,
Catawba,Henry Fork,24841.0,,2024-02-16,,0,
Catawba,Henry Fork,24841.0,,2024-02-17,137389.99999999994,0,63541362.3328366
Catawba,Henry Fork,24841.0,,2024-02-18,,0,
Catawba,Henry Fork,24841.0,,2024-02-19,,0,
Catawba,Henry Fork,24841.0,,2024-02-20,466399.9999999999,0,144703494.2297
Catawba,Henry Fork,24841.0,,2024-02-21,,0,
Catawba,Henry Fork,24841.0,,2024-02-22,,0,
Catawba,Henry Fork,24841.0,,2024-02-23,,0,
Catawba,Henry Fork,24841.0,,2024-02-24,190300.00000000003,0,85343756.1958053
Catawba,Henry Fork,24841.0,,2024-02-25,,0,
Catawba,Henry Fork,24841.0,,2024-02-26,,0,
Catawba,Henry Fork,24841.0,,2024-02-27,203499.99999999988,0,79293546.8499659
Catawba,Henry Fork,24841.0,,2024-02-28,,0,
Catawba,Henry Fork,24841.0,,2024-02-29,,0,
Catawba,Henry Fork,24841.0,,2024-03-01,,0,
Catawba,Henry Fork,24841.0,,2024-03-02,110439.99999999994,0,61932258.752868
Catawba,Henry Fork,24841.0,,2024-03-03,,0,
Catawba,Henry Fork,24841.0,,2024-03-04,,0,
Catawba,Henry Fork,24841.0,,2024-03-05,107250.00000000007,0,38570210.297492
Catawba,Henry Fork,24841.0,,2024-03-06,,0,
Catawba,Henry Fork,24841.0,,2024-03-07,,0,
Catawba,Henry Fork,24841.0,,2024-03-08,,0,
Catawba,Henry Fork,24841.0,,2024-03-09,47740.000000000044,0,33057000.194195
Catawba,Henry Fork,24841.0,,2024-03-10,,0,
Catawba,Henry Fork,24841.0,,2024-03-11,,0,
Catawba,Henry Fork,24841.0,,2024-03-12,59180.000000000044,0,32934299.6555695
Catawba,Henry Fork,24841.0,,2024-03-13,,0,
Catawba,Henry Fork,24841.0,,2024-03-14,,0,
Catawba,Henry Fork,24841.0,,2024-03-15,,0,
Catawba,Henry Fork,24841.0,,2024-03-16,25960.00000000003,0,13394741.7504931
Catawba,Henry Fork,24841.0,,2024-03-17,,0,
Catawba,Henry Fork,24841.0,,2024-03-18,,0,
Catawba,Henry Fork,24841.0,,2024-03-19,19327.000000000007,0,7339309.25057768
Catawba,Henry Fork,24841.0,,2024-03-20,,0,
Catawba,Henry Fork,24841.0,,2024-03-21,,0,
Catawba,Henry Fork,24841.0,,2024-03-22,,0,
Catawba,Henry Fork,24841.0,,2024-03-23,35970.00000000003,0,15928641.9720623
Catawba,Henry Fork,24841.0,,2024-03-24,,0,
Catawba,Henry Fork,24841.0,,2024-03-25,,0,
Catawba,Henry Fork,24841.0,,2024-03-26,18227.000000000007,0,9088060.12389195
Catawba,Henry Fork,24841.0,,2024-03-27,,0,
Catawba,Henry Fork,24841.0,,2024-03-28,,0,
Catawba,Henry Fork,24841.0,,2024-03-29,37289.999999999985,0,20610220.6787971
Catawba,Henry Fork,24841.0,,2024-03-30,,0,
Catawba,Henry Fork,24841.0,,2024-03-31,,0,
Catawba,Henry Fork,24841.0,,2024-04-01,,0,
Catawba,Henry Fork,24841.0,,2024-04-02,198330.00000000017,0,71385664.7592287
Catawba,Henry Fork,24841.0,,2024-04-03,,0,
Catawba,Henry Fork,24841.0,,2024-04-04,,0,
Catawba,Henry Fork,24841.0,,2024-04-05,,0,
Catawba,Henry Fork,24841.0,,2024-04-06,28600.00000000002,0,12372974.8061672
Catawba,Henry Fork,24841.0,,2024-04-07,,0,
Catawba,Henry Fork,24841.0,,2024-04-08,,0,
Catawba,Henry Fork,24841.0,,2024-04-09,25960.00000000003,0,8631815.26862849
Catawba,Henry Fork,24841.0,,2024-04-10,,0,
Catawba,Henry Fork,24841.0,,2024-04-11,,0,
Catawba,Henry Fork,24841.0,,2024-04-12,,0,
Catawba,Henry Fork,24841.0,,2024-04-13,18545.999999999996,0,9905604.42582827
Catawba,Henry Fork,24841.0,,2024-04-14,,0,
Catawba,Henry Fork,24841.0,,2024-04-15,,0,
Catawba,Henry Fork,24841.0,,2024-04-16,14630.0,0,5426347.50887645
Catawba,Henry Fork,24841.0,,2024-04-17,,0,
Catawba,Henry Fork,24841.0,,2024-04-18,,0,
Catawba,Henry Fork,24841.0,,2024-04-19,,0,
Catawba,Henry Fork,24841.0,,2024-04-20,25476.000000000007,0,11192280.4920574
Catawba,Henry Fork,24841.0,,2024-04-21,,0,
Catawba,Henry Fork,24841.0,,2024-04-22,,0,
Catawba,Henry Fork,24841.0,,2024-04-23,17842.00000000002,0,6193554.41771264
Catawba,Henry Fork,24841.0,,2024-04-24,,0,
Catawba,Henry Fork,24841.0,,2024-04-25,,0,
Catawba,Henry Fork,24841.0,,2024-04-26,,0,
Catawba,Henry Fork,24841.0,,2024-04-27,9009.000000000011,0,3970247.47760558
Catawba,Henry Fork,24841.0,,2024-04-28,,0,
Catawba,Henry Fork,24841.0,,2024-04-29,,0,
Catawba,Henry Fork,24841.0,,2024-04-30,25409.99999999999,0,8669647.9347047
Catawba,Henry Fork,24841.0,,2024-05-01,,0,
Catawba,Henry Fork,24841.0,,2024-05-02,,0,
Catawba,Henry Fork,24841.0,,2024-05-03,,0,
Catawba,Henry Fork,24841.0,,2024-05-04,13200.00000000001,0,5632155.87134173
Catawba,Henry Fork,24841.0,,2024-05-05,,0,
Catawba,Henry Fork,24841.0,,2024-05-06,,0,
Catawba,Henry Fork,24841.0,,2024-05-07,12848.000000000011,0,8410900.65952253
Catawba,Henry Fork,24841.0,,2024-05-08,,0,
Catawba,Henry Fork,24841.0,,2024-05-09,,0,
Catawba,Henry Fork,24841.0,,2024-05-10,,0,
Catawba,Henry Fork,24841.0,,2024-05-11,,0,
Catawba,Henry Fork,24841.0,,2024-05-12,,0,
Catawba,Henry Fork,24841.0,,2024-05-13,,0,
Catawba,Henry Fork,24841.0,,2024-05-14,,0,
Catawba,Henry Fork,24841.0,,2024-05-15,,0,
Catawba,Northeast,40488.0,,2022-12-03,12408.000000000015,0,2865392.97332542
Catawba,Northeast,40488.0,,2022-12-04,,0,
Catawba,Northeast,40488.0,,2022-12-05,,0,
Catawba,Northeast,40488.0,,2022-12-06,40326.000000000015,0,8897799.23295792
Catawba,Northeast,40488.0,,2022-12-07,,0,
Catawba,Northeast,40488.0,,2022-12-08,,0,
Catawba,Northeast,40488.0,,2022-12-09,,0,
Catawba,Northeast,40488.0,,2022-12-10,21714.000000000022,0,5745286.92323651
Catawba,Northeast,40488.0,,2022-12-11,,0,
Catawba,Northeast,40488.0,,2022-12-12,,0,
Catawba,Northeast,40488.0,,2022-12-13,40326.000000000015,0,9161717.00681685
Catawba,Northeast,40488.0,,2022-12-14,,0,
Catawba,Northeast,40488.0,,2022-12-15,,0,
Catawba,Northeast,40488.0,,2022-12-16,,0,
Catawba,Northeast,40488.0,,2022-12-17,11374.0,0,4019670.7095435695
Catawba,Northeast,40488.0,,2022-12-18,,0,
Catawba,Northeast,40488.0,,2022-12-19,,0,
Catawba,Northeast,40488.0,,2022-12-20,32054.00000000002,0,7432233.86603436
Catawba,Northeast,40488.0,,2022-12-21,,0,
Catawba,Northeast,40488.0,,2022-12-22,,0,
Catawba,Northeast,40488.0,,2022-12-23,,0,
Catawba,Northeast,40488.0,,2022-12-24,,0,
Catawba,Northeast,40488.0,,2022-12-25,,0,
Catawba,Northeast,40488.0,,2022-12-26,,0,
Catawba,Northeast,40488.0,,2022-12-27,,0,
Catawba,Northeast,40488.0,,2022-12-28,,0,
Catawba,Northeast,40488.0,,2022-12-29,,0,
Catawba,Northeast,40488.0,,2022-12-30,,0,
Catawba,Northeast,40488.0,,2022-12-31,81686.00000000003,0,16114451.9137521
Catawba,Northeast,40488.0,,2023-01-01,,0,
Catawba,Northeast,40488.0,,2023-01-02,,0,
Catawba,Northeast,40488.0,,2023-01-03,,0,
Catawba,Northeast,40488.0,,2023-01-04,58938.00000000003,0,16476009.5966212
Catawba,Northeast,40488.0,,2023-01-05,,0,
Catawba,Northeast,40488.0,,2023-01-06,,0,
Catawba,Northeast,40488.0,,2023-01-07,124080.00000000001,0,36426453.1831654
Catawba,Northeast,40488.0,,2023-01-08,,0,
Catawba,Northeast,40488.0,,2023-01-09,,0,
Catawba,Northeast,40488.0,,2023-01-10,54802.00000000001,0,16139586.9398339
Catawba,Northeast,40488.0,,2023-01-11,,0,
Catawba,Northeast,40488.0,,2023-01-12,,0,
Catawba,Northeast,40488.0,,2023-01-13,,0,
Catawba,Northeast,40488.0,,2023-01-14,12408.000000000015,0,5753987.50918789
Catawba,Northeast,40488.0,,2023-01-15,,0,
Catawba,Northeast,40488.0,,2023-01-16,,0,
Catawba,Northeast,40488.0,,2023-01-17,,0,
Catawba,Northeast,40488.0,,2023-01-18,13442.000000000013,0,3757686.3992294
Catawba,Northeast,40488.0,,2023-01-19,,0,
Catawba,Northeast,40488.0,,2023-01-20,14476.0,0,3938465.2406639
Catawba,Northeast,40488.0,,2023-01-21,,0,
Catawba,Northeast,40488.0,,2023-01-22,,0,
Catawba,Northeast,40488.0,,2023-01-23,,0,
Catawba,Northeast,40488.0,,2023-01-24,39292.00000000005,0,12086080.6182572
Catawba,Northeast,40488.0,,2023-01-25,,0,
Catawba,Northeast,40488.0,,2023-01-26,,0,
Catawba,Northeast,40488.0,,2023-01-27,,0,
Catawba,Northeast,40488.0,,2023-01-28,0.0,0,342469.87255483
Catawba,Northeast,40488.0,,2023-01-29,,0,
Catawba,Northeast,40488.0,,2023-01-30,,0,
Catawba,Northeast,40488.0,,2023-01-31,5170.000000000005,0,1570939.13011262
Catawba,Northeast,40488.0,,2023-02-01,,0,
Catawba,Northeast,40488.0,,2023-02-02,,0,
Catawba,Northeast,40488.0,,2023-02-03,,0,
Catawba,Northeast,40488.0,,2023-02-04,2637.0,0,850579.043420272
Catawba,Northeast,40488.0,,2023-02-05,,0,
Catawba,Northeast,40488.0,,2023-02-06,,0,
Catawba,Northeast,40488.0,,2023-02-07,104434.00000000006,0,27339174.5228214
Catawba,Northeast,40488.0,,2023-02-08,,0,
Catawba,Northeast,40488.0,,2023-02-09,,0,
Catawba,Northeast,40488.0,,2023-02-10,,0,
Catawba,Northeast,40488.0,,2023-02-11,96799.99999999994,0,24707195.8506224
Catawba,Northeast,40488.0,,2023-02-12,,0,
Catawba,Northeast,40488.0,,2023-02-13,,0,
Catawba,Northeast,40488.0,,2023-02-14,140799.99999999994,0,49891586.9590989
Catawba,Northeast,40488.0,,2023-02-15,,0,
Catawba,Northeast,40488.0,,2023-02-16,,0,
Catawba,Northeast,40488.0,,2023-02-17,,0,
Catawba,Northeast,40488.0,,2023-02-18,70399.99999999997,0,26920394.5465322
Catawba,Northeast,40488.0,,2023-02-19,,0,
Catawba,Northeast,40488.0,,2023-02-20,,0,
Catawba,Northeast,40488.0,,2023-02-21,68200.00000000001,0,18044974.1256667
Catawba,Northeast,40488.0,,2023-02-22,,0,
Catawba,Northeast,40488.0,,2023-02-23,,0,
Catawba,Northeast,40488.0,,2023-02-24,,0,
Catawba,Northeast,40488.0,,2023-02-25,243099.99999999988,0,61594183.5951391
Catawba,Northeast,40488.0,,2023-02-26,,0,
Catawba,Northeast,40488.0,,2023-02-27,,0,
Catawba,Northeast,40488.0,,2023-02-28,77000.00000000003,0,19941413.9004148
Catawba,Northeast,40488.0,,2023-03-01,,0,
Catawba,Northeast,40488.0,,2023-03-02,,0,
Catawba,Northeast,40488.0,,2023-03-03,,0,
Catawba,Northeast,40488.0,,2023-03-04,140799.99999999994,0,43441223.4736218
Catawba,Northeast,40488.0,,2023-03-05,,0,
Catawba,Northeast,40488.0,,2023-03-06,,0,
Catawba,Northeast,40488.0,,2023-03-07,48400.00000000006,0,13122869.5909898
Catawba,Northeast,40488.0,,2023-03-08,,0,
Catawba,Northeast,40488.0,,2023-03-09,,0,
Catawba,Northeast,40488.0,,2023-03-10,,0,
Catawba,Northeast,40488.0,,2023-03-11,44000.00000000003,0,10819168.3461766
Catawba,Northeast,40488.0,,2023-03-12,,0,
Catawba,Northeast,40488.0,,2023-03-13,,0,
Catawba,Northeast,40488.0,,2023-03-14,103399.99999999999,0,26681796.9176052
Catawba,Northeast,40488.0,,2023-03-15,,0,
Catawba,Northeast,40488.0,,2023-03-16,,0,
Catawba,Northeast,40488.0,,2023-03-17,,0,
Catawba,Northeast,40488.0,,2023-03-18,56099.99999999997,0,14056691.3455838
Catawba,Northeast,40488.0,,2023-03-19,,0,
Catawba,Northeast,40488.0,,2023-03-20,,0,
Catawba,Northeast,40488.0,,2023-03-21,129800.00000000004,0,30338922.6437462
Catawba,Northeast,40488.0,,2023-03-22,,0,
Catawba,Northeast,40488.0,,2023-03-23,,0,
Catawba,Northeast,40488.0,,2023-03-24,,0,
Catawba,Northeast,40488.0,,2023-03-25,168300.00000000012,0,39023053.5862477
Catawba,Northeast,40488.0,,2023-03-26,,0,
Catawba,Northeast,40488.0,,2023-03-27,,0,
Catawba,Northeast,40488.0,,2023-03-28,100100.00000000006,0,24239256.5352696
Catawba,Northeast,40488.0,,2023-03-29,,0,
Catawba,Northeast,40488.0,,2023-03-30,,0,
Catawba,Northeast,40488.0,,2023-03-31,,0,
Catawba,Northeast,40488.0,,2023-04-01,49500.00000000004,0,10968291.864256
Catawba,Northeast,40488.0,,2023-04-02,,0,
Catawba,Northeast,40488.0,,2023-04-03,,0,
Catawba,Northeast,40488.0,,2023-04-04,116599.99999999997,0,27253608.4765855
Catawba,Northeast,40488.0,,2023-04-05,,0,
Catawba,Northeast,40488.0,,2023-04-06,,0,
Catawba,Northeast,40488.0,,2023-04-07,90200.00000000003,0,22094963.189093
Catawba,Northeast,40488.0,,2023-04-08,,0,
Catawba,Northeast,40488.0,,2023-04-09,,0,
Catawba,Northeast,40488.0,,2023-04-10,,0,
Catawba,Northeast,40488.0,,2023-04-11,145200.0000000001,0,37603809.0693538
Catawba,Northeast,40488.0,,2023-04-12,,0,
Catawba,Northeast,40488.0,,2023-04-13,,0,
Catawba,Northeast,40488.0,,2023-04-14,,0,
Catawba,Northeast,40488.0,,2023-04-15,15400.000000000022,0,4319439.83402489
Catawba,Northeast,40488.0,,2023-04-16,,0,
Catawba,Northeast,40488.0,,2023-04-17,,0,
Catawba,Northeast,40488.0,,2023-04-18,46200.00000000003,0,11532904.3568464
Catawba,Northeast,40488.0,,2023-04-19,,0,
Catawba,Northeast,40488.0,,2023-04-20,,0,
Catawba,Northeast,40488.0,,2023-04-21,,0,
Catawba,Northeast,40488.0,,2023-04-22,198000.00000000015,0,47205306.7575577
Catawba,Northeast,40488.0,,2023-04-23,,0,
Catawba,Northeast,40488.0,,2023-04-24,,0,
Catawba,Northeast,40488.0,,2023-04-25,99000.00000000007,0,23417534.5287492
Catawba,Northeast,40488.0,,2023-04-26,,0,
Catawba,Northeast,40488.0,,2023-04-27,,0,
Catawba,Northeast,40488.0,,2023-04-28,,0,
Catawba,Northeast,40488.0,,2023-04-29,57200.00000000004,0,36739921.1025488
Catawba,Northeast,40488.0,,2023-04-30,,0,
Catawba,Northeast,40488.0,,2023-05-01,,0,
Catawba,Northeast,40488.0,,2023-05-02,21230.0,0,5557679.25311203
Catawba,Northeast,40488.0,,2023-05-03,,0,
Catawba,Northeast,40488.0,,2023-05-04,,0,
Catawba,Northeast,40488.0,,2023-05-05,,0,
Catawba,Northeast,40488.0,,2023-05-06,11989.999999999996,0,2880963.52548902
Catawba,Northeast,40488.0,,2023-05-07,,0,
Catawba,Northeast,40488.0,,2023-05-08,,0,
Catawba,Northeast,40488.0,,2023-05-09,14960.000000000018,0,3804398.0557202105
Catawba,Northeast,40488.0,,2023-05-10,,0,
Catawba,Northeast,40488.0,,2023-05-11,,0,
Catawba,Northeast,40488.0,,2023-05-12,,0,
Catawba,Northeast,40488.0,,2023-05-13,53900.000000000065,0,12547972.7178423
Catawba,Northeast,40488.0,,2023-05-14,,0,
Catawba,Northeast,40488.0,,2023-05-15,,0,
Catawba,Northeast,40488.0,,2023-05-16,35199.999999999985,0,8293324.481327791
Catawba,Northeast,40488.0,,2023-05-17,,0,
Catawba,Northeast,40488.0,,2023-05-18,,0,
Catawba,Northeast,40488.0,,2023-05-19,,0,
Catawba,Northeast,40488.0,,2023-05-20,21889.999999999996,0,4973217.90604623
Catawba,Northeast,40488.0,,2023-05-21,,0,
Catawba,Northeast,40488.0,,2023-05-22,,0,
Catawba,Northeast,40488.0,,2023-05-23,38500.000000000015,0,8998832.98755184
Catawba,Northeast,40488.0,,2023-05-24,,0,
Catawba,Northeast,40488.0,,2023-05-25,,0,
Catawba,Northeast,40488.0,,2023-05-26,,0,
Catawba,Northeast,40488.0,,2023-05-27,204599.99999999988,0,46100764.2857141
Catawba,Northeast,40488.0,,2023-05-28,,0,
Catawba,Northeast,40488.0,,2023-05-29,,0,
Catawba,Northeast,40488.0,,2023-05-30,,0,
Catawba,Northeast,40488.0,,2023-05-31,27500.000000000036,0,7327621.1470065
Catawba,Northeast,40488.0,,2023-06-01,,0,
Catawba,Northeast,40488.0,,2023-06-02,,0,
Catawba,Northeast,40488.0,,2023-06-03,14300.00000000001,0,3462750.93360995
Catawba,Northeast,40488.0,,2023-06-04,,0,
Catawba,Northeast,40488.0,,2023-06-05,,0,
Catawba,Northeast,40488.0,,2023-06-06,77000.00000000003,0,18357619.2946058
Catawba,Northeast,40488.0,,2023-06-07,,0,
Catawba,Northeast,40488.0,,2023-06-08,,0,
Catawba,Northeast,40488.0,,2023-06-09,,0,
Catawba,Northeast,40488.0,,2023-06-10,84700.0000000001,0,18609586.6182572
Catawba,Northeast,40488.0,,2023-06-11,,0,
Catawba,Northeast,40488.0,,2023-06-12,,0,
Catawba,Northeast,40488.0,,2023-06-13,51699.99999999999,0,12374166.6864256
Catawba,Northeast,40488.0,,2023-06-14,,0,
Catawba,Northeast,40488.0,,2023-06-15,,0,
Catawba,Northeast,40488.0,,2023-06-16,,0,
Catawba,Northeast,40488.0,,2023-06-17,90200.00000000003,0,20492656.6982809
Catawba,Northeast,40488.0,,2023-06-18,,0,
Catawba,Northeast,40488.0,,2023-06-19,,0,
Catawba,Northeast,40488.0,,2023-06-20,28600.00000000002,0,6738326.14107883
Catawba,Northeast,40488.0,,2023-06-21,,0,
Catawba,Northeast,40488.0,,2023-06-22,,0,
Catawba,Northeast,40488.0,,2023-06-23,,0,
Catawba,Northeast,40488.0,,2023-06-24,13530.000000000007,0,4275628.37285121
Catawba,Northeast,40488.0,,2023-06-25,,0,
Catawba,Northeast,40488.0,,2023-06-26,,0,
Catawba,Northeast,40488.0,,2023-06-27,20460.000000000007,0,5298718.55068167
Catawba,Northeast,40488.0,,2023-06-28,,0,
Catawba,Northeast,40488.0,,2023-06-29,,0,
Catawba,Northeast,40488.0,,2023-06-30,,0,
Catawba,Northeast,40488.0,,2023-07-01,41800.00000000004,0,10043726.0521636
Catawba,Northeast,40488.0,,2023-07-02,,0,
Catawba,Northeast,40488.0,,2023-07-03,,0,
Catawba,Northeast,40488.0,,2023-07-04,51699.99999999999,0,11600781.268524
Catawba,Northeast,40488.0,,2023-07-05,,0,
Catawba,Northeast,40488.0,,2023-07-06,,0,
Catawba,Northeast,40488.0,,2023-07-07,,0,
Catawba,Northeast,40488.0,,2023-07-08,47300.000000000015,0,13222628.0823947
Catawba,Northeast,40488.0,,2023-07-09,,0,
Catawba,Northeast,40488.0,,2023-07-10,,0,
Catawba,Northeast,40488.0,,2023-07-11,45100.000000000015,0,10878817.7534084
Catawba,Northeast,40488.0,,2023-07-12,,0,
Catawba,Northeast,40488.0,,2023-07-13,,0,
Catawba,Northeast,40488.0,,2023-07-14,,0,
Catawba,Northeast,40488.0,,2023-07-15,34100.00000000001,0,8384855.46828687
Catawba,Northeast,40488.0,,2023-07-16,,0,
Catawba,Northeast,40488.0,,2023-07-17,,0,
Catawba,Northeast,40488.0,,2023-07-18,0.0,0,259166.390041493
Catawba,Northeast,40488.0,,2023-07-19,,0,
Catawba,Northeast,40488.0,,2023-07-20,,0,
Catawba,Northeast,40488.0,,2023-07-21,,0,
Catawba,Northeast,40488.0,,2023-07-22,82500.00000000006,0,18743283.5655008
Catawba,Northeast,40488.0,,2023-07-23,,0,
Catawba,Northeast,40488.0,,2023-07-24,,0,
Catawba,Northeast,40488.0,,2023-07-25,31899.999999999993,0,7426351.20035563
Catawba,Northeast,40488.0,,2023-07-26,,0,
Catawba,Northeast,40488.0,,2023-07-27,,0,
Catawba,Northeast,40488.0,,2023-07-28,,0,
Catawba,Northeast,40488.0,,2023-07-29,328900.0000000001,0,73185708.9211617
Catawba,Northeast,40488.0,,2023-07-30,,0,
Catawba,Northeast,40488.0,,2023-07-31,,0,
Catawba,Northeast,40488.0,,2023-08-01,185899.99999999997,0,42061059.6028452
Catawba,Northeast,40488.0,,2023-08-02,,0,
Catawba,Northeast,40488.0,,2023-08-03,,0,
Catawba,Northeast,40488.0,,2023-08-04,,0,
Catawba,Northeast,40488.0,,2023-08-05,0.0,0,291047.96976882
Catawba,Northeast,40488.0,,2023-08-06,,0,
Catawba,Northeast,40488.0,,2023-08-07,,0,
Catawba,Northeast,40488.0,,2023-08-08,400908.00000000006,0,121818581.194428
Catawba,Northeast,40488.0,,2023-08-09,,0,
Catawba,Northeast,40488.0,,2023-08-10,,0,
Catawba,Northeast,40488.0,,2023-08-11,,0,
Catawba,Northeast,40488.0,,2023-08-12,29259.08325631546,0,24950231.6572318
Catawba,Northeast,40488.0,,2023-08-13,,0,
Catawba,Northeast,40488.0,,2023-08-14,,0,
Catawba,Northeast,40488.0,,2023-08-15,165648.55103501532,0,44228062.7311795
Catawba,Northeast,40488.0,,2023-08-16,,0,
Catawba,Northeast,40488.0,,2023-08-17,,0,
Catawba,Northeast,40488.0,,2023-08-18,,0,
Catawba,Northeast,40488.0,,2023-08-19,29259.08325631546,0,1932589.37240663
Catawba,Northeast,40488.0,,2023-08-20,,0,
Catawba,Northeast,40488.0,,2023-08-21,,0,
Catawba,Northeast,40488.0,,2023-08-22,165648.55103501532,0,34979048.1624184
Catawba,Northeast,40488.0,,2023-08-23,,0,
Catawba,Northeast,40488.0,,2023-08-24,,0,
Catawba,Northeast,40488.0,,2023-08-25,,0,
Catawba,Northeast,40488.0,,2023-08-26,208958.00000000006,0,49231718.6639004
Catawba,Northeast,40488.0,,2023-08-27,,0,
Catawba,Northeast,40488.0,,2023-08-28,,0,
Catawba,Northeast,40488.0,,2023-08-29,240801.00000000006,0,58535197.442205
Catawba,Northeast,40488.0,,2023-08-30,,0,
Catawba,Northeast,40488.0,,2023-08-31,,0,
Catawba,Northeast,40488.0,,2023-09-01,,0,
Catawba,Northeast,40488.0,,2023-09-02,211507.00000000017,0,47261565.1240367
Catawba,Northeast,40488.0,,2023-09-03,,0,
Catawba,Northeast,40488.0,,2023-09-04,,0,
Catawba,Northeast,40488.0,,2023-09-05,,0,
Catawba,Northeast,40488.0,,2023-09-06,190967.99999999988,0,44457537.1796086
Catawba,Northeast,40488.0,,2023-09-07,,0,
Catawba,Northeast,40488.0,,2023-09-08,,0,
Catawba,Northeast,40488.0,,2023-09-09,319036.0000000002,0,71289085.8974512
Catawba,Northeast,40488.0,,2023-09-10,,0,
Catawba,Northeast,40488.0,,2023-09-11,,0,
Catawba,Northeast,40488.0,,2023-09-12,197120.00000000012,0,45705432.6970952
Catawba,Northeast,40488.0,,2023-09-13,,0,
Catawba,Northeast,40488.0,,2023-09-14,,0,
Catawba,Northeast,40488.0,,2023-09-15,,0,
Catawba,Northeast,40488.0,,2023-09-16,0.0,0,257109.513930052
Catawba,Northeast,40488.0,,2023-09-17,,0,
Catawba,Northeast,40488.0,,2023-09-18,,0,
Catawba,Northeast,40488.0,,2023-09-19,350899.9999999999,0,83330221.9027859
Catawba,Northeast,40488.0,,2023-09-20,,0,
Catawba,Northeast,40488.0,,2023-09-21,,0,
Catawba,Northeast,40488.0,,2023-09-22,,0,
Catawba,Northeast,40488.0,,2023-09-23,304700.0,0,68085684.6028452
Catawba,Northeast,40488.0,,2023-09-24,,0,
Catawba,Northeast,40488.0,,2023-09-25,,0,
Catawba,Northeast,40488.0,,2023-09-26,282700.00000000006,0,64755602.1784233
Catawba,Northeast,40488.0,,2023-09-27,,0,
Catawba,Northeast,40488.0,,2023-09-28,,0,
Catawba,Northeast,40488.0,,2023-09-29,,0,
Catawba,Northeast,40488.0,,2023-09-30,3740.0000000000045,0,835708.764078246
Catawba,Northeast,40488.0,,2023-10-01,,0,
Catawba,Northeast,40488.0,,2023-10-02,,0,
Catawba,Northeast,40488.0,,2023-10-03,244199.99999999994,0,55251806.1055127
Catawba,Northeast,40488.0,,2023-10-04,,0,
Catawba,Northeast,40488.0,,2023-10-05,,0,
Catawba,Northeast,40488.0,,2023-10-06,,0,
Catawba,Northeast,40488.0,,2023-10-07,205920.00000000003,0,46975759.383521
Catawba,Northeast,40488.0,,2023-10-08,,0,
Catawba,Northeast,40488.0,,2023-10-09,,0,
Catawba,Northeast,40488.0,,2023-10-10,128040.00000000015,0,27174213.058684
Catawba,Northeast,40488.0,,2023-10-11,,0,
Catawba,Northeast,40488.0,,2023-10-12,,0,
Catawba,Northeast,40488.0,,2023-10-13,,0,
Catawba,Northeast,40488.0,,2023-10-14,76230.00000000006,0,17318794.0145228
Catawba,Northeast,40488.0,,2023-10-15,,0,
Catawba,Northeast,40488.0,,2023-10-16,,0,
Catawba,Northeast,40488.0,,2023-10-17,98560.00000000006,0,21194051.4522821
Catawba,Northeast,40488.0,,2023-10-18,,0,
Catawba,Northeast,40488.0,,2023-10-19,,0,
Catawba,Northeast,40488.0,,2023-10-20,,0,
Catawba,Northeast,40488.0,,2023-10-21,116050.0,0,25931551.3559573
Catawba,Northeast,40488.0,,2023-10-22,,0,
Catawba,Northeast,40488.0,,2023-10-23,,0,
Catawba,Northeast,40488.0,,2023-10-24,76779.99999999999,0,16654114.4991108
Catawba,Northeast,40488.0,,2023-10-25,,0,
Catawba,Northeast,40488.0,,2023-10-26,,0,
Catawba,Northeast,40488.0,,2023-10-27,,0,
Catawba,Northeast,40488.0,,2023-10-28,2255.000000000001,0,487016.841286306
Catawba,Northeast,40488.0,,2023-10-29,,0,
Catawba,Northeast,40488.0,,2023-10-30,,0,
Catawba,Northeast,40488.0,,2023-10-31,3157.000000000001,0,717242.984439833
Catawba,Northeast,40488.0,,2023-11-01,,0,
Catawba,Northeast,40488.0,,2023-11-02,,0,
Catawba,Northeast,40488.0,,2023-11-03,,0,
Catawba,Northeast,40488.0,,2023-11-04,4521.0000000000055,0,929913.6899822141
Catawba,Northeast,40488.0,,2023-11-05,,0,
Catawba,Northeast,40488.0,,2023-11-06,,0,
Catawba,Northeast,40488.0,,2023-11-07,53569.999999999985,0,11970299.0619442
Catawba,Northeast,40488.0,,2023-11-08,,0,
Catawba,Northeast,40488.0,,2023-11-09,,0,
Catawba,Northeast,40488.0,,2023-11-10,,0,
Catawba,Northeast,40488.0,,2023-11-11,171820.00000000015,0,36144455.4682868
Catawba,Northeast,40488.0,,2023-11-12,,0,
Catawba,Northeast,40488.0,,2023-11-13,,0,
Catawba,Northeast,40488.0,,2023-11-14,95370.00000000012,0,20062255.371962
Catawba,Northeast,40488.0,,2023-11-15,,0,
Catawba,Northeast,40488.0,,2023-11-16,,0,
Catawba,Northeast,40488.0,,2023-11-17,,0,
Catawba,Northeast,40488.0,,2023-11-18,,0,
Catawba,Northeast,40488.0,,2023-11-19,,0,
Catawba,Northeast,40488.0,,2023-11-20,,0,
Catawba,Northeast,40488.0,,2023-11-21,,0,
Catawba,Northeast,40488.0,,2023-11-22,,0,
Catawba,Northeast,40488.0,,2023-11-23,,0,
Catawba,Northeast,40488.0,,2023-11-24,,0,
Catawba,Northeast,40488.0,,2023-11-25,,0,
Catawba,Northeast,40488.0,,2023-11-26,,0,
Catawba,Northeast,40488.0,,2023-11-27,,0,
Catawba,Northeast,40488.0,,2023-11-28,276539.99999999994,0,58432147.9490218
Catawba,Northeast,40488.0,,2023-11-29,,0,
Catawba,Northeast,40488.0,,2023-11-30,,0,
Catawba,Northeast,40488.0,,2023-12-01,,0,
Catawba,Northeast,40488.0,,2023-12-02,225169.99999999988,0,47998849.5613515
Catawba,Northeast,40488.0,,2023-12-03,,0,
Catawba,Northeast,40488.0,,2023-12-04,,0,
Catawba,Northeast,40488.0,,2023-12-05,911899.9999999999,0,201207734.973325
Catawba,Northeast,40488.0,,2023-12-06,,0,
Catawba,Northeast,40488.0,,2023-12-07,,0,
Catawba,Northeast,40488.0,,2023-12-08,,0,
Catawba,Northeast,40488.0,,2023-12-09,310200.0000000003,0,65254394.6354475
Catawba,Northeast,40488.0,,2023-12-10,,0,
Catawba,Northeast,40488.0,,2023-12-11,,0,
Catawba,Northeast,40488.0,,2023-12-12,298100.00000000023,0,90300975.0444575
Catawba,Northeast,40488.0,,2023-12-13,,0,
Catawba,Northeast,40488.0,,2023-12-14,,0,
Catawba,Northeast,40488.0,,2023-12-15,,0,
Catawba,Northeast,40488.0,,2023-12-16,206030.0000000001,0,44496709.4502074
Catawba,Northeast,40488.0,,2023-12-17,,0,
Catawba,Northeast,40488.0,,2023-12-18,,0,
Catawba,Northeast,40488.0,,2023-12-19,341000.00000000035,0,83210923.0883223
Catawba,Northeast,40488.0,,2023-12-20,,0,
Catawba,Northeast,40488.0,,2023-12-21,,0,
Catawba,Northeast,40488.0,,2023-12-22,,0,
Catawba,Northeast,40488.0,,2023-12-23,,0,
Catawba,Northeast,40488.0,,2023-12-24,,0,
Catawba,Northeast,40488.0,,2023-12-25,,0,
Catawba,Northeast,40488.0,,2023-12-26,,0,
Catawba,Northeast,40488.0,,2023-12-27,,0,
Catawba,Northeast,40488.0,,2023-12-28,,0,
Catawba,Northeast,40488.0,,2023-12-29,,0,
Catawba,Northeast,40488.0,,2023-12-30,2021799.999999999,0,761778466.004741
Catawba,Northeast,40488.0,,2023-12-31,,0,
Catawba,Northeast,40488.0,,2024-01-01,,0,
Catawba,Northeast,40488.0,,2024-01-02,,0,
Catawba,Northeast,40488.0,,2024-01-03,,0,
Catawba,Northeast,40488.0,,2024-01-04,,0,
Catawba,Northeast,40488.0,,2024-01-05,,0,
Catawba,Northeast,40488.0,,2024-01-06,2981.0000000000027,0,621515.970213396
Catawba,Northeast,40488.0,,2024-01-07,,0,
Catawba,Northeast,40488.0,,2024-01-08,,0,
Catawba,Northeast,40488.0,,2024-01-09,262899.9999999998,0,61694970.5245999
Catawba,Northeast,40488.0,,2024-01-10,,0,
Catawba,Northeast,40488.0,,2024-01-11,,0,
Catawba,Northeast,40488.0,,2024-01-12,,0,
Catawba,Northeast,40488.0,,2024-01-13,272800.00000000006,0,93349265.4416123
Catawba,Northeast,40488.0,,2024-01-14,,0,
Catawba,Northeast,40488.0,,2024-01-15,,0,
Catawba,Northeast,40488.0,,2024-01-16,,0,
Catawba,Northeast,40488.0,,2024-01-17,145200.0000000001,0,37060793.7759336
Catawba,Northeast,40488.0,,2024-01-18,,0,
Catawba,Northeast,40488.0,,2024-01-19,,0,
Catawba,Northeast,40488.0,,2024-01-20,321200.00000000023,0,75075978.0675755
Catawba,Northeast,40488.0,,2024-01-21,,0,
Catawba,Northeast,40488.0,,2024-01-22,,0,
Catawba,Northeast,40488.0,,2024-01-23,178090.0,0,40627005.5779489
Catawba,Northeast,40488.0,,2024-01-24,,0,
Catawba,Northeast,40488.0,,2024-01-25,,0,
Catawba,Northeast,40488.0,,2024-01-26,,0,
Catawba,Northeast,40488.0,,2024-01-27,0.0,0,505991.523414344
Catawba,Northeast,40488.0,,2024-01-28,,0,
Catawba,Northeast,40488.0,,2024-01-29,,0,
Catawba,Northeast,40488.0,,2024-01-30,128700.00000000013,0,42956829.1493774
Catawba,Northeast,40488.0,,2024-01-31,,0,
Catawba,Northeast,40488.0,,2024-02-01,,0,
Catawba,Northeast,40488.0,,2024-02-02,,0,
Catawba,Northeast,40488.0,,2024-02-03,381699.9999999999,0,92785681.3870773
Catawba,Northeast,40488.0,,2024-02-04,,0,
Catawba,Northeast,40488.0,,2024-02-05,,0,
Catawba,Northeast,40488.0,,2024-02-06,290400.0000000002,0,66519373.4439833
Catawba,Northeast,40488.0,,2024-02-07,,0,
Catawba,Northeast,40488.0,,2024-02-08,,0,
Catawba,Northeast,40488.0,,2024-02-09,,0,
Catawba,Northeast,40488.0,,2024-02-10,176880.0,0,39193362.928275
Catawba,Northeast,40488.0,,2024-02-11,,0,
Catawba,Northeast,40488.0,,2024-02-12,,0,
Catawba,Northeast,40488.0,,2024-02-13,200310.0,0,52437999.5850622
Catawba,Northeast,40488.0,,2024-02-14,,0,
Catawba,Northeast,40488.0,,2024-02-15,,0,
Catawba,Northeast,40488.0,,2024-02-16,,0,
Catawba,Northeast,40488.0,,2024-02-17,482900.0000000004,0,115128498.147599
Catawba,Northeast,40488.0,,2024-02-18,,0,
Catawba,Northeast,40488.0,,2024-02-19,,0,
Catawba,Northeast,40488.0,,2024-02-20,259600.0000000001,0,60677845.2874925
Catawba,Northeast,40488.0,,2024-02-21,,0,
Catawba,Northeast,40488.0,,2024-02-22,,0,
Catawba,Northeast,40488.0,,2024-02-23,,0,
Catawba,Northeast,40488.0,,2024-02-24,426800.00000000035,0,100556559.336099
Catawba,Northeast,40488.0,,2024-02-25,,0,
Catawba,Northeast,40488.0,,2024-02-26,,0,
Catawba,Northeast,40488.0,,2024-02-27,380600.00000000006,0,88604052.2525193
Catawba,Northeast,40488.0,,2024-02-28,,0,
Catawba,Northeast,40488.0,,2024-02-29,,0,
Catawba,Northeast,40488.0,,2024-03-01,,0,
Catawba,Northeast,40488.0,,2024-03-02,304700.0,0,102840720.257853
Catawba,Northeast,40488.0,,2024-03-03,,0,
Catawba,Northeast,40488.0,,2024-03-04,,0,
Catawba,Northeast,40488.0,,2024-03-05,373999.9999999997,0,94760282.4540602
Catawba,Northeast,40488.0,,2024-03-06,,0,
Catawba,Northeast,40488.0,,2024-03-07,,0,
Catawba,Northeast,40488.0,,2024-03-08,,0,
Catawba,Northeast,40488.0,,2024-03-09,61379.99999999998,0,17789921.4878482
Catawba,Northeast,40488.0,,2024-03-10,,0,
Catawba,Northeast,40488.0,,2024-03-11,,0,
Catawba,Northeast,40488.0,,2024-03-12,82390.00000000004,0,24880693.3506223
Catawba,Northeast,40488.0,,2024-03-13,,0,
Catawba,Northeast,40488.0,,2024-03-14,,0,
Catawba,Northeast,40488.0,,2024-03-15,,0,
Catawba,Northeast,40488.0,,2024-03-16,3179.000000000003,0,888683.608328393
Catawba,Northeast,40488.0,,2024-03-17,,0,
Catawba,Northeast,40488.0,,2024-03-18,,0,
Catawba,Northeast,40488.0,,2024-03-19,17160.000000000015,0,4267606.55601659
Catawba,Northeast,40488.0,,2024-03-20,,0,
Catawba,Northeast,40488.0,,2024-03-21,,0,
Catawba,Northeast,40488.0,,2024-03-22,,0,
Catawba,Northeast,40488.0,,2024-03-23,135079.99999999994,0,33846307.7889745
Catawba,Northeast,40488.0,,2024-03-24,,0,
Catawba,Northeast,40488.0,,2024-03-25,,0,
Catawba,Northeast,40488.0,,2024-03-26,54670.00000000005,0,14567310.8402489
Catawba,Northeast,40488.0,,2024-03-27,,0,
Catawba,Northeast,40488.0,,2024-03-28,,0,
Catawba,Northeast,40488.0,,2024-03-29,52360.00000000006,0,14245512.572614
Catawba,Northeast,40488.0,,2024-03-30,,0,
Catawba,Northeast,40488.0,,2024-03-31,,0,
Catawba,Northeast,40488.0,,2024-04-01,,0,
Catawba,Northeast,40488.0,,2024-04-02,38115.00000000003,0,9514646.0943983
Catawba,Northeast,40488.0,,2024-04-03,,0,
Catawba,Northeast,40488.0,,2024-04-04,,0,
Catawba,Northeast,40488.0,,2024-04-05,,0,
Catawba,Northeast,40488.0,,2024-04-06,54670.00000000005,0,12522775.9854771
Catawba,Northeast,40488.0,,2024-04-07,,0,
Catawba,Northeast,40488.0,,2024-04-08,,0,
Catawba,Northeast,40488.0,,2024-04-09,53130.00000000006,0,12617083.7551866
Catawba,Northeast,40488.0,,2024-04-10,,0,
Catawba,Northeast,40488.0,,2024-04-11,,0,
Catawba,Northeast,40488.0,,2024-04-12,,0,
Catawba,Northeast,40488.0,,2024-04-13,18392.000000000015,0,4935103.99170124
Catawba,Northeast,40488.0,,2024-04-14,,0,
Catawba,Northeast,40488.0,,2024-04-15,,0,
Catawba,Northeast,40488.0,,2024-04-16,41250.00000000003,0,9988704.61618255
Catawba,Northeast,40488.0,,2024-04-17,,0,
Catawba,Northeast,40488.0,,2024-04-18,,0,
Catawba,Northeast,40488.0,,2024-04-19,,0,
Catawba,Northeast,40488.0,,2024-04-20,22660.000000000007,0,5169341.04327208
Catawba,Northeast,40488.0,,2024-04-21,,0,
Catawba,Northeast,40488.0,,2024-04-22,,0,
Catawba,Northeast,40488.0,,2024-04-23,28490.000000000036,0,6525953.6825726
Catawba,Northeast,40488.0,,2024-04-24,,0,
Catawba,Northeast,40488.0,,2024-04-25,,0,
Catawba,Northeast,40488.0,,2024-04-26,,0,
Catawba,Northeast,40488.0,,2024-04-27,2192.9999999999995,0,240654.505038529
Catawba,Northeast,40488.0,,2024-04-28,,0,
Catawba,Northeast,40488.0,,2024-04-29,,0,
Catawba,Northeast,40488.0,,2024-04-30,19613.000000000025,0,4565925.58283935
Catawba,Northeast,40488.0,,2024-05-01,,0,
Catawba,Northeast,40488.0,,2024-05-02,,0,
Catawba,Northeast,40488.0,,2024-05-03,,0,
Catawba,Northeast,40488.0,,2024-05-04,56540.00000000006,0,13479737.5963248
Catawba,Northeast,40488.0,,2024-05-05,,0,
Catawba,Northeast,40488.0,,2024-05-06,,0,
Catawba,Northeast,40488.0,,2024-05-07,22330.00000000002,0,6785120.07261411
Catawba,Northeast,40488.0,,2024-05-08,,0,
Catawba,Northeast,40488.0,,2024-05-09,,0,
Catawba,Northeast,40488.0,,2024-05-10,,0,
Catawba,Northeast,40488.0,,2024-05-11,,0,
Catawba,Northeast,40488.0,,2024-05-12,,0,
Catawba,Northeast,40488.0,,2024-05-13,,0,
Catawba,Northeast,40488.0,,2024-05-14,,0,
Catawba,Northeast,40488.0,,2024-05-15,,0,
Chatham,Pittsboro (Data available until - 5/25/21),4234.0,4.720000000000001,2021-01-05,17375.845303178783,0,16932978.7538053
Chatham,Pittsboro (Data available until - 5/25/21),4234.0,4.720000000000001,2021-01-06,,0,
Chatham,Pittsboro (Data available until - 5/25/21),4234.0,,2021-01-07,,0,
Chatham,Pittsboro (Data available until - 5/25/21),4234.0,4.720000000000001,2021-01-08,9020.809276334363,0,6693981.64637409
Chatham,Pittsboro (Data available until - 5/25/21),4234.0,,2021-01-09,,0,
Chatham,Pittsboro (Data available until - 5/25/21),4234.0,,2021-01-10,,0,
Chatham,Pittsboro (Data available until - 5/25/21),4234.0,,2021-01-11,,0,
Chatham,Pittsboro (Data available until - 5/25/21),4234.0,14.17,2021-01-12,12046.783803156768,0,7754691.70857299
Chatham,Pittsboro (Data available until - 5/25/21),4234.0,4.720000000000001,2021-01-13,,0,
Chatham,Pittsboro (Data available until - 5/25/21),4234.0,4.720000000000001,2021-01-14,,0,
Chatham,Pittsboro (Data available until - 5/25/21),4234.0,4.720000000000001,2021-01-15,0.0,0,840619.359247536
Chatham,Pittsboro (Data available until - 5/25/21),4234.0,4.720000000000001,2021-01-16,,0,
Chatham,Pittsboro (Data available until - 5/25/21),4234.0,4.720000000000001,2021-01-17,,0,
Chatham,Pittsboro (Data available until - 5/25/21),4234.0,4.720000000000001,2021-01-18,,0,
Chatham,Pittsboro (Data available until - 5/25/21),4234.0,4.720000000000001,2021-01-19,9295.160030897809,0,4819986.13437815
Chatham,Pittsboro (Data available until - 5/25/21),4234.0,,2021-01-20,,0,
Chatham,Pittsboro (Data available until - 5/25/21),4234.0,11.81,2021-01-21,,0,
Chatham,Pittsboro (Data available until - 5/25/21),4234.0,4.720000000000001,2021-01-22,13860.916275629123,0,7435396.193164819
Chatham,Pittsboro (Data available until - 5/25/21),4234.0,,2021-01-23,,0,
Chatham,Pittsboro (Data available until - 5/25/21),4234.0,4.720000000000001,2021-01-24,,0,
Chatham,Pittsboro (Data available until - 5/25/21),4234.0,,2021-01-25,,0,
Chatham,Pittsboro (Data available until - 5/25/21),4234.0,4.720000000000001,2021-01-26,5994.789404140896,0,3108585.72745684
Chatham,Pittsboro (Data available until - 5/25/21),4234.0,,2021-01-27,,0,
Chatham,Pittsboro (Data available until - 5/25/21),4234.0,4.720000000000001,2021-01-28,,0,
Chatham,Pittsboro (Data available until - 5/25/21),4234.0,,2021-01-29,11757.976016304867,0,7463659.92267488
Chatham,Pittsboro (Data available until - 5/25/21),4234.0,,2021-01-30,,0,
Chatham,Pittsboro (Data available until - 5/25/21),4234.0,4.720000000000001,2021-01-31,,0,
Chatham,Pittsboro (Data available until - 5/25/21),4234.0,4.720000000000001,2021-02-01,,0,
Chatham,Pittsboro (Data available until - 5/25/21),4234.0,4.720000000000001,2021-02-02,0.0,0,233755.834386235
Chatham,Pittsboro (Data available until - 5/25/21),4234.0,4.720000000000001,2021-02-03,,0,
Chatham,Pittsboro (Data available until - 5/25/21),4234.0,4.720000000000001,2021-02-04,,0,
Chatham,Pittsboro (Data available until - 5/25/21),4234.0,4.720000000000001,2021-02-05,,0,
Chatham,Pittsboro (Data available until - 5/25/21),4234.0,,2021-02-06,,0,
Chatham,Pittsboro (Data available until - 5/25/21),4234.0,11.81,2021-02-07,,0,
Chatham,Pittsboro (Data available until - 5/25/21),4234.0,,2021-02-08,,0,
Chatham,Pittsboro (Data available until - 5/25/21),4234.0,,2021-02-09,,0,
Chatham,Pittsboro (Data available until - 5/25/21),4234.0,,2021-02-10,,0,
Chatham,Pittsboro (Data available until - 5/25/21),4234.0,4.720000000000001,2021-02-11,,0,
Chatham,Pittsboro (Data available until - 5/25/21),4234.0,4.720000000000001,2021-02-12,4582.575694955842,0,3441516.51156733
Chatham,Pittsboro (Data available until - 5/25/21),4234.0,4.720000000000001,2021-02-13,,0,
Chatham,Pittsboro (Data available until - 5/25/21),4234.0,4.720000000000001,2021-02-14,,0,
Chatham,Pittsboro (Data available until - 5/25/21),4234.0,,2021-02-15,,0,
Chatham,Pittsboro (Data available until - 5/25/21),4234.0,,2021-02-16,0.0,0,308132.690781854
Chatham,Pittsboro (Data available until - 5/25/21),4234.0,4.720000000000001,2021-02-17,,0,
Chatham,Pittsboro (Data available until - 5/25/21),4234.0,,2021-02-18,,0,
Chatham,Pittsboro (Data available until - 5/25/21),4234.0,4.720000000000001,2021-02-19,0.0,0,278913.211483576
Chatham,Pittsboro (Data available until - 5/25/21),4234.0,,2021-02-20,,0,
Chatham,Pittsboro (Data available until - 5/25/21),4234.0,4.720000000000001,2021-02-21,,0,
Chatham,Pittsboro (Data available until - 5/25/21),4234.0,,2021-02-22,,0,
Chatham,Pittsboro (Data available until - 5/25/21),4234.0,,2021-02-23,0.0,0,257662.681084827
Chatham,Pittsboro (Data available until - 5/25/21),4234.0,,2021-02-24,,0,
Chatham,Pittsboro (Data available until - 5/25/21),4234.0,,2021-02-25,,0,
Chatham,Pittsboro (Data available until - 5/25/21),4234.0,,2021-02-26,0.0,0,247037.415885453
Chatham,Pittsboro (Data available until - 5/25/21),4234.0,,2021-02-27,,0,
Chatham,Pittsboro (Data available until - 5/25/21),4234.0,,2021-02-28,,0,
Chatham,Pittsboro (Data available until - 5/25/21),4234.0,4.720000000000001,2021-03-01,,0,
Chatham,Pittsboro (Data available until - 5/25/21),4234.0,,2021-03-02,0.0,0,236412.150686078
Chatham,Pittsboro (Data available until - 5/25/21),4234.0,,2021-03-03,,0,
Chatham,Pittsboro (Data available until - 5/25/21),4234.0,,2021-03-04,,0,
Chatham,Pittsboro (Data available until - 5/25/21),4234.0,,2021-03-05,0.0,0,334821.04393009
Chatham,Pittsboro (Data available until - 5/25/21),4234.0,,2021-03-06,,0,
Chatham,Pittsboro (Data available until - 5/25/21),4234.0,,2021-03-07,,0,
Chatham,Pittsboro (Data available until - 5/25/21),4234.0,,2021-03-08,,0,
Chatham,Pittsboro (Data available until - 5/25/21),4234.0,,2021-03-09,0.0,0,306122.097307511
Chatham,Pittsboro (Data available until - 5/25/21),4234.0,4.720000000000001,2021-03-10,,0,
Chatham,Pittsboro (Data available until - 5/25/21),4234.0,,2021-03-11,,0,
Chatham,Pittsboro (Data available until - 5/25/21),4234.0,,2021-03-12,0.0,0,172660.559489833
Chatham,Pittsboro (Data available until - 5/25/21),4234.0,,2021-03-13,,0,
Chatham,Pittsboro (Data available until - 5/25/21),4234.0,,2021-03-14,,0,
Chatham,Pittsboro (Data available until - 5/25/21),4234.0,4.720000000000001,2021-03-15,,0,
Chatham,Pittsboro (Data available until - 5/25/21),4234.0,,2021-03-16,0.0,0,683765.979999976
Chatham,Pittsboro (Data available until - 5/25/21),4234.0,,2021-03-17,,0,
Chatham,Pittsboro (Data available until - 5/25/21),4234.0,,2021-03-18,,0,
Chatham,Pittsboro (Data available until - 5/25/21),4234.0,,2021-03-19,6363.961030678928,0,3812090.81655796
Chatham,Pittsboro (Data available until - 5/25/21),4234.0,4.720000000000001,2021-03-20,,0,
Chatham,Pittsboro (Data available until - 5/25/21),4234.0,,2021-03-21,,0,
Chatham,Pittsboro (Data available until - 5/25/21),4234.0,4.720000000000001,2021-03-22,,0,
Chatham,Pittsboro (Data available until - 5/25/21),4234.0,,2021-03-23,3824.2646351945905,0,2085636.87376948
Chatham,Pittsboro (Data available until - 5/25/21),4234.0,4.720000000000001,2021-03-24,,0,
Chatham,Pittsboro (Data available until - 5/25/21),4234.0,,2021-03-25,,0,
Chatham,Pittsboro (Data available until - 5/25/21),4234.0,4.720000000000001,2021-03-26,6887.4886569779555,0,3756225.49194516
Chatham,Pittsboro (Data available until - 5/25/21),4234.0,4.720000000000001,2021-03-27,,0,
Chatham,Pittsboro (Data available until - 5/25/21),4234.0,,2021-03-28,,0,
Chatham,Pittsboro (Data available until - 5/25/21),4234.0,,2021-03-29,,0,
Chatham,Pittsboro (Data available until - 5/25/21),4234.0,,2021-03-30,0.0,0,156722.661690771
Chatham,Pittsboro (Data available until - 5/25/21),4234.0,,2021-03-31,,0,
Chatham,Pittsboro (Data available until - 5/25/21),4234.0,4.720000000000001,2021-04-30,0.0,0,146097.396491397
Chatham,Pittsboro (Data available until - 5/25/21),4234.0,,2021-05-01,,0,
Chatham,Pittsboro (Data available until - 5/25/21),4234.0,,2021-05-02,,0,
Chatham,Pittsboro (Data available until - 5/25/21),4234.0,,2021-05-03,,0,
Chatham,Pittsboro (Data available until - 5/25/21),4234.0,4.720000000000001,2021-05-04,0.0,0,132815.814992179
Chatham,Pittsboro (Data available until - 5/25/21),4234.0,,2021-05-05,,0,
Chatham,Pittsboro (Data available until - 5/25/21),4234.0,,2021-05-06,,0,
Chatham,Pittsboro (Data available until - 5/25/21),4234.0,,2021-05-07,0.0,0,135472.131292022
Chatham,Pittsboro (Data available until - 5/25/21),4234.0,,2021-05-08,,0,
Chatham,Pittsboro (Data available until - 5/25/21),4234.0,,2021-05-09,,0,
Chatham,Pittsboro (Data available until - 5/25/21),4234.0,,2021-05-10,,0,
Chatham,Pittsboro (Data available until - 5/25/21),4234.0,,2021-05-11,0.0,0,132815.814992179
Chatham,Pittsboro (Data available until - 5/25/21),4234.0,,2021-05-12,,0,
Chatham,Pittsboro (Data available until - 5/25/21),4234.0,4.720000000000001,2021-05-13,,0,
Chatham,Pittsboro (Data available until - 5/25/21),4234.0,4.720000000000001,2021-05-14,0.0,0,146097.396491397
Chatham,Pittsboro (Data available until - 5/25/21),4234.0,,2021-05-15,,0,
Chatham,Pittsboro (Data available until - 5/25/21),4234.0,4.720000000000001,2021-05-16,,0,
Chatham,Pittsboro (Data available until - 5/25/21),4234.0,,2021-05-17,,0,
Chatham,Pittsboro (Data available until - 5/25/21),4234.0,,2021-05-18,0.0,0,130159.498692335
Chatham,Pittsboro (Data available until - 5/25/21),4234.0,,2021-05-19,,0,
Chatham,Pittsboro (Data available until - 5/25/21),4234.0,,2021-05-20,,0,
Chatham,Pittsboro (Data available until - 5/25/21),4234.0,,2021-05-21,0.0,0,138128.447591866
Chatham,Pittsboro (Data available until - 5/25/21),4234.0,,2021-05-22,,0,
Chatham,Pittsboro (Data available until - 5/25/21),4234.0,,2021-05-23,,0,
Chatham,Pittsboro (Data available until - 5/25/21),4234.0,,2021-05-24,,0,
Chatham,Pittsboro (Data available until - 5/25/21),4234.0,,2021-05-25,0.0,0,122190.549792804
Cumberland,Fayetteville - Rockfish,151589.0,0.53,2021-06-19,0.0,0,398538.306945334
Cumberland,Fayetteville - Rockfish,151589.0,0.33,2021-06-20,,0,
Cumberland,Fayetteville - Rockfish,151589.0,0.33,2021-06-21,,0,
Cumberland,Fayetteville - Rockfish,151589.0,0.79,2021-06-22,,0,
Cumberland,Fayetteville - Rockfish,151589.0,1.6500000000000001,2021-07-11,,0,
Cumberland,Fayetteville - Rockfish,151589.0,2.77,2021-07-12,,0,
Cumberland,Fayetteville - Rockfish,151589.0,2.97,2021-07-13,,0,
Cumberland,Fayetteville - Rockfish,151589.0,3.69,2021-07-14,29527.52952754427,0,10691513.8893106
Cumberland,Fayetteville - Rockfish,151589.0,2.9000000000000004,2021-07-15,,0,
Cumberland,Fayetteville - Rockfish,151589.0,2.5100000000000002,2021-07-16,,0,
Cumberland,Fayetteville - Rockfish,151589.0,3.23,2021-07-17,25351.28201886443,0,9305963.63474182
Cumberland,Fayetteville - Rockfish,151589.0,2.77,2021-07-18,,0,
Cumberland,Fayetteville - Rockfish,151589.0,2.84,2021-07-19,,0,
Cumberland,Fayetteville - Rockfish,151589.0,4.88,2021-07-20,,0,
Cumberland,Fayetteville - Rockfish,151589.0,5.15,2021-07-21,25672.212604292647,0,9423771.02432662
Cumberland,Fayetteville - Rockfish,151589.0,3.5600000000000005,2021-07-22,,0,
Cumberland,Fayetteville - Rockfish,151589.0,3.83,2021-07-23,,0,
Cumberland,Fayetteville - Rockfish,151589.0,4.88,2021-07-24,45565.88636249708,0,17750414.9858558
Cumberland,Fayetteville - Rockfish,151589.0,3.5,2021-07-25,,0,
Cumberland,Fayetteville - Rockfish,151589.0,3.1,2021-07-26,,0,
Cumberland,Fayetteville - Rockfish,151589.0,4.88,2021-07-27,,0,
Cumberland,Fayetteville - Rockfish,151589.0,5.28,2021-07-28,51514.56104830942,0,20453668.7248883
Cumberland,Fayetteville - Rockfish,151589.0,4.68,2021-07-29,,0,
Cumberland,Fayetteville - Rockfish,151589.0,3.7600000000000002,2021-07-30,,0,
Cumberland,Fayetteville - Rockfish,151589.0,4.62,2021-07-31,1018657.204362685,0,429891497.308955
Cumberland,Fayetteville - Rockfish,151589.0,3.1,2021-08-01,,0,
Cumberland,Fayetteville - Rockfish,151589.0,3.89,2021-08-02,,0,
Cumberland,Fayetteville - Rockfish,151589.0,4.49,2021-08-03,,0,
Cumberland,Fayetteville - Rockfish,151589.0,5.54,2021-08-04,42870.444364386974,0,16058069.5265108
Cumberland,Fayetteville - Rockfish,151589.0,4.88,2021-08-05,,0,
Cumberland,Fayetteville - Rockfish,151589.0,6.2,2021-08-06,,0,
Cumberland,Fayetteville - Rockfish,151589.0,5.670000000000001,2021-08-07,33527.04132487685,0,13228067.6253077
Cumberland,Fayetteville - Rockfish,151589.0,4.88,2021-08-08,,0,
Cumberland,Fayetteville - Rockfish,151589.0,4.0200000000000005,2021-08-09,,0,
Cumberland,Fayetteville - Rockfish,151589.0,8.97,2021-08-10,,0,
Cumberland,Fayetteville - Rockfish,151589.0,5.08,2021-08-11,38890.87296526013,0,15247246.9322069
Cumberland,Fayetteville - Rockfish,151589.0,4.95,2021-08-12,,0,
Cumberland,Fayetteville - Rockfish,151589.0,4.95,2021-08-13,,0,
Cumberland,Fayetteville - Rockfish,151589.0,6.66,2021-08-14,43560.30302924902,0,17186683.091605
Cumberland,Fayetteville - Rockfish,151589.0,3.89,2021-08-15,,0,
Cumberland,Fayetteville - Rockfish,151589.0,3.7600000000000002,2021-08-16,,0,
Cumberland,Fayetteville - Rockfish,151589.0,7.190000000000001,2021-08-17,,0,
Cumberland,Fayetteville - Rockfish,151589.0,6.66,2021-08-18,37107.95063055896,0,14362920.5477457
Cumberland,Fayetteville - Rockfish,151589.0,8.18,2021-08-19,,0,
Cumberland,Fayetteville - Rockfish,151589.0,7.06,2021-08-20,,0,
Cumberland,Fayetteville - Rockfish,151589.0,6.990000000000001,2021-08-21,27369.006193137528,0,10525042.0219801
Cumberland,Fayetteville - Rockfish,151589.0,4.49,2021-08-22,,0,
Cumberland,Fayetteville - Rockfish,151589.0,3.63,2021-08-23,,0,
Cumberland,Fayetteville - Rockfish,151589.0,9.17,2021-08-24,,0,
Cumberland,Fayetteville - Rockfish,151589.0,6.990000000000001,2021-08-25,56124.86080160906,0,23545539.6349161
Cumberland,Fayetteville - Rockfish,151589.0,6.66,2021-08-26,,0,
Cumberland,Fayetteville - Rockfish,151589.0,7.32,2021-08-27,,0,
Cumberland,Fayetteville - Rockfish,151589.0,7.5200000000000005,2021-08-28,50049.97502496884,0,20122124.460866
Cumberland,Fayetteville - Rockfish,151589.0,4.0200000000000005,2021-08-29,,0,
Cumberland,Fayetteville - Rockfish,151589.0,3.5600000000000005,2021-08-30,,0,
Cumberland,Fayetteville - Rockfish,151589.0,9.700000000000001,2021-08-31,,0,
Cumberland,Fayetteville - Rockfish,151589.0,6.0,2021-09-01,37749.17217635378,0,14799640.7839289
Cumberland,Fayetteville - Rockfish,151589.0,7.06,2021-09-02,,0,
Cumberland,Fayetteville - Rockfish,151589.0,4.220000000000001,2021-09-03,,0,
Cumberland,Fayetteville - Rockfish,151589.0,6.53,2021-09-04,85146.93182963201,0,33594654.5779485
Cumberland,Fayetteville - Rockfish,151589.0,3.83,2021-09-05,,0,
Cumberland,Fayetteville - Rockfish,151589.0,3.3000000000000003,2021-09-06,,0,
Cumberland,Fayetteville - Rockfish,151589.0,3.89,2021-09-07,,0,
Cumberland,Fayetteville - Rockfish,151589.0,8.31,2021-09-08,85513.15688243542,0,33312070.5551142
Cumberland,Fayetteville - Rockfish,151589.0,7.98,2021-09-09,,0,
Cumberland,Fayetteville - Rockfish,151589.0,6.140000000000001,2021-09-10,,0,
Cumberland,Fayetteville - Rockfish,151589.0,5.28,2021-09-11,51690.18282033833,0,20265242.7508282
Cumberland,Fayetteville - Rockfish,151589.0,3.1,2021-09-12,,0,
Cumberland,Fayetteville - Rockfish,151589.0,2.44,2021-09-13,,0,
Cumberland,Fayetteville - Rockfish,151589.0,6.33,2021-09-14,,0,
Cumberland,Fayetteville - Rockfish,151589.0,6.140000000000001,2021-09-15,7677.07626639205,0,3105667.51466509
Cumberland,Fayetteville - Rockfish,151589.0,6.73,2021-09-16,,0,
Cumberland,Fayetteville - Rockfish,151589.0,4.55,2021-09-17,,0,
Cumberland,Fayetteville - Rockfish,151589.0,4.55,2021-09-18,50830.601019464615,0,19928241.9334884
Cumberland,Fayetteville - Rockfish,151589.0,1.72,2021-09-19,,0,
Cumberland,Fayetteville - Rockfish,151589.0,1.72,2021-09-20,,0,
Cumberland,Fayetteville - Rockfish,151589.0,5.74,2021-09-21,,0,
Cumberland,Fayetteville - Rockfish,151589.0,6.4,2021-09-22,7648.529270389181,0,3151417.6790675
Cumberland,Fayetteville - Rockfish,151589.0,5.010000000000001,2021-09-23,,0,
Cumberland,Fayetteville - Rockfish,151589.0,5.210000000000001,2021-09-24,,0,
Cumberland,Fayetteville - Rockfish,151589.0,3.69,2021-09-25,20621.590627301295,0,9269125.36457495
Cumberland,Fayetteville - Rockfish,151589.0,2.1100000000000003,2021-09-26,,0,
Cumberland,Fayetteville - Rockfish,151589.0,2.31,2021-09-27,,0,
Cumberland,Fayetteville - Rockfish,151589.0,4.3500000000000005,2021-09-28,,0,
Cumberland,Fayetteville - Rockfish,151589.0,4.420000000000001,2021-09-29,19421.31560940197,0,7905154.09533431
Cumberland,Fayetteville - Rockfish,151589.0,3.63,2021-09-30,,0,
Cumberland,Fayetteville - Rockfish,151589.0,3.0300000000000002,2021-10-01,,0,
Cumberland,Fayetteville - Rockfish,151589.0,4.09,2021-10-02,25102.290732122437,0,9841404.83806084
Cumberland,Fayetteville - Rockfish,151589.0,2.44,2021-10-03,,0,
Cumberland,Fayetteville - Rockfish,151589.0,1.9800000000000002,2021-10-04,,0,
Cumberland,Fayetteville - Rockfish,151589.0,4.95,2021-10-05,,0,
Cumberland,Fayetteville - Rockfish,151589.0,4.29,2021-10-06,9721.111047611794,0,4102482.13615592
Cumberland,Fayetteville - Rockfish,151589.0,2.97,2021-10-07,,0,
Cumberland,Fayetteville - Rockfish,151589.0,3.17,2021-10-08,,0,
Cumberland,Fayetteville - Rockfish,151589.0,2.1100000000000003,2021-10-09,38794.3294825416,0,15306271.9999918
Cumberland,Fayetteville - Rockfish,151589.0,1.3900000000000001,2021-10-10,,0,
Cumberland,Fayetteville - Rockfish,151589.0,1.7800000000000002,2021-10-11,,0,
Cumberland,Fayetteville - Rockfish,151589.0,3.5600000000000005,2021-10-12,,0,
Cumberland,Fayetteville - Rockfish,151589.0,2.84,2021-10-13,13133.925536563715,0,5706737.38882296
Cumberland,Fayetteville - Rockfish,151589.0,1.9800000000000002,2021-10-14,,0,
Cumberland,Fayetteville - Rockfish,151589.0,2.1100000000000003,2021-10-15,,0,
Cumberland,Fayetteville - Rockfish,151589.0,1.1199999999999999,2021-10-16,0.0,0,131321.61626478
Cumberland,Fayetteville - Rockfish,151589.0,0.9900000000000001,2021-10-17,,0,
Cumberland,Fayetteville - Rockfish,151589.0,0.9900000000000001,2021-10-18,,0,
Cumberland,Fayetteville - Rockfish,151589.0,2.18,2021-10-19,,0,
Cumberland,Fayetteville - Rockfish,151589.0,1.58,2021-10-20,0.0,0,836018.9158003628
Cumberland,Fayetteville - Rockfish,151589.0,1.7800000000000002,2021-10-21,,0,
Cumberland,Fayetteville - Rockfish,151589.0,0.86,2021-10-22,,0,
Cumberland,Fayetteville - Rockfish,151589.0,0.73,2021-10-23,16393.59631075502,0,5526524.43718792
Cumberland,Fayetteville - Rockfish,151589.0,1.32,2021-10-24,,0,
Cumberland,Fayetteville - Rockfish,151589.0,1.1900000000000002,2021-10-25,,0,
Cumberland,Fayetteville - Rockfish,151589.0,2.0500000000000003,2021-10-26,,0,
Cumberland,Fayetteville - Rockfish,151589.0,1.58,2021-10-27,15803.480629279095,0,5722223.81455159
Cumberland,Fayetteville - Rockfish,151589.0,1.32,2021-10-28,,0,
Cumberland,Fayetteville - Rockfish,151589.0,1.9800000000000002,2021-10-29,,0,
Cumberland,Fayetteville - Rockfish,151589.0,1.9800000000000002,2021-10-30,5244.044240850768,0,1872606.27414406
Cumberland,Fayetteville - Rockfish,151589.0,1.58,2021-10-31,,0,
Cumberland,Fayetteville - Rockfish,151589.0,1.1199999999999999,2021-11-01,,0,
Cumberland,Fayetteville - Rockfish,151589.0,1.72,2021-11-02,,0,
Cumberland,Fayetteville - Rockfish,151589.0,1.3900000000000001,2021-11-03,11183.134623172513,0,3937556.1090584095
Cumberland,Fayetteville - Rockfish,151589.0,1.32,2021-11-04,,0,
Cumberland,Fayetteville - Rockfish,151589.0,1.72,2021-11-05,,0,
Cumberland,Fayetteville - Rockfish,151589.0,1.25,2021-11-06,11543.396380615202,0,3920275.6675277106
Cumberland,Fayetteville - Rockfish,151589.0,0.9199999999999999,2021-11-07,,0,
Cumberland,Fayetteville - Rockfish,151589.0,0.9199999999999999,2021-11-08,,0,
Cumberland,Fayetteville - Rockfish,151589.0,1.1900000000000002,2021-11-09,,0,
Cumberland,Fayetteville - Rockfish,151589.0,1.32,2021-11-10,4387.482193696063,0,1566734.81501325
Cumberland,Fayetteville - Rockfish,151589.0,1.06,2021-11-11,,0,
Cumberland,Fayetteville - Rockfish,151589.0,1.4500000000000002,2021-11-12,,0,
Cumberland,Fayetteville - Rockfish,151589.0,1.52,2021-11-13,23478.71376374782,0,7328724.633819951
Cumberland,Fayetteville - Rockfish,151589.0,1.32,2021-11-14,,0,
Cumberland,Fayetteville - Rockfish,151589.0,0.86,2021-11-15,,0,
Cumberland,Fayetteville - Rockfish,151589.0,1.06,2021-11-16,,0,
Cumberland,Fayetteville - Rockfish,151589.0,1.9100000000000001,2021-11-17,12209.115447074784,0,3871970.2438147306
Cumberland,Fayetteville - Rockfish,151589.0,1.85,2021-11-18,,0,
Cumberland,Fayetteville - Rockfish,151589.0,1.72,2021-11-19,,0,
Cumberland,Fayetteville - Rockfish,151589.0,1.52,2021-11-20,21379.020089798352,0,6780092.29976195
Cumberland,Fayetteville - Rockfish,151589.0,1.72,2021-11-21,,0,
Cumberland,Fayetteville - Rockfish,151589.0,0.53,2021-11-22,,0,
Cumberland,Fayetteville - Rockfish,151589.0,1.72,2021-11-23,,0,
Cumberland,Fayetteville - Rockfish,151589.0,2.44,2021-11-24,29588.849251027004,0,9900952.18910885
Cumberland,Fayetteville - Rockfish,151589.0,2.0500000000000003,2021-11-25,,0,
Cumberland,Fayetteville - Rockfish,151589.0,1.6500000000000001,2021-11-26,,0,
Cumberland,Fayetteville - Rockfish,151589.0,2.2399999999999998,2021-11-27,,0,
Cumberland,Fayetteville - Rockfish,151589.0,2.37,2021-11-28,,0,
Cumberland,Fayetteville - Rockfish,151589.0,2.44,2021-11-29,,0,
Cumberland,Fayetteville - Rockfish,151589.0,3.63,2021-11-30,,0,
Cumberland,Fayetteville - Rockfish,151589.0,4.09,2021-12-01,36530.808915215675,0,12315077.4456812
Cumberland,Fayetteville - Rockfish,151589.0,3.5600000000000005,2021-12-02,,0,
Cumberland,Fayetteville - Rockfish,151589.0,3.5,2021-12-03,,0,
Cumberland,Fayetteville - Rockfish,151589.0,3.83,2021-12-04,74624.05778299656,0,25529571.0384331
Cumberland,Fayetteville - Rockfish,151589.0,3.17,2021-12-05,,0,
Cumberland,Fayetteville - Rockfish,151589.0,3.3000000000000003,2021-12-06,,0,
Cumberland,Fayetteville - Rockfish,151589.0,4.16,2021-12-07,,0,
Cumberland,Fayetteville - Rockfish,151589.0,3.5600000000000005,2021-12-08,43127.71730569565,0,15077474.3236364
Cumberland,Fayetteville - Rockfish,151589.0,4.29,2021-12-09,,0,
Cumberland,Fayetteville - Rockfish,151589.0,3.9600000000000004,2021-12-10,,0,
Cumberland,Fayetteville - Rockfish,151589.0,6.33,2021-12-11,35864.327680858645,0,13165098.6697312
Cumberland,Fayetteville - Rockfish,151589.0,2.2399999999999998,2021-12-12,,0,
Cumberland,Fayetteville - Rockfish,151589.0,1.58,2021-12-13,,0,
Cumberland,Fayetteville - Rockfish,151589.0,5.54,2021-12-14,,0,
Cumberland,Fayetteville - Rockfish,151589.0,5.41,2021-12-15,24186.773244895627,0,8516107.50992034
Cumberland,Fayetteville - Rockfish,151589.0,5.61,2021-12-16,,0,
Cumberland,Fayetteville - Rockfish,151589.0,4.88,2021-12-17,,0,
Cumberland,Fayetteville - Rockfish,151589.0,4.68,2021-12-18,6363.96103067894,0,2812838.95344594
Cumberland,Fayetteville - Rockfish,151589.0,3.17,2021-12-19,,0,
Cumberland,Fayetteville - Rockfish,151589.0,2.18,2021-12-20,,0,
Cumberland,Fayetteville - Rockfish,151589.0,5.670000000000001,2021-12-21,,0,
Cumberland,Fayetteville - Rockfish,151589.0,7.720000000000001,2021-12-22,98552.01672213517,0,35438236.1453638
Cumberland,Fayetteville - Rockfish,151589.0,7.590000000000001,2021-12-23,,0,
Cumberland,Fayetteville - Rockfish,151589.0,9.3,2021-12-24,,0,
Cumberland,Fayetteville - Rockfish,151589.0,7.390000000000001,2021-12-25,,0,
Cumberland,Fayetteville - Rockfish,151589.0,4.420000000000001,2021-12-26,,0,
Cumberland,Fayetteville - Rockfish,151589.0,8.38,2021-12-27,,0,
Cumberland,Fayetteville - Rockfish,151589.0,16.69,2021-12-28,,0,
Cumberland,Fayetteville - Rockfish,151589.0,20.650000000000002,2021-12-29,63121.90586476296,0,25535196.6954045
Cumberland,Fayetteville - Rockfish,151589.0,29.55,2021-12-30,,0,
Cumberland,Fayetteville - Rockfish,151589.0,29.880000000000003,2021-12-31,,0,
Cumberland,Fayetteville - Rockfish,151589.0,17.880000000000003,2022-01-01,,0,
Cumberland,Fayetteville - Rockfish,151589.0,10.420000000000002,2022-01-02,,0,
Cumberland,Fayetteville - Rockfish,151589.0,11.81,2022-01-03,,0,
Cumberland,Fayetteville - Rockfish,151589.0,39.650000000000006,2022-01-04,,0,
Cumberland,Fayetteville - Rockfish,151589.0,38.0,2022-01-05,313209.19526731636,0,126704957.627475
Cumberland,Fayetteville - Rockfish,151589.0,31.53,2022-01-18,,0,
Cumberland,Fayetteville - Rockfish,151589.0,46.97,2022-01-19,28532.87577514752,0,11400125.1235109
Cumberland,Fayetteville - Rockfish,151589.0,37.6,2022-01-20,,0,
Cumberland,Fayetteville - Rockfish,151589.0,33.510000000000005,2022-01-21,,0,
Cumberland,Fayetteville - Rockfish,151589.0,18.8,2022-01-22,80467.38469715547,0,28131443.1288323
Cumberland,Fayetteville - Rockfish,151589.0,6.93,2022-01-23,,0,
Cumberland,Fayetteville - Rockfish,151589.0,7.78,2022-01-24,,0,
Cumberland,Fayetteville - Rockfish,151589.0,42.09,2022-01-25,,0,
Cumberland,Fayetteville - Rockfish,151589.0,27.57,2022-01-26,43874.821936960674,0,16105595.6508355
Cumberland,Fayetteville - Rockfish,151589.0,20.85,2022-01-27,,0,
Cumberland,Fayetteville - Rockfish,151589.0,18.87,2022-01-28,,0,
Cumberland,Fayetteville - Rockfish,151589.0,15.9,2022-01-29,76034.53162872783,0,25442498.8275334
Cumberland,Fayetteville - Rockfish,151589.0,6.990000000000001,2022-01-30,,0,
Cumberland,Fayetteville - Rockfish,151589.0,6.2,2022-01-31,,0,
Cumberland,Fayetteville - Rockfish,151589.0,20.05,2022-02-01,,0,
Cumberland,Fayetteville - Rockfish,151589.0,12.930000000000001,2022-02-02,56124.86080160916,0,19200826.9641875
Cumberland,Fayetteville - Rockfish,151589.0,12.4,2022-02-03,,0,
Cumberland,Fayetteville - Rockfish,151589.0,10.36,2022-02-04,,0,
Cumberland,Fayetteville - Rockfish,151589.0,10.88,2022-02-05,48373.54648979134,0,16186644.0614088
Cumberland,Fayetteville - Rockfish,151589.0,3.83,2022-02-06,,0,
Cumberland,Fayetteville - Rockfish,151589.0,2.77,2022-02-07,,0,
Cumberland,Fayetteville - Rockfish,151589.0,8.64,2022-02-08,,0,
Cumberland,Fayetteville - Rockfish,151589.0,8.840000000000002,2022-02-09,5111.262075065215,0,1978353.69066195
Cumberland,Fayetteville - Rockfish,151589.0,6.0,2022-02-10,,0,
Cumberland,Fayetteville - Rockfish,151589.0,4.55,2022-02-11,,0,
Cumberland,Fayetteville - Rockfish,151589.0,3.83,2022-02-12,14861.863947701853,0,5121491.51369361
Cumberland,Fayetteville - Rockfish,151589.0,3.23,2022-02-13,,0,
Cumberland,Fayetteville - Rockfish,151589.0,0.86,2022-02-14,,0,
Cumberland,Fayetteville - Rockfish,151589.0,3.83,2022-02-15,,0,
Cumberland,Fayetteville - Rockfish,151589.0,2.84,2022-02-16,13509.256086106318,0,4655374.36251432
Cumberland,Fayetteville - Rockfish,151589.0,4.29,2022-02-17,,0,
Cumberland,Fayetteville - Rockfish,151589.0,3.7600000000000002,2022-02-18,,0,
Cumberland,Fayetteville - Rockfish,151589.0,2.64,2022-02-19,29163.333142835414,0,10195517.7348253
Cumberland,Fayetteville - Rockfish,151589.0,0.9900000000000001,2022-02-20,,0,
Cumberland,Fayetteville - Rockfish,151589.0,1.4500000000000002,2022-02-21,,0,
Cumberland,Fayetteville - Rockfish,151589.0,2.7,2022-02-22,,0,
Cumberland,Fayetteville - Rockfish,151589.0,3.17,2022-02-23,10612.492638395564,0,3683632.46610253
Cumberland,Fayetteville - Rockfish,151589.0,1.85,2022-02-24,,0,
Cumberland,Fayetteville - Rockfish,151589.0,0.86,2022-02-25,,0,
Cumberland,Fayetteville - Rockfish,151589.0,1.32,2022-02-26,13119.641763401944,0,4291779.1152292
Cumberland,Fayetteville - Rockfish,151589.0,0.73,2022-02-27,,0,
Cumberland,Fayetteville - Rockfish,151589.0,0.5900000000000001,2022-02-28,,0,
Cumberland,Fayetteville - Rockfish,151589.0,2.44,2022-03-01,,0,
Cumberland,Fayetteville - Rockfish,151589.0,1.52,2022-03-02,15970.676253684433,0,5902406.4330678
Cumberland,Fayetteville - Rockfish,151589.0,1.4500000000000002,2022-03-03,,0,
Cumberland,Fayetteville - Rockfish,151589.0,1.32,2022-03-04,,0,
Cumberland,Fayetteville - Rockfish,151589.0,0.45999999999999996,2022-03-05,0.0,0,489503.470028379
Cumberland,Fayetteville - Rockfish,151589.0,0.33,2022-03-06,,0,
Cumberland,Fayetteville - Rockfish,151589.0,0.13,2022-03-07,,0,
Cumberland,Fayetteville - Rockfish,151589.0,0.9900000000000001,2022-03-08,,0,
Cumberland,Fayetteville - Rockfish,151589.0,0.86,2022-03-09,5086.747487343954,0,1664008.59294244
Cumberland,Fayetteville - Rockfish,151589.0,0.4,2022-03-10,,0,
Cumberland,Fayetteville - Rockfish,151589.0,0.5900000000000001,2022-03-11,,0,
Cumberland,Fayetteville - Rockfish,151589.0,0.9900000000000001,2022-03-12,0.0,0,329662.405171068
Cumberland,Fayetteville - Rockfish,151589.0,0.45999999999999996,2022-03-13,,0,
Cumberland,Fayetteville - Rockfish,151589.0,0.4,2022-03-14,,0,
Cumberland,Fayetteville - Rockfish,151589.0,0.4,2022-03-15,,0,
Cumberland,Fayetteville - Rockfish,151589.0,0.86,2022-03-16,0.0,0,685286.505113598
Cumberland,Fayetteville - Rockfish,151589.0,0.9900000000000001,2022-03-17,,0,
Cumberland,Fayetteville - Rockfish,151589.0,0.5900000000000001,2022-03-18,,0,
Cumberland,Fayetteville - Rockfish,151589.0,0.33,2022-03-19,0.0,0,129837.756193992
Cumberland,Fayetteville - Rockfish,151589.0,0.4,2022-03-20,,0,
Cumberland,Fayetteville - Rockfish,151589.0,0.13,2022-03-21,,0,
Cumberland,Fayetteville - Rockfish,151589.0,0.45999999999999996,2022-03-22,,0,
Cumberland,Fayetteville - Rockfish,151589.0,0.45999999999999996,2022-03-23,6633.249580710797,0,2352116.1962416894
Cumberland,Fayetteville - Rockfish,151589.0,0.13,2022-03-24,,0,
Cumberland,Fayetteville - Rockfish,151589.0,0.45999999999999996,2022-03-25,,0,
Cumberland,Fayetteville - Rockfish,151589.0,0.66,2022-03-26,4596.194077712563,0,1549445.18622021
Cumberland,Fayetteville - Rockfish,151589.0,0.13,2022-03-27,,0,
Cumberland,Fayetteville - Rockfish,151589.0,0.53,2022-03-28,,0,
Cumberland,Fayetteville - Rockfish,151589.0,0.53,2022-03-29,,0,
Cumberland,Fayetteville - Rockfish,151589.0,0.5900000000000001,2022-03-30,0.0,0,628653.629966831
Cumberland,Fayetteville - Rockfish,151589.0,0.4,2022-03-31,,0,
Cumberland,Fayetteville - Rockfish,151589.0,0.53,2022-04-01,,0,
Cumberland,Fayetteville - Rockfish,151589.0,0.4,2022-04-02,6633.249580710797,0,2269295.20341628
Cumberland,Fayetteville - Rockfish,151589.0,0.13,2022-04-03,,0,
Cumberland,Fayetteville - Rockfish,151589.0,,2022-04-04,,0,
Cumberland,Fayetteville - Rockfish,151589.0,0.9199999999999999,2022-04-05,,0,
Cumberland,Fayetteville - Rockfish,151589.0,0.9900000000000001,2022-04-06,0.0,0,537404.816006411
Cumberland,Fayetteville - Rockfish,151589.0,0.73,2022-04-07,,0,
Cumberland,Fayetteville - Rockfish,151589.0,0.66,2022-04-08,,0,
Cumberland,Fayetteville - Rockfish,151589.0,0.5900000000000001,2022-04-09,0.0,0,102386.344884405
Cumberland,Fayetteville - Rockfish,151589.0,0.5900000000000001,2022-04-10,,0,
Cumberland,Fayetteville - Rockfish,151589.0,0.45999999999999996,2022-04-11,,0,
Cumberland,Fayetteville - Rockfish,151589.0,1.06,2022-04-12,,0,
Cumberland,Fayetteville - Rockfish,151589.0,0.73,2022-04-13,0.0,0,433413.241187119
Cumberland,Fayetteville - Rockfish,151589.0,0.79,2022-04-14,,0,
Cumberland,Fayetteville - Rockfish,151589.0,1.1199999999999999,2022-04-15,10250.000000000013,0,3455427.00987538
Cumberland,Fayetteville - Rockfish,151589.0,0.9199999999999999,2022-04-16,,0,
Cumberland,Fayetteville - Rockfish,151589.0,0.73,2022-04-17,,0,
Cumberland,Fayetteville - Rockfish,151589.0,0.4,2022-04-18,,0,
Cumberland,Fayetteville - Rockfish,151589.0,1.3900000000000001,2022-04-19,,0,
Cumberland,Fayetteville - Rockfish,151589.0,1.4500000000000002,2022-04-20,19500.000000000022,0,6330267.36768498
Cumberland,Fayetteville - Rockfish,151589.0,1.25,2022-04-21,,0,
Cumberland,Fayetteville - Rockfish,151589.0,0.73,2022-04-22,,0,
Cumberland,Fayetteville - Rockfish,151589.0,1.58,2022-04-23,42235.944407577794,0,13289139.0133954
Cumberland,Fayetteville - Rockfish,151589.0,1.25,2022-04-24,,0,
Cumberland,Fayetteville - Rockfish,151589.0,2.0500000000000003,2022-04-25,,0,
Cumberland,Fayetteville - Rockfish,151589.0,2.64,2022-04-26,,0,
Cumberland,Fayetteville - Rockfish,151589.0,1.9800000000000002,2022-04-27,30624.744896896744,0,10477004.6497975
Cumberland,Fayetteville - Rockfish,151589.0,2.64,2022-04-28,,0,
Cumberland,Fayetteville - Rockfish,151589.0,2.1100000000000003,2022-04-29,,0,
Cumberland,Fayetteville - Rockfish,151589.0,1.72,2022-04-30,32643.91214300151,0,10678680.3253675
Cumberland,Fayetteville - Rockfish,151589.0,1.3900000000000001,2022-05-01,,0,
Cumberland,Fayetteville - Rockfish,151589.0,1.3900000000000001,2022-05-02,,0,
Cumberland,Fayetteville - Rockfish,151589.0,2.7,2022-05-03,,0,
Cumberland,Fayetteville - Rockfish,151589.0,2.5700000000000003,2022-05-04,41877.05218851967,0,14117375.3391387
Cumberland,Fayetteville - Rockfish,151589.0,2.31,2022-05-05,,0,
Cumberland,Fayetteville - Rockfish,151589.0,2.31,2022-05-06,,0,
Cumberland,Fayetteville - Rockfish,151589.0,2.0500000000000003,2022-05-07,30298.51481508626,0,9835779.46785952
Cumberland,Fayetteville - Rockfish,151589.0,1.3900000000000001,2022-05-08,,0,
Cumberland,Fayetteville - Rockfish,151589.0,1.4500000000000002,2022-05-09,,0,
Cumberland,Fayetteville - Rockfish,151589.0,3.69,2022-05-10,,0,
Cumberland,Fayetteville - Rockfish,151589.0,3.3600000000000003,2022-05-11,50571.73123396113,0,16417055.3824451
Cumberland,Fayetteville - Rockfish,151589.0,4.220000000000001,2022-05-12,,0,
Cumberland,Fayetteville - Rockfish,151589.0,3.4299999999999997,2022-05-13,,0,
Cumberland,Fayetteville - Rockfish,151589.0,3.23,2022-05-14,15497.983739828871,0,5611607.57645244
Cumberland,Fayetteville - Rockfish,151589.0,1.3900000000000001,2022-05-15,,0,
Cumberland,Fayetteville - Rockfish,151589.0,2.84,2022-05-16,,0,
Cumberland,Fayetteville - Rockfish,151589.0,5.8100000000000005,2022-05-17,,0,
Cumberland,Fayetteville - Rockfish,151589.0,5.210000000000001,2022-05-18,57500.00000000006,0,19814860.5769547
Cumberland,Fayetteville - Rockfish,151589.0,5.34,2022-05-19,,0,
Cumberland,Fayetteville - Rockfish,151589.0,5.08,2022-05-20,,0,
Cumberland,Fayetteville - Rockfish,151589.0,3.9600000000000004,2022-05-21,44680.11302581947,0,15508619.9386916
Cumberland,Fayetteville - Rockfish,151589.0,2.7,2022-05-22,,0,
Cumberland,Fayetteville - Rockfish,151589.0,1.85,2022-05-23,,0,
Cumberland,Fayetteville - Rockfish,151589.0,5.54,2022-05-24,,0,
Cumberland,Fayetteville - Rockfish,151589.0,4.75,2022-05-25,88741.19674649418,0,28807974.4581356
Cumberland,Fayetteville - Rockfish,151589.0,3.7600000000000002,2022-05-26,,0,
Cumberland,Fayetteville - Rockfish,151589.0,4.95,2022-05-27,,0,
Cumberland,Fayetteville - Rockfish,151589.0,4.88,2022-05-28,67453.68781616028,0,21560546.1491199
Cumberland,Fayetteville - Rockfish,151589.0,2.9000000000000004,2022-05-29,,0,
Cumberland,Fayetteville - Rockfish,151589.0,2.84,2022-05-30,,0,
Cumberland,Fayetteville - Rockfish,151589.0,2.1100000000000003,2022-05-31,,0,
Cumberland,Fayetteville - Rockfish,151589.0,6.73,2022-06-01,25204.166322257122,0,8182005.72305072
Cumberland,Fayetteville - Rockfish,151589.0,6.859999999999999,2022-06-02,,0,
Cumberland,Fayetteville - Rockfish,151589.0,5.41,2022-06-03,,0,
Cumberland,Fayetteville - Rockfish,151589.0,3.83,2022-06-04,44374.82394331273,0,13518875.3430077
Cumberland,Fayetteville - Rockfish,151589.0,1.85,2022-06-05,,0,
Cumberland,Fayetteville - Rockfish,151589.0,1.9800000000000002,2022-06-06,,0,
Cumberland,Fayetteville - Rockfish,151589.0,5.34,2022-06-07,,0,
Cumberland,Fayetteville - Rockfish,151589.0,4.88,2022-06-08,63737.74391990987,0,20691126.1756957
Cumberland,Fayetteville - Rockfish,151589.0,4.3500000000000005,2022-06-09,,0,
Cumberland,Fayetteville - Rockfish,151589.0,3.3000000000000003,2022-06-10,,0,
Cumberland,Fayetteville - Rockfish,151589.0,3.9600000000000004,2022-06-11,28425.340807103817,0,9085728.18059027
Cumberland,Fayetteville - Rockfish,151589.0,1.85,2022-06-12,,0,
Cumberland,Fayetteville - Rockfish,151589.0,2.2399999999999998,2022-06-13,,0,
Cumberland,Fayetteville - Rockfish,151589.0,3.69,2022-06-14,,0,
Cumberland,Fayetteville - Rockfish,151589.0,5.28,2022-06-15,15850.867484147355,0,4908161.11197839
Cumberland,Fayetteville - Rockfish,151589.0,3.3000000000000003,2022-06-16,,0,
Cumberland,Fayetteville - Rockfish,151589.0,2.9000000000000004,2022-06-17,,0,
Cumberland,Fayetteville - Rockfish,151589.0,4.09,2022-06-18,24741.160037476013,0,8155265.03319748
Cumberland,Fayetteville - Rockfish,151589.0,2.84,2022-06-19,,0,
Cumberland,Fayetteville - Rockfish,151589.0,1.25,2022-06-20,,0,
Cumberland,Fayetteville - Rockfish,151589.0,5.34,2022-06-21,,0,
Cumberland,Fayetteville - Rockfish,151589.0,3.5600000000000005,2022-06-22,26495.282598983566,0,8138001.344605271
Cumberland,Fayetteville - Rockfish,151589.0,5.34,2022-06-23,,0,
Cumberland,Fayetteville - Rockfish,151589.0,3.63,2022-06-24,,0,
Cumberland,Fayetteville - Rockfish,151589.0,3.4299999999999997,2022-06-25,17621.010186706117,0,5764294.85441503
Cumberland,Fayetteville - Rockfish,151589.0,2.44,2022-06-26,,0,
Cumberland,Fayetteville - Rockfish,151589.0,2.31,2022-06-27,,0,
Cumberland,Fayetteville - Rockfish,151589.0,5.08,2022-06-28,,0,
Cumberland,Fayetteville - Rockfish,151589.0,5.08,2022-06-29,51526.69211195304,0,13510320.4940078
Cumberland,Fayetteville - Rockfish,151589.0,6.140000000000001,2022-06-30,,0,
Cumberland,Fayetteville - Rockfish,151589.0,5.010000000000001,2022-07-01,,0,
Cumberland,Fayetteville - Rockfish,151589.0,4.220000000000001,2022-07-02,21894.63404581136,0,6888938.78338387
Cumberland,Fayetteville - Rockfish,151589.0,2.44,2022-07-03,,0,
Cumberland,Fayetteville - Rockfish,151589.0,2.1100000000000003,2022-07-04,,0,
Cumberland,Fayetteville - Rockfish,151589.0,1.4500000000000002,2022-07-05,,0,
Cumberland,Fayetteville - Rockfish,151589.0,7.45,2022-07-06,66143.78277661474,0,21802537.8771433
Cumberland,Fayetteville - Rockfish,151589.0,6.93,2022-07-07,,0,
Cumberland,Fayetteville - Rockfish,151589.0,6.2700000000000005,2022-07-08,,0,
Cumberland,Fayetteville - Rockfish,151589.0,4.3500000000000005,2022-07-09,48744.23042781578,0,16188959.9585545
Cumberland,Fayetteville - Rockfish,151589.0,4.16,2022-07-10,,0,
Cumberland,Fayetteville - Rockfish,151589.0,2.97,2022-07-11,,0,
Cumberland,Fayetteville - Rockfish,151589.0,7.120000000000001,2022-07-12,,0,
Cumberland,Fayetteville - Rockfish,151589.0,6.990000000000001,2022-07-13,160857.07942145414,0,59449195.8449569
Cumberland,Fayetteville - Rockfish,151589.0,6.140000000000001,2022-07-14,,0,
Cumberland,Fayetteville - Rockfish,151589.0,5.48,2022-07-15,,0,
Cumberland,Fayetteville - Rockfish,151589.0,6.140000000000001,2022-07-16,41174.931693932456,0,14600419.0763565
Cumberland,Fayetteville - Rockfish,151589.0,3.17,2022-07-17,,0,
Cumberland,Fayetteville - Rockfish,151589.0,2.97,2022-07-18,,0,
Cumberland,Fayetteville - Rockfish,151589.0,8.11,2022-07-19,,0,
Cumberland,Fayetteville - Rockfish,151589.0,7.32,2022-07-20,54772.25575051664,0,19011637.1713005
Cumberland,Fayetteville - Rockfish,151589.0,6.990000000000001,2022-07-21,,0,
Cumberland,Fayetteville - Rockfish,151589.0,5.8100000000000005,2022-07-22,,0,
Cumberland,Fayetteville - Rockfish,151589.0,4.75,2022-07-23,40289.576815846565,0,14890130.7374865
Cumberland,Fayetteville - Rockfish,151589.0,3.5,2022-07-24,,0,
Cumberland,Fayetteville - Rockfish,151589.0,2.77,2022-07-25,,0,
Cumberland,Fayetteville - Rockfish,151589.0,7.390000000000001,2022-07-26,,0,
Cumberland,Fayetteville - Rockfish,151589.0,5.94,2022-07-27,37887.168012402355,0,13623814.6266267
Cumberland,Fayetteville - Rockfish,151589.0,7.78,2022-07-28,,0,
Cumberland,Fayetteville - Rockfish,151589.0,6.0,2022-07-29,,0,
Cumberland,Fayetteville - Rockfish,151589.0,4.95,2022-07-30,73229.09257938416,0,28709616.7313262
Cumberland,Fayetteville - Rockfish,151589.0,2.97,2022-07-31,,0,
Cumberland,Fayetteville - Rockfish,151589.0,2.31,2022-08-01,,0,
Cumberland,Fayetteville - Rockfish,151589.0,6.46,2022-08-02,,0,
Cumberland,Fayetteville - Rockfish,151589.0,4.68,2022-08-03,81317.27983645312,0,27007138.6019808
Cumberland,Fayetteville - Rockfish,151589.0,4.55,2022-08-04,,0,
Cumberland,Fayetteville - Rockfish,151589.0,4.68,2022-08-05,,0,
Cumberland,Fayetteville - Rockfish,151589.0,4.220000000000001,2022-08-06,63214.66404245146,0,20837031.8315649
Cumberland,Fayetteville - Rockfish,151589.0,2.5100000000000002,2022-08-07,,0,
Cumberland,Fayetteville - Rockfish,151589.0,1.9800000000000002,2022-08-08,,0,
Cumberland,Fayetteville - Rockfish,151589.0,6.0,2022-08-09,,0,
Cumberland,Fayetteville - Rockfish,151589.0,6.4,2022-08-10,44406.89874614086,0,14748443.0336728
Cumberland,Fayetteville - Rockfish,151589.0,4.3500000000000005,2022-08-11,,0,
Cumberland,Fayetteville - Rockfish,151589.0,5.08,2022-08-12,,0,
Cumberland,Fayetteville - Rockfish,151589.0,2.9000000000000004,2022-08-13,113743.13166077336,0,34936096.8291954
Cumberland,Fayetteville - Rockfish,151589.0,2.18,2022-08-14,,0,
Cumberland,Fayetteville - Rockfish,151589.0,2.2399999999999998,2022-08-15,,0,
Cumberland,Fayetteville - Rockfish,151589.0,5.34,2022-08-16,,0,
Cumberland,Fayetteville - Rockfish,151589.0,3.89,2022-08-17,46097.72228646446,0,15079774.687185
Cumberland,Fayetteville - Rockfish,151589.0,4.3500000000000005,2022-08-18,,0,
Cumberland,Fayetteville - Rockfish,151589.0,2.97,2022-08-19,,0,
Cumberland,Fayetteville - Rockfish,151589.0,2.97,2022-08-20,61623.85901580655,0,20158781.4586248
Cumberland,Fayetteville - Rockfish,151589.0,2.5100000000000002,2022-08-21,,0,
Cumberland,Fayetteville - Rockfish,151589.0,1.9800000000000002,2022-08-22,,0,
Cumberland,Fayetteville - Rockfish,151589.0,4.3500000000000005,2022-08-23,,0,
Cumberland,Fayetteville - Rockfish,151589.0,3.7600000000000002,2022-08-24,59906.17664314759,0,19896071.5234226
Cumberland,Fayetteville - Rockfish,151589.0,2.9000000000000004,2022-08-25,,0,
Cumberland,Fayetteville - Rockfish,151589.0,2.97,2022-08-26,,0,
Cumberland,Fayetteville - Rockfish,151589.0,2.84,2022-08-27,40987.80306383846,0,12998775.7516491
Cumberland,Fayetteville - Rockfish,151589.0,2.0500000000000003,2022-08-28,,0,
Cumberland,Fayetteville - Rockfish,151589.0,1.7800000000000002,2022-08-29,,0,
Cumberland,Fayetteville - Rockfish,151589.0,3.7600000000000002,2022-08-30,,0,
Cumberland,Fayetteville - Rockfish,151589.0,3.5600000000000005,2022-08-31,32524.990392004733,0,10152459.8280461
Cumberland,Fayetteville - Rockfish,151589.0,4.16,2022-09-01,,0,
Cumberland,Fayetteville - Rockfish,151589.0,2.84,2022-09-02,,0,
Cumberland,Fayetteville - Rockfish,151589.0,2.5700000000000003,2022-09-03,23048.86114323223,0,7424774.559720859
Cumberland,Fayetteville - Rockfish,151589.0,1.58,2022-09-04,,0,
Cumberland,Fayetteville - Rockfish,151589.0,1.72,2022-09-05,,0,
Cumberland,Fayetteville - Rockfish,151589.0,1.52,2022-09-06,,0,
Cumberland,Fayetteville - Rockfish,151589.0,5.870000000000001,2022-09-07,19865.17052531893,0,6200781.10108106
Cumberland,Fayetteville - Rockfish,151589.0,4.49,2022-09-08,,0,
Cumberland,Fayetteville - Rockfish,151589.0,4.49,2022-09-09,,0,
Cumberland,Fayetteville - Rockfish,151589.0,3.1,2022-09-10,55520.26656996522,0,16637071.3236933
Cumberland,Fayetteville - Rockfish,151589.0,1.6500000000000001,2022-09-11,,0,
Cumberland,Fayetteville - Rockfish,151589.0,1.72,2022-09-12,,0,
Cumberland,Fayetteville - Rockfish,151589.0,4.62,2022-09-13,,0,
Cumberland,Fayetteville - Rockfish,151589.0,3.5600000000000005,2022-09-14,23115.200626427653,0,8427419.50002093
Cumberland,Fayetteville - Rockfish,151589.0,2.97,2022-09-15,,0,
Cumberland,Fayetteville - Rockfish,151589.0,4.0200000000000005,2022-09-16,,0,
Cumberland,Fayetteville - Rockfish,151589.0,3.3000000000000003,2022-09-17,15443.445211480528,0,4820568.89876064
Cumberland,Fayetteville - Rockfish,151589.0,1.7800000000000002,2022-09-18,,0,
Cumberland,Fayetteville - Rockfish,151589.0,1.32,2022-09-19,,0,
Cumberland,Fayetteville - Rockfish,151589.0,5.08,2022-09-20,,0,
Cumberland,Fayetteville - Rockfish,151589.0,4.62,2022-09-21,38369.91008589938,0,12743435.1212876
Cumberland,Fayetteville - Rockfish,151589.0,2.37,2022-09-22,,0,
Cumberland,Fayetteville - Rockfish,151589.0,3.3600000000000003,2022-09-23,,0,
Cumberland,Fayetteville - Rockfish,151589.0,2.9000000000000004,2022-09-24,35942.6626726513,0,11578279.9749691
Cumberland,Fayetteville - Rockfish,151589.0,1.1900000000000002,2022-09-25,,0,
Cumberland,Fayetteville - Rockfish,151589.0,1.6500000000000001,2022-09-26,,0,
Cumberland,Fayetteville - Rockfish,151589.0,3.3000000000000003,2022-09-27,,0,
Cumberland,Fayetteville - Rockfish,151589.0,3.5600000000000005,2022-09-28,30866.64866810133,0,9943133.69110009
Cumberland,Fayetteville - Rockfish,151589.0,2.64,2022-09-29,,0,
Cumberland,Fayetteville - Rockfish,151589.0,1.9100000000000001,2022-09-30,,0,
Cumberland,Fayetteville - Rockfish,151589.0,1.25,2022-10-01,18523.63355284273,0,5874541.70900804
Cumberland,Fayetteville - Rockfish,151589.0,0.9900000000000001,2022-10-02,,0,
Cumberland,Fayetteville - Rockfish,151589.0,1.1199999999999999,2022-10-03,,0,
Cumberland,Fayetteville - Rockfish,151589.0,2.18,2022-10-04,,0,
Cumberland,Fayetteville - Rockfish,151589.0,1.58,2022-10-05,8620.469824783342,0,3336619.80987004
Cumberland,Fayetteville - Rockfish,151589.0,1.9800000000000002,2022-10-06,,0,
Cumberland,Fayetteville - Rockfish,151589.0,1.25,2022-10-07,,0,
Cumberland,Fayetteville - Rockfish,151589.0,1.06,2022-10-08,17919.435674784356,0,6443634.68304384
Cumberland,Fayetteville - Rockfish,151589.0,1.32,2022-10-09,,0,
Cumberland,Fayetteville - Rockfish,151589.0,0.73,2022-10-10,,0,
Cumberland,Fayetteville - Rockfish,151589.0,1.58,2022-10-11,,0,
Cumberland,Fayetteville - Rockfish,151589.0,2.2399999999999998,2022-10-12,17385.94043607711,0,6251795.58242918
Cumberland,Fayetteville - Rockfish,151589.0,1.1199999999999999,2022-10-13,,0,
Cumberland,Fayetteville - Rockfish,151589.0,0.9199999999999999,2022-10-14,,0,
Cumberland,Fayetteville - Rockfish,151589.0,1.1199999999999999,2022-10-15,25690.46515733025,0,8788942.5304596
Cumberland,Fayetteville - Rockfish,151589.0,0.66,2022-10-16,,0,
Cumberland,Fayetteville - Rockfish,151589.0,0.45999999999999996,2022-10-17,,0,
Cumberland,Fayetteville - Rockfish,151589.0,1.9800000000000002,2022-10-18,,0,
Cumberland,Fayetteville - Rockfish,151589.0,0.9199999999999999,2022-10-19,13520.817282989965,0,4659358.42345959
Cumberland,Fayetteville - Rockfish,151589.0,0.9900000000000001,2022-10-20,,0,
Cumberland,Fayetteville - Rockfish,151589.0,1.6500000000000001,2022-10-21,,0,
Cumberland,Fayetteville - Rockfish,151589.0,0.9900000000000001,2022-10-22,23116.552511133672,0,7388854.684761151
Cumberland,Fayetteville - Rockfish,151589.0,0.73,2022-10-23,,0,
Cumberland,Fayetteville - Rockfish,151589.0,0.45999999999999996,2022-10-24,,0,
Cumberland,Fayetteville - Rockfish,151589.0,1.4500000000000002,2022-10-25,,0,
Cumberland,Fayetteville - Rockfish,151589.0,1.4500000000000002,2022-10-26,20856.653614614228,0,6770676.60388212
Cumberland,Fayetteville - Rockfish,151589.0,0.86,2022-10-27,,0,
Cumberland,Fayetteville - Rockfish,151589.0,1.1199999999999999,2022-10-28,,0,
Cumberland,Fayetteville - Rockfish,151589.0,1.3900000000000001,2022-10-29,17047.72712123233,0,5747041.63431134
Cumberland,Fayetteville - Rockfish,151589.0,0.79,2022-10-30,,0,
Cumberland,Fayetteville - Rockfish,151589.0,0.73,2022-10-31,,0,
Cumberland,Fayetteville - Rockfish,151589.0,0.5900000000000001,2022-11-01,,0,
Cumberland,Fayetteville - Rockfish,151589.0,0.9199999999999999,2022-11-02,11360.567767501789,0,3801446.86780145
Cumberland,Fayetteville - Rockfish,151589.0,0.9900000000000001,2022-11-03,,0,
Cumberland,Fayetteville - Rockfish,151589.0,1.06,2022-11-04,,0,
Cumberland,Fayetteville - Rockfish,151589.0,1.1199999999999999,2022-11-05,6446.898479113812,0,2189443.93879892
Cumberland,Fayetteville - Rockfish,151589.0,0.66,2022-11-06,,0,
Cumberland,Fayetteville - Rockfish,151589.0,0.13,2022-11-07,,0,
Cumberland,Fayetteville - Rockfish,151589.0,1.3900000000000001,2022-11-08,,0,
Cumberland,Fayetteville - Rockfish,151589.0,0.9900000000000001,2022-11-09,7292.976072907417,0,2276454.06546514
Cumberland,Fayetteville - Rockfish,151589.0,1.1900000000000002,2022-11-10,,0,
Cumberland,Fayetteville - Rockfish,151589.0,0.73,2022-11-11,13028.814220795375,0,3969253.2762078
Cumberland,Fayetteville - Rockfish,151589.0,0.66,2022-11-12,,0,
Cumberland,Fayetteville - Rockfish,151589.0,0.5900000000000001,2022-11-13,,0,
Cumberland,Fayetteville - Rockfish,151589.0,0.5900000000000001,2022-11-14,,0,
Cumberland,Fayetteville - Rockfish,151589.0,1.32,2022-11-15,,0,
Cumberland,Fayetteville - Rockfish,151589.0,1.06,2022-11-16,15198.684153570679,0,5009841.78755073
Cumberland,Fayetteville - Rockfish,151589.0,1.58,2022-11-17,,0,
Cumberland,Fayetteville - Rockfish,151589.0,0.66,2022-11-18,,0,
Cumberland,Fayetteville - Rockfish,151589.0,0.73,2022-11-19,17224.619008848967,0,5677637.30157516
Cumberland,Fayetteville - Rockfish,151589.0,0.33,2022-11-20,,0,
Cumberland,Fayetteville - Rockfish,151589.0,0.79,2022-11-21,,0,
Cumberland,Fayetteville - Rockfish,151589.0,1.72,2022-11-22,,0,
Cumberland,Fayetteville - Rockfish,151589.0,1.52,2022-11-23,17822.036920621602,0,6453115.39168512
Cumberland,Fayetteville - Rockfish,151589.0,1.3900000000000001,2022-11-24,,0,
Cumberland,Fayetteville - Rockfish,151589.0,0.45999999999999996,2022-11-25,,0,
Cumberland,Fayetteville - Rockfish,151589.0,1.1900000000000002,2022-11-26,,0,
Cumberland,Fayetteville - Rockfish,151589.0,1.4500000000000002,2022-11-27,,0,
Cumberland,Fayetteville - Rockfish,151589.0,1.1900000000000002,2022-11-28,,0,
Cumberland,Fayetteville - Rockfish,151589.0,2.18,2022-11-29,,0,
Cumberland,Fayetteville - Rockfish,151589.0,2.7,2022-11-30,43609.775280319904,0,16879502.2848947
Cumberland,Fayetteville - Rockfish,151589.0,2.2399999999999998,2022-12-01,,0,
Cumberland,Fayetteville - Rockfish,151589.0,1.9800000000000002,2022-12-02,,0,
Cumberland,Fayetteville - Rockfish,151589.0,1.7800000000000002,2022-12-03,36721.92805395707,0,12838006.783977
Cumberland,Fayetteville - Rockfish,151589.0,1.1199999999999999,2022-12-04,,0,
Cumberland,Fayetteville - Rockfish,151589.0,0.86,2022-12-05,,0,
Cumberland,Fayetteville - Rockfish,151589.0,2.31,2022-12-06,,0,
Cumberland,Fayetteville - Rockfish,151589.0,2.84,2022-12-07,199436.7067517912,0,68229117.0428841
Cumberland,Fayetteville - Rockfish,151589.0,2.2399999999999998,2022-12-08,,0,
Cumberland,Fayetteville - Rockfish,151589.0,3.23,2022-12-09,,0,
Cumberland,Fayetteville - Rockfish,151589.0,2.77,2022-12-10,64536.811201050295,0,22562105.6388417
Cumberland,Fayetteville - Rockfish,151589.0,1.1199999999999999,2022-12-11,,0,
Cumberland,Fayetteville - Rockfish,151589.0,1.72,2022-12-12,,0,
Cumberland,Fayetteville - Rockfish,151589.0,2.84,2022-12-13,,0,
Cumberland,Fayetteville - Rockfish,151589.0,3.1,2022-12-14,24835.710177081717,0,8496523.05292108
Cumberland,Fayetteville - Rockfish,151589.0,3.7600000000000002,2022-12-15,,0,
Cumberland,Fayetteville - Rockfish,151589.0,2.1100000000000003,2022-12-16,,0,
Cumberland,Fayetteville - Rockfish,151589.0,3.0300000000000002,2022-12-17,53990.73994677236,0,19144838.789899494
Cumberland,Fayetteville - Rockfish,151589.0,1.9100000000000001,2022-12-18,,0,
Cumberland,Fayetteville - Rockfish,151589.0,2.7,2022-12-19,,0,
Cumberland,Fayetteville - Rockfish,151589.0,3.89,2022-12-20,,0,
Cumberland,Fayetteville - Rockfish,151589.0,3.9600000000000004,2022-12-21,94868.32980505149,0,34587422.5992849
Cumberland,Fayetteville - Rockfish,151589.0,3.83,2022-12-22,,0,
Cumberland,Fayetteville - Rockfish,151589.0,5.34,2022-12-23,,0,
Cumberland,Fayetteville - Rockfish,151589.0,3.0300000000000002,2022-12-24,133603.89215887405,0,51712424.3009857
Cumberland,Fayetteville - Rockfish,151589.0,1.32,2022-12-25,,0,
Cumberland,Fayetteville - Rockfish,151589.0,1.25,2022-12-26,,0,
Cumberland,Fayetteville - Rockfish,151589.0,3.63,2022-12-27,,0,
Cumberland,Fayetteville - Rockfish,151589.0,5.670000000000001,2022-12-28,,0,
Cumberland,Fayetteville - Rockfish,151589.0,6.2,2022-12-29,84409.71508067069,0,35833187.7836011
Cumberland,Fayetteville - Rockfish,151589.0,4.49,2022-12-30,,0,
Cumberland,Fayetteville - Rockfish,151589.0,5.34,2022-12-31,234347.49838647727,0,86609618.7837123
Cumberland,Fayetteville - Rockfish,151589.0,1.9800000000000002,2023-01-01,,0,
Cumberland,Fayetteville - Rockfish,151589.0,1.3900000000000001,2023-01-02,,0,
Cumberland,Fayetteville - Rockfish,151589.0,4.88,2023-01-03,,0,
Cumberland,Fayetteville - Rockfish,151589.0,5.15,2023-01-04,204251.68297960234,0,71406503.7074841
Cumberland,Fayetteville - Rockfish,151589.0,4.75,2023-01-05,,0,
Cumberland,Fayetteville - Rockfish,151589.0,3.83,2023-01-06,,0,
Cumberland,Fayetteville - Rockfish,151589.0,3.23,2023-01-07,83740.6711222211,0,28648447.6418801
Cumberland,Fayetteville - Rockfish,151589.0,1.58,2023-01-08,,0,
Cumberland,Fayetteville - Rockfish,151589.0,2.5700000000000003,2023-01-09,,0,
Cumberland,Fayetteville - Rockfish,151589.0,4.82,2023-01-10,,0,
Cumberland,Fayetteville - Rockfish,151589.0,2.9000000000000004,2023-01-11,43103.07413630729,0,16037571.4256978
Cumberland,Fayetteville - Rockfish,151589.0,2.5100000000000002,2023-01-12,,0,
Cumberland,Fayetteville - Rockfish,151589.0,3.1,2023-01-13,,0,
Cumberland,Fayetteville - Rockfish,151589.0,2.37,2023-01-14,13110.110602126904,0,4550564.19765779
Cumberland,Fayetteville - Rockfish,151589.0,1.1199999999999999,2023-01-15,,0,
Cumberland,Fayetteville - Rockfish,151589.0,1.52,2023-01-16,,0,
Cumberland,Fayetteville - Rockfish,151589.0,2.5100000000000002,2023-01-17,,0,
Cumberland,Fayetteville - Rockfish,151589.0,4.95,2023-01-18,42708.31300812528,0,15570743.930562
Cumberland,Fayetteville - Rockfish,151589.0,3.63,2023-01-19,,0,
Cumberland,Fayetteville - Rockfish,151589.0,3.1,2023-01-20,,0,
Cumberland,Fayetteville - Rockfish,151589.0,2.9000000000000004,2023-01-21,93741.66629626334,0,30665359.0770581
Cumberland,Fayetteville - Rockfish,151589.0,1.1900000000000002,2023-01-22,,0,
Cumberland,Fayetteville - Rockfish,151589.0,1.72,2023-01-23,,0,
Cumberland,Fayetteville - Rockfish,151589.0,3.69,2023-01-24,,0,
Cumberland,Fayetteville - Rockfish,151589.0,2.9000000000000004,2023-01-25,20257.714579882908,0,8195011.21377644
Cumberland,Fayetteville - Rockfish,151589.0,3.23,2023-01-26,,0,
Cumberland,Fayetteville - Rockfish,151589.0,3.4299999999999997,2023-01-27,,0,
Cumberland,Fayetteville - Rockfish,151589.0,2.18,2023-01-28,71239.03424387508,0,27929410.2577377
Cumberland,Fayetteville - Rockfish,151589.0,1.32,2023-01-29,,0,
Cumberland,Fayetteville - Rockfish,151589.0,1.58,2023-01-30,,0,
Cumberland,Fayetteville - Rockfish,151589.0,3.69,2023-01-31,,0,
Cumberland,Fayetteville - Rockfish,151589.0,2.9000000000000004,2023-02-01,51466.00819958751,0,20434390.993249
Cumberland,Fayetteville - Rockfish,151589.0,2.7,2023-02-02,,0,
Cumberland,Fayetteville - Rockfish,151589.0,3.5600000000000005,2023-02-03,,0,
Cumberland,Fayetteville - Rockfish,151589.0,1.9100000000000001,2023-02-04,22360.67977499788,0,8599036.90368209
Cumberland,Fayetteville - Rockfish,151589.0,1.9800000000000002,2023-02-05,,0,
Cumberland,Fayetteville - Rockfish,151589.0,0.9900000000000001,2023-02-06,,0,
Cumberland,Fayetteville - Rockfish,151589.0,3.63,2023-02-07,,0,
Cumberland,Fayetteville - Rockfish,151589.0,1.72,2023-02-08,31535.69406244301,0,12206135.357523
Cumberland,Fayetteville - Rockfish,151589.0,1.85,2023-02-09,,0,
Cumberland,Fayetteville - Rockfish,151589.0,2.0500000000000003,2023-02-10,,0,
Cumberland,Fayetteville - Rockfish,151589.0,1.85,2023-02-11,27700.74072962674,0,10030058.6941662
Cumberland,Fayetteville - Rockfish,151589.0,0.4,2023-02-12,,0,
Cumberland,Fayetteville - Rockfish,151589.0,0.4,2023-02-13,,0,
Cumberland,Fayetteville - Rockfish,151589.0,2.64,2023-02-14,,0,
Cumberland,Fayetteville - Rockfish,151589.0,1.9100000000000001,2023-02-15,34806.01847687411,0,14341097.2342908
Cumberland,Fayetteville - Rockfish,151589.0,2.64,2023-02-16,,0,
Cumberland,Fayetteville - Rockfish,151589.0,1.72,2023-02-17,,0,
Cumberland,Fayetteville - Rockfish,151589.0,1.1900000000000002,2023-02-18,36282.74383229585,0,13590501.1415181
Cumberland,Fayetteville - Rockfish,151589.0,0.9900000000000001,2023-02-19,,0,
Cumberland,Fayetteville - Rockfish,151589.0,0.73,2023-02-20,,0,
Cumberland,Fayetteville - Rockfish,151589.0,1.85,2023-02-21,,0,
Cumberland,Fayetteville - Rockfish,151589.0,1.9100000000000001,2023-02-22,28982.753492378895,0,10856128.914702
Cumberland,Fayetteville - Rockfish,151589.0,1.1900000000000002,2023-02-23,,0,
Cumberland,Fayetteville - Rockfish,151589.0,1.4500000000000002,2023-02-24,,0,
Cumberland,Fayetteville - Rockfish,151589.0,0.9900000000000001,2023-02-25,13052.777482206611,0,4498068.9730772
Cumberland,Fayetteville - Rockfish,151589.0,0.5900000000000001,2023-02-26,,0,
Cumberland,Fayetteville - Rockfish,151589.0,0.86,2023-02-27,,0,
Cumberland,Fayetteville - Rockfish,151589.0,0.5900000000000001,2023-02-28,,0,
Cumberland,Fayetteville - Rockfish,151589.0,1.1199999999999999,2023-03-01,5000.000000000007,0,1797945.76123597
Cumberland,Fayetteville - Rockfish,151589.0,0.86,2023-03-02,,0,
Cumberland,Fayetteville - Rockfish,151589.0,0.53,2023-03-03,,0,
Cumberland,Fayetteville - Rockfish,151589.0,0.53,2023-03-04,46234.07834054872,0,15817100.0406314
Cumberland,Fayetteville - Rockfish,151589.0,0.33,2023-03-05,,0,
Cumberland,Fayetteville - Rockfish,151589.0,0.33,2023-03-06,,0,
Cumberland,Fayetteville - Rockfish,151589.0,0.79,2023-03-07,,0,
Cumberland,Fayetteville - Rockfish,151589.0,1.1199999999999999,2023-03-08,52405.09135570701,0,12562868.2493569
Cumberland,Fayetteville - Rockfish,151589.0,1.32,2023-03-09,,0,
Cumberland,Fayetteville - Rockfish,151589.0,0.53,2023-03-10,,0,
Cumberland,Fayetteville - Rockfish,151589.0,0.53,2023-03-11,62254.47775060039,0,21764200.575765505
Cumberland,Fayetteville - Rockfish,151589.0,0.53,2023-03-12,,0,
Cumberland,Fayetteville - Rockfish,151589.0,0.4,2023-03-13,,0,
Cumberland,Fayetteville - Rockfish,151589.0,0.66,2023-03-14,,0,
Cumberland,Fayetteville - Rockfish,151589.0,0.53,2023-03-15,47969.240144075695,0,17488790.8750912
Cumberland,Fayetteville - Rockfish,151589.0,0.73,2023-03-16,,0,
Cumberland,Fayetteville - Rockfish,151589.0,0.9199999999999999,2023-03-17,,0,
Cumberland,Fayetteville - Rockfish,151589.0,0.5900000000000001,2023-03-18,30684.92137842302,0,10804090.5972131
Cumberland,Fayetteville - Rockfish,151589.0,0.13,2023-03-19,,0,
Cumberland,Fayetteville - Rockfish,151589.0,0.13,2023-03-20,,0,
Cumberland,Fayetteville - Rockfish,151589.0,0.9199999999999999,2023-03-21,,0,
Cumberland,Fayetteville - Rockfish,151589.0,0.86,2023-03-22,18278.730809331384,0,6937990.72232003
Cumberland,Fayetteville - Rockfish,151589.0,0.66,2023-03-23,,0,
Cumberland,Fayetteville - Rockfish,151589.0,0.45999999999999996,2023-03-24,,0,
Cumberland,Fayetteville - Rockfish,151589.0,0.45999999999999996,2023-03-25,47573.10164368096,0,16631583.1984369
Cumberland,Fayetteville - Rockfish,151589.0,0.33,2023-03-26,,0,
Cumberland,Fayetteville - Rockfish,151589.0,0.33,2023-03-27,,0,
Cumberland,Fayetteville - Rockfish,151589.0,0.9900000000000001,2023-03-28,,0,
Cumberland,Fayetteville - Rockfish,151589.0,0.9199999999999999,2023-03-29,32085.510748622954,0,11777968.3097138
Cumberland,Fayetteville - Rockfish,151589.0,0.5900000000000001,2023-03-30,,0,
Cumberland,Fayetteville - Rockfish,151589.0,0.86,2023-03-31,,0,
Cumberland,Fayetteville - Rockfish,151589.0,0.66,2023-04-01,38715.06166855483,0,14404902.1839196
Cumberland,Fayetteville - Rockfish,151589.0,0.13,2023-04-02,,0,
Cumberland,Fayetteville - Rockfish,151589.0,0.13,2023-04-03,,0,
Cumberland,Fayetteville - Rockfish,151589.0,0.53,2023-04-04,,0,
Cumberland,Fayetteville - Rockfish,151589.0,0.5900000000000001,2023-04-05,36203.89481809937,0,12114463.4119586
Cumberland,Fayetteville - Rockfish,151589.0,0.13,2023-04-06,,0,
Cumberland,Fayetteville - Rockfish,151589.0,0.79,2023-04-07,16615.703415744993,0,6016318.5573784
Cumberland,Fayetteville - Rockfish,151589.0,0.4,2023-04-08,,0,
Cumberland,Fayetteville - Rockfish,151589.0,0.13,2023-04-09,,0,
Cumberland,Fayetteville - Rockfish,151589.0,0.13,2023-04-10,,0,
Cumberland,Fayetteville - Rockfish,151589.0,0.13,2023-04-11,,0,
Cumberland,Fayetteville - Rockfish,151589.0,0.4,2023-04-12,24283.055820880552,0,10914904.3207521
Cumberland,Fayetteville - Rockfish,151589.0,0.33,2023-04-13,,0,
Cumberland,Fayetteville - Rockfish,151589.0,0.13,2023-04-14,,0,
Cumberland,Fayetteville - Rockfish,151589.0,0.13,2023-04-15,15177.773222709606,0,5685169.38141074
Cumberland,Fayetteville - Rockfish,151589.0,0.13,2023-04-16,,0,
Cumberland,Fayetteville - Rockfish,151589.0,0.13,2023-04-17,,0,
Cumberland,Fayetteville - Rockfish,151589.0,0.9900000000000001,2023-04-18,,0,
Cumberland,Fayetteville - Rockfish,151589.0,0.4,2023-04-19,14327.23281028126,0,5402357.93433946
Cumberland,Fayetteville - Rockfish,151589.0,0.5900000000000001,2023-04-20,,0,
Cumberland,Fayetteville - Rockfish,151589.0,0.13,2023-04-21,,0,
Cumberland,Fayetteville - Rockfish,151589.0,0.13,2023-04-22,20520.282649125493,0,7583839.68171827
Cumberland,Fayetteville - Rockfish,151589.0,0.13,2023-04-23,,0,
Cumberland,Fayetteville - Rockfish,151589.0,0.13,2023-04-24,,0,
Cumberland,Fayetteville - Rockfish,151589.0,0.33,2023-04-25,,0,
Cumberland,Fayetteville - Rockfish,151589.0,0.73,2023-04-26,27396.233317739137,0,10261862.8265543
Cumberland,Fayetteville - Rockfish,151589.0,0.13,2023-04-27,,0,
Cumberland,Fayetteville - Rockfish,151589.0,0.4,2023-04-28,,0,
Cumberland,Fayetteville - Rockfish,151589.0,0.5900000000000001,2023-04-29,15440.310877699338,0,5320827.95315565
Cumberland,Fayetteville - Rockfish,151589.0,0.13,2023-04-30,,0,
Cumberland,Fayetteville - Rockfish,151589.0,0.13,2023-05-01,,0,
Cumberland,Fayetteville - Rockfish,151589.0,0.13,2023-05-02,,0,
Cumberland,Fayetteville - Rockfish,151589.0,0.13,2023-05-03,6769.283566227668,0,2704623.26544519
Cumberland,Fayetteville - Rockfish,151589.0,0.13,2023-05-04,,0,
Cumberland,Fayetteville - Rockfish,151589.0,0.4,2023-05-05,,0,
Cumberland,Fayetteville - Rockfish,151589.0,0.13,2023-05-06,24347.92804326481,0,8998452.21527697
Cumberland,Fayetteville - Rockfish,151589.0,0.13,2023-05-07,,0,
Cumberland,Fayetteville - Rockfish,151589.0,0.13,2023-05-08,,0,
Cumberland,Fayetteville - Rockfish,151589.0,0.79,2023-05-09,,0,
Cumberland,Fayetteville - Rockfish,151589.0,0.4,2023-05-10,21989.41563570982,0,8016976.928617991
Cumberland,Fayetteville - Rockfish,151589.0,0.5900000000000001,2023-05-11,,0,
Cumberland,Fayetteville - Rockfish,151589.0,0.4,2023-05-12,,0,
Cumberland,Fayetteville - Rockfish,151589.0,0.13,2023-05-13,16417.600311860453,0,5862593.81850519
Cumberland,Fayetteville - Rockfish,151589.0,0.13,2023-05-14,,0,
Cumberland,Fayetteville - Rockfish,151589.0,0.13,2023-05-15,,0,
Cumberland,Fayetteville - Rockfish,151589.0,0.5900000000000001,2023-05-16,,0,
Cumberland,Fayetteville - Rockfish,151589.0,0.33,2023-05-17,32495.51353648684,0,11279303.8114911
Cumberland,Fayetteville - Rockfish,151589.0,0.4,2023-05-18,,0,
Cumberland,Fayetteville - Rockfish,151589.0,0.53,2023-05-19,,0,
Cumberland,Fayetteville - Rockfish,151589.0,0.33,2023-05-20,19498.266589622785,0,7644335.618476419
Cumberland,Fayetteville - Rockfish,151589.0,0.13,2023-05-21,,0,
Cumberland,Fayetteville - Rockfish,151589.0,0.13,2023-05-22,,0,
Cumberland,Fayetteville - Rockfish,151589.0,0.13,2023-05-23,,0,
Cumberland,Fayetteville - Rockfish,151589.0,0.13,2023-05-24,20166.77465535827,0,7402831.59775299
Cumberland,Fayetteville - Rockfish,151589.0,,2023-05-25,,0,
Cumberland,Fayetteville - Rockfish,151589.0,,2023-05-26,,0,
Cumberland,Fayetteville - Rockfish,151589.0,,2023-05-27,23664.319132398443,0,7800313.08404904
Cumberland,Fayetteville - Rockfish,151589.0,,2023-05-28,,0,
Cumberland,Fayetteville - Rockfish,151589.0,,2023-05-29,,0,
Cumberland,Fayetteville - Rockfish,151589.0,,2023-05-30,,0,
Cumberland,Fayetteville - Rockfish,151589.0,,2023-05-31,18069.299931098605,0,6452402.54778567
Cumberland,Fayetteville - Rockfish,151589.0,,2023-06-01,,0,
Cumberland,Fayetteville - Rockfish,151589.0,,2023-06-02,,0,
Cumberland,Fayetteville - Rockfish,151589.0,,2023-06-03,19147.365354011523,0,6885184.87541629
Cumberland,Fayetteville - Rockfish,151589.0,,2023-06-04,,0,
Cumberland,Fayetteville - Rockfish,151589.0,,2023-06-05,,0,
Cumberland,Fayetteville - Rockfish,151589.0,,2023-06-06,,0,
Cumberland,Fayetteville - Rockfish,151589.0,,2023-06-07,15207.603361476793,0,5012781.76709293
Cumberland,Fayetteville - Rockfish,151589.0,,2023-06-08,,0,
Cumberland,Fayetteville - Rockfish,151589.0,,2023-06-09,,0,
Cumberland,Fayetteville - Rockfish,151589.0,,2023-06-10,51873.44214528285,0,16839628.6185527
Cumberland,Fayetteville - Rockfish,151589.0,,2023-06-11,,0,
Cumberland,Fayetteville - Rockfish,151589.0,,2023-06-12,,0,
Cumberland,Fayetteville - Rockfish,151589.0,,2023-06-13,,0,
Cumberland,Fayetteville - Rockfish,151589.0,,2023-06-14,7929.464042418005,0,2673139.92448846
Cumberland,Fayetteville - Rockfish,151589.0,,2023-06-15,,0,
Cumberland,Fayetteville - Rockfish,151589.0,,2023-06-16,,0,
Cumberland,Fayetteville - Rockfish,151589.0,,2023-06-17,37751.48738791624,0,12066689.1963479
Cumberland,Fayetteville - Rockfish,151589.0,,2023-06-18,,0,
Cumberland,Fayetteville - Rockfish,151589.0,,2023-06-19,,0,
Cumberland,Fayetteville - Rockfish,151589.0,,2023-06-20,,0,
Cumberland,Fayetteville - Rockfish,151589.0,,2023-06-21,16800.96425804188,0,5747763.16489169
Cumberland,Fayetteville - Rockfish,151589.0,,2023-06-22,,0,
Cumberland,Fayetteville - Rockfish,151589.0,,2023-06-23,,0,
Cumberland,Fayetteville - Rockfish,151589.0,,2023-06-24,67610.64413241445,0,27013393.5627352
Cumberland,Fayetteville - Rockfish,151589.0,,2023-06-25,,0,
Cumberland,Fayetteville - Rockfish,151589.0,,2023-06-26,,0,
Cumberland,Fayetteville - Rockfish,151589.0,,2023-06-27,,0,
Cumberland,Fayetteville - Rockfish,151589.0,,2023-06-28,22304.161046764333,0,8577302.02644582
Cumberland,Fayetteville - Rockfish,151589.0,,2023-06-29,,0,
Cumberland,Fayetteville - Rockfish,151589.0,,2023-06-30,,0,
Cumberland,Fayetteville - Rockfish,151589.0,,2023-07-01,16148.69654182654,0,7218294.456859
Cumberland,Fayetteville - Rockfish,151589.0,,2023-07-02,,0,
Cumberland,Fayetteville - Rockfish,151589.0,,2023-07-03,,0,
Cumberland,Fayetteville - Rockfish,151589.0,,2023-07-04,,0,
Cumberland,Fayetteville - Rockfish,151589.0,,2023-07-05,,0,
Cumberland,Fayetteville - Rockfish,151589.0,,2023-07-06,25258.313482891135,0,10722532.2258759
Cumberland,Fayetteville - Rockfish,151589.0,,2023-07-07,,0,
Cumberland,Fayetteville - Rockfish,151589.0,,2023-07-08,17800.382018372533,0,8756683.21592754
Cumberland,Fayetteville - Rockfish,151589.0,,2023-07-09,,0,
Cumberland,Fayetteville - Rockfish,151589.0,,2023-07-10,,0,
Cumberland,Fayetteville - Rockfish,151589.0,,2023-07-11,,0,
Cumberland,Fayetteville - Rockfish,151589.0,,2023-07-12,25969.58220688195,0,11348725.7551919
Cumberland,Fayetteville - Rockfish,151589.0,,2023-07-13,,0,
Cumberland,Fayetteville - Rockfish,151589.0,,2023-07-14,,0,
Cumberland,Fayetteville - Rockfish,151589.0,,2023-07-15,44869.0093494386,0,18151210.163403
Cumberland,Fayetteville - Rockfish,151589.0,,2023-07-16,,0,
Cumberland,Fayetteville - Rockfish,151589.0,,2023-07-17,,0,
Cumberland,Fayetteville - Rockfish,151589.0,,2023-07-18,,0,
Cumberland,Fayetteville - Rockfish,151589.0,,2023-07-19,36017.37358553511,0,14030744.9032758
Cumberland,Fayetteville - Rockfish,151589.0,,2023-07-20,,0,
Cumberland,Fayetteville - Rockfish,151589.0,,2023-07-21,,0,
Cumberland,Fayetteville - Rockfish,151589.0,,2023-07-22,8986.523243168078,0,4061761.01189968
Cumberland,Fayetteville - Rockfish,151589.0,,2023-07-23,,0,
Cumberland,Fayetteville - Rockfish,151589.0,,2023-07-24,,0,
Cumberland,Fayetteville - Rockfish,151589.0,,2023-07-25,,0,
Cumberland,Fayetteville - Rockfish,151589.0,,2023-07-26,54854.09009362938,0,24382212.2515456
Cumberland,Fayetteville - Rockfish,151589.0,,2023-07-27,,0,
Cumberland,Fayetteville - Rockfish,151589.0,,2023-07-28,,0,
Cumberland,Fayetteville - Rockfish,151589.0,,2023-07-29,60384.832532681525,0,22920049.1134055
Cumberland,Fayetteville - Rockfish,151589.0,,2023-07-30,,0,
Cumberland,Fayetteville - Rockfish,151589.0,,2023-07-31,,0,
Cumberland,Fayetteville - Rockfish,151589.0,,2023-08-01,,0,
Cumberland,Fayetteville - Rockfish,151589.0,,2023-08-02,64082.72154020934,0,23043451.5123368
Cumberland,Fayetteville - Rockfish,151589.0,,2023-08-03,,0,
Cumberland,Fayetteville - Rockfish,151589.0,,2023-08-04,,0,
Cumberland,Fayetteville - Rockfish,151589.0,,2023-08-05,88686.61003781797,0,34548304.8291078
Cumberland,Fayetteville - Rockfish,151589.0,,2023-08-06,,0,
Cumberland,Fayetteville - Rockfish,151589.0,,2023-08-07,,0,
Cumberland,Fayetteville - Rockfish,151589.0,,2023-08-08,,0,
Cumberland,Fayetteville - Rockfish,151589.0,,2023-08-09,57630.54745532097,0,20003759.9910908
Cumberland,Fayetteville - Rockfish,151589.0,,2023-08-10,,0,
Cumberland,Fayetteville - Rockfish,151589.0,,2023-08-11,,0,
Cumberland,Fayetteville - Rockfish,151589.0,,2023-08-12,96076.84424459418,0,32388929.0367181
Cumberland,Fayetteville - Rockfish,151589.0,,2023-08-13,,0,
Cumberland,Fayetteville - Rockfish,151589.0,,2023-08-14,,0,
Cumberland,Fayetteville - Rockfish,151589.0,,2023-08-15,,0,
Cumberland,Fayetteville - Rockfish,151589.0,,2023-08-16,76306.4374741739,0,27438967.1623416
Cumberland,Fayetteville - Rockfish,151589.0,,2023-08-17,,0,
Cumberland,Fayetteville - Rockfish,151589.0,,2023-08-18,,0,
Cumberland,Fayetteville - Rockfish,151589.0,,2023-08-19,87414.80423818385,0,29687114.4970928
Cumberland,Fayetteville - Rockfish,151589.0,,2023-08-20,,0,
Cumberland,Fayetteville - Rockfish,151589.0,,2023-08-21,,0,
Cumberland,Fayetteville - Rockfish,151589.0,,2023-08-22,,0,
Cumberland,Fayetteville - Rockfish,151589.0,,2023-08-23,134883.04267030748,0,50523415.5899355
Cumberland,Fayetteville - Rockfish,151589.0,,2023-08-24,,0,
Cumberland,Fayetteville - Rockfish,151589.0,,2023-08-25,,0,
Cumberland,Fayetteville - Rockfish,151589.0,,2023-08-26,84102.93692850438,0,39483268.8390596
Cumberland,Fayetteville - Rockfish,151589.0,,2023-08-27,,0,
Cumberland,Fayetteville - Rockfish,151589.0,,2023-08-28,,0,
Cumberland,Fayetteville - Rockfish,151589.0,,2023-08-29,,0,
Cumberland,Fayetteville - Rockfish,151589.0,,2023-08-30,62039.08445488215,0,24787313.0948035
Cumberland,Fayetteville - Rockfish,151589.0,,2023-08-31,,0,
Cumberland,Fayetteville - Rockfish,151589.0,,2023-09-01,,0,
Cumberland,Fayetteville - Rockfish,151589.0,,2023-09-02,66574.6438218036,0,43224132.8513244
Cumberland,Fayetteville - Rockfish,151589.0,,2023-09-03,,0,
Cumberland,Fayetteville - Rockfish,151589.0,,2023-09-04,,0,
Cumberland,Fayetteville - Rockfish,151589.0,,2023-09-05,,0,
Cumberland,Fayetteville - Rockfish,151589.0,,2023-09-06,69147.8416149051,0,30044983.2764492
Cumberland,Fayetteville - Rockfish,151589.0,,2023-09-07,,0,
Cumberland,Fayetteville - Rockfish,151589.0,,2023-09-08,,0,
Cumberland,Fayetteville - Rockfish,151589.0,,2023-09-09,137340.19659225782,0,52129714.021077
Cumberland,Fayetteville - Rockfish,151589.0,,2023-09-10,,0,
Cumberland,Fayetteville - Rockfish,151589.0,,2023-09-11,,0,
Cumberland,Fayetteville - Rockfish,151589.0,,2023-09-12,,0,
Cumberland,Fayetteville - Rockfish,151589.0,,2023-09-13,94740.00000000007,0,40218548.3907144
Cumberland,Fayetteville - Rockfish,151589.0,,2023-09-14,,0,
Cumberland,Fayetteville - Rockfish,151589.0,,2023-09-15,,0,
Cumberland,Fayetteville - Rockfish,151589.0,,2023-09-16,92933.66236192353,0,37363109.9659453
Cumberland,Fayetteville - Rockfish,151589.0,,2023-09-17,,0,
Cumberland,Fayetteville - Rockfish,151589.0,,2023-09-18,,0,
Cumberland,Fayetteville - Rockfish,151589.0,,2023-09-19,,0,
Cumberland,Fayetteville - Rockfish,151589.0,,2023-09-20,111970.4961139318,0,44177870.6412529
Cumberland,Fayetteville - Rockfish,151589.0,,2023-09-21,,0,
Cumberland,Fayetteville - Rockfish,151589.0,,2023-09-22,,0,
Cumberland,Fayetteville - Rockfish,151589.0,,2023-09-23,99160.22993115736,0,35656943.0175817
Cumberland,Fayetteville - Rockfish,151589.0,,2023-09-24,,0,
Cumberland,Fayetteville - Rockfish,151589.0,,2023-09-25,,0,
Cumberland,Fayetteville - Rockfish,151589.0,,2023-09-26,,0,
Cumberland,Fayetteville - Rockfish,151589.0,,2023-09-27,77707.3072497046,0,29106984.1013891
Cumberland,Fayetteville - Rockfish,151589.0,,2023-09-28,,0,
Cumberland,Fayetteville - Rockfish,151589.0,,2023-09-29,,0,
Cumberland,Fayetteville - Rockfish,151589.0,,2023-09-30,71931.98454095366,0,24967837.6828822
Cumberland,Fayetteville - Rockfish,151589.0,,2023-10-01,,0,
Cumberland,Fayetteville - Rockfish,151589.0,,2023-10-02,,0,
Cumberland,Fayetteville - Rockfish,151589.0,,2023-10-03,,0,
Cumberland,Fayetteville - Rockfish,151589.0,,2023-10-04,65329.809428774526,0,23491890.788963705
Cumberland,Fayetteville - Rockfish,151589.0,,2023-10-05,,0,
Cumberland,Fayetteville - Rockfish,151589.0,,2023-10-06,,0,
Cumberland,Fayetteville - Rockfish,151589.0,,2023-10-07,105384.02155924772,0,37105472.8276214
Cumberland,Fayetteville - Rockfish,151589.0,,2023-10-08,,0,
Cumberland,Fayetteville - Rockfish,151589.0,,2023-10-09,,0,
Cumberland,Fayetteville - Rockfish,151589.0,,2023-10-10,,0,
Cumberland,Fayetteville - Rockfish,151589.0,,2023-10-11,28659.65805797412,0,10091000.0167455
Cumberland,Fayetteville - Rockfish,151589.0,,2023-10-12,,0,
Cumberland,Fayetteville - Rockfish,151589.0,,2023-10-13,,0,
Cumberland,Fayetteville - Rockfish,151589.0,,2023-10-14,43266.116072511104,0,15449984.1523239
Cumberland,Fayetteville - Rockfish,151589.0,,2023-10-15,,0,
Cumberland,Fayetteville - Rockfish,151589.0,,2023-10-16,,0,
Cumberland,Fayetteville - Rockfish,151589.0,,2023-10-17,,0,
Cumberland,Fayetteville - Rockfish,151589.0,,2023-10-18,43229.65648718484,0,15005161.5167696
Cumberland,Fayetteville - Rockfish,151589.0,,2023-10-19,,0,
Cumberland,Fayetteville - Rockfish,151589.0,,2023-10-20,,0,
Cumberland,Fayetteville - Rockfish,151589.0,,2023-10-21,39956.76663595295,0,13470018.6010887
Cumberland,Fayetteville - Rockfish,151589.0,,2023-10-22,,0,
Cumberland,Fayetteville - Rockfish,151589.0,,2023-10-23,,0,
Cumberland,Fayetteville - Rockfish,151589.0,,2023-10-24,,0,
Cumberland,Fayetteville - Rockfish,151589.0,,2023-10-25,34752.46753829143,0,13885122.6006582
Cumberland,Fayetteville - Rockfish,151589.0,,2023-10-26,,0,
Cumberland,Fayetteville - Rockfish,151589.0,,2023-10-27,,0,
Cumberland,Fayetteville - Rockfish,151589.0,,2023-10-28,41666.00532808494,0,15190735.8047511
Cumberland,Fayetteville - Rockfish,151589.0,,2023-10-29,,0,
Cumberland,Fayetteville - Rockfish,151589.0,,2023-10-30,,0,
Cumberland,Fayetteville - Rockfish,151589.0,,2023-10-31,,0,
Cumberland,Fayetteville - Rockfish,151589.0,,2023-11-01,32251.92087302709,0,11919592.0207719
Cumberland,Fayetteville - Rockfish,151589.0,,2023-11-02,,0,
Cumberland,Fayetteville - Rockfish,151589.0,,2023-11-03,,0,
Cumberland,Fayetteville - Rockfish,151589.0,,2023-11-04,42432.18118362527,0,14622395.7239933
Cumberland,Fayetteville - Rockfish,151589.0,,2023-11-05,,0,
Cumberland,Fayetteville - Rockfish,151589.0,,2023-11-06,,0,
Cumberland,Fayetteville - Rockfish,151589.0,,2023-11-07,,0,
Cumberland,Fayetteville - Rockfish,151589.0,,2023-11-08,28581.812398796545,0,9421233.88265731
Cumberland,Fayetteville - Rockfish,151589.0,,2023-11-09,,0,
Cumberland,Fayetteville - Rockfish,151589.0,,2023-11-10,27145.062166073563,0,8676506.57066294
Cumberland,Fayetteville - Rockfish,151589.0,,2023-11-11,,0,
Cumberland,Fayetteville - Rockfish,151589.0,,2023-11-12,,0,
Cumberland,Fayetteville - Rockfish,151589.0,,2023-11-13,,0,
Cumberland,Fayetteville - Rockfish,151589.0,,2023-11-14,,0,
Cumberland,Fayetteville - Rockfish,151589.0,,2023-11-15,35876.44909965312,0,11736127.9942867
Cumberland,Fayetteville - Rockfish,151589.0,,2023-11-16,,0,
Cumberland,Fayetteville - Rockfish,151589.0,,2023-11-17,,0,
Cumberland,Fayetteville - Rockfish,151589.0,,2023-11-18,35419.61038746756,0,11144444.2131359
Cumberland,Fayetteville - Rockfish,151589.0,,2023-11-19,,0,
Cumberland,Fayetteville - Rockfish,151589.0,,2023-11-20,,0,
Cumberland,Fayetteville - Rockfish,151589.0,,2023-11-21,,0,
Cumberland,Fayetteville - Rockfish,151589.0,,2023-11-22,66831.38783535782,0,23864954.3028918
Cumberland,Fayetteville - Rockfish,151589.0,,2023-11-23,30141.406735585544,0,11064325.4559118
Cumberland,Fayetteville - Rockfish,151589.0,,2023-11-24,,0,
Cumberland,Fayetteville - Rockfish,151589.0,,2023-11-25,,0,
Cumberland,Fayetteville - Rockfish,151589.0,,2023-11-26,,0,
Cumberland,Fayetteville - Rockfish,151589.0,,2023-11-27,,0,
Cumberland,Fayetteville - Rockfish,151589.0,,2023-11-28,,0,
Cumberland,Fayetteville - Rockfish,151589.0,,2023-11-29,83744.46130939052,0,33250433.1651044
Cumberland,Fayetteville - Rockfish,151589.0,,2023-11-30,,0,
Cumberland,Fayetteville - Rockfish,151589.0,,2023-12-01,,0,
Cumberland,Fayetteville - Rockfish,151589.0,,2023-12-02,113503.62989790257,0,43649026.4166859
Cumberland,Fayetteville - Rockfish,151589.0,,2023-12-03,,0,
Cumberland,Fayetteville - Rockfish,151589.0,,2023-12-04,,0,
Cumberland,Fayetteville - Rockfish,151589.0,,2023-12-05,,0,
Cumberland,Fayetteville - Rockfish,151589.0,,2023-12-06,64783.689305256485,0,23780835.0816544
Cumberland,Fayetteville - Rockfish,151589.0,,2023-12-07,,0,
Cumberland,Fayetteville - Rockfish,151589.0,,2023-12-08,,0,
Cumberland,Fayetteville - Rockfish,151589.0,,2023-12-09,79316.39174849057,0,26738731.9388869
Cumberland,Fayetteville - Rockfish,151589.0,,2023-12-10,,0,
Cumberland,Fayetteville - Rockfish,151589.0,,2023-12-11,,0,
Cumberland,Fayetteville - Rockfish,151589.0,,2023-12-12,,0,
Cumberland,Fayetteville - Rockfish,151589.0,,2023-12-13,64164.88759438455,0,22432080.9359317
Cumberland,Fayetteville - Rockfish,151589.0,,2023-12-14,,0,
Cumberland,Fayetteville - Rockfish,151589.0,,2023-12-15,,0,
Cumberland,Fayetteville - Rockfish,151589.0,,2023-12-16,,0,
Cumberland,Fayetteville - Rockfish,151589.0,,2023-12-17,,0,
Cumberland,Fayetteville - Rockfish,151589.0,,2023-12-18,,0,
Cumberland,Fayetteville - Rockfish,151589.0,,2023-12-19,,0,
Cumberland,Fayetteville - Rockfish,151589.0,,2023-12-20,,0,
Cumberland,Fayetteville - Rockfish,151589.0,,2023-12-21,,0,
Cumberland,Fayetteville - Rockfish,151589.0,,2023-12-22,,0,
Cumberland,Fayetteville - Rockfish,151589.0,,2023-12-23,,0,
Cumberland,Fayetteville - Rockfish,151589.0,,2023-12-24,,0,
Cumberland,Fayetteville - Rockfish,151589.0,,2023-12-25,,0,
Cumberland,Fayetteville - Rockfish,151589.0,,2023-12-26,,0,
Cumberland,Fayetteville - Rockfish,151589.0,,2023-12-27,,0,
Cumberland,Fayetteville - Rockfish,151589.0,,2023-12-28,,0,
Cumberland,Fayetteville - Rockfish,151589.0,,2023-12-29,,0,
Cumberland,Fayetteville - Rockfish,151589.0,,2023-12-30,,0,
Cumberland,Fayetteville - Rockfish,151589.0,,2023-12-31,,0,
Cumberland,Fayetteville - Rockfish,151589.0,,2024-01-01,,0,
Cumberland,Fayetteville - Rockfish,151589.0,,2024-01-02,,0,
Cumberland,Fayetteville - Rockfish,151589.0,,2024-01-03,,0,
Cumberland,Fayetteville - Rockfish,151589.0,,2024-01-04,,0,
Cumberland,Fayetteville - Rockfish,151589.0,,2024-01-05,,0,
Cumberland,Fayetteville - Rockfish,151589.0,,2024-01-06,103549.6402697761,0,39045377.9956717
Cumberland,Fayetteville - Rockfish,151589.0,,2024-01-07,,0,
Cumberland,Fayetteville - Rockfish,151589.0,,2024-01-08,,0,
Cumberland,Fayetteville - Rockfish,151589.0,,2024-01-09,,0,
Cumberland,Fayetteville - Rockfish,151589.0,,2024-01-10,110424.97905818227,0,44671077.6822517
Cumberland,Fayetteville - Rockfish,151589.0,,2024-01-11,,0,
Cumberland,Fayetteville - Rockfish,151589.0,,2024-01-12,,0,
Cumberland,Fayetteville - Rockfish,151589.0,,2024-01-13,65395.666523096115,0,28088044.6745626
Cumberland,Fayetteville - Rockfish,151589.0,,2024-01-14,,0,
Cumberland,Fayetteville - Rockfish,151589.0,,2024-01-15,,0,
Cumberland,Fayetteville - Rockfish,151589.0,,2024-01-16,,0,
Cumberland,Fayetteville - Rockfish,151589.0,,2024-01-17,132407.53754979357,0,52902571.309632
Cumberland,Fayetteville - Rockfish,151589.0,,2024-01-18,,0,
Cumberland,Fayetteville - Rockfish,151589.0,,2024-01-19,,0,
Cumberland,Fayetteville - Rockfish,151589.0,,2024-01-20,207399.13211004503,0,80275445.168747
Cumberland,Fayetteville - Rockfish,151589.0,,2024-01-21,,0,
Cumberland,Fayetteville - Rockfish,151589.0,,2024-01-22,,0,
Cumberland,Fayetteville - Rockfish,151589.0,,2024-01-23,,0,
Cumberland,Fayetteville - Rockfish,151589.0,,2024-01-24,225595.6559865459,0,86755205.5956609
Cumberland,Fayetteville - Rockfish,151589.0,,2024-01-25,,0,
Cumberland,Fayetteville - Rockfish,151589.0,,2024-01-26,,0,
Cumberland,Fayetteville - Rockfish,151589.0,,2024-01-27,171093.97651583207,0,60669044.3870136
Cumberland,Fayetteville - Rockfish,151589.0,,2024-01-28,,0,
Cumberland,Fayetteville - Rockfish,151589.0,,2024-01-29,,0,
Cumberland,Fayetteville - Rockfish,151589.0,,2024-01-30,,0,
Cumberland,Fayetteville - Rockfish,151589.0,,2024-01-31,232380.6360263261,0,82400978.7419906
Cumberland,Fayetteville - Rockfish,151589.0,,2024-02-01,,0,
Cumberland,Fayetteville - Rockfish,151589.0,,2024-02-02,,0,
Cumberland,Fayetteville - Rockfish,151589.0,,2024-02-03,239614.3568319728,0,83769314.4550362
Cumberland,Fayetteville - Rockfish,151589.0,,2024-02-04,,0,
Cumberland,Fayetteville - Rockfish,151589.0,,2024-02-05,,0,
Cumberland,Fayetteville - Rockfish,151589.0,,2024-02-06,,0,
Cumberland,Fayetteville - Rockfish,151589.0,,2024-02-07,125550.81839637684,0,44206155.8437801
Cumberland,Fayetteville - Rockfish,151589.0,,2024-02-08,,0,
Cumberland,Fayetteville - Rockfish,151589.0,,2024-02-09,,0,
Cumberland,Fayetteville - Rockfish,151589.0,,2024-02-10,234000.00000000006,0,82390864.5086385
Cumberland,Fayetteville - Rockfish,151589.0,,2024-02-11,,0,
Cumberland,Fayetteville - Rockfish,151589.0,,2024-02-12,,0,
Cumberland,Fayetteville - Rockfish,151589.0,,2024-02-13,,0,
Cumberland,Fayetteville - Rockfish,151589.0,,2024-02-14,74568.74412245398,0,29048620.773392
Cumberland,Fayetteville - Rockfish,151589.0,,2024-02-15,,0,
Cumberland,Fayetteville - Rockfish,151589.0,,2024-02-16,,0,
Cumberland,Fayetteville - Rockfish,151589.0,,2024-02-17,147929.6400320096,0,46544657.1199251
Cumberland,Fayetteville - Rockfish,151589.0,,2024-02-18,,0,
Cumberland,Fayetteville - Rockfish,151589.0,,2024-02-19,,0,
Cumberland,Fayetteville - Rockfish,151589.0,,2024-02-20,,0,
Cumberland,Fayetteville - Rockfish,151589.0,,2024-02-21,198292.87430465093,0,72294299.4368669
Cumberland,Fayetteville - Rockfish,151589.0,,2024-02-22,,0,
Cumberland,Fayetteville - Rockfish,151589.0,,2024-02-23,,0,
Cumberland,Fayetteville - Rockfish,151589.0,,2024-02-24,234573.6558098542,0,77320963.529508
Cumberland,Fayetteville - Rockfish,151589.0,,2024-02-25,,0,
Cumberland,Fayetteville - Rockfish,151589.0,,2024-02-26,,0,
Cumberland,Fayetteville - Rockfish,151589.0,,2024-02-27,,0,
Cumberland,Fayetteville - Rockfish,151589.0,,2024-02-28,149900.87124496646,0,53528402.7175648
Cumberland,Fayetteville - Rockfish,151589.0,,2024-02-29,,0,
Cumberland,Fayetteville - Rockfish,151589.0,,2024-03-01,,0,
Cumberland,Fayetteville - Rockfish,151589.0,,2024-03-02,91879.66042601602,0,30973996.1262666
Cumberland,Fayetteville - Rockfish,151589.0,,2024-03-03,,0,
Cumberland,Fayetteville - Rockfish,151589.0,,2024-03-04,,0,
Cumberland,Fayetteville - Rockfish,151589.0,,2024-03-05,,0,
Cumberland,Fayetteville - Rockfish,151589.0,,2024-03-06,77370.76967434144,0,31299400.660398
Cumberland,Fayetteville - Rockfish,151589.0,,2024-03-07,,0,
Cumberland,Fayetteville - Rockfish,151589.0,,2024-03-08,,0,
Cumberland,Fayetteville - Rockfish,151589.0,,2024-03-09,45935.171709704155,0,19614874.9759384
Cumberland,Fayetteville - Rockfish,151589.0,,2024-03-10,,0,
Cumberland,Fayetteville - Rockfish,151589.0,,2024-03-11,,0,
Cumberland,Fayetteville - Rockfish,151589.0,,2024-03-12,,0,
Cumberland,Fayetteville - Rockfish,151589.0,,2024-03-13,54487.42974301503,0,23538919.0264552
Cumberland,Fayetteville - Rockfish,151589.0,,2024-03-14,,0,
Cumberland,Fayetteville - Rockfish,151589.0,,2024-03-15,,0,
Cumberland,Fayetteville - Rockfish,151589.0,,2024-03-16,51615.40855209814,0,19333688.5459807
Cumberland,Fayetteville - Rockfish,151589.0,,2024-03-17,,0,
Cumberland,Fayetteville - Rockfish,151589.0,,2024-03-18,,0,
Cumberland,Fayetteville - Rockfish,151589.0,,2024-03-19,,0,
Cumberland,Fayetteville - Rockfish,151589.0,,2024-03-20,42489.14214243452,0,15703041.1194504
Cumberland,Fayetteville - Rockfish,151589.0,,2024-03-21,,0,
Cumberland,Fayetteville - Rockfish,151589.0,,2024-03-22,,0,
Cumberland,Fayetteville - Rockfish,151589.0,,2024-03-23,28558.99157883559,0,10911347.5440475
Cumberland,Fayetteville - Rockfish,151589.0,,2024-03-24,,0,
Cumberland,Fayetteville - Rockfish,151589.0,,2024-03-25,,0,
Cumberland,Fayetteville - Rockfish,151589.0,,2024-03-26,,0,
Cumberland,Fayetteville - Rockfish,151589.0,,2024-03-27,22483.327155917133,0,8983067.2796584
Cumberland,Fayetteville - Rockfish,151589.0,,2024-03-28,,0,
Cumberland,Fayetteville - Rockfish,151589.0,,2024-03-29,29558.99862985892,0,11736292.6813564
Cumberland,Fayetteville - Rockfish,151589.0,,2024-03-30,,0,
Cumberland,Fayetteville - Rockfish,151589.0,,2024-03-31,,0,
Cumberland,Fayetteville - Rockfish,151589.0,,2024-04-01,,0,
Cumberland,Fayetteville - Rockfish,151589.0,,2024-04-02,,0,
Cumberland,Fayetteville - Rockfish,151589.0,,2024-04-03,26477.98330689104,0,9653434.39790893
Cumberland,Fayetteville - Rockfish,151589.0,,2024-04-04,,0,
Cumberland,Fayetteville - Rockfish,151589.0,,2024-04-05,,0,
Cumberland,Fayetteville - Rockfish,151589.0,,2024-04-06,12727.136362905836,0,4989700.052206
Cumberland,Fayetteville - Rockfish,151589.0,,2024-04-07,,0,
Cumberland,Fayetteville - Rockfish,151589.0,,2024-04-08,,0,
Cumberland,Fayetteville - Rockfish,151589.0,,2024-04-09,,0,
Cumberland,Fayetteville - Rockfish,151589.0,,2024-04-10,15792.6185289204,0,6191528.65588
Cumberland,Fayetteville - Rockfish,151589.0,,2024-04-11,,0,
Cumberland,Fayetteville - Rockfish,151589.0,,2024-04-12,,0,
Cumberland,Fayetteville - Rockfish,151589.0,,2024-04-13,13267.252918370095,0,5367105.25826155
Cumberland,Fayetteville - Rockfish,151589.0,,2024-04-14,,0,
Cumberland,Fayetteville - Rockfish,151589.0,,2024-04-15,,0,
Cumberland,Fayetteville - Rockfish,151589.0,,2024-04-16,,0,
Cumberland,Fayetteville - Rockfish,151589.0,,2024-04-17,6744.597838270274,0,2964236.26755895
Cumberland,Fayetteville - Rockfish,151589.0,,2024-04-18,,0,
Cumberland,Fayetteville - Rockfish,151589.0,,2024-04-19,,0,
Cumberland,Fayetteville - Rockfish,151589.0,,2024-04-20,,0,3006102.50178359
Cumberland,Fayetteville - Rockfish,151589.0,,2024-04-21,,0,
Cumberland,Fayetteville - Rockfish,151589.0,,2024-04-22,,0,
Cumberland,Fayetteville - Rockfish,151589.0,,2024-04-23,,0,
Cumberland,Fayetteville - Rockfish,151589.0,,2024-04-24,,0,4002504.65022554
Cumberland,Fayetteville - Rockfish,151589.0,,2024-04-25,,0,
Cumberland,Fayetteville - Rockfish,151589.0,,2024-04-26,,0,
Cumberland,Fayetteville - Rockfish,151589.0,,2024-04-27,15388.697150831213,0,6417448.81919157
Cumberland,Fayetteville - Rockfish,151589.0,,2024-04-28,,0,
Cumberland,Fayetteville - Rockfish,151589.0,,2024-04-29,,0,
Cumberland,Fayetteville - Rockfish,151589.0,,2024-04-30,,0,
Cumberland,Fayetteville - Rockfish,151589.0,,2024-05-01,19388.94530396124,0,7698310.07198724
Cumberland,Fayetteville - Rockfish,151589.0,,2024-05-02,,0,
Cumberland,Fayetteville - Rockfish,151589.0,,2024-05-03,,0,
Cumberland,Fayetteville - Rockfish,151589.0,,2024-05-04,11087.686864265255,0,3848574.00601794
Cumberland,Fayetteville - Rockfish,151589.0,,2024-05-05,,0,
Cumberland,Fayetteville - Rockfish,151589.0,,2024-05-06,,0,
Cumberland,Fayetteville - Rockfish,151589.0,,2024-05-07,,0,
Cumberland,Fayetteville - Rockfish,151589.0,,2024-05-08,0.0,0,867111.092775387
Cumberland,Fayetteville - Rockfish,151589.0,,2024-05-09,,0,
Cumberland,Fayetteville - Rockfish,151589.0,,2024-05-10,,0,
Cumberland,Fayetteville - Rockfish,151589.0,,2024-05-11,7733.045971672486,0,3205551.58270986
Cumberland,Fayetteville - Rockfish,151589.0,,2024-05-12,,0,
Cumberland,Fayetteville - Rockfish,151589.0,,2024-05-13,,0,
Cumberland,Fayetteville - Rockfish,151589.0,,2024-05-14,,0,
Cumberland,Fayetteville - Rockfish,151589.0,,2024-05-15,16318.590625418621,0,6642236.60781052
Durham,North Durham,142000.0,2.75,2022-09-10,98189.28470052127,0,22510543.5030002
Durham,North Durham,142000.0,1.83,2022-09-11,,0,
Durham,North Durham,142000.0,1.83,2022-09-12,,0,
Durham,North Durham,142000.0,4.58,2022-09-13,,0,
Durham,North Durham,142000.0,3.0300000000000002,2022-09-14,75367.96303470063,0,16876776.4301484
Durham,North Durham,142000.0,3.0300000000000002,2022-09-15,,0,
Durham,North Durham,142000.0,2.68,2022-09-16,,0,
Durham,North Durham,142000.0,1.7600000000000002,2022-09-17,120626.12771286332,0,28200993.8134807
Durham,North Durham,142000.0,2.04,2022-09-18,,0,
Durham,North Durham,142000.0,1.34,2022-09-19,,0,
Durham,North Durham,142000.0,3.8700000000000006,2022-09-20,,0,
Durham,North Durham,142000.0,2.54,2022-09-21,95082.41993134166,0,17920209.1290512
Durham,North Durham,142000.0,2.9600000000000004,2022-09-22,,0,
Durham,North Durham,142000.0,2.8200000000000003,2022-09-23,,0,
Durham,North Durham,142000.0,2.1100000000000003,2022-09-24,54483.88310743813,0,10079777.7488548
Durham,North Durham,142000.0,1.97,2022-09-25,,0,
Durham,North Durham,142000.0,0.9199999999999999,2022-09-26,,0,
Durham,North Durham,142000.0,2.25,2022-09-27,,0,
Durham,North Durham,142000.0,1.9000000000000001,2022-09-28,35091.15948198356,0,7118783.88404642
Durham,North Durham,142000.0,2.18,2022-09-29,,0,
Durham,North Durham,142000.0,1.9000000000000001,2022-09-30,,0,
Durham,North Durham,142000.0,0.8500000000000001,2022-10-01,100260.6774360605,0,23680332.1670906
Durham,North Durham,142000.0,0.77,2022-10-02,,0,
Durham,North Durham,142000.0,1.4800000000000002,2022-10-03,,0,
Durham,North Durham,142000.0,1.69,2022-10-04,,0,
Durham,North Durham,142000.0,1.69,2022-10-05,79309.97149947801,0,20782832.8655058
Durham,North Durham,142000.0,0.9900000000000001,2022-10-06,,0,
Durham,North Durham,142000.0,1.4800000000000002,2022-10-07,,0,
Durham,North Durham,142000.0,1.4100000000000001,2022-10-08,91106.39656704711,0,17972315.0449314
Durham,North Durham,142000.0,0.49000000000000005,2022-10-09,,0,
Durham,North Durham,142000.0,0.13999999999999999,2022-10-10,,0,
Durham,North Durham,142000.0,1.7600000000000002,2022-10-11,,0,
Durham,North Durham,142000.0,0.8500000000000001,2022-10-12,45923.84120484063,0,9059273.25969257
Durham,North Durham,142000.0,1.69,2022-10-13,,0,
Durham,North Durham,142000.0,1.55,2022-10-14,,0,
Durham,North Durham,142000.0,0.9199999999999999,2022-10-15,65637.61383979235,0,13525574.2190656
Durham,North Durham,142000.0,1.06,2022-10-16,,0,
Durham,North Durham,142000.0,0.5599999999999999,2022-10-17,,0,
Durham,North Durham,142000.0,1.34,2022-10-18,,0,
Durham,North Durham,142000.0,1.2000000000000002,2022-10-19,46824.156743704385,0,10035741.0564679
Durham,North Durham,142000.0,1.27,2022-10-20,,0,
Durham,North Durham,142000.0,0.7000000000000001,2022-10-21,,0,
Durham,North Durham,142000.0,1.4800000000000002,2022-10-22,89724.09903254539,0,15833995.9270635
Durham,North Durham,142000.0,0.9199999999999999,2022-10-23,,0,
Durham,North Durham,142000.0,0.7000000000000001,2022-10-24,,0,
Durham,North Durham,142000.0,1.27,2022-10-25,,0,
Durham,North Durham,142000.0,1.62,2022-10-26,66895.15841920707,0,13000068.7270259
Durham,North Durham,142000.0,2.04,2022-10-27,,0,
Durham,North Durham,142000.0,1.62,2022-10-28,,0,
Durham,North Durham,142000.0,1.27,2022-10-29,103847.96579615798,0,19904456.2332474
Durham,North Durham,142000.0,0.63,2022-10-30,,0,
Durham,North Durham,142000.0,0.5599999999999999,2022-10-31,,0,
Durham,North Durham,142000.0,1.62,2022-11-01,,0,
Durham,North Durham,142000.0,1.1300000000000001,2022-11-02,25176.21893771979,0,5530203.99672393
Durham,North Durham,142000.0,1.62,2022-11-03,,0,
Durham,North Durham,142000.0,1.2000000000000002,2022-11-04,,0,
Durham,North Durham,142000.0,1.4100000000000001,2022-11-05,74113.69104288355,0,14521424.3002952
Durham,North Durham,142000.0,0.77,2022-11-06,,0,
Durham,North Durham,142000.0,0.42000000000000004,2022-11-07,,0,
Durham,North Durham,142000.0,0.9199999999999999,2022-11-08,,0,
Durham,North Durham,142000.0,1.2000000000000002,2022-11-09,57020.40336581288,0,11126659.5455981
Durham,North Durham,142000.0,1.27,2022-11-10,,0,
Durham,North Durham,142000.0,1.34,2022-11-11,,0,
Durham,North Durham,142000.0,0.5599999999999999,2022-11-12,39916.713291552456,0,8331821.74962525
Durham,North Durham,142000.0,0.49000000000000005,2022-11-13,,0,
Durham,North Durham,142000.0,0.13999999999999999,2022-11-14,,0,
Durham,North Durham,142000.0,1.2000000000000002,2022-11-15,,0,
Durham,North Durham,142000.0,0.9199999999999999,2022-11-16,93559.63873380446,0,20451530.8661699
Durham,North Durham,142000.0,0.35000000000000003,2022-11-17,,0,
Durham,North Durham,142000.0,0.9900000000000001,2022-11-18,,0,
Durham,North Durham,142000.0,0.77,2022-11-19,,0,
Durham,North Durham,142000.0,0.63,2022-11-20,,0,
Durham,North Durham,142000.0,0.5599999999999999,2022-11-21,,0,
Durham,North Durham,142000.0,0.8500000000000001,2022-11-22,,0,
Durham,North Durham,142000.0,1.55,2022-11-23,,0,
Durham,North Durham,142000.0,0.7000000000000001,2022-11-24,,0,
Durham,North Durham,142000.0,0.13999999999999999,2022-11-25,,0,
Durham,North Durham,142000.0,1.1300000000000001,2022-11-26,,0,
Durham,North Durham,142000.0,0.9900000000000001,2022-11-27,,0,
Durham,North Durham,142000.0,1.27,2022-11-28,,0,
Durham,North Durham,142000.0,2.1100000000000003,2022-11-29,,0,
Durham,North Durham,142000.0,2.8200000000000003,2022-11-30,,0,
Durham,North Durham,142000.0,1.4800000000000002,2022-12-01,,0,
Durham,North Durham,142000.0,1.2000000000000002,2022-12-02,,0,
Durham,North Durham,142000.0,1.4800000000000002,2022-12-03,143443.45924440064,0,28679095.2794235
Durham,North Durham,142000.0,0.9900000000000001,2022-12-04,,0,
Durham,North Durham,142000.0,0.49000000000000005,2022-12-05,,0,
Durham,North Durham,142000.0,1.7600000000000002,2022-12-06,,0,
Durham,North Durham,142000.0,1.27,2022-12-07,135970.98808201693,0,30664793.8894136
Durham,North Durham,142000.0,2.18,2022-12-08,,0,
Durham,North Durham,142000.0,2.25,2022-12-09,,0,
Durham,North Durham,142000.0,1.9000000000000001,2022-12-10,175837.67514386674,0,42655669.1053189
Durham,North Durham,142000.0,1.27,2022-12-11,,0,
Durham,North Durham,142000.0,1.7600000000000002,2022-12-12,,0,
Durham,North Durham,142000.0,2.68,2022-12-13,,0,
Durham,North Durham,142000.0,2.9600000000000004,2022-12-14,134953.80542985813,0,29500027.5183684
Durham,North Durham,142000.0,2.25,2022-12-15,,0,
Durham,North Durham,142000.0,2.39,2022-12-16,,0,
Durham,North Durham,142000.0,2.9600000000000004,2022-12-17,114648.9842955445,0,57152502.5235845
Durham,North Durham,142000.0,1.55,2022-12-18,,0,
Durham,North Durham,142000.0,1.69,2022-12-19,,0,
Durham,North Durham,142000.0,3.8000000000000003,2022-12-20,,0,
Durham,North Durham,142000.0,3.45,2022-12-21,119183.38139187016,0,25417282.9251146
Durham,North Durham,142000.0,2.4600000000000004,2022-12-22,,0,
Durham,North Durham,142000.0,2.89,2022-12-23,,0,
Durham,North Durham,142000.0,2.4600000000000004,2022-12-24,192780.19607833162,0,55450733.5506672
Durham,North Durham,142000.0,1.69,2022-12-25,,0,
Durham,North Durham,142000.0,0.49000000000000005,2022-12-26,,0,
Durham,North Durham,142000.0,3.3100000000000005,2022-12-27,,0,
Durham,North Durham,142000.0,4.08,2022-12-28,437297.7932713585,0,104916363.379187
Durham,North Durham,142000.0,4.010000000000001,2022-12-29,,0,
Durham,North Durham,142000.0,4.010000000000001,2022-12-30,,0,
Durham,North Durham,142000.0,4.2299999999999995,2022-12-31,368729.711306263,0,100752407.423112
Durham,North Durham,142000.0,3.0300000000000002,2023-01-01,,0,
Durham,North Durham,142000.0,1.34,2023-01-02,,0,
Durham,North Durham,142000.0,4.15,2023-01-03,,0,
Durham,North Durham,142000.0,4.79,2023-01-04,295224.3892363912,0,66108142.1502087
Durham,North Durham,142000.0,4.37,2023-01-05,,0,
Durham,North Durham,142000.0,4.44,2023-01-06,,0,
Durham,North Durham,142000.0,2.68,2023-01-07,241551.39411727703,0,63297491.569548
Durham,North Durham,142000.0,2.4600000000000004,2023-01-08,,0,
Durham,North Durham,142000.0,1.4800000000000002,2023-01-09,,0,
Durham,North Durham,142000.0,2.68,2023-01-10,,0,
Durham,North Durham,142000.0,3.59,2023-01-11,154792.90423013593,0,49517159.9723456
Durham,North Durham,142000.0,3.24,2023-01-12,,0,
Durham,North Durham,142000.0,2.89,2023-01-13,,0,
Durham,North Durham,142000.0,1.69,2023-01-14,307281.89012696507,0,79456994.4281699
Durham,North Durham,142000.0,1.1300000000000001,2023-01-15,,0,
Durham,North Durham,142000.0,1.06,2023-01-16,,0,
Durham,North Durham,142000.0,2.75,2023-01-17,,0,
Durham,North Durham,142000.0,3.1,2023-01-18,139692.6154096915,0,33961879.7782482
Durham,North Durham,142000.0,3.45,2023-01-19,,0,
Durham,North Durham,142000.0,2.9600000000000004,2023-01-20,,0,
Durham,North Durham,142000.0,2.68,2023-01-21,162985.70489463166,0,43391833.1968053
Durham,North Durham,142000.0,1.27,2023-01-22,,0,
Durham,North Durham,142000.0,1.1300000000000001,2023-01-23,,0,
Durham,North Durham,142000.0,2.6100000000000003,2023-01-24,,0,
Durham,North Durham,142000.0,2.75,2023-01-25,100457.66869681992,0,40689153.12208861
Durham,North Durham,142000.0,2.04,2023-01-26,,0,
Durham,North Durham,142000.0,2.8200000000000003,2023-01-27,,0,
Durham,North Durham,142000.0,2.68,2023-01-28,150087.04940800206,0,60014737.6932094
Durham,North Durham,142000.0,0.9900000000000001,2023-01-29,,0,
Durham,North Durham,142000.0,1.2000000000000002,2023-01-30,,0,
Durham,North Durham,142000.0,2.9600000000000004,2023-01-31,,0,
Durham,North Durham,142000.0,2.68,2023-02-01,131237.56169633757,0,35824615.9176339
Durham,North Durham,142000.0,1.97,2023-02-02,,0,
Durham,North Durham,142000.0,1.7600000000000002,2023-02-03,,0,
Durham,North Durham,142000.0,1.83,2023-02-04,146775.28402288991,0,55951585.8451092
Durham,North Durham,142000.0,1.27,2023-02-05,,0,
Durham,North Durham,142000.0,1.4100000000000001,2023-02-06,,0,
Durham,North Durham,142000.0,2.4600000000000004,2023-02-07,,0,
Durham,North Durham,142000.0,1.9000000000000001,2023-02-08,140634.3201355915,0,36740141.7135522
Durham,North Durham,142000.0,2.4600000000000004,2023-02-09,,0,
Durham,North Durham,142000.0,1.69,2023-02-10,,0,
Durham,North Durham,142000.0,2.1100000000000003,2023-02-11,193772.13421955172,0,41944090.8410034
Durham,North Durham,142000.0,1.4800000000000002,2023-02-12,,0,
Durham,North Durham,142000.0,1.1300000000000001,2023-02-13,,0,
Durham,North Durham,142000.0,1.83,2023-02-14,,0,
Durham,North Durham,142000.0,1.06,2023-02-15,241098.48610059766,0,94928892.0502985
Durham,North Durham,142000.0,1.7600000000000002,2023-02-16,,0,
Durham,North Durham,142000.0,1.55,2023-02-17,,0,
Durham,North Durham,142000.0,1.83,2023-02-18,122298.44806864875,0,31949970.0290621
Durham,North Durham,142000.0,0.63,2023-02-19,,0,
Durham,North Durham,142000.0,1.2000000000000002,2023-02-20,,0,
Durham,North Durham,142000.0,1.1300000000000001,2023-02-21,,0,
Durham,North Durham,142000.0,1.69,2023-02-22,125779.300363772,0,32188729.9333198
Durham,North Durham,142000.0,1.1300000000000001,2023-02-23,,0,
Durham,North Durham,142000.0,0.8500000000000001,2023-02-24,,0,
Durham,North Durham,142000.0,1.27,2023-02-25,92384.03325250531,0,23149851.289126094
Durham,North Durham,142000.0,0.63,2023-02-26,,0,
Durham,North Durham,142000.0,0.35000000000000003,2023-02-27,,0,
Durham,North Durham,142000.0,0.9199999999999999,2023-02-28,,0,
Durham,North Durham,142000.0,1.06,2023-03-01,53791.59785691445,0,12475476.1717591
Durham,North Durham,142000.0,0.5599999999999999,2023-03-02,,0,
Durham,North Durham,142000.0,1.4800000000000002,2023-03-03,,0,
Durham,North Durham,142000.0,0.9900000000000001,2023-03-04,73906.75205960547,0,26006474.4651611
Durham,North Durham,142000.0,0.77,2023-03-05,,0,
Durham,North Durham,142000.0,0.63,2023-03-06,,0,
Durham,North Durham,142000.0,0.77,2023-03-07,,0,
Durham,North Durham,142000.0,1.4100000000000001,2023-03-08,58698.11240576649,0,12361599.2544804
Durham,North Durham,142000.0,0.8500000000000001,2023-03-09,,0,
Durham,North Durham,142000.0,0.9199999999999999,2023-03-10,,0,
Durham,North Durham,142000.0,0.42000000000000004,2023-03-11,61879.453779101816,0,7588007.239034459
Durham,North Durham,142000.0,0.42000000000000004,2023-03-12,,0,
Durham,North Durham,142000.0,0.42000000000000004,2023-03-13,,0,
Durham,North Durham,142000.0,0.63,2023-03-14,,0,
Durham,North Durham,142000.0,0.42000000000000004,2023-03-15,44187.28776469546,0,13192855.3659869
Durham,North Durham,142000.0,1.1300000000000001,2023-03-16,,0,
Durham,North Durham,142000.0,0.8500000000000001,2023-03-17,,0,
Durham,North Durham,142000.0,0.63,2023-03-18,11806.438921198882,0,2404560.5446283
Durham,North Durham,142000.0,0.5599999999999999,2023-03-19,,0,
Durham,North Durham,142000.0,0.13999999999999999,2023-03-20,,0,
Durham,North Durham,142000.0,0.7000000000000001,2023-03-21,,0,
Durham,North Durham,142000.0,0.13999999999999999,2023-03-22,36966.08175070764,0,6898027.04939365
Durham,North Durham,142000.0,0.77,2023-03-23,,0,
Durham,North Durham,142000.0,0.7000000000000001,2023-03-24,,0,
Durham,North Durham,142000.0,0.49000000000000005,2023-03-25,79209.2797593817,0,21960025.3454373
Durham,North Durham,142000.0,0.35000000000000003,2023-03-26,,0,
Durham,North Durham,142000.0,0.42000000000000004,2023-03-27,,0,
Durham,North Durham,142000.0,0.77,2023-03-28,,0,
Durham,North Durham,142000.0,0.63,2023-03-29,36687.054937675224,0,9408304.29620809
Durham,North Durham,142000.0,0.49000000000000005,2023-03-30,,0,
Durham,North Durham,142000.0,0.63,2023-03-31,,0,
Durham,North Durham,142000.0,0.49000000000000005,2023-04-01,29969.851517817093,0,8468644.25997728
Durham,North Durham,142000.0,0.49000000000000005,2023-04-02,,0,
Durham,North Durham,142000.0,0.49000000000000005,2023-04-03,,0,
Durham,North Durham,142000.0,1.27,2023-04-04,,0,
Durham,North Durham,142000.0,0.63,2023-04-05,52307.314976014626,0,9760765.99134816
Durham,North Durham,142000.0,0.7000000000000001,2023-04-06,,0,
Durham,North Durham,142000.0,0.5599999999999999,2023-04-07,,0,
Durham,North Durham,142000.0,0.35000000000000003,2023-04-08,21215.296368422485,0,3506422.35079411
Durham,North Durham,142000.0,,2023-04-09,,0,
Durham,North Durham,142000.0,0.13999999999999999,2023-04-10,,0,
Durham,North Durham,142000.0,0.49000000000000005,2023-04-11,,0,
Durham,North Durham,142000.0,0.13999999999999999,2023-04-12,13856.781733144267,0,5651675.78916518
Durham,North Durham,142000.0,0.13999999999999999,2023-04-13,,0,
Durham,North Durham,142000.0,0.35000000000000003,2023-04-14,,0,
Durham,North Durham,142000.0,0.13999999999999999,2023-04-15,39947.510560734576,0,11958946.1389596
Durham,North Durham,142000.0,0.13999999999999999,2023-04-16,,0,
Durham,North Durham,142000.0,0.13999999999999999,2023-04-17,,0,
Durham,North Durham,142000.0,0.49000000000000005,2023-04-18,,0,
Durham,North Durham,142000.0,0.42000000000000004,2023-04-19,20162.4998450093,0,6288595.66820835
Durham,North Durham,142000.0,0.13999999999999999,2023-04-20,,0,
Durham,North Durham,142000.0,0.13999999999999999,2023-04-21,,0,
Durham,North Durham,142000.0,0.49000000000000005,2023-04-22,110379.36763725372,0,22951228.5519836
Durham,North Durham,142000.0,0.13999999999999999,2023-04-23,,0,
Durham,North Durham,142000.0,0.13999999999999999,2023-04-24,,0,
Durham,North Durham,142000.0,0.42000000000000004,2023-04-25,,0,
Durham,North Durham,142000.0,0.13999999999999999,2023-04-26,38746.37531434395,0,9192730.34593494
Durham,North Durham,142000.0,0.49000000000000005,2023-04-27,,0,
Durham,North Durham,142000.0,0.7000000000000001,2023-04-28,,0,
Durham,North Durham,142000.0,0.13999999999999999,2023-04-29,27149.511966147766,0,6593315.19194036
Durham,North Durham,142000.0,,2023-04-30,,0,
Durham,North Durham,142000.0,0.13999999999999999,2023-05-01,,0,
Durham,North Durham,142000.0,0.42000000000000004,2023-05-02,,0,
Durham,North Durham,142000.0,0.42000000000000004,2023-05-03,16871.360348235135,0,6881212.43782956
Durham,North Durham,142000.0,0.35000000000000003,2023-05-04,,0,
Durham,North Durham,142000.0,0.42000000000000004,2023-05-05,,0,
Durham,North Durham,142000.0,0.13999999999999999,2023-05-06,28451.362006062205,0,7205267.35569438
Durham,North Durham,142000.0,0.13999999999999999,2023-05-07,,0,
Durham,North Durham,142000.0,0.49000000000000005,2023-05-08,,0,
Durham,North Durham,142000.0,0.13999999999999999,2023-05-09,,0,
Durham,North Durham,142000.0,0.35000000000000003,2023-05-10,39029.722007721284,0,9884222.12701592
Durham,North Durham,142000.0,0.77,2023-05-11,,0,
Durham,North Durham,142000.0,0.13999999999999999,2023-05-12,,0,
Durham,North Durham,142000.0,0.13999999999999999,2023-05-13,39647.698546069485,0,9406572.83717599
Durham,North Durham,142000.0,0.35000000000000003,2023-05-14,,0,
Durham,North Durham,142000.0,0.13999999999999999,2023-05-15,,0,
Durham,North Durham,142000.0,0.13999999999999999,2023-05-16,,0,
Durham,North Durham,142000.0,0.13999999999999999,2023-05-17,9394.14711402797,0,2298917.95194614
Durham,North Durham,142000.0,0.63,2023-05-18,,0,
Durham,North Durham,142000.0,0.13999999999999999,2023-05-19,,0,
Durham,North Durham,142000.0,0.13999999999999999,2023-05-20,14629.668485649303,0,2897655.37215376
Durham,North Durham,142000.0,0.13999999999999999,2023-05-21,,0,
Durham,North Durham,142000.0,0.13999999999999999,2023-05-22,,0,
Durham,North Durham,142000.0,0.13999999999999999,2023-05-23,,0,
Durham,North Durham,142000.0,0.13999999999999999,2023-05-24,7825.3434429423005,0,1587491.82446784
Durham,North Durham,142000.0,,2023-05-25,,0,
Durham,North Durham,142000.0,,2023-05-26,,0,
Durham,North Durham,142000.0,,2023-05-27,13167.232055371405,0,3013058.97231765
Durham,North Durham,142000.0,,2023-05-28,,0,
Durham,North Durham,142000.0,,2023-05-29,,0,
Durham,North Durham,142000.0,,2023-05-30,,0,
Durham,North Durham,142000.0,,2023-05-31,16200.00000000001,0,3934203.54084506
Durham,North Durham,142000.0,,2023-06-01,,0,
Durham,North Durham,142000.0,,2023-06-02,,0,
Durham,North Durham,142000.0,,2023-06-03,20031.9744408783,0,4245358.00412379
Durham,North Durham,142000.0,,2023-06-04,,0,
Durham,North Durham,142000.0,,2023-06-05,,0,
Durham,North Durham,142000.0,,2023-06-06,,0,
Durham,North Durham,142000.0,,2023-06-07,36487.24708716732,0,8267676.15177454
Durham,North Durham,142000.0,,2023-06-08,,0,
Durham,North Durham,142000.0,,2023-06-09,,0,
Durham,North Durham,142000.0,,2023-06-10,34496.81724449373,0,6989016.30408119
Durham,North Durham,142000.0,,2023-06-11,,0,
Durham,North Durham,142000.0,,2023-06-12,,0,
Durham,North Durham,142000.0,,2023-06-13,,0,
Durham,North Durham,142000.0,,2023-06-14,22347.187742532602,0,4563258.59662863
Durham,North Durham,142000.0,,2023-06-15,,0,
Durham,North Durham,142000.0,,2023-06-16,,0,
Durham,North Durham,142000.0,,2023-06-17,7757.576941287789,0,1455868.61651406
Durham,North Durham,142000.0,,2023-06-18,,0,
Durham,North Durham,142000.0,,2023-06-19,,0,
Durham,North Durham,142000.0,,2023-06-20,,0,
Durham,North Durham,142000.0,,2023-06-21,12698.440849175164,0,1658707.90248796
Durham,North Durham,142000.0,,2023-06-22,,0,
Durham,North Durham,142000.0,,2023-06-23,,0,
Durham,North Durham,142000.0,,2023-06-24,16224.758857992309,0,6340677.35193032
Durham,North Durham,142000.0,,2023-06-25,,0,
Durham,North Durham,142000.0,,2023-06-26,,0,
Durham,North Durham,142000.0,,2023-06-27,,0,
Durham,North Durham,142000.0,,2023-06-28,23588.454803144727,0,5175147.84479795
Durham,North Durham,142000.0,,2023-06-29,,0,
Durham,North Durham,142000.0,,2023-06-30,,0,
Durham,North Durham,142000.0,,2023-07-01,24301.506126164306,0,5428760.00288767
Durham,North Durham,142000.0,,2023-07-02,,0,
Durham,North Durham,142000.0,,2023-07-03,,0,
Durham,North Durham,142000.0,,2023-07-04,,0,
Durham,North Durham,142000.0,,2023-07-05,,0,
Durham,North Durham,142000.0,,2023-07-06,28060.962207308592,0,6702456.46762206
Durham,North Durham,142000.0,,2023-07-07,,0,
Durham,North Durham,142000.0,,2023-07-08,39835.0900588915,0,6775009.60858422
Durham,North Durham,142000.0,,2023-07-09,,0,
Durham,North Durham,142000.0,,2023-07-10,,0,
Durham,North Durham,142000.0,,2023-07-11,,0,
Durham,North Durham,142000.0,,2023-07-12,24053.989274130814,0,5642781.30130277
Durham,North Durham,142000.0,,2023-07-13,,0,
Durham,North Durham,142000.0,,2023-07-14,,0,
Durham,North Durham,142000.0,,2023-07-15,20886.119792819343,0,3730405.13864117
Durham,North Durham,142000.0,,2023-07-16,,0,
Durham,North Durham,142000.0,,2023-07-17,,0,
Durham,North Durham,142000.0,,2023-07-18,,0,
Durham,North Durham,142000.0,,2023-07-19,34243.27087180785,0,7092832.32835744
Durham,North Durham,142000.0,,2023-07-20,,0,
Durham,North Durham,142000.0,,2023-07-21,,0,
Durham,North Durham,142000.0,,2023-07-22,32823.662196653204,0,7437541.35544573
Durham,North Durham,142000.0,,2023-07-23,,0,
Durham,North Durham,142000.0,,2023-07-24,,0,
Durham,North Durham,142000.0,,2023-07-25,,0,
Durham,North Durham,142000.0,,2023-07-26,60362.74347641924,0,10893842.0027018
Durham,North Durham,142000.0,,2023-07-27,,0,
Durham,North Durham,142000.0,,2023-07-28,,0,
Durham,North Durham,142000.0,,2023-07-29,109943.23626308251,0,24531121.755111095
Durham,North Durham,142000.0,,2023-07-30,,0,
Durham,North Durham,142000.0,,2023-07-31,,0,
Durham,North Durham,142000.0,,2023-08-01,,0,
Durham,North Durham,142000.0,,2023-08-02,65400.00000000001,0,14173977.1183098
Durham,North Durham,142000.0,,2023-08-03,,0,
Durham,North Durham,142000.0,,2023-08-04,,0,
Durham,North Durham,142000.0,,2023-08-05,75657.35919261262,0,14602028.0324722
Durham,North Durham,142000.0,,2023-08-06,,0,
Durham,North Durham,142000.0,,2023-08-07,,0,
Durham,North Durham,142000.0,,2023-08-08,,0,
Durham,North Durham,142000.0,,2023-08-09,97288.90378660863,0,22381930.3061882
Durham,North Durham,142000.0,,2023-08-10,,0,
Durham,North Durham,142000.0,,2023-08-11,,0,
Durham,North Durham,142000.0,,2023-08-12,104961.05944587255,0,20985189.846465
Durham,North Durham,142000.0,,2023-08-13,,0,
Durham,North Durham,142000.0,,2023-08-14,,0,
Durham,North Durham,142000.0,,2023-08-15,,0,
Durham,North Durham,142000.0,,2023-08-16,99576.33052086225,0,19908604.3074122
Durham,North Durham,142000.0,,2023-08-17,,0,
Durham,North Durham,142000.0,,2023-08-18,,0,
Durham,North Durham,142000.0,,2023-08-19,96681.7459503086,0,17731944.2120256
Durham,North Durham,142000.0,,2023-08-20,,0,
Durham,North Durham,142000.0,,2023-08-21,,0,
Durham,North Durham,142000.0,,2023-08-22,,0,
Durham,North Durham,142000.0,,2023-08-23,68288.30646604148,0,11468597.8758329
Durham,North Durham,142000.0,,2023-08-24,,0,
Durham,North Durham,142000.0,,2023-08-25,,0,
Durham,North Durham,142000.0,,2023-08-26,182123.38674645807,0,41073292.1470968
Durham,North Durham,142000.0,,2023-08-27,,0,
Durham,North Durham,142000.0,,2023-08-28,,0,
Durham,North Durham,142000.0,,2023-08-29,,0,
Durham,North Durham,142000.0,,2023-08-30,96445.16784162907,0,21802171.867524695
Durham,North Durham,142000.0,,2023-08-31,,0,
Durham,North Durham,142000.0,,2023-09-01,,0,
Durham,North Durham,142000.0,,2023-09-02,115577.09115564387,0,28068135.8805621
Durham,North Durham,142000.0,,2023-09-03,,0,
Durham,North Durham,142000.0,,2023-09-04,,0,
Durham,North Durham,142000.0,,2023-09-05,,0,
Durham,North Durham,142000.0,,2023-09-06,144446.13528924913,0,29649685.0988324
Durham,North Durham,142000.0,,2023-09-07,,0,
Durham,North Durham,142000.0,,2023-09-08,,0,
Durham,North Durham,142000.0,,2023-09-09,120430.69708342636,0,23660729.0045835
Durham,North Durham,142000.0,,2023-09-10,,0,
Durham,North Durham,142000.0,,2023-09-11,,0,
Durham,North Durham,142000.0,,2023-09-12,,0,
Durham,North Durham,142000.0,,2023-09-13,89274.73102731831,0,19419683.277038
Durham,North Durham,142000.0,,2023-09-14,,0,
Durham,North Durham,142000.0,,2023-09-15,,0,
Durham,North Durham,142000.0,,2023-09-16,128348.89948885441,0,25319043.9332803
Durham,North Durham,142000.0,,2023-09-17,,0,
Durham,North Durham,142000.0,,2023-09-18,,0,
Durham,North Durham,142000.0,,2023-09-19,,0,
Durham,North Durham,142000.0,,2023-09-20,56085.39916948076,0,13156971.0995925
Durham,North Durham,142000.0,,2023-09-21,,0,
Durham,North Durham,142000.0,,2023-09-22,,0,
Durham,North Durham,142000.0,,2023-09-23,112715.96870009159,0,23016413.4777937
Durham,North Durham,142000.0,,2023-09-24,,0,
Durham,North Durham,142000.0,,2023-09-25,,0,
Durham,North Durham,142000.0,,2023-09-26,,0,
Durham,North Durham,142000.0,,2023-09-27,36925.904186627595,0,9607367.18894834
Durham,North Durham,142000.0,,2023-09-28,,0,
Durham,North Durham,142000.0,,2023-09-29,,0,
Durham,North Durham,142000.0,,2023-09-30,38185.86125780071,0,12642926.6854194
Durham,North Durham,142000.0,,2023-10-01,,0,
Durham,North Durham,142000.0,,2023-10-02,,0,
Durham,North Durham,142000.0,,2023-10-03,,0,
Durham,North Durham,142000.0,,2023-10-04,54773.86237978839,0,15857204.4237015
Durham,North Durham,142000.0,,2023-10-05,,0,
Durham,North Durham,142000.0,,2023-10-06,,0,
Durham,North Durham,142000.0,,2023-10-07,55735.32452583374,0,17324173.2421455
Durham,North Durham,142000.0,,2023-10-08,,0,
Durham,North Durham,142000.0,,2023-10-09,,0,
Durham,North Durham,142000.0,,2023-10-10,,0,
Durham,North Durham,142000.0,,2023-10-11,27793.0998630955,0,5638259.73019441
Durham,North Durham,142000.0,,2023-10-12,,0,
Durham,North Durham,142000.0,,2023-10-13,,0,
Durham,North Durham,142000.0,,2023-10-14,32898.875360717175,0,9875131.23535607
Durham,North Durham,142000.0,,2023-10-15,,0,
Durham,North Durham,142000.0,,2023-10-16,,0,
Durham,North Durham,142000.0,,2023-10-17,,0,
Durham,North Durham,142000.0,,2023-10-18,45007.04389315074,0,13377617.9794185
Durham,North Durham,142000.0,,2023-10-19,,0,
Durham,North Durham,142000.0,,2023-10-20,,0,
Durham,North Durham,142000.0,,2023-10-21,37639.67056178895,0,11749682.7939522
Durham,North Durham,142000.0,,2023-10-22,,0,
Durham,North Durham,142000.0,,2023-10-23,,0,
Durham,North Durham,142000.0,,2023-10-24,,0,
Durham,North Durham,142000.0,,2023-10-25,40525.61165485355,0,8145623.969728511
Durham,North Durham,142000.0,,2023-10-26,,0,
Durham,North Durham,142000.0,,2023-10-27,,0,
Durham,North Durham,142000.0,,2023-10-28,,0,
Durham,North Durham,142000.0,,2023-10-29,,0,
Durham,North Durham,142000.0,,2023-10-30,,0,
Durham,North Durham,142000.0,,2023-10-31,,0,
Durham,North Durham,142000.0,,2023-11-01,,0,
Durham,North Durham,142000.0,,2023-11-02,,0,
Durham,North Durham,142000.0,,2023-11-03,,0,
Durham,North Durham,142000.0,,2023-11-04,43952.351472930364,0,11898315.3767779
Durham,North Durham,142000.0,,2023-11-05,,0,
Durham,North Durham,142000.0,,2023-11-06,,0,
Durham,North Durham,142000.0,,2023-11-07,,0,
Durham,North Durham,142000.0,,2023-11-08,46471.0490520712,0,12580150.5262307
Durham,North Durham,142000.0,,2023-11-09,,0,
Durham,North Durham,142000.0,,2023-11-10,,0,
Durham,North Durham,142000.0,,2023-11-11,41511.15512726674,0,11099136.3097613
Durham,North Durham,142000.0,,2023-11-12,,0,
Durham,North Durham,142000.0,,2023-11-13,,0,
Durham,North Durham,142000.0,,2023-11-14,,0,
Durham,North Durham,142000.0,,2023-11-15,36953.92807266912,0,10806639.6521782
Durham,North Durham,142000.0,,2023-11-16,,0,
Durham,North Durham,142000.0,,2023-11-17,,0,
Durham,North Durham,142000.0,,2023-11-18,54791.35698264833,0,10487209.2644
Durham,North Durham,142000.0,,2023-11-19,,0,
Durham,North Durham,142000.0,,2023-11-20,,0,
Durham,North Durham,142000.0,,2023-11-21,,0,
Durham,North Durham,142000.0,,2023-11-22,44480.28776885331,0,9236947.58791895
Durham,North Durham,142000.0,,2023-11-23,,0,
Durham,North Durham,142000.0,,2023-11-24,,0,
Durham,North Durham,142000.0,,2023-11-25,,0,
Durham,North Durham,142000.0,,2023-11-26,,0,
Durham,North Durham,142000.0,,2023-11-27,,0,
Durham,North Durham,142000.0,,2023-11-28,,0,
Durham,North Durham,142000.0,,2023-11-29,64237.73034595791,0,11815788.5965913
Durham,North Durham,142000.0,,2023-11-30,,0,
Durham,North Durham,142000.0,,2023-12-01,,0,
Durham,North Durham,142000.0,,2023-12-02,64497.6650740165,0,17606271.0171894
Durham,North Durham,142000.0,,2023-12-03,,0,
Durham,North Durham,142000.0,,2023-12-04,,0,
Durham,North Durham,142000.0,,2023-12-05,,0,
Durham,North Durham,142000.0,,2023-12-06,23685.81009803128,0,6787660.94795555
Durham,North Durham,142000.0,,2023-12-07,,0,
Durham,North Durham,142000.0,,2023-12-08,,0,
Durham,North Durham,142000.0,,2023-12-09,45709.202574536335,0,13269512.1970797
Durham,North Durham,142000.0,,2023-12-10,,0,
Durham,North Durham,142000.0,,2023-12-11,,0,
Durham,North Durham,142000.0,,2023-12-12,,0,
Durham,North Durham,142000.0,,2023-12-13,43635.69181301015,0,16669074.5761684
Durham,North Durham,142000.0,,2023-12-14,,0,
Durham,North Durham,142000.0,,2023-12-15,,0,
Durham,North Durham,142000.0,,2023-12-16,117662.01596097203,0,25030101.4496121
Durham,North Durham,142000.0,,2023-12-17,,0,
Durham,North Durham,142000.0,,2023-12-18,,0,
Durham,North Durham,142000.0,,2023-12-19,,0,
Durham,North Durham,142000.0,,2023-12-20,59390.59858260397,0,19726915.222235
Durham,North Durham,142000.0,,2023-12-21,,0,
Durham,North Durham,142000.0,,2023-12-22,,0,
Durham,North Durham,142000.0,,2023-12-23,151005.68466120755,0,33612685.0090356
Durham,North Durham,142000.0,,2023-12-24,,0,
Durham,North Durham,142000.0,,2023-12-25,,0,
Durham,North Durham,142000.0,,2023-12-26,,0,
Durham,North Durham,142000.0,,2023-12-27,,0,
Durham,North Durham,142000.0,,2023-12-28,,0,
Durham,North Durham,142000.0,,2023-12-29,,0,
Durham,North Durham,142000.0,,2023-12-30,140380.55135950987,0,49135468.7225131
Durham,North Durham,142000.0,,2023-12-31,,0,
Durham,North Durham,142000.0,,2024-01-01,,0,
Durham,North Durham,142000.0,,2024-01-02,,0,
Durham,North Durham,142000.0,,2024-01-03,,0,
Durham,North Durham,142000.0,,2024-01-04,,0,
Durham,North Durham,142000.0,,2024-01-05,,0,
Durham,North Durham,142000.0,,2024-01-06,166990.17216590932,0,39262950.3652285
Durham,North Durham,142000.0,,2024-01-07,,0,
Durham,North Durham,142000.0,,2024-01-08,,0,
Durham,North Durham,142000.0,,2024-01-09,,0,
Durham,North Durham,142000.0,,2024-01-10,65563.72472640648,0,23420267.436360095
Durham,North Durham,142000.0,,2024-01-11,,0,
Durham,North Durham,142000.0,,2024-01-12,,0,
Durham,North Durham,142000.0,,2024-01-13,141453.221949873,0,56524653.6990988
Durham,North Durham,142000.0,,2024-01-14,,0,
Durham,North Durham,142000.0,,2024-01-15,,0,
Durham,North Durham,142000.0,,2024-01-16,,0,
Durham,North Durham,142000.0,,2024-01-17,79844.35859846338,0,22434080.8542752
Durham,North Durham,142000.0,,2024-01-18,,0,
Durham,North Durham,142000.0,,2024-01-19,,0,
Durham,North Durham,142000.0,,2024-01-20,208978.46779034447,0,71864545.679289
Durham,North Durham,142000.0,,2024-01-21,,0,
Durham,North Durham,142000.0,,2024-01-22,,0,
Durham,North Durham,142000.0,,2024-01-23,,0,
Durham,North Durham,142000.0,,2024-01-24,179725.92133579403,0,57732610.96215061
Durham,North Durham,142000.0,,2024-01-25,,0,
Durham,North Durham,142000.0,,2024-01-26,,0,
Durham,North Durham,142000.0,,2024-01-27,141123.7272750406,0,43338707.0651712
Durham,North Durham,142000.0,,2024-01-28,,0,
Durham,North Durham,142000.0,,2024-01-29,,0,
Durham,North Durham,142000.0,,2024-01-30,,0,
Durham,North Durham,142000.0,,2024-01-31,143639.99999999997,0,57092159.8799998
Durham,North Durham,142000.0,,2024-02-01,,0,
Durham,North Durham,142000.0,,2024-02-02,,0,
Durham,North Durham,142000.0,,2024-02-03,184846.42274060927,0,45629474.8339979
Durham,North Durham,142000.0,,2024-02-04,,0,
Durham,North Durham,142000.0,,2024-02-05,,0,
Durham,North Durham,142000.0,,2024-02-06,,0,
Durham,North Durham,142000.0,,2024-02-07,68795.78475459095,0,23602815.3778947
Durham,North Durham,142000.0,,2024-02-08,,0,
Durham,North Durham,142000.0,,2024-02-09,,0,
Durham,North Durham,142000.0,,2024-02-10,212515.3170950271,0,50590052.4527495
Durham,North Durham,142000.0,,2024-02-11,,0,
Durham,North Durham,142000.0,,2024-02-12,,0,
Durham,North Durham,142000.0,,2024-02-13,,0,
Durham,North Durham,142000.0,,2024-02-14,145287.22173680668,0,47831919.5574434
Durham,North Durham,142000.0,,2024-02-15,,0,
Durham,North Durham,142000.0,,2024-02-16,,0,
Durham,North Durham,142000.0,,2024-02-17,117307.2035298771,0,37838462.8713249
Durham,North Durham,142000.0,,2024-02-18,,0,
Durham,North Durham,142000.0,,2024-02-19,,0,
Durham,North Durham,142000.0,,2024-02-20,,0,
Durham,North Durham,142000.0,,2024-02-21,139086.30414242804,0,41526547.2665378
Durham,North Durham,142000.0,,2024-02-22,,0,
Durham,North Durham,142000.0,,2024-02-23,,0,
Durham,North Durham,142000.0,,2024-02-24,142283.20350624676,0,38346720.1251144
Durham,North Durham,142000.0,,2024-02-25,,0,
Durham,North Durham,142000.0,,2024-02-26,,0,
Durham,North Durham,142000.0,,2024-02-27,,0,
Durham,North Durham,142000.0,,2024-02-28,144956.7935627718,0,38371719.0301442
Durham,North Durham,142000.0,,2024-02-29,,0,
Durham,North Durham,142000.0,,2024-03-01,,0,
Durham,North Durham,142000.0,,2024-03-02,104563.664817182,0,27233207.3924355
Durham,North Durham,142000.0,,2024-03-03,,0,
Durham,North Durham,142000.0,,2024-03-04,,0,
Durham,North Durham,142000.0,,2024-03-05,,0,
Durham,North Durham,142000.0,,2024-03-06,69074.39467704375,0,30069534.565205295
Durham,North Durham,142000.0,,2024-03-07,,0,
Durham,North Durham,142000.0,,2024-03-08,,0,
Durham,North Durham,142000.0,,2024-03-09,85126.08295933742,0,29636660.1698002
Durham,North Durham,142000.0,,2024-03-10,,0,
Durham,North Durham,142000.0,,2024-03-11,,0,
Durham,North Durham,142000.0,,2024-03-12,,0,
Durham,North Durham,142000.0,,2024-03-13,26074.40890988712,0,8361872.33714412
Durham,North Durham,142000.0,,2024-03-14,,0,
Durham,North Durham,142000.0,,2024-03-15,,0,
Durham,North Durham,142000.0,,2024-03-16,28626.896443729252,0,8028112.32363336
Durham,North Durham,142000.0,,2024-03-17,,0,
Durham,North Durham,142000.0,,2024-03-18,,0,
Durham,North Durham,142000.0,,2024-03-19,,0,
Durham,North Durham,142000.0,,2024-03-20,,0,
Durham,North Durham,142000.0,,2024-03-21,,0,
Durham,North Durham,142000.0,,2024-03-22,,0,
Durham,North Durham,142000.0,,2024-03-23,30950.812590302085,0,10230978.5503076
Durham,North Durham,142000.0,,2024-03-24,,0,
Durham,North Durham,142000.0,,2024-03-25,,0,
Durham,North Durham,142000.0,,2024-03-26,,0,
Durham,North Durham,142000.0,,2024-03-27,29755.799434732082,0,11025793.5507412
Durham,North Durham,142000.0,,2024-03-28,,0,
Durham,North Durham,142000.0,,2024-03-29,,0,
Durham,North Durham,142000.0,,2024-03-30,,0,
Durham,North Durham,142000.0,,2024-03-31,,0,
Durham,North Durham,142000.0,,2024-04-01,,0,
Durham,North Durham,142000.0,,2024-04-02,,0,
Durham,North Durham,142000.0,,2024-04-03,23393.76840100798,0,9042564.63468342
Durham,North Durham,142000.0,,2024-04-04,,0,
Durham,North Durham,142000.0,,2024-04-05,,0,
Durham,North Durham,142000.0,,2024-04-06,37474.15109111882,0,14485158.0798215
Durham,North Durham,142000.0,,2024-04-07,,0,
Durham,North Durham,142000.0,,2024-04-08,,0,
Durham,North Durham,142000.0,,2024-04-09,,0,
Durham,North Durham,142000.0,,2024-04-10,11313.178156468686,0,4372965.60989929
Durham,North Durham,142000.0,,2024-04-11,,0,
Durham,North Durham,142000.0,,2024-04-12,,0,
Durham,North Durham,142000.0,,2024-04-13,13040.000000000015,0,4345212.67605633
Durham,North Durham,142000.0,,2024-04-14,,0,
Durham,North Durham,142000.0,,2024-04-15,,0,
Durham,North Durham,142000.0,,2024-04-16,,0,
Durham,North Durham,142000.0,,2024-04-17,12300.048780391091,0,3934698.9847852695
Durham,North Durham,142000.0,,2024-04-18,,0,
Durham,North Durham,142000.0,,2024-04-19,,0,
Durham,North Durham,142000.0,,2024-04-20,25176.973606849577,0,7382775.17468346
Durham,North Durham,142000.0,,2024-04-21,,0,
Durham,North Durham,142000.0,,2024-04-22,,0,
Durham,North Durham,142000.0,,2024-04-23,,0,
Durham,North Durham,142000.0,,2024-04-24,18728.053823075163,0,5990972.53029876
Durham,North Durham,142000.0,,2024-04-25,,0,
Durham,North Durham,142000.0,,2024-04-26,,0,
Durham,North Durham,142000.0,,2024-04-27,15543.80905698471,0,4765173.59330677
Durham,North Durham,142000.0,,2024-04-28,,0,
Durham,North Durham,142000.0,,2024-04-29,,0,
Durham,North Durham,142000.0,,2024-04-30,,0,
Durham,North Durham,142000.0,,2024-05-01,6692.443499948288,0,1980300.62981842
Durham,North Durham,142000.0,,2024-05-02,,0,
Durham,North Durham,142000.0,,2024-05-03,,0,
Durham,North Durham,142000.0,,2024-05-04,24226.382313502785,0,8072759.47267017
Durham,North Durham,142000.0,,2024-05-05,,0,
Durham,North Durham,142000.0,,2024-05-06,,0,
Durham,North Durham,142000.0,,2024-05-07,,0,
Durham,North Durham,142000.0,,2024-05-08,17489.562601734797,0,5827904.07329284
Durham,North Durham,142000.0,,2024-05-09,,0,
Durham,North Durham,142000.0,,2024-05-10,,0,
Durham,North Durham,142000.0,,2024-05-11,22248.811204197,0,7473099.923576219
Durham,North Durham,142000.0,,2024-05-12,,0,
Durham,North Durham,142000.0,,2024-05-13,,0,
Durham,North Durham,142000.0,,2024-05-14,,0,
Durham,North Durham,142000.0,,2024-05-15,17887.425751068804,0,5054487.68481561
Durham,South Durham,108105.0,4.63,2021-01-06,21488.60162970126,0,6952582.04623115
Durham,South Durham,108105.0,4.44,2021-01-07,,0,
Durham,South Durham,108105.0,3.5200000000000005,2021-01-08,,0,
Durham,South Durham,108105.0,3.98,2021-01-09,34356.585977072886,0,10454319.6396618
Durham,South Durham,108105.0,3.24,2021-01-10,,0,
Durham,South Durham,108105.0,2.59,2021-01-11,,0,
Durham,South Durham,108105.0,3.6100000000000003,2021-01-12,,0,
Durham,South Durham,108105.0,3.0500000000000003,2021-01-13,30240.70105007489,0,8714805.25862142
Durham,South Durham,108105.0,3.89,2021-01-14,,0,
Durham,South Durham,108105.0,3.33,2021-01-15,,0,
Durham,South Durham,108105.0,3.33,2021-01-16,35586.86555458349,0,9457960.8103763
Durham,South Durham,108105.0,2.22,2021-01-17,,0,
Durham,South Durham,108105.0,3.33,2021-01-18,,0,
Durham,South Durham,108105.0,2.9600000000000004,2021-01-19,,0,
Durham,South Durham,108105.0,3.1500000000000004,2021-01-20,28930.952282978913,0,7293923.80332376
Durham,South Durham,108105.0,3.4200000000000004,2021-01-21,,0,
Durham,South Durham,108105.0,3.4200000000000004,2021-01-22,,0,
Durham,South Durham,108105.0,2.7800000000000002,2021-01-23,37649.70119403342,0,9175648.53747066
Durham,South Durham,108105.0,2.87,2021-01-24,,0,
Durham,South Durham,108105.0,2.59,2021-01-25,,0,
Durham,South Durham,108105.0,1.67,2021-01-26,,0,
Durham,South Durham,108105.0,4.44,2021-01-27,9940.44767603554,0,3341513.14070119
Durham,South Durham,108105.0,2.1300000000000003,2021-01-28,,0,
Durham,South Durham,108105.0,3.0500000000000003,2021-01-29,,0,
Durham,South Durham,108105.0,2.87,2021-01-30,47434.164902525656,0,14001830.9637818
Durham,South Durham,108105.0,2.22,2021-01-31,,0,
Durham,South Durham,108105.0,1.7600000000000002,2021-02-01,,0,
Durham,South Durham,108105.0,2.9600000000000004,2021-02-02,,0,
Durham,South Durham,108105.0,2.59,2021-02-03,13024.016277631115,0,4163721.8020846294
Durham,South Durham,108105.0,1.4800000000000002,2021-02-04,,0,
Durham,South Durham,108105.0,1.85,2021-02-05,,0,
Durham,South Durham,108105.0,1.4800000000000002,2021-02-06,,0,
Durham,South Durham,108105.0,2.31,2021-02-07,,0,
Durham,South Durham,108105.0,1.3,2021-02-08,,0,
Durham,South Durham,108105.0,1.85,2021-02-09,,0,
Durham,South Durham,108105.0,1.11,2021-02-10,,0,
Durham,South Durham,108105.0,2.04,2021-02-11,,0,
Durham,South Durham,108105.0,1.3,2021-02-12,,0,
Durham,South Durham,108105.0,1.11,2021-02-13,14899.66442575135,0,5639858.10872166
Durham,South Durham,108105.0,1.4800000000000002,2021-02-14,,0,
Durham,South Durham,108105.0,0.7400000000000001,2021-02-15,,0,
Durham,South Durham,108105.0,1.11,2021-02-16,,0,
Durham,South Durham,108105.0,1.3,2021-02-17,0.0,0,1289460.02655001
Durham,South Durham,108105.0,1.11,2021-02-18,,0,
Durham,South Durham,108105.0,1.2000000000000002,2021-02-19,,0,
Durham,South Durham,108105.0,1.3900000000000001,2021-02-20,0.0,0,645421.500191883
Durham,South Durham,108105.0,0.5599999999999999,2021-02-21,,0,
Durham,South Durham,108105.0,0.65,2021-02-22,,0,
Durham,South Durham,108105.0,1.2000000000000002,2021-02-23,,0,
Durham,South Durham,108105.0,1.3,2021-02-24,5338.539126015651,0,1716054.62420747
Durham,South Durham,108105.0,0.5599999999999999,2021-02-25,,0,
Durham,South Durham,108105.0,0.5599999999999999,2021-02-26,,0,
Durham,South Durham,108105.0,0.7400000000000001,2021-02-27,11478.240283249012,0,3786101.14089583
Durham,South Durham,108105.0,0.19,2021-02-28,,0,
Durham,South Durham,108105.0,0.7400000000000001,2021-03-01,,0,
Durham,South Durham,108105.0,0.5599999999999999,2021-03-02,,0,
Durham,South Durham,108105.0,0.7400000000000001,2021-03-03,6873.863542433757,0,2029058.07632623
Durham,South Durham,108105.0,1.11,2021-03-04,,0,
Durham,South Durham,108105.0,0.8300000000000001,2021-03-05,,0,
Durham,South Durham,108105.0,1.2000000000000002,2021-03-06,5500.000000000004,0,1502184.5428056
Durham,South Durham,108105.0,1.57,2021-03-07,,0,
Durham,South Durham,108105.0,1.7600000000000002,2021-03-08,,0,
Durham,South Durham,108105.0,2.31,2021-03-09,,0,
Durham,South Durham,108105.0,2.1300000000000003,2021-03-10,9486.832980505142,0,2395093.74255912
Durham,South Durham,108105.0,1.67,2021-03-11,,0,
Durham,South Durham,108105.0,2.04,2021-03-12,,0,
Durham,South Durham,108105.0,1.2000000000000002,2021-03-13,6269.96810199224,0,1631248.56197105
Durham,South Durham,108105.0,1.2000000000000002,2021-03-14,,0,
Durham,South Durham,108105.0,1.02,2021-03-15,,0,
Durham,South Durham,108105.0,1.2000000000000002,2021-03-16,,0,
Durham,South Durham,108105.0,1.57,2021-03-17,3000.0,0,845635.354516442
Durham,South Durham,108105.0,1.57,2021-03-18,,0,
Durham,South Durham,108105.0,0.9300000000000002,2021-03-19,,0,
Durham,South Durham,108105.0,0.9300000000000002,2021-03-20,5952.940449895329,0,1830172.60663166
Durham,South Durham,108105.0,1.02,2021-03-21,,0,
Durham,South Durham,108105.0,0.8300000000000001,2021-03-22,,0,
Durham,South Durham,108105.0,1.02,2021-03-23,,0,
Durham,South Durham,108105.0,0.8300000000000001,2021-03-24,5000.000000000007,0,1337609.54627445
Durham,South Durham,108105.0,1.2000000000000002,2021-03-25,,0,
Durham,South Durham,108105.0,1.2000000000000002,2021-03-26,,0,
Durham,South Durham,108105.0,0.7400000000000001,2021-03-27,0.0,0,295024.442655857
Durham,South Durham,108105.0,1.11,2021-03-28,,0,
Durham,South Durham,108105.0,1.3900000000000001,2021-03-29,,0,
Durham,South Durham,108105.0,1.4800000000000002,2021-03-30,,0,
Durham,South Durham,108105.0,1.57,2021-03-31,6637.959023675882,0,1843205.47245368
Durham,South Durham,108105.0,0.8300000000000001,2021-04-30,,0,
Durham,South Durham,108105.0,0.8300000000000001,2021-05-01,8551.315688243534,0,2173879.94958208
Durham,South Durham,108105.0,0.45999999999999996,2021-05-02,,0,
Durham,South Durham,108105.0,0.45999999999999996,2021-05-03,,0,
Durham,South Durham,108105.0,0.9300000000000002,2021-05-04,,0,
Durham,South Durham,108105.0,0.7400000000000001,2021-05-05,2449.4897427831766,0,708470.333300566
Durham,South Durham,108105.0,0.19,2021-05-06,,0,
Durham,South Durham,108105.0,0.5599999999999999,2021-05-07,,0,
Durham,South Durham,108105.0,0.19,2021-05-08,0.0,0,67623.5889995795
Durham,South Durham,108105.0,0.19,2021-05-09,,0,
Durham,South Durham,108105.0,0.19,2021-05-10,,0,
Durham,South Durham,108105.0,0.45999999999999996,2021-05-11,,0,
Durham,South Durham,108105.0,0.19,2021-05-12,0.0,0,67831.6615811166
Durham,South Durham,108105.0,0.5599999999999999,2021-05-13,,0,
Durham,South Durham,108105.0,0.19,2021-05-14,,0,
Durham,South Durham,108105.0,0.19,2021-05-15,4123.105625617668,0,1068371.21188267
Durham,South Durham,108105.0,0.19,2021-05-16,,0,
Durham,South Durham,108105.0,0.19,2021-05-17,,0,
Durham,South Durham,108105.0,0.19,2021-05-18,,0,
Durham,South Durham,108105.0,0.19,2021-05-19,3716.517186829632,0,999455.2697961332
Durham,South Durham,108105.0,0.19,2021-05-20,,0,
Durham,South Durham,108105.0,,2021-05-21,,0,
Durham,South Durham,108105.0,0.19,2021-05-22,0.0,0,73137.5124103144
Durham,South Durham,108105.0,0.19,2021-05-23,,0,
Durham,South Durham,108105.0,0.19,2021-05-24,,0,
Durham,South Durham,108105.0,0.19,2021-05-25,,0,
Durham,South Durham,108105.0,0.19,2021-05-26,0.0,0,82500.778579487
Durham,South Durham,108105.0,,2021-05-27,,0,
Durham,South Durham,108105.0,0.19,2021-05-28,0.0,0,84477.46810408978
Durham,South Durham,108105.0,,2021-05-29,,0,
Durham,South Durham,108105.0,0.19,2021-05-30,,0,
Durham,South Durham,108105.0,,2021-05-31,,0,
Durham,South Durham,108105.0,0.19,2021-06-01,0.0,0,295504.801679839
Durham,South Durham,108105.0,0.19,2021-06-02,,0,
Durham,South Durham,108105.0,0.19,2021-06-03,,0,
Durham,South Durham,108105.0,0.19,2021-06-04,0.0,0,99874.8391378404
Durham,South Durham,108105.0,0.19,2021-06-05,,0,
Durham,South Durham,108105.0,,2021-06-06,,0,
Durham,South Durham,108105.0,0.19,2021-06-07,,0,
Durham,South Durham,108105.0,0.19,2021-06-08,6354.132513569416,0,1626445.97211311
Durham,South Durham,108105.0,,2021-06-09,,0,
Durham,South Durham,108105.0,0.19,2021-06-10,,0,
Durham,South Durham,108105.0,0.19,2021-06-11,0.0,0,89055.0648979076
Durham,South Durham,108105.0,0.19,2021-06-12,,0,
Durham,South Durham,108105.0,0.19,2021-06-13,,0,
Durham,South Durham,108105.0,,2021-06-14,,0,
Durham,South Durham,108105.0,,2021-06-15,0.0,0,62329.2977570889
Durham,South Durham,108105.0,0.19,2021-06-16,,0,
Durham,South Durham,108105.0,,2021-06-17,,0,
Durham,South Durham,108105.0,0.19,2021-06-18,,0,
Durham,South Durham,108105.0,0.19,2021-06-19,0.0,0,67415.5164180423
Durham,South Durham,108105.0,,2021-06-20,,0,
Durham,South Durham,108105.0,0.19,2021-06-21,,0,
Durham,South Durham,108105.0,0.19,2021-06-22,0.0,0,76986.855168752
Durham,South Durham,108105.0,0.19,2021-07-10,0.0,0,207032.218629481
Durham,South Durham,108105.0,0.8300000000000001,2021-07-11,,0,
Durham,South Durham,108105.0,0.65,2021-07-12,,0,
Durham,South Durham,108105.0,0.5599999999999999,2021-07-13,,0,
Durham,South Durham,108105.0,0.45999999999999996,2021-07-14,6456.585785072482,0,2984302.57404131
Durham,South Durham,108105.0,1.3,2021-07-15,,0,
Durham,South Durham,108105.0,,2021-07-16,,0,
Durham,South Durham,108105.0,0.19,2021-07-17,0.0,0,503275.09836391
Durham,South Durham,108105.0,0.19,2021-07-18,,0,
Durham,South Durham,108105.0,0.19,2021-07-19,,0,
Durham,South Durham,108105.0,0.7400000000000001,2021-07-20,,0,
Durham,South Durham,108105.0,0.5599999999999999,2021-07-21,0.0,0,928351.567079791
Durham,South Durham,108105.0,1.4800000000000002,2021-07-22,,0,
Durham,South Durham,108105.0,0.8300000000000001,2021-07-23,,0,
Durham,South Durham,108105.0,1.3,2021-07-24,10747.092630102341,0,4892156.49364841
Durham,South Durham,108105.0,0.19,2021-07-25,,0,
Durham,South Durham,108105.0,1.02,2021-07-26,,0,
Durham,South Durham,108105.0,1.3900000000000001,2021-07-27,,0,
Durham,South Durham,108105.0,1.4800000000000002,2021-07-28,6731.456008918129,0,3017067.16409816
Durham,South Durham,108105.0,0.9300000000000002,2021-07-29,,0,
Durham,South Durham,108105.0,1.3,2021-07-30,,0,
Durham,South Durham,108105.0,1.57,2021-07-31,33522.38058372351,0,14907491.4866348
Durham,South Durham,108105.0,1.3900000000000001,2021-08-01,,0,
Durham,South Durham,108105.0,1.57,2021-08-02,,0,
Durham,South Durham,108105.0,1.3900000000000001,2021-08-03,,0,
Durham,South Durham,108105.0,2.87,2021-08-04,38246.73188652861,0,16338800.0774787
Durham,South Durham,108105.0,2.1300000000000003,2021-08-05,,0,
Durham,South Durham,108105.0,2.68,2021-08-06,,0,
Durham,South Durham,108105.0,2.87,2021-08-07,43358.96677735758,0,18826370.7247926
Durham,South Durham,108105.0,2.04,2021-08-08,,0,
Durham,South Durham,108105.0,2.59,2021-08-09,,0,
Durham,South Durham,108105.0,4.3500000000000005,2021-08-10,,0,
Durham,South Durham,108105.0,4.07,2021-08-11,6093.028803476973,0,2752256.70321996
Durham,South Durham,108105.0,3.33,2021-08-12,,0,
Durham,South Durham,108105.0,3.79,2021-08-13,,0,
Durham,South Durham,108105.0,2.9600000000000004,2021-08-14,34881.943753179854,0,15634235.2944459
Durham,South Durham,108105.0,1.67,2021-08-15,,0,
Durham,South Durham,108105.0,0.8300000000000001,2021-08-16,,0,
Durham,South Durham,108105.0,2.87,2021-08-17,,0,
Durham,South Durham,108105.0,4.3500000000000005,2021-08-18,30626.7856622271,0,14048783.231487
Durham,South Durham,108105.0,4.9,2021-08-19,,0,
Durham,South Durham,108105.0,4.3500000000000005,2021-08-20,,0,
Durham,South Durham,108105.0,4.07,2021-08-21,5612.486080160921,0,2888940.57328767
Durham,South Durham,108105.0,3.98,2021-08-22,,0,
Durham,South Durham,108105.0,3.4200000000000004,2021-08-23,,0,
Durham,South Durham,108105.0,6.75,2021-08-24,,0,
Durham,South Durham,108105.0,6.66,2021-08-25,64807.40698407861,0,29727742.9814316
Durham,South Durham,108105.0,7.7700000000000005,2021-08-26,,0,
Durham,South Durham,108105.0,7.4,2021-08-27,,0,
Durham,South Durham,108105.0,5.550000000000001,2021-08-28,49371.04414532876,0,22992698.7813031
Durham,South Durham,108105.0,3.24,2021-08-29,,0,
Durham,South Durham,108105.0,2.04,2021-08-30,,0,
Durham,South Durham,108105.0,4.63,2021-08-31,,0,
Durham,South Durham,108105.0,5.09,2021-09-01,29906.10305606533,0,13299323.2862222
Durham,South Durham,108105.0,3.4200000000000004,2021-09-02,,0,
Durham,South Durham,108105.0,3.7,2021-09-03,,0,
Durham,South Durham,108105.0,3.24,2021-09-04,7271.519786124501,0,3360973.7308988706
Durham,South Durham,108105.0,2.68,2021-09-05,,0,
Durham,South Durham,108105.0,1.67,2021-09-06,,0,
Durham,South Durham,108105.0,1.85,2021-09-07,,0,
Durham,South Durham,108105.0,2.9600000000000004,2021-09-08,3937.003937005909,0,1723224.49275497
Durham,South Durham,108105.0,2.41,2021-09-09,,0,
Durham,South Durham,108105.0,2.31,2021-09-10,,0,
Durham,South Durham,108105.0,2.04,2021-09-11,21000.0,0,8971088.10878312
Durham,South Durham,108105.0,1.3,2021-09-12,,0,
Durham,South Durham,108105.0,1.67,2021-09-13,,0,
Durham,South Durham,108105.0,2.22,2021-09-14,,0,
Durham,South Durham,108105.0,2.9600000000000004,2021-09-15,49686.51728587953,0,22095725.916298
Durham,South Durham,108105.0,2.68,2021-09-16,,0,
Durham,South Durham,108105.0,2.7800000000000002,2021-09-17,,0,
Durham,South Durham,108105.0,1.85,2021-09-18,10810.87415521984,0,4731913.76753725
Durham,South Durham,108105.0,0.8300000000000001,2021-09-19,,0,
Durham,South Durham,108105.0,1.57,2021-09-20,,0,
Durham,South Durham,108105.0,1.85,2021-09-21,,0,
Durham,South Durham,108105.0,2.9600000000000004,2021-09-22,38890.87296526013,0,16613973.7142304
Durham,South Durham,108105.0,1.7600000000000002,2021-09-23,,0,
Durham,South Durham,108105.0,3.5200000000000005,2021-09-24,,0,
Durham,South Durham,108105.0,2.41,2021-09-25,33930.9961539593,0,17346643.8692149
Durham,South Durham,108105.0,1.57,2021-09-26,,0,
Durham,South Durham,108105.0,1.57,2021-09-27,,0,
Durham,South Durham,108105.0,2.31,2021-09-28,,0,
Durham,South Durham,108105.0,3.0500000000000003,2021-09-29,92736.18495495705,0,38317505.6050713
Durham,South Durham,108105.0,1.7600000000000002,2021-09-30,,0,
Durham,South Durham,108105.0,1.4800000000000002,2021-10-01,,0,
Durham,South Durham,108105.0,1.7600000000000002,2021-10-02,36312.87650407224,0,15131208.32848
Durham,South Durham,108105.0,1.11,2021-10-03,,0,
Durham,South Durham,108105.0,0.9300000000000002,2021-10-04,,0,
Durham,South Durham,108105.0,1.4800000000000002,2021-10-05,,0,
Durham,South Durham,108105.0,1.67,2021-10-06,20716.84097539969,0,8342330.07747281
Durham,South Durham,108105.0,1.3900000000000001,2021-10-07,,0,
Durham,South Durham,108105.0,1.4800000000000002,2021-10-08,,0,
Durham,South Durham,108105.0,1.02,2021-10-09,7750.000000000009,0,3202209.24101568
Durham,South Durham,108105.0,0.8300000000000001,2021-10-10,,0,
Durham,South Durham,108105.0,0.65,2021-10-11,,0,
Durham,South Durham,108105.0,0.65,2021-10-12,,0,
Durham,South Durham,108105.0,0.9300000000000002,2021-10-13,21406.774628607665,0,9294775.80150067
Durham,South Durham,108105.0,1.3900000000000001,2021-10-14,,0,
Durham,South Durham,108105.0,0.65,2021-10-15,,0,
Durham,South Durham,108105.0,0.45999999999999996,2021-10-16,42389.56239453298,0,17218008.5478366
Durham,South Durham,108105.0,1.11,2021-10-17,,0,
Durham,South Durham,108105.0,0.45999999999999996,2021-10-18,,0,
Durham,South Durham,108105.0,1.94,2021-10-19,,0,
Durham,South Durham,108105.0,0.19,2021-10-20,10897.247358851688,0,4884192.53455551
Durham,South Durham,108105.0,1.11,2021-10-21,,0,
Durham,South Durham,108105.0,0.19,2021-10-22,,0,
Durham,South Durham,108105.0,0.19,2021-10-23,19533.624855617596,0,7729070.75409593
Durham,South Durham,108105.0,0.45999999999999996,2021-10-24,,0,
Durham,South Durham,108105.0,0.7400000000000001,2021-10-25,,0,
Durham,South Durham,108105.0,0.5599999999999999,2021-10-26,,0,
Durham,South Durham,108105.0,0.7400000000000001,2021-10-27,6614.37827766148,0,2547696.61768519
Durham,South Durham,108105.0,0.7400000000000001,2021-10-28,,0,
Durham,South Durham,108105.0,0.8300000000000001,2021-10-29,,0,
Durham,South Durham,108105.0,1.02,2021-10-30,56480.08498577176,0,22545828.002762105
Durham,South Durham,108105.0,0.45999999999999996,2021-10-31,,0,
Durham,South Durham,108105.0,0.65,2021-11-01,,0,
Durham,South Durham,108105.0,0.8300000000000001,2021-11-02,,0,
Durham,South Durham,108105.0,0.9300000000000002,2021-11-03,7952.986860293429,0,3230384.74582189
Durham,South Durham,108105.0,1.11,2021-11-04,,0,
Durham,South Durham,108105.0,0.19,2021-11-05,,0,
Durham,South Durham,108105.0,1.11,2021-11-06,0.0,0,712417.861245052
Durham,South Durham,108105.0,0.19,2021-11-07,,0,
Durham,South Durham,108105.0,0.8300000000000001,2021-11-08,,0,
Durham,South Durham,108105.0,1.02,2021-11-09,,0,
Durham,South Durham,108105.0,2.41,2021-11-10,4943.429983321305,0,2007947.5913494
Durham,South Durham,108105.0,1.85,2021-11-11,,0,
Durham,South Durham,108105.0,1.57,2021-11-12,,0,
Durham,South Durham,108105.0,0.7400000000000001,2021-11-13,8477.912478906588,0,3443601.70956732
Durham,South Durham,108105.0,0.45999999999999996,2021-11-14,,0,
Durham,South Durham,108105.0,0.7400000000000001,2021-11-15,,0,
Durham,South Durham,108105.0,0.9300000000000002,2021-11-16,,0,
Durham,South Durham,108105.0,1.11,2021-11-17,20676.073128135355,0,8181115.041648901
Durham,South Durham,108105.0,1.3,2021-11-18,,0,
Durham,South Durham,108105.0,1.3,2021-11-19,,0,
Durham,South Durham,108105.0,1.02,2021-11-20,6164.414002968979,0,2395966.67787715
Durham,South Durham,108105.0,0.5599999999999999,2021-11-21,,0,
Durham,South Durham,108105.0,0.19,2021-11-22,,0,
Durham,South Durham,108105.0,1.02,2021-11-23,,0,
Durham,South Durham,108105.0,0.7400000000000001,2021-11-24,6344.288770224756,0,2754676.62748281
Durham,South Durham,108105.0,1.02,2021-11-25,,0,
Durham,South Durham,108105.0,0.45999999999999996,2021-11-26,,0,
Durham,South Durham,108105.0,0.9300000000000002,2021-11-27,,0,
Durham,South Durham,108105.0,1.3,2021-11-28,,0,
Durham,South Durham,108105.0,0.8300000000000001,2021-11-29,,0,
Durham,South Durham,108105.0,1.85,2021-11-30,,0,
Durham,South Durham,108105.0,1.4800000000000002,2021-12-01,8366.600265340756,0,3222609.63959696
Durham,South Durham,108105.0,1.4800000000000002,2021-12-02,,0,
Durham,South Durham,108105.0,1.3900000000000001,2021-12-03,,0,
Durham,South Durham,108105.0,1.3900000000000001,2021-12-04,9633.924433998836,0,3879422.43053772
Durham,South Durham,108105.0,1.67,2021-12-05,,0,
Durham,South Durham,108105.0,1.02,2021-12-06,,0,
Durham,South Durham,108105.0,1.57,2021-12-07,,0,
Durham,South Durham,108105.0,2.04,2021-12-08,15732.132722552291,0,5233318.94431819
Durham,South Durham,108105.0,1.3,2021-12-09,,0,
Durham,South Durham,108105.0,0.7400000000000001,2021-12-10,,0,
Durham,South Durham,108105.0,1.94,2021-12-11,18457.721961282245,0,6075359.05550191
Durham,South Durham,108105.0,1.3,2021-12-12,,0,
Durham,South Durham,108105.0,1.3900000000000001,2021-12-13,,0,
Durham,South Durham,108105.0,2.68,2021-12-14,,0,
Durham,South Durham,108105.0,1.11,2021-12-15,13964.240043768945,0,4889712.24843281
Durham,South Durham,108105.0,2.31,2021-12-16,,0,
Durham,South Durham,108105.0,2.1300000000000003,2021-12-17,,0,
Durham,South Durham,108105.0,2.1300000000000003,2021-12-18,21301.408404140806,0,6936769.50898868
Durham,South Durham,108105.0,2.04,2021-12-19,,0,
Durham,South Durham,108105.0,2.04,2021-12-20,,0,
Durham,South Durham,108105.0,4.07,2021-12-21,,0,
Durham,South Durham,108105.0,4.720000000000001,2021-12-22,37307.84099891064,0,12933060.4786183
Durham,South Durham,108105.0,7.4,2021-12-23,,0,
Durham,South Durham,108105.0,6.75,2021-12-24,,0,
Durham,South Durham,108105.0,4.07,2021-12-25,,0,
Durham,South Durham,108105.0,3.1500000000000004,2021-12-26,,0,
Durham,South Durham,108105.0,7.7700000000000005,2021-12-27,,0,
Durham,South Durham,108105.0,14.89,2021-12-28,,0,
Durham,South Durham,108105.0,25.72,2021-12-29,85567.95545062411,0,26966194.4134419
Durham,South Durham,108105.0,23.96,2021-12-30,,0,
Durham,South Durham,108105.0,29.6,2021-12-31,,0,
Durham,South Durham,108105.0,13.230000000000002,2022-01-01,,0,
Durham,South Durham,108105.0,8.42,2022-01-02,,0,
Durham,South Durham,108105.0,17.39,2022-01-03,,0,
Durham,South Durham,108105.0,33.39,2022-01-04,,0,
Durham,South Durham,108105.0,15.540000000000001,2022-01-18,,0,
Durham,South Durham,108105.0,34.69,2022-01-19,113990.1311517799,0,68254196.8095769
Durham,South Durham,108105.0,24.700000000000003,2022-01-20,,0,
Durham,South Durham,108105.0,22.94,2022-01-21,,0,
Durham,South Durham,108105.0,8.23,2022-01-22,86602.54037844381,0,37299390.898546
Durham,South Durham,108105.0,4.9,2022-01-23,,0,
Durham,South Durham,108105.0,9.620000000000001,2022-01-24,,0,
Durham,South Durham,108105.0,22.11,2022-01-25,,0,
Durham,South Durham,108105.0,14.71,2022-01-26,104970.23387608521,0,42637344.7153098
Durham,South Durham,108105.0,15.730000000000002,2022-01-27,,0,
Durham,South Durham,108105.0,10.82,2022-01-28,,0,
Durham,South Durham,108105.0,9.340000000000002,2022-01-29,122270.19260637484,0,46239203.9276208
Durham,South Durham,108105.0,3.33,2022-01-30,,0,
Durham,South Durham,108105.0,5.920000000000001,2022-01-31,,0,
Durham,South Durham,108105.0,11.75,2022-02-01,,0,
Durham,South Durham,108105.0,8.23,2022-02-02,35986.10843089315,0,13608950.5612735
Durham,South Durham,108105.0,8.14,2022-02-03,,0,
Durham,South Durham,108105.0,7.490000000000001,2022-02-04,,0,
Durham,South Durham,108105.0,5.2700000000000005,2022-02-05,40363.969081347794,0,14416506.5382494
Durham,South Durham,108105.0,3.1500000000000004,2022-02-06,,0,
Durham,South Durham,108105.0,3.5200000000000005,2022-02-07,,0,
Durham,South Durham,108105.0,4.63,2022-02-08,,0,
Durham,South Durham,108105.0,3.7,2022-02-09,6538.348415311013,0,3022094.13075622
Durham,South Durham,108105.0,6.66,2022-02-10,,0,
Durham,South Durham,108105.0,3.5200000000000005,2022-02-11,,0,
Durham,South Durham,108105.0,3.33,2022-02-12,10562.315087138815,0,4290254.98689164
Durham,South Durham,108105.0,2.22,2022-02-13,,0,
Durham,South Durham,108105.0,1.4800000000000002,2022-02-14,,0,
Durham,South Durham,108105.0,2.41,2022-02-15,,0,
Durham,South Durham,108105.0,3.5200000000000005,2022-02-16,12740.192306240904,0,5219487.26040162
Durham,South Durham,108105.0,3.0500000000000003,2022-02-17,,0,
Durham,South Durham,108105.0,2.87,2022-02-18,,0,
Durham,South Durham,108105.0,1.3900000000000001,2022-02-19,12489.995996796806,0,4898310.58210328
Durham,South Durham,108105.0,1.2000000000000002,2022-02-20,,0,
Durham,South Durham,108105.0,1.3,2022-02-21,,0,
Durham,South Durham,108105.0,1.7600000000000002,2022-02-22,,0,
Durham,South Durham,108105.0,1.94,2022-02-23,18234.582528810482,0,7470465.82344333
Durham,South Durham,108105.0,1.85,2022-02-24,,0,
Durham,South Durham,108105.0,0.9300000000000002,2022-02-25,,0,
Durham,South Durham,108105.0,0.65,2022-02-26,12727.922061357856,0,5214460.30434715
Durham,South Durham,108105.0,0.5599999999999999,2022-02-27,,0,
Durham,South Durham,108105.0,0.45999999999999996,2022-02-28,,0,
Durham,South Durham,108105.0,1.11,2022-03-01,,0,
Durham,South Durham,108105.0,0.8300000000000001,2022-03-02,3535.53390593274,0,1448461.19565198
Durham,South Durham,108105.0,1.4800000000000002,2022-03-03,,0,
Durham,South Durham,108105.0,0.8300000000000001,2022-03-04,,0,
Durham,South Durham,108105.0,0.5599999999999999,2022-03-05,0.0,0,565409.853678811
Durham,South Durham,108105.0,0.19,2022-03-06,,0,
Durham,South Durham,108105.0,0.19,2022-03-07,,0,
Durham,South Durham,108105.0,0.8300000000000001,2022-03-08,,0,
Durham,South Durham,108105.0,0.5599999999999999,2022-03-09,3240.370349203928,0,1236764.87976185
Durham,South Durham,108105.0,0.9300000000000002,2022-03-10,,0,
Durham,South Durham,108105.0,1.11,2022-03-11,,0,
Durham,South Durham,108105.0,0.5599999999999999,2022-03-12,6538.348415311013,0,2907620.86822757
Durham,South Durham,108105.0,0.19,2022-03-13,,0,
Durham,South Durham,108105.0,0.19,2022-03-14,,0,
Durham,South Durham,108105.0,1.67,2022-03-15,,0,
Durham,South Durham,108105.0,0.5599999999999999,2022-03-16,4107.919181288749,0,1913108.17886046
Durham,South Durham,108105.0,1.4800000000000002,2022-03-17,,0,
Durham,South Durham,108105.0,1.2000000000000002,2022-03-18,,0,
Durham,South Durham,108105.0,0.65,2022-03-19,4582.575694955842,0,3867164.8587949495
Durham,South Durham,108105.0,0.45999999999999996,2022-03-20,,0,
Durham,South Durham,108105.0,0.19,2022-03-21,,0,
Durham,South Durham,108105.0,1.2000000000000002,2022-03-22,,0,
Durham,South Durham,108105.0,1.3,2022-03-23,7842.1935706790655,0,3514904.455329
Durham,South Durham,108105.0,1.3900000000000001,2022-03-24,,0,
Durham,South Durham,108105.0,1.4800000000000002,2022-03-25,,0,
Durham,South Durham,108105.0,0.19,2022-03-26,8470.537173048708,0,3677889.1405970706
Durham,South Durham,108105.0,0.19,2022-03-27,,0,
Durham,South Durham,108105.0,0.19,2022-03-28,,0,
Durham,South Durham,108105.0,1.11,2022-03-29,,0,
Durham,South Durham,108105.0,1.67,2022-03-30,8329.165624478857,0,3179025.36190217
Durham,South Durham,108105.0,1.02,2022-03-31,,0,
Durham,South Durham,108105.0,0.7400000000000001,2022-04-01,,0,
Durham,South Durham,108105.0,1.2000000000000002,2022-04-02,13727.25391329235,0,7113959.34561747
Durham,South Durham,108105.0,0.9300000000000002,2022-04-03,,0,
Durham,South Durham,108105.0,1.4800000000000002,2022-04-04,,0,
Durham,South Durham,108105.0,1.94,2022-04-05,,0,
Durham,South Durham,108105.0,2.22,2022-04-06,16201.851746019682,0,6297289.06667728
Durham,South Durham,108105.0,1.94,2022-04-07,,0,
Durham,South Durham,108105.0,2.87,2022-04-08,,0,
Durham,South Durham,108105.0,2.04,2022-04-09,36755.10168670467,0,14671971.5641581
Durham,South Durham,108105.0,1.3900000000000001,2022-04-10,,0,
Durham,South Durham,108105.0,1.7600000000000002,2022-04-11,,0,
Durham,South Durham,108105.0,3.5200000000000005,2022-04-12,,0,
Durham,South Durham,108105.0,4.3500000000000005,2022-04-13,41952.35392680606,0,16599720.4409251
Durham,South Durham,108105.0,4.63,2022-04-14,,0,
Durham,South Durham,108105.0,4.44,2022-04-15,,0,
Durham,South Durham,108105.0,2.5,2022-04-16,54250.00000000006,0,21275695.2962398
Durham,South Durham,108105.0,1.67,2022-04-17,,0,
Durham,South Durham,108105.0,1.7600000000000002,2022-04-18,,0,
Durham,South Durham,108105.0,4.53,2022-04-19,,0,
Durham,South Durham,108105.0,4.44,2022-04-20,39500.000000000044,0,21300206.4659359
Durham,South Durham,108105.0,3.0500000000000003,2022-04-21,,0,
Durham,South Durham,108105.0,4.260000000000001,2022-04-22,,0,
Durham,South Durham,108105.0,3.4200000000000004,2022-04-23,27032.387981826574,0,10412214.200365
Durham,South Durham,108105.0,2.7800000000000002,2022-04-24,,0,
Durham,South Durham,108105.0,2.59,2022-04-25,,0,
Durham,South Durham,108105.0,4.260000000000001,2022-04-26,,0,
Durham,South Durham,108105.0,4.9,2022-04-27,53560.71321407141,0,19880083.9210562
Durham,South Durham,108105.0,5.460000000000001,2022-04-28,,0,
Durham,South Durham,108105.0,3.79,2022-04-29,,0,
Durham,South Durham,108105.0,3.5200000000000005,2022-04-30,44624.82492962857,0,15938325.5662909
Durham,South Durham,108105.0,2.59,2022-05-01,,0,
Durham,South Durham,108105.0,2.1300000000000003,2022-05-02,,0,
Durham,South Durham,108105.0,4.07,2022-05-03,,0,
Durham,South Durham,108105.0,5.370000000000001,2022-05-04,74999.99999999999,0,27575065.9081448
Durham,South Durham,108105.0,4.720000000000001,2022-05-05,,0,
Durham,South Durham,108105.0,5.0,2022-05-06,,0,
Durham,South Durham,108105.0,4.16,2022-05-07,67314.56008918134,0,24985087.4526878
Durham,South Durham,108105.0,3.1500000000000004,2022-05-08,,0,
Durham,South Durham,108105.0,2.68,2022-05-09,,0,
Durham,South Durham,108105.0,6.010000000000001,2022-05-10,,0,
Durham,South Durham,108105.0,6.57,2022-05-11,155503.21540083978,0,59351523.058174
Durham,South Durham,108105.0,6.48,2022-05-12,,0,
Durham,South Durham,108105.0,6.48,2022-05-13,,0,
Durham,South Durham,108105.0,4.3500000000000005,2022-05-14,40144.27107321793,0,15322021.6322473
Durham,South Durham,108105.0,3.7,2022-05-15,,0,
Durham,South Durham,108105.0,3.0500000000000003,2022-05-16,,0,
Durham,South Durham,108105.0,6.38,2022-05-17,,0,
Durham,South Durham,108105.0,6.11,2022-05-18,47096.97442511575,0,16821285.2993488
Durham,South Durham,108105.0,6.8500000000000005,2022-05-19,,0,
Durham,South Durham,108105.0,5.460000000000001,2022-05-20,,0,
Durham,South Durham,108105.0,4.16,2022-05-21,99498.74371066196,0,33098415.172306705
Durham,South Durham,108105.0,2.7800000000000002,2022-05-22,,0,
Durham,South Durham,108105.0,4.260000000000001,2022-05-23,,0,
Durham,South Durham,108105.0,6.940000000000001,2022-05-24,,0,
Durham,South Durham,108105.0,5.18,2022-05-25,55113.51921262149,0,21614349.1515427
Durham,South Durham,108105.0,5.09,2022-05-26,,0,
Durham,South Durham,108105.0,4.63,2022-05-27,,0,
Durham,South Durham,108105.0,4.63,2022-05-28,82990.96336348912,0,29060079.8035383
Durham,South Durham,108105.0,4.53,2022-05-29,,0,
Durham,South Durham,108105.0,4.07,2022-05-30,,0,
Durham,South Durham,108105.0,3.5200000000000005,2022-05-31,,0,
Durham,South Durham,108105.0,9.620000000000001,2022-06-01,291633.3314283533,0,106202929.124503
Durham,South Durham,108105.0,10.64,2022-06-02,,0,
Durham,South Durham,108105.0,7.220000000000001,2022-06-03,,0,
Durham,South Durham,108105.0,6.75,2022-06-04,41705.814942283556,0,14895763.9073281
Durham,South Durham,108105.0,3.4200000000000004,2022-06-05,,0,
Durham,South Durham,108105.0,2.59,2022-06-06,,0,
Durham,South Durham,108105.0,7.68,2022-06-07,,0,
Durham,South Durham,108105.0,4.720000000000001,2022-06-08,76852.13074469699,0,27179613.9196323
Durham,South Durham,108105.0,4.16,2022-06-09,,0,
Durham,South Durham,108105.0,4.3500000000000005,2022-06-10,,0,
Durham,South Durham,108105.0,4.53,2022-06-11,32326.45975048922,0,12677749.449909
Durham,South Durham,108105.0,4.07,2022-06-12,,0,
Durham,South Durham,108105.0,2.1300000000000003,2022-06-13,,0,
Durham,South Durham,108105.0,6.38,2022-06-14,,0,
Durham,South Durham,108105.0,5.2700000000000005,2022-06-15,57008.771254956984,0,21958383.3291119
Durham,South Durham,108105.0,6.010000000000001,2022-06-16,,0,
Durham,South Durham,108105.0,6.48,2022-06-17,,0,
Durham,South Durham,108105.0,4.9,2022-06-18,32703.210851535703,0,12940016.6341858
Durham,South Durham,108105.0,2.7800000000000002,2022-06-19,,0,
Durham,South Durham,108105.0,2.7800000000000002,2022-06-20,,0,
Durham,South Durham,108105.0,7.220000000000001,2022-06-21,,0,
Durham,South Durham,108105.0,4.53,2022-06-22,27950.84971874742,0,9885130.0116183
Durham,South Durham,108105.0,5.18,2022-06-23,,0,
Durham,South Durham,108105.0,5.2700000000000005,2022-06-24,,0,
Durham,South Durham,108105.0,3.89,2022-06-25,48605.55523805892,0,18381276.1946256
Durham,South Durham,108105.0,2.7800000000000002,2022-06-26,,0,
Durham,South Durham,108105.0,2.87,2022-06-27,,0,
Durham,South Durham,108105.0,5.2700000000000005,2022-06-28,,0,
Durham,South Durham,108105.0,6.29,2022-06-29,59947.89404140901,0,23300374.7741388
Durham,South Durham,108105.0,5.550000000000001,2022-06-30,,0,
Durham,South Durham,108105.0,3.89,2022-07-01,,0,
Durham,South Durham,108105.0,3.4200000000000004,2022-07-02,50645.829048402426,0,18443486.437353905
Durham,South Durham,108105.0,3.0500000000000003,2022-07-03,,0,
Durham,South Durham,108105.0,2.68,2022-07-04,,0,
Durham,South Durham,108105.0,1.2000000000000002,2022-07-05,,0,
Durham,South Durham,108105.0,5.09,2022-07-06,25000.00000000001,0,8491369.50187317
Durham,South Durham,108105.0,5.09,2022-07-07,,0,
Durham,South Durham,108105.0,3.6100000000000003,2022-07-08,,0,
Durham,South Durham,108105.0,3.98,2022-07-09,83740.6711222211,0,27856467.2903892
Durham,South Durham,108105.0,2.9600000000000004,2022-07-10,,0,
Durham,South Durham,108105.0,2.7800000000000002,2022-07-11,,0,
Durham,South Durham,108105.0,5.74,2022-07-12,,0,
Durham,South Durham,108105.0,4.8100000000000005,2022-07-13,74999.99999999999,0,30726502.0119328
Durham,South Durham,108105.0,4.44,2022-07-14,,0,
Durham,South Durham,108105.0,5.0,2022-07-15,,0,
Durham,South Durham,108105.0,3.89,2022-07-16,12278.029157808685,0,5374086.7182333
Durham,South Durham,108105.0,3.33,2022-07-17,,0,
Durham,South Durham,108105.0,2.41,2022-07-18,,0,
Durham,South Durham,108105.0,3.1500000000000004,2022-07-19,,0,
Durham,South Durham,108105.0,5.640000000000001,2022-07-20,64865.24493131899,0,25438768.4142803
Durham,South Durham,108105.0,5.09,2022-07-21,,0,
Durham,South Durham,108105.0,4.53,2022-07-22,,0,
Durham,South Durham,108105.0,3.89,2022-07-23,58736.7006223537,0,26326038.6074554
Durham,South Durham,108105.0,2.9600000000000004,2022-07-24,,0,
Durham,South Durham,108105.0,2.5,2022-07-25,,0,
Durham,South Durham,108105.0,5.18,2022-07-26,,0,
Durham,South Durham,108105.0,5.74,2022-07-27,43647.02166242278,0,16964598.6530723
Durham,South Durham,108105.0,4.44,2022-07-28,,0,
Durham,South Durham,108105.0,5.640000000000001,2022-07-29,,0,
Durham,South Durham,108105.0,3.79,2022-07-30,67082.0393249937,0,27717513.0622802
Durham,South Durham,108105.0,2.87,2022-07-31,,0,
Durham,South Durham,108105.0,1.7600000000000002,2022-08-01,,0,
Durham,South Durham,108105.0,6.11,2022-08-02,,0,
Durham,South Durham,108105.0,4.53,2022-08-03,82613.55820929144,0,30663603.4448156
Durham,South Durham,108105.0,5.370000000000001,2022-08-04,,0,
Durham,South Durham,108105.0,4.44,2022-08-05,,0,
Durham,South Durham,108105.0,3.79,2022-08-06,73020.75903467456,0,25313228.1982663
Durham,South Durham,108105.0,2.22,2022-08-07,,0,
Durham,South Durham,108105.0,2.41,2022-08-08,,0,
Durham,South Durham,108105.0,5.640000000000001,2022-08-09,,0,
Durham,South Durham,108105.0,5.550000000000001,2022-08-10,50233.82824352526,0,17413956.9953943
Durham,South Durham,108105.0,3.24,2022-08-11,,0,
Durham,South Durham,108105.0,3.89,2022-08-12,,0,
Durham,South Durham,108105.0,3.24,2022-08-13,45055.52130427526,0,15461089.3981129
Durham,South Durham,108105.0,3.4200000000000004,2022-08-14,,0,
Durham,South Durham,108105.0,1.3,2022-08-15,,0,
Durham,South Durham,108105.0,4.07,2022-08-16,,0,
Durham,South Durham,108105.0,3.5200000000000005,2022-08-17,67823.2998312527,0,23748977.3073607
Durham,South Durham,108105.0,3.24,2022-08-18,,0,
Durham,South Durham,108105.0,3.24,2022-08-19,,0,
Durham,South Durham,108105.0,2.68,2022-08-20,45249.30938699511,0,15686033.8001013
Durham,South Durham,108105.0,2.04,2022-08-21,,0,
Durham,South Durham,108105.0,1.67,2022-08-22,,0,
Durham,South Durham,108105.0,4.720000000000001,2022-08-23,,0,
Durham,South Durham,108105.0,3.7,2022-08-24,56623.75826453073,0,21215265.2284328
Durham,South Durham,108105.0,3.6100000000000003,2022-08-25,,0,
Durham,South Durham,108105.0,3.7,2022-08-26,,0,
Durham,South Durham,108105.0,2.7800000000000002,2022-08-27,40515.429159765816,0,14470602.4376491
Durham,South Durham,108105.0,2.22,2022-08-28,,0,
Durham,South Durham,108105.0,2.04,2022-08-29,,0,
Durham,South Durham,108105.0,3.0500000000000003,2022-08-30,,0,
Durham,South Durham,108105.0,3.98,2022-08-31,108570.25375304239,0,38777251.3138062
Durham,South Durham,108105.0,3.33,2022-09-01,,0,
Durham,South Durham,108105.0,2.59,2022-09-02,,0,
Durham,South Durham,108105.0,2.1300000000000003,2022-09-03,61135.09630318753,0,20764827.6897186
Durham,South Durham,108105.0,1.7600000000000002,2022-09-04,,0,
Durham,South Durham,108105.0,1.3,2022-09-05,,0,
Durham,South Durham,108105.0,0.9300000000000002,2022-09-06,,0,
Durham,South Durham,108105.0,4.63,2022-09-07,95916.63046625434,0,31570958.2525268
Durham,South Durham,108105.0,4.07,2022-09-08,,0,
Durham,South Durham,108105.0,2.7800000000000002,2022-09-09,,0,
Durham,South Durham,108105.0,2.22,2022-09-10,81240.38404635961,0,30153923.5701619
Durham,South Durham,108105.0,1.2000000000000002,2022-09-11,,0,
Durham,South Durham,108105.0,1.94,2022-09-12,,0,
Durham,South Durham,108105.0,2.7800000000000002,2022-09-13,,0,
Durham,South Durham,108105.0,2.87,2022-09-14,55565.27692723222,0,21013250.3790548
Durham,South Durham,108105.0,3.7,2022-09-15,,0,
Durham,South Durham,108105.0,2.5,2022-09-16,,0,
Durham,South Durham,108105.0,2.68,2022-09-17,64536.811201050295,0,22824163.6900846
Durham,South Durham,108105.0,1.3900000000000001,2022-09-18,,0,
Durham,South Durham,108105.0,1.94,2022-09-19,,0,
Durham,South Durham,108105.0,3.33,2022-09-20,,0,
Durham,South Durham,108105.0,2.87,2022-09-21,32423.94948182593,0,12488911.7252074
Durham,South Durham,108105.0,2.22,2022-09-22,,0,
Durham,South Durham,108105.0,2.41,2022-09-23,,0,
Durham,South Durham,108105.0,1.94,2022-09-24,44965.95934704391,0,17162334.3359148
Durham,South Durham,108105.0,0.19,2022-09-25,,0,
Durham,South Durham,108105.0,0.8300000000000001,2022-09-26,,0,
Durham,South Durham,108105.0,2.22,2022-09-27,,0,
Durham,South Durham,108105.0,2.1300000000000003,2022-09-28,29957.261223282745,0,11853498.431813
Durham,South Durham,108105.0,2.68,2022-09-29,,0,
Durham,South Durham,108105.0,1.57,2022-09-30,,0,
Durham,South Durham,108105.0,1.11,2022-10-01,0.0,0,108197.742399327
Durham,South Durham,108105.0,0.9300000000000002,2022-10-02,,0,
Durham,South Durham,108105.0,1.02,2022-10-03,,0,
Durham,South Durham,108105.0,1.57,2022-10-04,,0,
Durham,South Durham,108105.0,1.7600000000000002,2022-10-05,4373.213921133976,0,1730394.64354825
Durham,South Durham,108105.0,1.7600000000000002,2022-10-06,,0,
Durham,South Durham,108105.0,1.7600000000000002,2022-10-07,,0,
Durham,South Durham,108105.0,0.7400000000000001,2022-10-08,54904.84632503044,0,19225457.2201813
Durham,South Durham,108105.0,0.5599999999999999,2022-10-09,,0,
Durham,South Durham,108105.0,0.7400000000000001,2022-10-10,,0,
Durham,South Durham,108105.0,1.67,2022-10-11,,0,
Durham,South Durham,108105.0,1.57,2022-10-12,9651.506943951623,0,3413363.16816898
Durham,South Durham,108105.0,1.2000000000000002,2022-10-13,,0,
Durham,South Durham,108105.0,2.31,2022-10-14,,0,
Durham,South Durham,108105.0,1.11,2022-10-15,11489.12529307606,0,4143717.95300332
Durham,South Durham,108105.0,0.19,2022-10-16,,0,
Durham,South Durham,108105.0,0.19,2022-10-17,,0,
Durham,South Durham,108105.0,1.4800000000000002,2022-10-18,,0,
Durham,South Durham,108105.0,1.02,2022-10-19,27543.147968233407,0,10416056.5102878
Durham,South Durham,108105.0,1.67,2022-10-20,,0,
Durham,South Durham,108105.0,1.3900000000000001,2022-10-21,,0,
Durham,South Durham,108105.0,1.3,2022-10-22,31819.805153394667,0,12479050.3010017
Durham,South Durham,108105.0,0.9300000000000002,2022-10-23,,0,
Durham,South Durham,108105.0,1.57,2022-10-24,,0,
Durham,South Durham,108105.0,1.94,2022-10-25,,0,
Durham,South Durham,108105.0,1.3900000000000001,2022-10-26,39591.66578965836,0,15665642.6250955
Durham,South Durham,108105.0,1.3,2022-10-27,,0,
Durham,South Durham,108105.0,1.57,2022-10-28,,0,
Durham,South Durham,108105.0,1.67,2022-10-29,20093.53129741016,0,7809895.86460109
Durham,South Durham,108105.0,0.5599999999999999,2022-10-30,,0,
Durham,South Durham,108105.0,0.45999999999999996,2022-10-31,,0,
Durham,South Durham,108105.0,1.67,2022-11-01,,0,
Durham,South Durham,108105.0,1.11,2022-11-02,7232.738070744728,0,2861852.04783189
Durham,South Durham,108105.0,1.57,2022-11-03,,0,
Durham,South Durham,108105.0,0.7400000000000001,2022-11-04,,0,
Durham,South Durham,108105.0,1.4800000000000002,2022-11-05,17686.506155823987,0,6936271.25947244
Durham,South Durham,108105.0,0.5599999999999999,2022-11-06,,0,
Durham,South Durham,108105.0,0.45999999999999996,2022-11-07,,0,
Durham,South Durham,108105.0,0.9300000000000002,2022-11-08,,0,
Durham,South Durham,108105.0,0.7400000000000001,2022-11-09,9470.348462437918,0,3548262.43601982
Durham,South Durham,108105.0,1.94,2022-11-10,,0,
Durham,South Durham,108105.0,0.9300000000000002,2022-11-11,,0,
Durham,South Durham,108105.0,0.7400000000000001,2022-11-12,28354.89375751566,0,9928737.32294525
Durham,South Durham,108105.0,0.45999999999999996,2022-11-13,,0,
Durham,South Durham,108105.0,0.5599999999999999,2022-11-14,,0,
Durham,South Durham,108105.0,1.3900000000000001,2022-11-15,,0,
Durham,South Durham,108105.0,0.5599999999999999,2022-11-16,26457.51311064592,0,10283429.9841111
Durham,South Durham,108105.0,0.9300000000000002,2022-11-17,,0,
Durham,South Durham,108105.0,1.2000000000000002,2022-11-18,,0,
Durham,South Durham,108105.0,1.3,2022-11-19,50497.52469181042,0,17859013.2989281
Durham,South Durham,108105.0,0.5599999999999999,2022-11-20,,0,
Durham,South Durham,108105.0,0.8300000000000001,2022-11-21,,0,
Durham,South Durham,108105.0,1.3900000000000001,2022-11-22,,0,
Durham,South Durham,108105.0,0.9300000000000002,2022-11-23,23930.89007956037,0,8212037.50807312
Durham,South Durham,108105.0,1.11,2022-11-24,,0,
Durham,South Durham,108105.0,0.19,2022-11-25,,0,
Durham,South Durham,108105.0,1.3,2022-11-26,,0,
Durham,South Durham,108105.0,1.4800000000000002,2022-11-27,,0,
Durham,South Durham,108105.0,1.3,2022-11-28,,0,
Durham,South Durham,108105.0,1.85,2022-11-29,,0,
Durham,South Durham,108105.0,2.22,2022-11-30,24717.149916606504,0,10212836.8870357
Durham,South Durham,108105.0,1.4800000000000002,2022-12-01,,0,
Durham,South Durham,108105.0,1.7600000000000002,2022-12-02,,0,
Durham,South Durham,108105.0,1.57,2022-12-03,22094.965489902883,0,8897278.08337268
Durham,South Durham,108105.0,0.65,2022-12-04,,0,
Durham,South Durham,108105.0,1.2000000000000002,2022-12-05,,0,
Durham,South Durham,108105.0,1.7600000000000002,2022-12-06,,0,
Durham,South Durham,108105.0,1.2000000000000002,2022-12-07,30273.75100644121,0,12402752.9494422
Durham,South Durham,108105.0,1.85,2022-12-08,,0,
Durham,South Durham,108105.0,1.3900000000000001,2022-12-09,,0,
Durham,South Durham,108105.0,2.1300000000000003,2022-12-10,38426.06537234856,0,17088173.1078876
Durham,South Durham,108105.0,1.3,2022-12-11,,0,
Durham,South Durham,108105.0,1.2000000000000002,2022-12-12,,0,
Durham,South Durham,108105.0,2.59,2022-12-13,,0,
Durham,South Durham,108105.0,2.04,2022-12-14,68373.97165588671,0,28490742.3749475
Durham,South Durham,108105.0,2.31,2022-12-15,,0,
Durham,South Durham,108105.0,1.94,2022-12-16,,0,
Durham,South Durham,108105.0,1.85,2022-12-17,15024.979201316743,0,11732342.6741706
Durham,South Durham,108105.0,2.5,2022-12-18,,0,
Durham,South Durham,108105.0,1.7600000000000002,2022-12-19,,0,
Durham,South Durham,108105.0,4.3500000000000005,2022-12-20,,0,
Durham,South Durham,108105.0,3.4200000000000004,2022-12-21,35026.775472486785,0,14104704.6163067
Durham,South Durham,108105.0,4.07,2022-12-22,,0,
Durham,South Durham,108105.0,3.5200000000000005,2022-12-23,,0,
Durham,South Durham,108105.0,3.79,2022-12-24,,0,
Durham,South Durham,108105.0,1.02,2022-12-25,,0,
Durham,South Durham,108105.0,1.3,2022-12-26,,0,
Durham,South Durham,108105.0,2.1300000000000003,2022-12-27,,0,
Durham,South Durham,108105.0,2.5,2022-12-28,265329.98322843213,0,100340458.627625
Durham,South Durham,108105.0,3.89,2022-12-29,,0,
Durham,South Durham,108105.0,4.53,2022-12-30,,0,
Durham,South Durham,108105.0,4.8100000000000005,2022-12-31,177059.31209625787,0,64478972.5553435
Durham,South Durham,108105.0,2.7800000000000002,2023-01-01,,0,
Durham,South Durham,108105.0,1.4800000000000002,2023-01-02,,0,
Durham,South Durham,108105.0,3.89,2023-01-03,,0,
Durham,South Durham,108105.0,4.44,2023-01-04,240078.11228848004,0,93312869.1314058
Durham,South Durham,108105.0,4.3500000000000005,2023-01-05,,0,
Durham,South Durham,108105.0,3.89,2023-01-06,,0,
Durham,South Durham,108105.0,2.1300000000000003,2023-01-07,114564.392373896,0,48941298.00549619
Durham,South Durham,108105.0,1.11,2023-01-08,,0,
Durham,South Durham,108105.0,1.94,2023-01-09,,0,
Durham,South Durham,108105.0,3.5200000000000005,2023-01-10,,0,
Durham,South Durham,108105.0,2.31,2023-01-11,57857.58377257041,0,25932014.7027649
Durham,South Durham,108105.0,2.59,2023-01-12,,0,
Durham,South Durham,108105.0,2.41,2023-01-13,,0,
Durham,South Durham,108105.0,2.31,2023-01-14,71807.03308172537,0,31178460.3259958
Durham,South Durham,108105.0,1.57,2023-01-15,,0,
Durham,South Durham,108105.0,0.8300000000000001,2023-01-16,,0,
Durham,South Durham,108105.0,1.4800000000000002,2023-01-17,,0,
Durham,South Durham,108105.0,2.41,2023-01-18,29163.333142835414,0,12560538.7329941
Durham,South Durham,108105.0,2.7800000000000002,2023-01-19,,0,
Durham,South Durham,108105.0,2.1300000000000003,2023-01-20,,0,
Durham,South Durham,108105.0,1.3900000000000001,2023-01-21,69214.34099953569,0,30052718.9640032
Durham,South Durham,108105.0,1.4800000000000002,2023-01-22,,0,
Durham,South Durham,108105.0,2.04,2023-01-23,,0,
Durham,South Durham,108105.0,3.89,2023-01-24,,0,
Durham,South Durham,108105.0,3.5200000000000005,2023-01-25,20709.297428932747,0,11239915.8647238
Durham,South Durham,108105.0,1.3900000000000001,2023-01-26,,0,
Durham,South Durham,108105.0,2.59,2023-01-27,,0,
Durham,South Durham,108105.0,2.22,2023-01-28,78581.16822750855,0,48152908.7336125
Durham,South Durham,108105.0,1.3900000000000001,2023-01-29,,0,
Durham,South Durham,108105.0,1.2000000000000002,2023-01-30,,0,
Durham,South Durham,108105.0,3.5200000000000005,2023-01-31,,0,
Durham,South Durham,108105.0,1.94,2023-02-01,49043.98536008269,0,23870776.7478894
Durham,South Durham,108105.0,1.7600000000000002,2023-02-02,,0,
Durham,South Durham,108105.0,1.57,2023-02-03,,0,
Durham,South Durham,108105.0,1.4800000000000002,2023-02-04,29727.93299238951,0,16655232.2352366
Durham,South Durham,108105.0,1.2000000000000002,2023-02-05,,0,
Durham,South Durham,108105.0,1.2000000000000002,2023-02-06,,0,
Durham,South Durham,108105.0,1.67,2023-02-07,,0,
Durham,South Durham,108105.0,2.7800000000000002,2023-02-08,32293.575212416476,0,14587196.5677549
Durham,South Durham,108105.0,2.22,2023-02-09,,0,
Durham,South Durham,108105.0,1.85,2023-02-10,,0,
Durham,South Durham,108105.0,1.3,2023-02-11,93741.66629626334,0,39389449.5460385
Durham,South Durham,108105.0,1.2000000000000002,2023-02-12,,0,
Durham,South Durham,108105.0,0.8300000000000001,2023-02-13,,0,
Durham,South Durham,108105.0,1.85,2023-02-14,,0,
Durham,South Durham,108105.0,1.94,2023-02-15,17972.20075561144,0,10824197.4222562
Durham,South Durham,108105.0,1.57,2023-02-16,,0,
Durham,South Durham,108105.0,1.4800000000000002,2023-02-17,,0,
Durham,South Durham,108105.0,0.65,2023-02-18,70834.31371870551,0,33484472.046025895
Durham,South Durham,108105.0,0.8300000000000001,2023-02-19,,0,
Durham,South Durham,108105.0,0.19,2023-02-20,,0,
Durham,South Durham,108105.0,1.2000000000000002,2023-02-21,,0,
Durham,South Durham,108105.0,1.4800000000000002,2023-02-22,29849.6231131986,0,13587770.4391575
Durham,South Durham,108105.0,1.3900000000000001,2023-02-23,,0,
Durham,South Durham,108105.0,0.8300000000000001,2023-02-24,,0,
Durham,South Durham,108105.0,1.2000000000000002,2023-02-25,21102.428770167673,0,9088737.30686917
Durham,South Durham,108105.0,0.5599999999999999,2023-02-26,,0,
Durham,South Durham,108105.0,0.45999999999999996,2023-02-27,,0,
Durham,South Durham,108105.0,2.04,2023-02-28,,0,
Durham,South Durham,108105.0,1.94,2023-03-01,15905.973720586886,0,6739250.93524911
Durham,South Durham,108105.0,1.11,2023-03-02,,0,
Durham,South Durham,108105.0,1.67,2023-03-03,,0,
Durham,South Durham,108105.0,0.9300000000000002,2023-03-04,13190.905958272924,0,7944545.702127341
Durham,South Durham,108105.0,0.5599999999999999,2023-03-05,,0,
Durham,South Durham,108105.0,0.19,2023-03-06,,0,
Durham,South Durham,108105.0,0.7400000000000001,2023-03-07,,0,
Durham,South Durham,108105.0,0.5599999999999999,2023-03-08,18854.707634964823,0,8582803.14192817
Durham,South Durham,108105.0,0.8300000000000001,2023-03-09,,0,
Durham,South Durham,108105.0,0.45999999999999996,2023-03-10,,0,
Durham,South Durham,108105.0,0.5599999999999999,2023-03-11,19978.11302400706,0,8324677.615177911
Durham,South Durham,108105.0,0.8300000000000001,2023-03-12,,0,
Durham,South Durham,108105.0,0.65,2023-03-13,,0,
Durham,South Durham,108105.0,0.8300000000000001,2023-03-14,,0,
Durham,South Durham,108105.0,1.3900000000000001,2023-03-15,12806.248474865708,0,6591818.72030268
Durham,South Durham,108105.0,0.5599999999999999,2023-03-16,,0,
Durham,South Durham,108105.0,0.19,2023-03-17,,0,
Durham,South Durham,108105.0,0.7400000000000001,2023-03-18,25975.06537354622,0,10641638.646138
Durham,South Durham,108105.0,0.9300000000000002,2023-03-19,,0,
Durham,South Durham,108105.0,0.19,2023-03-20,,0,
Durham,South Durham,108105.0,1.02,2023-03-21,,0,
Durham,South Durham,108105.0,1.11,2023-03-22,21581.25421268421,0,9521672.11672313
Durham,South Durham,108105.0,0.7400000000000001,2023-03-23,,0,
Durham,South Durham,108105.0,0.8300000000000001,2023-03-24,,0,
Durham,South Durham,108105.0,0.8300000000000001,2023-03-25,11729.508547675836,0,5010783.55494879
Durham,South Durham,108105.0,0.65,2023-03-26,,0,
Durham,South Durham,108105.0,0.19,2023-03-27,,0,
Durham,South Durham,108105.0,0.9300000000000002,2023-03-28,,0,
Durham,South Durham,108105.0,0.65,2023-03-29,26520.139297711117,0,14300871.9632057
Durham,South Durham,108105.0,0.8300000000000001,2023-03-30,,0,
Durham,South Durham,108105.0,1.11,2023-03-31,,0,
Durham,South Durham,108105.0,1.3900000000000001,2023-04-01,,0,
Durham,South Durham,108105.0,1.02,2023-04-02,,0,
Durham,South Durham,108105.0,0.45999999999999996,2023-04-03,,0,
Durham,South Durham,108105.0,0.9300000000000002,2023-04-04,,0,
Durham,South Durham,108105.0,0.65,2023-04-05,,0,
Durham,South Durham,108105.0,0.9300000000000002,2023-04-06,,0,
Durham,South Durham,108105.0,0.8300000000000001,2023-04-07,,0,
Durham,South Durham,108105.0,0.19,2023-04-08,32889.374732388875,0,13474339.1851461
Durham,South Durham,108105.0,0.19,2023-04-09,,0,
Durham,South Durham,108105.0,0.19,2023-04-10,,0,
Durham,South Durham,108105.0,0.65,2023-04-11,,0,
Durham,South Durham,108105.0,0.19,2023-04-12,4496.233362104329,0,2597758.56053846
Durham,South Durham,108105.0,0.19,2023-04-13,,0,
Durham,South Durham,108105.0,0.65,2023-04-14,,0,
Durham,South Durham,108105.0,0.45999999999999996,2023-04-15,4243.09761212254,0,2005777.65101093
Durham,South Durham,108105.0,0.19,2023-04-16,,0,
Durham,South Durham,108105.0,0.19,2023-04-17,,0,
Durham,South Durham,108105.0,0.19,2023-04-18,,0,
Durham,South Durham,108105.0,0.45999999999999996,2023-04-19,8647.756029167334,0,4330175.14565639
Durham,South Durham,108105.0,0.5599999999999999,2023-04-20,,0,
Durham,South Durham,108105.0,0.45999999999999996,2023-04-21,,0,
Durham,South Durham,108105.0,0.5599999999999999,2023-04-22,0.0,0,975247.436797797
Durham,South Durham,108105.0,0.45999999999999996,2023-04-23,,0,
Durham,South Durham,108105.0,0.19,2023-04-24,,0,
Durham,South Durham,108105.0,0.19,2023-04-25,,0,
Durham,South Durham,108105.0,0.19,2023-04-26,35087.748059543526,0,16095066.9784951
Durham,South Durham,108105.0,0.19,2023-04-27,,0,
Durham,South Durham,108105.0,0.19,2023-04-28,,0,
Durham,South Durham,108105.0,0.19,2023-04-29,7067.757772094345,0,2375849.281686
Durham,South Durham,108105.0,,2023-04-30,,0,
Durham,South Durham,108105.0,,2023-05-01,,0,
Durham,South Durham,108105.0,0.7400000000000001,2023-05-02,,0,
Durham,South Durham,108105.0,0.45999999999999996,2023-05-03,8543.20908931475,0,4995782.28174236
Durham,South Durham,108105.0,0.65,2023-05-04,,0,
Durham,South Durham,108105.0,,2023-05-05,,0,
Durham,South Durham,108105.0,,2023-05-06,19338.369736226487,0,8599824.27227047
Durham,South Durham,108105.0,0.19,2023-05-07,,0,
Durham,South Durham,108105.0,0.19,2023-05-08,,0,
Durham,South Durham,108105.0,1.02,2023-05-09,,0,
Durham,South Durham,108105.0,0.19,2023-05-10,3916.0613821798083,0,1659208.09350956
Durham,South Durham,108105.0,0.45999999999999996,2023-05-11,,0,
Durham,South Durham,108105.0,0.19,2023-05-12,,0,
Durham,South Durham,108105.0,0.19,2023-05-13,12458.807008698712,0,4449821.8779652
Durham,South Durham,108105.0,0.19,2023-05-14,,0,
Durham,South Durham,108105.0,0.19,2023-05-15,,0,
Durham,South Durham,108105.0,0.8300000000000001,2023-05-16,,0,
Durham,South Durham,108105.0,0.19,2023-05-17,15497.549729715362,0,5480881.4573177
Durham,South Durham,108105.0,0.19,2023-05-18,,0,
Durham,South Durham,108105.0,0.19,2023-05-19,,0,
Durham,South Durham,108105.0,0.19,2023-05-20,4087.900386873438,0,1560244.99844346
Durham,South Durham,108105.0,0.19,2023-05-21,,0,
Durham,South Durham,108105.0,0.19,2023-05-22,,0,
Durham,South Durham,108105.0,0.45999999999999996,2023-05-23,,0,
Durham,South Durham,108105.0,0.19,2023-05-24,10406.634644783102,0,3935501.29662003
Durham,South Durham,108105.0,,2023-05-25,,0,
Durham,South Durham,108105.0,,2023-05-26,,0,
Durham,South Durham,108105.0,,2023-05-27,3215.8450628489545,0,1204883.03907978
Durham,South Durham,108105.0,,2023-05-28,,0,
Durham,South Durham,108105.0,,2023-05-29,,0,
Durham,South Durham,108105.0,,2023-05-30,,0,
Durham,South Durham,108105.0,,2023-05-31,7742.317630238381,0,3063482.64631423
Durham,South Durham,108105.0,,2023-06-01,,0,
Durham,South Durham,108105.0,,2023-06-02,,0,
Durham,South Durham,108105.0,0.19,2023-06-03,6907.600134760986,0,2588075.63189796
Durham,South Durham,108105.0,,2023-06-04,,0,
Durham,South Durham,108105.0,,2023-06-05,,0,
Durham,South Durham,108105.0,,2023-06-06,,0,
Durham,South Durham,108105.0,,2023-06-07,4021.918104897216,0,1492811.88862075
Durham,South Durham,108105.0,,2023-06-08,,0,
Durham,South Durham,108105.0,,2023-06-09,,0,
Durham,South Durham,108105.0,,2023-06-10,0.0,0,213220.438358423
Durham,South Durham,108105.0,,2023-06-11,,0,
Durham,South Durham,108105.0,,2023-06-12,,0,
Durham,South Durham,108105.0,,2023-06-13,,0,
Durham,South Durham,108105.0,,2023-06-14,9513.040485827865,0,3464325.42373201
Durham,South Durham,108105.0,,2023-06-15,,0,
Durham,South Durham,108105.0,,2023-06-16,,0,
Durham,South Durham,108105.0,,2023-06-17,6910.193702784323,0,2371277.02674893
Durham,South Durham,108105.0,,2023-06-18,,0,
Durham,South Durham,108105.0,,2023-06-19,,0,
Durham,South Durham,108105.0,,2023-06-20,,0,
Durham,South Durham,108105.0,,2023-06-21,,0,
Durham,South Durham,108105.0,,2023-06-22,,0,
Durham,South Durham,108105.0,,2023-06-23,,0,
Durham,South Durham,108105.0,,2023-06-24,0.0,0,151892.984522132
Durham,South Durham,108105.0,,2023-06-25,,0,
Durham,South Durham,108105.0,,2023-06-26,,0,
Durham,South Durham,108105.0,,2023-06-27,,0,
Durham,South Durham,108105.0,,2023-06-28,0.0,0,347353.769226339
Durham,South Durham,108105.0,,2023-06-29,,0,
Durham,South Durham,108105.0,,2023-06-30,,0,
Durham,South Durham,108105.0,,2023-07-01,33117.97095233945,0,12640266.0649234
Durham,South Durham,108105.0,,2023-07-02,,0,
Durham,South Durham,108105.0,,2023-07-03,,0,
Durham,South Durham,108105.0,,2023-07-04,,0,
Durham,South Durham,108105.0,,2023-07-05,12247.024128334215,0,4760138.06024604
Durham,South Durham,108105.0,,2023-07-06,,0,
Durham,South Durham,108105.0,,2023-07-07,,0,
Durham,South Durham,108105.0,,2023-07-08,31318.748378567117,0,12172880.905099
Durham,South Durham,108105.0,,2023-07-09,,0,
Durham,South Durham,108105.0,,2023-07-10,,0,
Durham,South Durham,108105.0,,2023-07-11,,0,
Durham,South Durham,108105.0,,2023-07-12,15527.652752428474,0,6415844.27549794
Durham,South Durham,108105.0,,2023-07-13,,0,
Durham,South Durham,108105.0,,2023-07-14,,0,
Durham,South Durham,108105.0,,2023-07-15,46012.69390070527,0,18045199.1740195
Durham,South Durham,108105.0,,2023-07-16,,0,
Durham,South Durham,108105.0,,2023-07-17,,0,
Durham,South Durham,108105.0,,2023-07-18,,0,
Durham,South Durham,108105.0,,2023-07-19,60690.26610585914,0,25926558.3133884
Durham,South Durham,108105.0,,2023-07-20,,0,
Durham,South Durham,108105.0,,2023-07-21,,0,
Durham,South Durham,108105.0,,2023-07-22,58198.87971430379,0,25269829.2119191
Durham,South Durham,108105.0,,2023-07-23,,0,
Durham,South Durham,108105.0,,2023-07-24,,0,
Durham,South Durham,108105.0,,2023-07-25,,0,
Durham,South Durham,108105.0,,2023-07-26,60730.196772281284,0,24667700.9166717
Durham,South Durham,108105.0,,2023-07-27,,0,
Durham,South Durham,108105.0,,2023-07-28,,0,
Durham,South Durham,108105.0,,2023-07-29,83948.19831300733,0,33216649.2003409
Durham,South Durham,108105.0,,2023-07-30,,0,
Durham,South Durham,108105.0,,2023-07-31,,0,
Durham,South Durham,108105.0,,2023-08-01,,0,
Durham,South Durham,108105.0,,2023-08-02,147234.8654361459,0,57742380.350273
Durham,South Durham,108105.0,,2023-08-03,,0,
Durham,South Durham,108105.0,,2023-08-04,,0,
Durham,South Durham,108105.0,,2023-08-05,46146.72252717416,0,17289826.5294085
Durham,South Durham,108105.0,,2023-08-06,,0,
Durham,South Durham,108105.0,,2023-08-07,,0,
Durham,South Durham,108105.0,,2023-08-08,,0,
Durham,South Durham,108105.0,,2023-08-09,132064.21165478558,0,55492256.6169586
Durham,South Durham,108105.0,,2023-08-10,,0,
Durham,South Durham,108105.0,,2023-08-11,,0,
Durham,South Durham,108105.0,,2023-08-12,91076.65342995427,0,38907461.0749155
Durham,South Durham,108105.0,,2023-08-13,,0,
Durham,South Durham,108105.0,,2023-08-14,,0,
Durham,South Durham,108105.0,,2023-08-15,,0,
Durham,South Durham,108105.0,,2023-08-16,58284.371833279685,0,24286508.1868423
Durham,South Durham,108105.0,,2023-08-17,,0,
Durham,South Durham,108105.0,,2023-08-18,,0,
Durham,South Durham,108105.0,,2023-08-19,97756.41155443469,0,42787928.4374169
Durham,South Durham,108105.0,,2023-08-20,,0,
Durham,South Durham,108105.0,,2023-08-21,,0,
Durham,South Durham,108105.0,,2023-08-22,,0,
Durham,South Durham,108105.0,,2023-08-23,,0,
Durham,South Durham,108105.0,,2023-08-24,,0,
Durham,South Durham,108105.0,,2023-08-25,,0,
Durham,South Durham,108105.0,,2023-08-26,46597.58792040634,0,18764079.8955638
Durham,South Durham,108105.0,,2023-08-27,,0,
Durham,South Durham,108105.0,,2023-08-28,,0,
Durham,South Durham,108105.0,,2023-08-29,,0,
Durham,South Durham,108105.0,,2023-08-30,123567.79192006291,0,71392933.4657455
Durham,South Durham,108105.0,,2023-08-31,,0,
Durham,South Durham,108105.0,,2023-09-01,,0,
Durham,South Durham,108105.0,,2023-09-02,112577.86638589312,0,53217292.8923884
Durham,South Durham,108105.0,,2023-09-03,,0,
Durham,South Durham,108105.0,,2023-09-04,,0,
Durham,South Durham,108105.0,,2023-09-05,,0,
Durham,South Durham,108105.0,,2023-09-06,183825.65653357533,0,74667242.2812032
Durham,South Durham,108105.0,,2023-09-07,,0,
Durham,South Durham,108105.0,,2023-09-08,,0,
Durham,South Durham,108105.0,,2023-09-09,194470.82043329818,0,81714981.9529021
Durham,South Durham,108105.0,,2023-09-10,,0,
Durham,South Durham,108105.0,,2023-09-11,,0,
Durham,South Durham,108105.0,,2023-09-12,,0,
Durham,South Durham,108105.0,,2023-09-13,124524.8055609806,0,57120653.129032
Durham,South Durham,108105.0,,2023-09-14,,0,
Durham,South Durham,108105.0,,2023-09-15,,0,
Durham,South Durham,108105.0,,2023-09-16,123308.86099546947,0,51813332.8610795
Durham,South Durham,108105.0,,2023-09-17,,0,
Durham,South Durham,108105.0,,2023-09-18,,0,
Durham,South Durham,108105.0,,2023-09-19,,0,
Durham,South Durham,108105.0,,2023-09-20,245388.50828838747,0,111702673.979679
Durham,South Durham,108105.0,,2023-09-21,,0,
Durham,South Durham,108105.0,,2023-09-22,,0,
Durham,South Durham,108105.0,,2023-09-23,89904.48264686257,0,34629006.1951414
Durham,South Durham,108105.0,,2023-09-24,,0,
Durham,South Durham,108105.0,,2023-09-25,,0,
Durham,South Durham,108105.0,,2023-09-26,,0,
Durham,South Durham,108105.0,,2023-09-27,54059.034397591706,0,23661610.1022898
Durham,South Durham,108105.0,,2023-09-28,,0,
Durham,South Durham,108105.0,,2023-09-29,,0,
Durham,South Durham,108105.0,,2023-09-30,39370.24256973791,0,15715888.4875605
Durham,South Durham,108105.0,,2023-10-01,,0,
Durham,South Durham,108105.0,,2023-10-02,,0,
Durham,South Durham,108105.0,,2023-10-03,,0,
Durham,South Durham,108105.0,,2023-10-04,47786.835007143985,0,19075639.9027879
Durham,South Durham,108105.0,,2023-10-05,,0,
Durham,South Durham,108105.0,,2023-10-06,,0,
Durham,South Durham,108105.0,,2023-10-07,86580.8223569169,0,34258326.7002782
Durham,South Durham,108105.0,,2023-10-08,,0,
Durham,South Durham,108105.0,,2023-10-09,,0,
Durham,South Durham,108105.0,,2023-10-10,,0,
Durham,South Durham,108105.0,,2023-10-11,74685.02828829113,0,28243811.3472177
Durham,South Durham,108105.0,,2023-10-12,,0,
Durham,South Durham,108105.0,,2023-10-13,,0,
Durham,South Durham,108105.0,,2023-10-14,63699.71428507359,0,23866418.8840985
Durham,South Durham,108105.0,,2023-10-15,,0,
Durham,South Durham,108105.0,,2023-10-16,,0,
Durham,South Durham,108105.0,,2023-10-17,,0,
Durham,South Durham,108105.0,,2023-10-18,40749.58561061458,0,15695742.982051
Durham,South Durham,108105.0,,2023-10-19,,0,
Durham,South Durham,108105.0,,2023-10-20,,0,
Durham,South Durham,108105.0,,2023-10-21,33331.69062618933,0,12721837.2923593
Durham,South Durham,108105.0,,2023-10-22,,0,
Durham,South Durham,108105.0,,2023-10-23,,0,
Durham,South Durham,108105.0,,2023-10-24,,0,
Durham,South Durham,108105.0,,2023-10-25,41242.83443307568,0,14730404.5115604
Durham,South Durham,108105.0,,2023-10-26,,0,
Durham,South Durham,108105.0,,2023-10-27,,0,
Durham,South Durham,108105.0,,2023-10-28,90591.10331594372,0,31086914.6887128
Durham,South Durham,108105.0,,2023-10-29,,0,
Durham,South Durham,108105.0,,2023-10-30,,0,
Durham,South Durham,108105.0,,2023-10-31,,0,
Durham,South Durham,108105.0,,2023-11-01,58727.471518671155,0,20563986.003124505
Durham,South Durham,108105.0,,2023-11-02,,0,
Durham,South Durham,108105.0,,2023-11-03,,0,
Durham,South Durham,108105.0,,2023-11-04,74932.08925420402,0,25451042.2961915
Durham,South Durham,108105.0,,2023-11-05,,0,
Durham,South Durham,108105.0,,2023-11-06,,0,
Durham,South Durham,108105.0,,2023-11-07,,0,
Durham,South Durham,108105.0,,2023-11-08,59172.20496901573,0,20512516.5388108
Durham,South Durham,108105.0,,2023-11-09,,0,
Durham,South Durham,108105.0,,2023-11-10,67831.40865410364,0,23276780.3554746
Durham,South Durham,108105.0,,2023-11-11,,0,
Durham,South Durham,108105.0,,2023-11-12,,0,
Durham,South Durham,108105.0,,2023-11-13,,0,
Durham,South Durham,108105.0,,2023-11-14,,0,
Durham,South Durham,108105.0,,2023-11-15,63477.42563588813,0,21782683.3228851
Durham,South Durham,108105.0,,2023-11-16,,0,
Durham,South Durham,108105.0,,2023-11-17,,0,
Durham,South Durham,108105.0,,2023-11-18,95925.29801882294,0,31909702.7856648
Durham,South Durham,108105.0,,2023-11-19,,0,
Durham,South Durham,108105.0,,2023-11-20,,0,
Durham,South Durham,108105.0,,2023-11-21,,0,
Durham,South Durham,108105.0,,2023-11-22,82518.37871103316,0,28027761.7732354
Durham,South Durham,108105.0,,2023-11-23,,0,
Durham,South Durham,108105.0,,2023-11-24,,0,
Durham,South Durham,108105.0,,2023-11-25,,0,
Durham,South Durham,108105.0,,2023-11-26,,0,
Durham,South Durham,108105.0,,2023-11-27,,0,
Durham,South Durham,108105.0,,2023-11-28,,0,
Durham,South Durham,108105.0,,2023-11-29,93802.14228686715,0,32845717.5350545
Durham,South Durham,108105.0,,2023-11-30,,0,
Durham,South Durham,108105.0,,2023-12-01,,0,
Durham,South Durham,108105.0,,2023-12-02,127539.83848194282,0,44212701.6829611
Durham,South Durham,108105.0,,2023-12-03,,0,
Durham,South Durham,108105.0,,2023-12-04,,0,
Durham,South Durham,108105.0,,2023-12-05,,0,
Durham,South Durham,108105.0,,2023-12-06,103658.9159097926,0,35934189.5085407
Durham,South Durham,108105.0,,2023-12-07,,0,
Durham,South Durham,108105.0,,2023-12-08,,0,
Durham,South Durham,108105.0,,2023-12-09,118558.65721236895,0,39853870.1606061
Durham,South Durham,108105.0,,2023-12-10,,0,
Durham,South Durham,108105.0,,2023-12-11,,0,
Durham,South Durham,108105.0,,2023-12-12,,0,
Durham,South Durham,108105.0,,2023-12-13,39422.428768826416,0,24433328.8464809
Durham,South Durham,108105.0,,2023-12-14,,0,
Durham,South Durham,108105.0,,2023-12-15,,0,
Durham,South Durham,108105.0,,2023-12-16,88686.48600547898,0,33849319.4853524
Durham,South Durham,108105.0,,2023-12-17,,0,
Durham,South Durham,108105.0,,2023-12-18,,0,
Durham,South Durham,108105.0,,2023-12-19,,0,
Durham,South Durham,108105.0,,2023-12-20,84341.98655872338,0,55817660.116336
Durham,South Durham,108105.0,,2023-12-21,,0,
Durham,South Durham,108105.0,,2023-12-22,,0,
Durham,South Durham,108105.0,,2023-12-23,139975.56494379352,0,49013783.22355459
Durham,South Durham,108105.0,,2023-12-24,,0,
Durham,South Durham,108105.0,,2023-12-25,,0,
Durham,South Durham,108105.0,,2023-12-26,,0,
Durham,South Durham,108105.0,,2023-12-27,,0,
Durham,South Durham,108105.0,,2023-12-28,,0,
Durham,South Durham,108105.0,,2023-12-29,,0,
Durham,South Durham,108105.0,,2023-12-30,178100.7130811103,0,84814589.2830343
Durham,South Durham,108105.0,,2023-12-31,,0,
Durham,South Durham,108105.0,,2024-01-01,,0,
Durham,South Durham,108105.0,,2024-01-02,,0,
Durham,South Durham,108105.0,,2024-01-03,112394.47621587722,0,36994641.0666968
Durham,South Durham,108105.0,,2024-01-04,,0,
Durham,South Durham,108105.0,,2024-01-05,,0,
Durham,South Durham,108105.0,,2024-01-06,315658.8031403529,0,108320330.857901
Durham,South Durham,108105.0,,2024-01-07,,0,
Durham,South Durham,108105.0,,2024-01-08,,0,
Durham,South Durham,108105.0,,2024-01-09,,0,
Durham,South Durham,108105.0,,2024-01-10,165427.3698464178,0,64297833.5929383
Durham,South Durham,108105.0,,2024-01-11,,0,
Durham,South Durham,108105.0,,2024-01-12,,0,
Durham,South Durham,108105.0,,2024-01-13,172259.1536029364,0,77810465.9416896
Durham,South Durham,108105.0,,2024-01-14,,0,
Durham,South Durham,108105.0,,2024-01-15,,0,
Durham,South Durham,108105.0,,2024-01-16,,0,
Durham,South Durham,108105.0,,2024-01-17,92752.10259468923,0,39298423.6701302
Durham,South Durham,108105.0,,2024-01-18,,0,
Durham,South Durham,108105.0,,2024-01-19,,0,
Durham,South Durham,108105.0,,2024-01-20,45846.26484240567,0,18140464.3222718
Durham,South Durham,108105.0,,2024-01-21,,0,
Durham,South Durham,108105.0,,2024-01-22,,0,
Durham,South Durham,108105.0,,2024-01-23,,0,
Durham,South Durham,108105.0,,2024-01-24,221309.5803300662,0,81368350.1827397
Durham,South Durham,108105.0,,2024-01-25,,0,
Durham,South Durham,108105.0,,2024-01-26,,0,
Durham,South Durham,108105.0,,2024-01-27,284568.53304608335,0,115587497.432261
Durham,South Durham,108105.0,,2024-01-28,,0,
Durham,South Durham,108105.0,,2024-01-29,,0,
Durham,South Durham,108105.0,,2024-01-30,,0,
Durham,South Durham,108105.0,,2024-01-31,153306.9604852401,0,69786468.5895265
Durham,South Durham,108105.0,,2024-02-01,,0,
Durham,South Durham,108105.0,,2024-02-02,,0,
Durham,South Durham,108105.0,,2024-02-03,123819.99999999997,0,50293838.8122658
Durham,South Durham,108105.0,,2024-02-04,,0,
Durham,South Durham,108105.0,,2024-02-05,,0,
Durham,South Durham,108105.0,,2024-02-06,,0,
Durham,South Durham,108105.0,,2024-02-07,71959.58608054802,0,27969044.6358383
Durham,South Durham,108105.0,,2024-02-08,,0,
Durham,South Durham,108105.0,,2024-02-09,,0,
Durham,South Durham,108105.0,,2024-02-10,176356.89269206332,0,66075766.9218163
Durham,South Durham,108105.0,,2024-02-11,,0,
Durham,South Durham,108105.0,,2024-02-12,,0,
Durham,South Durham,108105.0,,2024-02-13,,0,
Durham,South Durham,108105.0,,2024-02-14,151193.71228988524,0,60353794.3196364
Durham,South Durham,108105.0,,2024-02-15,,0,
Durham,South Durham,108105.0,,2024-02-16,,0,
Durham,South Durham,108105.0,,2024-02-17,125518.80974579068,0,47907257.1693048
Durham,South Durham,108105.0,,2024-02-18,,0,
Durham,South Durham,108105.0,,2024-02-19,,0,
Durham,South Durham,108105.0,,2024-02-20,,0,
Durham,South Durham,108105.0,,2024-02-21,64424.01154621285,0,23912205.0326494
Durham,South Durham,108105.0,,2024-02-22,,0,
Durham,South Durham,108105.0,,2024-02-23,,0,
Durham,South Durham,108105.0,,2024-02-24,179030.65659266288,0,65823762.0682818
Durham,South Durham,108105.0,,2024-02-25,,0,
Durham,South Durham,108105.0,,2024-02-26,,0,
Durham,South Durham,108105.0,,2024-02-27,,0,
Durham,South Durham,108105.0,,2024-02-28,93355.26346999986,0,34323700.5740996
Durham,South Durham,108105.0,,2024-02-29,,0,
Durham,South Durham,108105.0,,2024-03-01,,0,
Durham,South Durham,108105.0,,2024-03-02,142597.75313797905,0,56423123.2822914
Durham,South Durham,108105.0,,2024-03-03,,0,
Durham,South Durham,108105.0,,2024-03-04,,0,
Durham,South Durham,108105.0,,2024-03-05,,0,
Durham,South Durham,108105.0,,2024-03-06,38882.37342085749,0,17018793.80548
Durham,South Durham,108105.0,,2024-03-07,,0,
Durham,South Durham,108105.0,,2024-03-08,,0,
Durham,South Durham,108105.0,,2024-03-09,50466.289738794956,0,23149342.9593614
Durham,South Durham,108105.0,,2024-03-10,,0,
Durham,South Durham,108105.0,,2024-03-11,,0,
Durham,South Durham,108105.0,,2024-03-12,,0,
Durham,South Durham,108105.0,,2024-03-13,42761.14186316222,0,19165725.341407105
Durham,South Durham,108105.0,,2024-03-14,,0,
Durham,South Durham,108105.0,,2024-03-15,,0,
Durham,South Durham,108105.0,,2024-03-16,44115.03145187596,0,17918868.3656815
Durham,South Durham,108105.0,,2024-03-17,,0,
Durham,South Durham,108105.0,,2024-03-18,,0,
Durham,South Durham,108105.0,,2024-03-19,,0,
Durham,South Durham,108105.0,,2024-03-20,21885.33202120815,0,8966129.31175296
Durham,South Durham,108105.0,,2024-03-21,,0,
Durham,South Durham,108105.0,,2024-03-22,,0,
Durham,South Durham,108105.0,,2024-03-23,12074.767078498873,0,4862309.49482374
Durham,South Durham,108105.0,,2024-03-24,,0,
Durham,South Durham,108105.0,,2024-03-25,,0,
Durham,South Durham,108105.0,,2024-03-26,,0,
Durham,South Durham,108105.0,,2024-03-27,15661.833961870228,0,6416444.96986616
Durham,South Durham,108105.0,,2024-03-28,,0,
Durham,South Durham,108105.0,,2024-03-29,,0,
Durham,South Durham,108105.0,,2024-03-30,,0,
Durham,South Durham,108105.0,,2024-03-31,,0,
Durham,South Durham,108105.0,,2024-04-01,,0,
Durham,South Durham,108105.0,,2024-04-02,,0,
Durham,South Durham,108105.0,,2024-04-03,,0,7128083.30356315
Durham,South Durham,108105.0,,2024-04-04,,0,
Durham,South Durham,108105.0,,2024-04-05,,0,
Durham,South Durham,108105.0,,2024-04-06,13300.000000000011,0,6193972.58221173
Durham,South Durham,108105.0,,2024-04-07,,0,
Durham,South Durham,108105.0,,2024-04-08,,0,
Durham,South Durham,108105.0,,2024-04-09,,0,
Durham,South Durham,108105.0,,2024-04-10,13072.132385214827,0,5721665.27114752
Durham,South Durham,108105.0,,2024-04-11,,0,
Durham,South Durham,108105.0,,2024-04-12,,0,
Durham,South Durham,108105.0,,2024-04-13,9353.074360871939,0,4159336.9558085706
Durham,South Durham,108105.0,,2024-04-14,,0,
Durham,South Durham,108105.0,,2024-04-15,,0,
Durham,South Durham,108105.0,,2024-04-16,,0,
Durham,South Durham,108105.0,,2024-04-17,10862.932003228445,0,4754699.45944
Durham,South Durham,108105.0,,2024-04-18,,0,
Durham,South Durham,108105.0,,2024-04-19,,0,
Durham,South Durham,108105.0,,2024-04-20,32279.374219460973,0,13450488.7260268
Durham,South Durham,108105.0,,2024-04-21,,0,
Durham,South Durham,108105.0,,2024-04-22,,0,
Durham,South Durham,108105.0,,2024-04-23,,0,
Durham,South Durham,108105.0,,2024-04-24,21809.843077097765,0,9087941.00004763
Durham,South Durham,108105.0,,2024-04-25,,0,
Durham,South Durham,108105.0,,2024-04-26,,0,
Durham,South Durham,108105.0,,2024-04-27,10315.03756658211,0,4442648.17923169
Durham,South Durham,108105.0,,2024-04-28,,0,
Durham,South Durham,108105.0,,2024-04-29,,0,
Durham,South Durham,108105.0,,2024-04-30,,0,
Durham,South Durham,108105.0,,2024-05-01,0.0,0,1126512.60181829
Durham,South Durham,108105.0,,2024-05-02,,0,
Durham,South Durham,108105.0,,2024-05-03,,0,
Durham,South Durham,108105.0,,2024-05-04,20159.821427780596,0,7694478.234648289
Durham,South Durham,108105.0,,2024-05-05,,0,
Durham,South Durham,108105.0,,2024-05-06,,0,
Durham,South Durham,108105.0,,2024-05-07,,0,
Durham,South Durham,108105.0,,2024-05-08,,0,4549045.34603192
Durham,South Durham,108105.0,,2024-05-09,,0,
Durham,South Durham,108105.0,,2024-05-10,,0,
Durham,South Durham,108105.0,,2024-05-11,20768.244990850842,0,8944805.60045243
Durham,South Durham,108105.0,,2024-05-12,,0,
Durham,South Durham,108105.0,,2024-05-13,,0,
Durham,South Durham,108105.0,,2024-05-14,,0,
Durham,South Durham,108105.0,,2024-05-15,32048.86269432977,0,13129992.587433
Forsyth,Winston Salem - Salem,178000.0,0.11000000000000001,2021-06-19,0.0,0,240667.062501914
Forsyth,Winston Salem - Salem,178000.0,0.11000000000000001,2021-06-20,,0,
Forsyth,Winston Salem - Salem,178000.0,0.11000000000000001,2021-06-21,,0,
Forsyth,Winston Salem - Salem,178000.0,0.51,2021-07-10,0.0,0,63247.6969480409
Forsyth,Winston Salem - Salem,178000.0,0.34,2021-07-11,,0,
Forsyth,Winston Salem - Salem,178000.0,0.39,2021-07-12,,0,
Forsyth,Winston Salem - Salem,178000.0,0.5599999999999999,2021-07-13,,0,
Forsyth,Winston Salem - Salem,178000.0,0.96,2021-07-14,6314.665470157548,0,1072973.2697706
Forsyth,Winston Salem - Salem,178000.0,1.1199999999999999,2021-07-15,,0,
Forsyth,Winston Salem - Salem,178000.0,0.45,2021-07-16,,0,
Forsyth,Winston Salem - Salem,178000.0,1.01,2021-07-17,0.0,0,615976.086726067
Forsyth,Winston Salem - Salem,178000.0,0.8400000000000001,2021-07-18,,0,
Forsyth,Winston Salem - Salem,178000.0,0.9,2021-07-19,,0,
Forsyth,Winston Salem - Salem,178000.0,1.9100000000000001,2021-07-20,,0,
Forsyth,Winston Salem - Salem,178000.0,0.96,2021-07-21,0.0,0,188972.11575142
Forsyth,Winston Salem - Salem,178000.0,1.35,2021-07-22,,0,
Forsyth,Winston Salem - Salem,178000.0,1.1199999999999999,2021-07-23,,0,
Forsyth,Winston Salem - Salem,178000.0,2.08,2021-07-24,,0,
Forsyth,Winston Salem - Salem,178000.0,0.6200000000000001,2021-07-25,,0,
Forsyth,Winston Salem - Salem,178000.0,1.29,2021-07-26,,0,
Forsyth,Winston Salem - Salem,178000.0,1.9100000000000001,2021-07-27,,0,
Forsyth,Winston Salem - Salem,178000.0,2.5300000000000002,2021-07-28,17298.843892006218,0,2681861.73227839
Forsyth,Winston Salem - Salem,178000.0,2.8100000000000005,2021-07-29,,0,
Forsyth,Winston Salem - Salem,178000.0,2.92,2021-07-30,,0,
Forsyth,Winston Salem - Salem,178000.0,2.3000000000000003,2021-07-31,9874.208829065745,0,2183873.21941614
Forsyth,Winston Salem - Salem,178000.0,2.08,2021-08-01,,0,
Forsyth,Winston Salem - Salem,178000.0,2.3000000000000003,2021-08-02,,0,
Forsyth,Winston Salem - Salem,178000.0,3.88,2021-08-03,,0,
Forsyth,Winston Salem - Salem,178000.0,3.3100000000000005,2021-08-04,45749.31693479154,0,9213536.66942342
Forsyth,Winston Salem - Salem,178000.0,4.55,2021-08-05,,0,
Forsyth,Winston Salem - Salem,178000.0,3.6500000000000004,2021-08-06,,0,
Forsyth,Winston Salem - Salem,178000.0,2.47,2021-08-07,,0,
Forsyth,Winston Salem - Salem,178000.0,2.7,2021-08-08,,0,
Forsyth,Winston Salem - Salem,178000.0,2.08,2021-08-09,,0,
Forsyth,Winston Salem - Salem,178000.0,5.84,2021-08-10,,0,
Forsyth,Winston Salem - Salem,178000.0,4.21,2021-08-11,,0,
Forsyth,Winston Salem - Salem,178000.0,5.45,2021-08-12,,0,
Forsyth,Winston Salem - Salem,178000.0,5.960000000000001,2021-08-13,,0,
Forsyth,Winston Salem - Salem,178000.0,6.24,2021-08-14,34322.91508598885,0,8613069.4418243
Forsyth,Winston Salem - Salem,178000.0,3.4299999999999997,2021-08-15,,0,
Forsyth,Winston Salem - Salem,178000.0,3.6500000000000004,2021-08-16,,0,
Forsyth,Winston Salem - Salem,178000.0,6.07,2021-08-17,,0,
Forsyth,Winston Salem - Salem,178000.0,4.83,2021-08-18,28973.047820345073,0,7640251.307400341
Forsyth,Winston Salem - Salem,178000.0,6.5200000000000005,2021-08-19,,0,
Forsyth,Winston Salem - Salem,178000.0,5.220000000000001,2021-08-20,,0,
Forsyth,Winston Salem - Salem,178000.0,6.63,2021-08-21,18103.8669902317,0,4562275.17158512
Forsyth,Winston Salem - Salem,178000.0,4.61,2021-08-22,,0,
Forsyth,Winston Salem - Salem,178000.0,3.8200000000000003,2021-08-23,,0,
Forsyth,Winston Salem - Salem,178000.0,8.76,2021-08-24,,0,
Forsyth,Winston Salem - Salem,178000.0,6.18,2021-08-25,28429.737951659023,0,6166870.1484862
Forsyth,Winston Salem - Salem,178000.0,8.03,2021-08-26,,0,
Forsyth,Winston Salem - Salem,178000.0,6.57,2021-08-27,,0,
Forsyth,Winston Salem - Salem,178000.0,6.91,2021-08-28,60513.42826183299,0,12521500.449219
Forsyth,Winston Salem - Salem,178000.0,3.99,2021-08-29,,0,
Forsyth,Winston Salem - Salem,178000.0,3.48,2021-08-30,,0,
Forsyth,Winston Salem - Salem,178000.0,6.8500000000000005,2021-08-31,,0,
Forsyth,Winston Salem - Salem,178000.0,7.98,2021-09-01,101334.84099755621,0,21097609.8911682
Forsyth,Winston Salem - Salem,178000.0,6.010000000000001,2021-09-02,,0,
Forsyth,Winston Salem - Salem,178000.0,7.53,2021-09-03,,0,
Forsyth,Winston Salem - Salem,178000.0,7.25,2021-09-04,68373.97165588671,0,13668172.043136
Forsyth,Winston Salem - Salem,178000.0,4.04,2021-09-05,,0,
Forsyth,Winston Salem - Salem,178000.0,4.21,2021-09-06,,0,
Forsyth,Winston Salem - Salem,178000.0,3.54,2021-09-07,,0,
Forsyth,Winston Salem - Salem,178000.0,7.25,2021-09-08,146969.38456699075,0,34349177.5991874
Forsyth,Winston Salem - Salem,178000.0,7.300000000000001,2021-09-09,,0,
Forsyth,Winston Salem - Salem,178000.0,5.45,2021-09-10,,0,
Forsyth,Winston Salem - Salem,178000.0,5.84,2021-09-11,59529.40449895334,0,26585363.840433095
Forsyth,Winston Salem - Salem,178000.0,3.2600000000000002,2021-09-12,,0,
Forsyth,Winston Salem - Salem,178000.0,3.4299999999999997,2021-09-13,,0,
Forsyth,Winston Salem - Salem,178000.0,6.57,2021-09-14,,0,
Forsyth,Winston Salem - Salem,178000.0,6.24,2021-09-15,30844.36739503663,0,13118906.5547384
Forsyth,Winston Salem - Salem,178000.0,6.970000000000001,2021-09-16,,0,
Forsyth,Winston Salem - Salem,178000.0,5.28,2021-09-17,,0,
Forsyth,Winston Salem - Salem,178000.0,4.44,2021-09-18,32418.166203534733,0,4894840.77001521
Forsyth,Winston Salem - Salem,178000.0,2.87,2021-09-19,,0,
Forsyth,Winston Salem - Salem,178000.0,3.2,2021-09-20,,0,
Forsyth,Winston Salem - Salem,178000.0,5.84,2021-09-21,,0,
Forsyth,Winston Salem - Salem,178000.0,4.61,2021-09-22,106917.02390171551,0,15461354.9184683
Forsyth,Winston Salem - Salem,178000.0,4.78,2021-09-23,,0,
Forsyth,Winston Salem - Salem,178000.0,5.28,2021-09-24,,0,
Forsyth,Winston Salem - Salem,178000.0,4.94,2021-09-25,22197.972880423098,0,3096769.8590595
Forsyth,Winston Salem - Salem,178000.0,2.1300000000000003,2021-09-26,,0,
Forsyth,Winston Salem - Salem,178000.0,3.4299999999999997,2021-09-27,,0,
Forsyth,Winston Salem - Salem,178000.0,4.44,2021-09-28,,0,
Forsyth,Winston Salem - Salem,178000.0,3.99,2021-09-29,28869.317622694176,0,7379598.97441538
Forsyth,Winston Salem - Salem,178000.0,3.7600000000000002,2021-09-30,,0,
Forsyth,Winston Salem - Salem,178000.0,3.8200000000000003,2021-10-01,,0,
Forsyth,Winston Salem - Salem,178000.0,4.1000000000000005,2021-10-02,68373.97165588671,0,14758717.6848756
Forsyth,Winston Salem - Salem,178000.0,2.08,2021-10-03,,0,
Forsyth,Winston Salem - Salem,178000.0,2.47,2021-10-04,,0,
Forsyth,Winston Salem - Salem,178000.0,4.33,2021-10-05,,0,
Forsyth,Winston Salem - Salem,178000.0,3.48,2021-10-06,51798.88994949605,0,9914132.93333372
Forsyth,Winston Salem - Salem,178000.0,3.7100000000000004,2021-10-07,,0,
Forsyth,Winston Salem - Salem,178000.0,2.9800000000000004,2021-10-08,,0,
Forsyth,Winston Salem - Salem,178000.0,2.92,2021-10-09,44335.369627420514,0,12228750.5235598
Forsyth,Winston Salem - Salem,178000.0,1.35,2021-10-10,,0,
Forsyth,Winston Salem - Salem,178000.0,1.85,2021-10-11,,0,
Forsyth,Winston Salem - Salem,178000.0,2.3600000000000003,2021-10-12,,0,
Forsyth,Winston Salem - Salem,178000.0,3.09,2021-10-13,8624.094155330182,0,1359012.56727808
Forsyth,Winston Salem - Salem,178000.0,2.02,2021-10-14,,0,
Forsyth,Winston Salem - Salem,178000.0,2.92,2021-10-15,,0,
Forsyth,Winston Salem - Salem,178000.0,2.19,2021-10-16,22348.098353103793,0,4467455.16940948
Forsyth,Winston Salem - Salem,178000.0,1.9100000000000001,2021-10-17,,0,
Forsyth,Winston Salem - Salem,178000.0,1.07,2021-10-18,,0,
Forsyth,Winston Salem - Salem,178000.0,1.85,2021-10-19,,0,
Forsyth,Winston Salem - Salem,178000.0,1.74,2021-10-20,28370.318997149145,0,7390810.77395871
Forsyth,Winston Salem - Salem,178000.0,1.29,2021-10-21,,0,
Forsyth,Winston Salem - Salem,178000.0,0.79,2021-10-22,,0,
Forsyth,Winston Salem - Salem,178000.0,0.67,2021-10-23,7862.092596758193,0,2364173.4694661
Forsyth,Winston Salem - Salem,178000.0,1.6300000000000001,2021-10-24,,0,
Forsyth,Winston Salem - Salem,178000.0,1.1800000000000002,2021-10-25,,0,
Forsyth,Winston Salem - Salem,178000.0,1.8,2021-10-26,,0,
Forsyth,Winston Salem - Salem,178000.0,1.46,2021-10-27,24140.21540914665,0,5354479.06631485
Forsyth,Winston Salem - Salem,178000.0,1.2400000000000002,2021-10-28,,0,
Forsyth,Winston Salem - Salem,178000.0,1.1800000000000002,2021-10-29,,0,
Forsyth,Winston Salem - Salem,178000.0,1.1199999999999999,2021-10-30,19442.222095223588,0,4196659.3444971
Forsyth,Winston Salem - Salem,178000.0,1.57,2021-10-31,,0,
Forsyth,Winston Salem - Salem,178000.0,0.96,2021-11-01,,0,
Forsyth,Winston Salem - Salem,178000.0,2.1300000000000003,2021-11-02,,0,
Forsyth,Winston Salem - Salem,178000.0,1.52,2021-11-03,4743.416490252579,0,1051116.25792441
Forsyth,Winston Salem - Salem,178000.0,1.2400000000000002,2021-11-04,,0,
Forsyth,Winston Salem - Salem,178000.0,1.1800000000000002,2021-11-05,,0,
Forsyth,Winston Salem - Salem,178000.0,1.46,2021-11-06,15927.570436196493,0,3864799.3748534895
Forsyth,Winston Salem - Salem,178000.0,1.07,2021-11-07,,0,
Forsyth,Winston Salem - Salem,178000.0,0.5599999999999999,2021-11-08,,0,
Forsyth,Winston Salem - Salem,178000.0,2.87,2021-11-09,,0,
Forsyth,Winston Salem - Salem,178000.0,2.3600000000000003,2021-11-10,62299.67897188563,0,13209085.2340357
Forsyth,Winston Salem - Salem,178000.0,2.08,2021-11-11,,0,
Forsyth,Winston Salem - Salem,178000.0,1.4000000000000001,2021-11-12,,0,
Forsyth,Winston Salem - Salem,178000.0,2.02,2021-11-13,12134.661099511604,0,1883832.50966554
Forsyth,Winston Salem - Salem,178000.0,2.25,2021-11-14,,0,
Forsyth,Winston Salem - Salem,178000.0,1.9100000000000001,2021-11-15,,0,
Forsyth,Winston Salem - Salem,178000.0,3.2,2021-11-16,,0,
Forsyth,Winston Salem - Salem,178000.0,3.09,2021-11-17,13964.240043768945,0,2316347.34405127
Forsyth,Winston Salem - Salem,178000.0,2.02,2021-11-18,,0,
Forsyth,Winston Salem - Salem,178000.0,2.3600000000000003,2021-11-19,,0,
Forsyth,Winston Salem - Salem,178000.0,3.2,2021-11-20,35003.57124637434,0,5136333.5860257
Forsyth,Winston Salem - Salem,178000.0,1.52,2021-11-21,,0,
Forsyth,Winston Salem - Salem,178000.0,1.2400000000000002,2021-11-22,,0,
Forsyth,Winston Salem - Salem,178000.0,2.75,2021-11-23,,0,
Forsyth,Winston Salem - Salem,178000.0,2.25,2021-11-24,35619.517121937475,0,4991892.42442242
Forsyth,Winston Salem - Salem,178000.0,2.64,2021-11-25,,0,
Forsyth,Winston Salem - Salem,178000.0,1.57,2021-11-26,,0,
Forsyth,Winston Salem - Salem,178000.0,1.97,2021-11-27,,0,
Forsyth,Winston Salem - Salem,178000.0,2.02,2021-11-28,,0,
Forsyth,Winston Salem - Salem,178000.0,2.5300000000000002,2021-11-29,,0,
Forsyth,Winston Salem - Salem,178000.0,4.78,2021-11-30,,0,
Forsyth,Winston Salem - Salem,178000.0,3.7600000000000002,2021-12-01,25769.71689086552,0,10442485.7197104
Forsyth,Winston Salem - Salem,178000.0,3.9299999999999997,2021-12-02,,0,
Forsyth,Winston Salem - Salem,178000.0,3.1500000000000004,2021-12-03,,0,
Forsyth,Winston Salem - Salem,178000.0,3.3700000000000006,2021-12-04,,0,
Forsyth,Winston Salem - Salem,178000.0,2.8100000000000005,2021-12-05,,0,
Forsyth,Winston Salem - Salem,178000.0,2.25,2021-12-06,,0,
Forsyth,Winston Salem - Salem,178000.0,4.2700000000000005,2021-12-07,,0,
Forsyth,Winston Salem - Salem,178000.0,3.2600000000000002,2021-12-08,21428.66071409972,0,4434040.38516517
Forsyth,Winston Salem - Salem,178000.0,4.16,2021-12-09,,0,
Forsyth,Winston Salem - Salem,178000.0,3.48,2021-12-10,,0,
Forsyth,Winston Salem - Salem,178000.0,3.2600000000000002,2021-12-11,23689.396362085718,0,4962288.3918092
Forsyth,Winston Salem - Salem,178000.0,2.47,2021-12-12,,0,
Forsyth,Winston Salem - Salem,178000.0,2.42,2021-12-13,,0,
Forsyth,Winston Salem - Salem,178000.0,4.2700000000000005,2021-12-14,,0,
Forsyth,Winston Salem - Salem,178000.0,2.19,2021-12-15,31695.819913673207,0,7893155.5447824
Forsyth,Winston Salem - Salem,178000.0,3.6,2021-12-16,,0,
Forsyth,Winston Salem - Salem,178000.0,4.44,2021-12-17,,0,
Forsyth,Winston Salem - Salem,178000.0,3.0300000000000002,2021-12-18,32538.438807047856,0,8421298.57408215
Forsyth,Winston Salem - Salem,178000.0,3.1500000000000004,2021-12-19,,0,
Forsyth,Winston Salem - Salem,178000.0,3.3100000000000005,2021-12-20,,0,
Forsyth,Winston Salem - Salem,178000.0,4.61,2021-12-21,,0,
Forsyth,Winston Salem - Salem,178000.0,5.5600000000000005,2021-12-22,47341.84195825081,0,9856429.47018196
Forsyth,Winston Salem - Salem,178000.0,5.9,2021-12-23,,0,
Forsyth,Winston Salem - Salem,178000.0,8.370000000000001,2021-12-24,,0,
Forsyth,Winston Salem - Salem,178000.0,4.890000000000001,2021-12-25,,0,
Forsyth,Winston Salem - Salem,178000.0,5.11,2021-12-26,,0,
Forsyth,Winston Salem - Salem,178000.0,8.6,2021-12-27,,0,
Forsyth,Winston Salem - Salem,178000.0,18.2,2021-12-28,,0,
Forsyth,Winston Salem - Salem,178000.0,21.180000000000003,2021-12-29,122321.29822725084,0,28380406.244920895
Forsyth,Winston Salem - Salem,178000.0,22.92,2021-12-30,,0,
Forsyth,Winston Salem - Salem,178000.0,21.85,2021-12-31,,0,
Forsyth,Winston Salem - Salem,178000.0,18.430000000000003,2022-01-01,,0,
Forsyth,Winston Salem - Salem,178000.0,10.11,2022-01-02,,0,
Forsyth,Winston Salem - Salem,178000.0,12.36,2022-01-03,,0,
Forsyth,Winston Salem - Salem,178000.0,26.180000000000003,2022-01-04,,0,
Forsyth,Winston Salem - Salem,178000.0,9.83,2022-01-18,,0,
Forsyth,Winston Salem - Salem,178000.0,22.080000000000002,2022-01-19,477611.2435862461,0,93850866.952784
Forsyth,Winston Salem - Salem,178000.0,27.080000000000002,2022-01-20,,0,
Forsyth,Winston Salem - Salem,178000.0,27.080000000000002,2022-01-21,,0,
Forsyth,Winston Salem - Salem,178000.0,21.8,2022-01-22,86602.54037844381,0,17054280.1898184
Forsyth,Winston Salem - Salem,178000.0,9.33,2022-01-23,,0,
Forsyth,Winston Salem - Salem,178000.0,9.270000000000001,2022-01-24,,0,
Forsyth,Winston Salem - Salem,178000.0,24.55,2022-01-25,,0,
Forsyth,Winston Salem - Salem,178000.0,16.740000000000002,2022-01-26,,0,
Forsyth,Winston Salem - Salem,178000.0,15.96,2022-01-27,,0,
Forsyth,Winston Salem - Salem,178000.0,12.08,2022-01-28,,0,
Forsyth,Winston Salem - Salem,178000.0,11.850000000000001,2022-01-29,96144.42261514702,0,20364568.3695454
Forsyth,Winston Salem - Salem,178000.0,4.83,2022-01-30,,0,
Forsyth,Winston Salem - Salem,178000.0,5.510000000000001,2022-01-31,,0,
Forsyth,Winston Salem - Salem,178000.0,12.08,2022-02-01,,0,
Forsyth,Winston Salem - Salem,178000.0,9.040000000000001,2022-02-02,49937.460888595524,0,11395095.0984478
Forsyth,Winston Salem - Salem,178000.0,8.709999999999999,2022-02-03,,0,
Forsyth,Winston Salem - Salem,178000.0,6.4,2022-02-04,,0,
Forsyth,Winston Salem - Salem,178000.0,6.46,2022-02-05,38402.97020251514,0,6975060.48002911
Forsyth,Winston Salem - Salem,178000.0,3.8200000000000003,2022-02-06,,0,
Forsyth,Winston Salem - Salem,178000.0,3.0300000000000002,2022-02-07,,0,
Forsyth,Winston Salem - Salem,178000.0,5.0,2022-02-08,,0,
Forsyth,Winston Salem - Salem,178000.0,5.45,2022-02-09,24115.797419478644,0,8154823.193361729
Forsyth,Winston Salem - Salem,178000.0,3.9299999999999997,2022-02-10,,0,
Forsyth,Winston Salem - Salem,178000.0,3.1500000000000004,2022-02-11,,0,
Forsyth,Winston Salem - Salem,178000.0,3.9299999999999997,2022-02-12,14465.47614148943,0,3131643.28241247
Forsyth,Winston Salem - Salem,178000.0,1.46,2022-02-13,,0,
Forsyth,Winston Salem - Salem,178000.0,1.35,2022-02-14,,0,
Forsyth,Winston Salem - Salem,178000.0,3.2,2022-02-15,,0,
Forsyth,Winston Salem - Salem,178000.0,2.75,2022-02-16,32136.427928442856,0,7319456.73675452
Forsyth,Winston Salem - Salem,178000.0,3.2600000000000002,2022-02-17,,0,
Forsyth,Winston Salem - Salem,178000.0,1.97,2022-02-18,,0,
Forsyth,Winston Salem - Salem,178000.0,2.25,2022-02-19,30740.852297878766,0,6942760.700577
Forsyth,Winston Salem - Salem,178000.0,0.73,2022-02-20,,0,
Forsyth,Winston Salem - Salem,178000.0,0.96,2022-02-21,,0,
Forsyth,Winston Salem - Salem,178000.0,1.8,2022-02-22,,0,
Forsyth,Winston Salem - Salem,178000.0,1.57,2022-02-23,11185.928660598538,0,2338392.11841846
Forsyth,Winston Salem - Salem,178000.0,1.4000000000000001,2022-02-24,,0,
Forsyth,Winston Salem - Salem,178000.0,0.9,2022-02-25,,0,
Forsyth,Winston Salem - Salem,178000.0,1.4000000000000001,2022-02-26,0.0,0,551239.265114975
Forsyth,Winston Salem - Salem,178000.0,0.67,2022-02-27,,0,
Forsyth,Winston Salem - Salem,178000.0,0.34,2022-02-28,,0,
Forsyth,Winston Salem - Salem,178000.0,1.2400000000000002,2022-03-01,,0,
Forsyth,Winston Salem - Salem,178000.0,0.9,2022-03-02,0.0,0,194716.323882171
Forsyth,Winston Salem - Salem,178000.0,0.73,2022-03-03,,0,
Forsyth,Winston Salem - Salem,178000.0,0.6200000000000001,2022-03-04,,0,
Forsyth,Winston Salem - Salem,178000.0,0.34,2022-03-05,0.0,0,48336.152013238
Forsyth,Winston Salem - Salem,178000.0,0.6200000000000001,2022-03-06,,0,
Forsyth,Winston Salem - Salem,178000.0,0.27999999999999997,2022-03-07,,0,
Forsyth,Winston Salem - Salem,178000.0,0.79,2022-03-08,,0,
Forsyth,Winston Salem - Salem,178000.0,0.34,2022-03-09,0.0,0,39616.6892971246
Forsyth,Winston Salem - Salem,178000.0,0.5599999999999999,2022-03-10,,0,
Forsyth,Winston Salem - Salem,178000.0,0.39,2022-03-11,,0,
Forsyth,Winston Salem - Salem,178000.0,0.11000000000000001,2022-03-12,0.0,0,78854.2715196354
Forsyth,Winston Salem - Salem,178000.0,0.67,2022-03-13,,0,
Forsyth,Winston Salem - Salem,178000.0,0.11000000000000001,2022-03-14,,0,
Forsyth,Winston Salem - Salem,178000.0,0.6200000000000001,2022-03-15,,0,
Forsyth,Winston Salem - Salem,178000.0,0.27999999999999997,2022-03-16,0.0,0,69439.7791667303
Forsyth,Winston Salem - Salem,178000.0,0.11000000000000001,2022-03-17,,0,
Forsyth,Winston Salem - Salem,178000.0,0.5599999999999999,2022-03-18,,0,
Forsyth,Winston Salem - Salem,178000.0,0.11000000000000001,2022-03-19,0.0,0,81381.6520170598
Forsyth,Winston Salem - Salem,178000.0,0.11000000000000001,2022-03-20,,0,
Forsyth,Winston Salem - Salem,178000.0,0.27999999999999997,2022-03-21,,0,
Forsyth,Winston Salem - Salem,178000.0,0.67,2022-03-22,,0,
Forsyth,Winston Salem - Salem,178000.0,0.11000000000000001,2022-03-23,0.0,0,207791.871663701
Forsyth,Winston Salem - Salem,178000.0,0.79,2022-03-24,,0,
Forsyth,Winston Salem - Salem,178000.0,0.34,2022-03-25,,0,
Forsyth,Winston Salem - Salem,178000.0,0.6200000000000001,2022-03-26,0.0,0,74684.09369888551
Forsyth,Winston Salem - Salem,178000.0,0.45,2022-03-27,,0,
Forsyth,Winston Salem - Salem,178000.0,0.34,2022-03-28,,0,
Forsyth,Winston Salem - Salem,178000.0,0.67,2022-03-29,,0,
Forsyth,Winston Salem - Salem,178000.0,0.45,2022-03-30,0.0,0,64953.6787838021
Forsyth,Winston Salem - Salem,178000.0,0.9,2022-03-31,,0,
Forsyth,Winston Salem - Salem,178000.0,0.45,2022-04-01,,0,
Forsyth,Winston Salem - Salem,178000.0,0.51,2022-04-02,3968.626966596889,0,874363.077418688
Forsyth,Winston Salem - Salem,178000.0,0.11000000000000001,2022-04-03,,0,
Forsyth,Winston Salem - Salem,178000.0,0.45,2022-04-04,,0,
Forsyth,Winston Salem - Salem,178000.0,0.27999999999999997,2022-04-05,,0,
Forsyth,Winston Salem - Salem,178000.0,0.73,2022-04-06,0.0,0,220416.442021325
Forsyth,Winston Salem - Salem,178000.0,0.67,2022-04-07,,0,
Forsyth,Winston Salem - Salem,178000.0,0.8400000000000001,2022-04-08,,0,
Forsyth,Winston Salem - Salem,178000.0,0.67,2022-04-09,0.0,0,240675.306177697
Forsyth,Winston Salem - Salem,178000.0,0.39,2022-04-10,,0,
Forsyth,Winston Salem - Salem,178000.0,0.34,2022-04-11,,0,
Forsyth,Winston Salem - Salem,178000.0,0.79,2022-04-12,,0,
Forsyth,Winston Salem - Salem,178000.0,0.67,2022-04-13,0.0,0,68807.9340423742
Forsyth,Winston Salem - Salem,178000.0,0.96,2022-04-14,,0,
Forsyth,Winston Salem - Salem,178000.0,0.73,2022-04-15,,0,
Forsyth,Winston Salem - Salem,178000.0,1.1800000000000002,2022-04-16,,0,
Forsyth,Winston Salem - Salem,178000.0,0.79,2022-04-17,,0,
Forsyth,Winston Salem - Salem,178000.0,0.8400000000000001,2022-04-18,,0,
Forsyth,Winston Salem - Salem,178000.0,1.29,2022-04-19,,0,
Forsyth,Winston Salem - Salem,178000.0,1.85,2022-04-20,22500.0,0,7402264.634831461
Forsyth,Winston Salem - Salem,178000.0,1.69,2022-04-21,,0,
Forsyth,Winston Salem - Salem,178000.0,1.35,2022-04-22,,0,
Forsyth,Winston Salem - Salem,178000.0,1.4000000000000001,2022-04-23,14598.80132065645,0,3197762.44914546
Forsyth,Winston Salem - Salem,178000.0,1.01,2022-04-24,,0,
Forsyth,Winston Salem - Salem,178000.0,1.35,2022-04-25,,0,
Forsyth,Winston Salem - Salem,178000.0,3.2,2022-04-26,,0,
Forsyth,Winston Salem - Salem,178000.0,2.8100000000000005,2022-04-27,7462.40577829965,0,1682195.63388573
Forsyth,Winston Salem - Salem,178000.0,2.8100000000000005,2022-04-28,,0,
Forsyth,Winston Salem - Salem,178000.0,2.3000000000000003,2022-04-29,,0,
Forsyth,Winston Salem - Salem,178000.0,2.42,2022-04-30,34183.329270274466,0,5568457.42464538
Forsyth,Winston Salem - Salem,178000.0,1.6300000000000001,2022-05-01,,0,
Forsyth,Winston Salem - Salem,178000.0,1.52,2022-05-02,,0,
Forsyth,Winston Salem - Salem,178000.0,3.0300000000000002,2022-05-03,,0,
Forsyth,Winston Salem - Salem,178000.0,2.9800000000000004,2022-05-04,28062.43040080458,0,3879094.9789597495
Forsyth,Winston Salem - Salem,178000.0,2.8100000000000005,2022-05-05,,0,
Forsyth,Winston Salem - Salem,178000.0,2.75,2022-05-06,,0,
Forsyth,Winston Salem - Salem,178000.0,2.9800000000000004,2022-05-07,33844.312668452905,0,7024692.0734246
Forsyth,Winston Salem - Salem,178000.0,1.74,2022-05-08,,0,
Forsyth,Winston Salem - Salem,178000.0,1.9100000000000001,2022-05-09,,0,
Forsyth,Winston Salem - Salem,178000.0,3.88,2022-05-10,,0,
Forsyth,Winston Salem - Salem,178000.0,4.04,2022-05-11,27590.759322642785,0,5879266.54273101
Forsyth,Winston Salem - Salem,178000.0,3.7100000000000004,2022-05-12,,0,
Forsyth,Winston Salem - Salem,178000.0,3.8200000000000003,2022-05-13,,0,
Forsyth,Winston Salem - Salem,178000.0,4.38,2022-05-14,19118.05429430517,0,3577817.1235159
Forsyth,Winston Salem - Salem,178000.0,2.02,2022-05-15,,0,
Forsyth,Winston Salem - Salem,178000.0,2.08,2022-05-16,,0,
Forsyth,Winston Salem - Salem,178000.0,3.9299999999999997,2022-05-17,,0,
Forsyth,Winston Salem - Salem,178000.0,4.66,2022-05-18,29849.6231131986,0,3897615.54417298
Forsyth,Winston Salem - Salem,178000.0,4.38,2022-05-19,,0,
Forsyth,Winston Salem - Salem,178000.0,4.21,2022-05-20,,0,
Forsyth,Winston Salem - Salem,178000.0,3.0300000000000002,2022-05-21,25872.282465990524,0,5304000.46500434
Forsyth,Winston Salem - Salem,178000.0,2.02,2022-05-22,,0,
Forsyth,Winston Salem - Salem,178000.0,2.19,2022-05-23,,0,
Forsyth,Winston Salem - Salem,178000.0,4.21,2022-05-24,,0,
Forsyth,Winston Salem - Salem,178000.0,4.2700000000000005,2022-05-25,55339.85905294664,0,14310783.0893355
Forsyth,Winston Salem - Salem,178000.0,3.7100000000000004,2022-05-26,,0,
Forsyth,Winston Salem - Salem,178000.0,3.8200000000000003,2022-05-27,,0,
Forsyth,Winston Salem - Salem,178000.0,4.94,2022-05-28,15309.310892394866,0,3229676.99598061
Forsyth,Winston Salem - Salem,178000.0,3.2600000000000002,2022-05-29,,0,
Forsyth,Winston Salem - Salem,178000.0,2.3000000000000003,2022-05-30,,0,
Forsyth,Winston Salem - Salem,178000.0,2.1300000000000003,2022-05-31,,0,
Forsyth,Winston Salem - Salem,178000.0,6.010000000000001,2022-06-01,58970.331523572124,0,12302527.7181625
Forsyth,Winston Salem - Salem,178000.0,4.1000000000000005,2022-06-02,,0,
Forsyth,Winston Salem - Salem,178000.0,4.16,2022-06-03,,0,
Forsyth,Winston Salem - Salem,178000.0,3.6,2022-06-04,44497.19092257399,0,10503821.900861
Forsyth,Winston Salem - Salem,178000.0,2.1300000000000003,2022-06-05,,0,
Forsyth,Winston Salem - Salem,178000.0,2.3600000000000003,2022-06-06,,0,
Forsyth,Winston Salem - Salem,178000.0,4.2700000000000005,2022-06-07,,0,
Forsyth,Winston Salem - Salem,178000.0,3.8200000000000003,2022-06-08,38203.402989786126,0,7961958.33954977
Forsyth,Winston Salem - Salem,178000.0,4.66,2022-06-09,,0,
Forsyth,Winston Salem - Salem,178000.0,2.47,2022-06-10,,0,
Forsyth,Winston Salem - Salem,178000.0,2.87,2022-06-11,8366.600265340756,0,1718770.62193879
Forsyth,Winston Salem - Salem,178000.0,1.46,2022-06-12,,0,
Forsyth,Winston Salem - Salem,178000.0,1.8,2022-06-13,,0,
Forsyth,Winston Salem - Salem,178000.0,3.7100000000000004,2022-06-14,,0,
Forsyth,Winston Salem - Salem,178000.0,2.8100000000000005,2022-06-15,20986.602869449867,0,4922768.71975972
Forsyth,Winston Salem - Salem,178000.0,3.3100000000000005,2022-06-16,,0,
Forsyth,Winston Salem - Salem,178000.0,2.58,2022-06-17,,0,
Forsyth,Winston Salem - Salem,178000.0,2.1300000000000003,2022-06-18,31052.375110448487,0,7343301.95204033
Forsyth,Winston Salem - Salem,178000.0,2.1300000000000003,2022-06-19,,0,
Forsyth,Winston Salem - Salem,178000.0,1.35,2022-06-20,,0,
Forsyth,Winston Salem - Salem,178000.0,3.2600000000000002,2022-06-21,,0,
Forsyth,Winston Salem - Salem,178000.0,4.38,2022-06-22,39187.05143283938,0,7658608.57695881
Forsyth,Winston Salem - Salem,178000.0,3.4299999999999997,2022-06-23,,0,
Forsyth,Winston Salem - Salem,178000.0,3.7600000000000002,2022-06-24,,0,
Forsyth,Winston Salem - Salem,178000.0,4.1000000000000005,2022-06-25,30233.466556119613,0,5992328.78252981
Forsyth,Winston Salem - Salem,178000.0,2.02,2022-06-26,,0,
Forsyth,Winston Salem - Salem,178000.0,2.64,2022-06-27,,0,
Forsyth,Winston Salem - Salem,178000.0,4.44,2022-06-28,,0,
Forsyth,Winston Salem - Salem,178000.0,4.78,2022-06-29,27602.083254711048,0,4531593.4177101
Forsyth,Winston Salem - Salem,178000.0,3.54,2022-06-30,,0,
Forsyth,Winston Salem - Salem,178000.0,3.8200000000000003,2022-07-01,,0,
Forsyth,Winston Salem - Salem,178000.0,2.75,2022-07-02,33726.84390808008,0,8004453.25513963
Forsyth,Winston Salem - Salem,178000.0,2.3000000000000003,2022-07-03,,0,
Forsyth,Winston Salem - Salem,178000.0,2.42,2022-07-04,,0,
Forsyth,Winston Salem - Salem,178000.0,2.5300000000000002,2022-07-05,,0,
Forsyth,Winston Salem - Salem,178000.0,4.78,2022-07-06,46677.08217101838,0,8377953.04840145
Forsyth,Winston Salem - Salem,178000.0,3.7600000000000002,2022-07-07,,0,
Forsyth,Winston Salem - Salem,178000.0,4.720000000000001,2022-07-08,,0,
Forsyth,Winston Salem - Salem,178000.0,3.3700000000000006,2022-07-09,57868.38515113421,0,13487879.9845847
Forsyth,Winston Salem - Salem,178000.0,2.3600000000000003,2022-07-10,,0,
Forsyth,Winston Salem - Salem,178000.0,2.5300000000000002,2022-07-11,,0,
Forsyth,Winston Salem - Salem,178000.0,4.2700000000000005,2022-07-12,,0,
Forsyth,Winston Salem - Salem,178000.0,3.6500000000000004,2022-07-13,25149.552679918623,0,3144845.87798671
Forsyth,Winston Salem - Salem,178000.0,2.64,2022-07-14,,0,
Forsyth,Winston Salem - Salem,178000.0,3.3100000000000005,2022-07-15,,0,
Forsyth,Winston Salem - Salem,178000.0,3.2600000000000002,2022-07-16,39317.61691659357,0,9498549.5751921
Forsyth,Winston Salem - Salem,178000.0,2.9800000000000004,2022-07-17,,0,
Forsyth,Winston Salem - Salem,178000.0,4.49,2022-07-18,,0,
Forsyth,Winston Salem - Salem,178000.0,4.55,2022-07-19,,0,
Forsyth,Winston Salem - Salem,178000.0,4.2700000000000005,2022-07-20,29571.946165242494,0,6301434.17437847
Forsyth,Winston Salem - Salem,178000.0,4.2700000000000005,2022-07-21,,0,
Forsyth,Winston Salem - Salem,178000.0,5.9,2022-07-22,,0,
Forsyth,Winston Salem - Salem,178000.0,4.55,2022-07-23,34186.985827943354,0,7510224.31944658
Forsyth,Winston Salem - Salem,178000.0,3.3700000000000006,2022-07-24,,0,
Forsyth,Winston Salem - Salem,178000.0,4.49,2022-07-25,,0,
Forsyth,Winston Salem - Salem,178000.0,6.800000000000001,2022-07-26,,0,
Forsyth,Winston Salem - Salem,178000.0,6.46,2022-07-27,36430.584678261774,0,9157467.65477365
Forsyth,Winston Salem - Salem,178000.0,5.620000000000001,2022-07-28,,0,
Forsyth,Winston Salem - Salem,178000.0,5.73,2022-07-29,,0,
Forsyth,Winston Salem - Salem,178000.0,5.79,2022-07-30,62249.49798994368,0,16110840.8356241
Forsyth,Winston Salem - Salem,178000.0,3.8200000000000003,2022-07-31,,0,
Forsyth,Winston Salem - Salem,178000.0,4.44,2022-08-01,,0,
Forsyth,Winston Salem - Salem,178000.0,5.620000000000001,2022-08-02,,0,
Forsyth,Winston Salem - Salem,178000.0,5.28,2022-08-03,56899.03338370521,0,11773606.1654196
Forsyth,Winston Salem - Salem,178000.0,5.220000000000001,2022-08-04,,0,
Forsyth,Winston Salem - Salem,178000.0,6.07,2022-08-05,,0,
Forsyth,Winston Salem - Salem,178000.0,4.66,2022-08-06,39280.64090617666,0,7877384.304231791
Forsyth,Winston Salem - Salem,178000.0,4.1000000000000005,2022-08-07,,0,
Forsyth,Winston Salem - Salem,178000.0,2.25,2022-08-08,,0,
Forsyth,Winston Salem - Salem,178000.0,8.370000000000001,2022-08-09,,0,
Forsyth,Winston Salem - Salem,178000.0,6.8500000000000005,2022-08-10,49652.11003824506,0,12290865.4664231
Forsyth,Winston Salem - Salem,178000.0,6.46,2022-08-11,,0,
Forsyth,Winston Salem - Salem,178000.0,4.83,2022-08-12,,0,
Forsyth,Winston Salem - Salem,178000.0,5.34,2022-08-13,60621.77826491071,0,16540441.7262159
Forsyth,Winston Salem - Salem,178000.0,2.92,2022-08-14,,0,
Forsyth,Winston Salem - Salem,178000.0,2.47,2022-08-15,,0,
Forsyth,Winston Salem - Salem,178000.0,5.84,2022-08-16,,0,
Forsyth,Winston Salem - Salem,178000.0,5.0600000000000005,2022-08-17,50977.936403899366,0,11849340.7497982
Forsyth,Winston Salem - Salem,178000.0,4.49,2022-08-18,,0,
Forsyth,Winston Salem - Salem,178000.0,4.55,2022-08-19,,0,
Forsyth,Winston Salem - Salem,178000.0,3.9299999999999997,2022-08-20,63541.32513569421,0,8999580.63058009
Forsyth,Winston Salem - Salem,178000.0,2.42,2022-08-21,,0,
Forsyth,Winston Salem - Salem,178000.0,3.6500000000000004,2022-08-22,,0,
Forsyth,Winston Salem - Salem,178000.0,5.79,2022-08-23,,0,
Forsyth,Winston Salem - Salem,178000.0,4.61,2022-08-24,24131.152065328344,0,4639148.36951669
Forsyth,Winston Salem - Salem,178000.0,4.1000000000000005,2022-08-25,,0,
Forsyth,Winston Salem - Salem,178000.0,4.21,2022-08-26,,0,
Forsyth,Winston Salem - Salem,178000.0,3.48,2022-08-27,24874.68592766549,0,7030308.16803189
Forsyth,Winston Salem - Salem,178000.0,2.08,2022-08-28,,0,
Forsyth,Winston Salem - Salem,178000.0,2.9800000000000004,2022-08-29,,0,
Forsyth,Winston Salem - Salem,178000.0,3.7600000000000002,2022-08-30,,0,
Forsyth,Winston Salem - Salem,178000.0,4.78,2022-08-31,50941.14250780017,0,10746625.8450693
Forsyth,Winston Salem - Salem,178000.0,4.04,2022-09-01,,0,
Forsyth,Winston Salem - Salem,178000.0,4.55,2022-09-02,,0,
Forsyth,Winston Salem - Salem,178000.0,5.0,2022-09-03,32200.543473674505,0,4047086.2316719694
Forsyth,Winston Salem - Salem,178000.0,2.3000000000000003,2022-09-04,,0,
Forsyth,Winston Salem - Salem,178000.0,3.4299999999999997,2022-09-05,,0,
Forsyth,Winston Salem - Salem,178000.0,2.08,2022-09-06,,0,
Forsyth,Winston Salem - Salem,178000.0,6.24,2022-09-07,29537.053001272812,0,6714855.06184035
Forsyth,Winston Salem - Salem,178000.0,5.670000000000001,2022-09-08,,0,
Forsyth,Winston Salem - Salem,178000.0,4.55,2022-09-09,,0,
Forsyth,Winston Salem - Salem,178000.0,5.0600000000000005,2022-09-10,26818.83666380776,0,6741385.88376877
Forsyth,Winston Salem - Salem,178000.0,2.25,2022-09-11,,0,
Forsyth,Winston Salem - Salem,178000.0,3.8200000000000003,2022-09-12,,0,
Forsyth,Winston Salem - Salem,178000.0,7.470000000000001,2022-09-13,,0,
Forsyth,Winston Salem - Salem,178000.0,5.0,2022-09-14,19442.222095223588,0,4353775.65493147
Forsyth,Winston Salem - Salem,178000.0,5.79,2022-09-15,,0,
Forsyth,Winston Salem - Salem,178000.0,4.44,2022-09-16,,0,
Forsyth,Winston Salem - Salem,178000.0,4.38,2022-09-17,10062.305898749077,0,2064983.59005086
Forsyth,Winston Salem - Salem,178000.0,2.02,2022-09-18,,0,
Forsyth,Winston Salem - Salem,178000.0,1.8,2022-09-19,,0,
Forsyth,Winston Salem - Salem,178000.0,5.390000000000001,2022-09-20,,0,
Forsyth,Winston Salem - Salem,178000.0,4.16,2022-09-21,25432.50872407206,0,6144114.62041462
Forsyth,Winston Salem - Salem,178000.0,3.88,2022-09-22,,0,
Forsyth,Winston Salem - Salem,178000.0,3.4299999999999997,2022-09-23,,0,
Forsyth,Winston Salem - Salem,178000.0,2.7,2022-09-24,15358.222553407672,0,3818099.51118761
Forsyth,Winston Salem - Salem,178000.0,0.8400000000000001,2022-09-25,,0,
Forsyth,Winston Salem - Salem,178000.0,1.1800000000000002,2022-09-26,,0,
Forsyth,Winston Salem - Salem,178000.0,2.58,2022-09-27,,0,
Forsyth,Winston Salem - Salem,178000.0,3.09,2022-09-28,12710.723818886174,0,3238313.39241157
Forsyth,Winston Salem - Salem,178000.0,2.25,2022-09-29,,0,
Forsyth,Winston Salem - Salem,178000.0,2.1300000000000003,2022-09-30,,0,
Forsyth,Winston Salem - Salem,178000.0,1.07,2022-10-01,28628.002025988506,0,6496018.2176074
Forsyth,Winston Salem - Salem,178000.0,0.73,2022-10-02,,0,
Forsyth,Winston Salem - Salem,178000.0,0.5599999999999999,2022-10-03,,0,
Forsyth,Winston Salem - Salem,178000.0,2.19,2022-10-04,,0,
Forsyth,Winston Salem - Salem,178000.0,1.85,2022-10-05,0.0,0,638822.606360041
Forsyth,Winston Salem - Salem,178000.0,1.9100000000000001,2022-10-06,,0,
Forsyth,Winston Salem - Salem,178000.0,1.35,2022-10-07,,0,
Forsyth,Winston Salem - Salem,178000.0,1.74,2022-10-08,22131.919466397376,0,4546612.93471151
Forsyth,Winston Salem - Salem,178000.0,0.9,2022-10-09,,0,
Forsyth,Winston Salem - Salem,178000.0,0.79,2022-10-10,,0,
Forsyth,Winston Salem - Salem,178000.0,2.5300000000000002,2022-10-11,,0,
Forsyth,Winston Salem - Salem,178000.0,1.1199999999999999,2022-10-12,37495.78742692858,0,7910171.98292631
Forsyth,Winston Salem - Salem,178000.0,2.47,2022-10-13,,0,
Forsyth,Winston Salem - Salem,178000.0,1.1800000000000002,2022-10-14,,0,
Forsyth,Winston Salem - Salem,178000.0,1.29,2022-10-15,15020.818885799808,0,1986898.90213543
Forsyth,Winston Salem - Salem,178000.0,0.6200000000000001,2022-10-16,,0,
Forsyth,Winston Salem - Salem,178000.0,1.01,2022-10-17,,0,
Forsyth,Winston Salem - Salem,178000.0,1.1800000000000002,2022-10-18,,0,
Forsyth,Winston Salem - Salem,178000.0,1.2400000000000002,2022-10-19,20077.973005261276,0,2993158.11623008
Forsyth,Winston Salem - Salem,178000.0,1.01,2022-10-20,,0,
Forsyth,Winston Salem - Salem,178000.0,1.07,2022-10-21,,0,
Forsyth,Winston Salem - Salem,178000.0,1.01,2022-10-22,6344.288770224756,0,854040.424715841
Forsyth,Winston Salem - Salem,178000.0,0.8400000000000001,2022-10-23,,0,
Forsyth,Winston Salem - Salem,178000.0,0.79,2022-10-24,,0,
Forsyth,Winston Salem - Salem,178000.0,2.19,2022-10-25,,0,
Forsyth,Winston Salem - Salem,178000.0,1.6300000000000001,2022-10-26,13416.407864998755,0,2856025.6630617
Forsyth,Winston Salem - Salem,178000.0,2.3000000000000003,2022-10-27,,0,
Forsyth,Winston Salem - Salem,178000.0,1.6300000000000001,2022-10-28,,0,
Forsyth,Winston Salem - Salem,178000.0,1.35,2022-10-29,27431.733448690396,0,3395220.71739682
Forsyth,Winston Salem - Salem,178000.0,0.96,2022-10-30,,0,
Forsyth,Winston Salem - Salem,178000.0,0.9,2022-10-31,,0,
Forsyth,Winston Salem - Salem,178000.0,1.2400000000000002,2022-11-01,,0,
Forsyth,Winston Salem - Salem,178000.0,1.52,2022-11-02,8112.490369793981,0,1157626.57987325
Forsyth,Winston Salem - Salem,178000.0,1.4000000000000001,2022-11-03,,0,
Forsyth,Winston Salem - Salem,178000.0,1.01,2022-11-04,,0,
Forsyth,Winston Salem - Salem,178000.0,1.6300000000000001,2022-11-05,5809.475019311125,0,1300939.30534942
Forsyth,Winston Salem - Salem,178000.0,0.67,2022-11-06,,0,
Forsyth,Winston Salem - Salem,178000.0,0.9,2022-11-07,,0,
Forsyth,Winston Salem - Salem,178000.0,1.01,2022-11-08,,0,
Forsyth,Winston Salem - Salem,178000.0,1.35,2022-11-09,11876.973520219728,0,2412131.2507351
Forsyth,Winston Salem - Salem,178000.0,1.1800000000000002,2022-11-10,,0,
Forsyth,Winston Salem - Salem,178000.0,0.9,2022-11-11,,0,
Forsyth,Winston Salem - Salem,178000.0,1.57,2022-11-12,,0,
Forsyth,Winston Salem - Salem,178000.0,0.5599999999999999,2022-11-13,,0,
Forsyth,Winston Salem - Salem,178000.0,0.51,2022-11-14,,0,
Forsyth,Winston Salem - Salem,178000.0,1.1800000000000002,2022-11-15,,0,
Forsyth,Winston Salem - Salem,178000.0,1.29,2022-11-16,14798.64858694874,0,3354834.01398113
Forsyth,Winston Salem - Salem,178000.0,0.73,2022-11-17,,0,
Forsyth,Winston Salem - Salem,178000.0,1.01,2022-11-18,,0,
Forsyth,Winston Salem - Salem,178000.0,0.9,2022-11-19,28536.161269519118,0,6693647.51186575
Forsyth,Winston Salem - Salem,178000.0,0.9,2022-11-20,,0,
Forsyth,Winston Salem - Salem,178000.0,0.51,2022-11-21,,0,
Forsyth,Winston Salem - Salem,178000.0,2.5300000000000002,2022-11-22,,0,
Forsyth,Winston Salem - Salem,178000.0,1.01,2022-11-23,21109.831832584554,0,4224411.07479442
Forsyth,Winston Salem - Salem,178000.0,1.01,2022-11-24,,0,
Forsyth,Winston Salem - Salem,178000.0,0.5599999999999999,2022-11-25,,0,
Forsyth,Winston Salem - Salem,178000.0,0.67,2022-11-26,,0,
Forsyth,Winston Salem - Salem,178000.0,0.79,2022-11-27,,0,
Forsyth,Winston Salem - Salem,178000.0,1.4000000000000001,2022-11-28,,0,
Forsyth,Winston Salem - Salem,178000.0,2.02,2022-11-29,,0,
Forsyth,Winston Salem - Salem,178000.0,1.74,2022-11-30,49317.84666832087,0,19602216.5617174
Forsyth,Winston Salem - Salem,178000.0,1.52,2022-12-01,,0,
Forsyth,Winston Salem - Salem,178000.0,1.6300000000000001,2022-12-02,,0,
Forsyth,Winston Salem - Salem,178000.0,1.1800000000000002,2022-12-03,28301.943396169823,0,7409110.74779332
Forsyth,Winston Salem - Salem,178000.0,1.2400000000000002,2022-12-04,,0,
Forsyth,Winston Salem - Salem,178000.0,0.6200000000000001,2022-12-05,,0,
Forsyth,Winston Salem - Salem,178000.0,2.8100000000000005,2022-12-06,,0,
Forsyth,Winston Salem - Salem,178000.0,2.3600000000000003,2022-12-07,27395.255063605466,0,5715261.82842328
Forsyth,Winston Salem - Salem,178000.0,1.97,2022-12-08,,0,
Forsyth,Winston Salem - Salem,178000.0,2.08,2022-12-09,,0,
Forsyth,Winston Salem - Salem,178000.0,2.64,2022-12-10,31264.996401726974,0,6914861.68956524
Forsyth,Winston Salem - Salem,178000.0,1.29,2022-12-11,,0,
Forsyth,Winston Salem - Salem,178000.0,1.85,2022-12-12,,0,
Forsyth,Winston Salem - Salem,178000.0,2.7,2022-12-13,,0,
Forsyth,Winston Salem - Salem,178000.0,2.5300000000000002,2022-12-14,13798.073739813217,0,5032838.77222323
Forsyth,Winston Salem - Salem,178000.0,1.97,2022-12-15,,0,
Forsyth,Winston Salem - Salem,178000.0,2.47,2022-12-16,,0,
Forsyth,Winston Salem - Salem,178000.0,2.7,2022-12-17,34287.38835198744,0,14386437.6280225
Forsyth,Winston Salem - Salem,178000.0,2.1300000000000003,2022-12-18,,0,
Forsyth,Winston Salem - Salem,178000.0,1.9100000000000001,2022-12-19,,0,
Forsyth,Winston Salem - Salem,178000.0,4.38,2022-12-20,,0,
Forsyth,Winston Salem - Salem,178000.0,3.8200000000000003,2022-12-21,27331.300737432917,0,4475512.77948531
Forsyth,Winston Salem - Salem,178000.0,4.890000000000001,2022-12-22,,0,
Forsyth,Winston Salem - Salem,178000.0,4.1000000000000005,2022-12-23,,0,
Forsyth,Winston Salem - Salem,178000.0,3.8200000000000003,2022-12-24,,0,
Forsyth,Winston Salem - Salem,178000.0,2.1300000000000003,2022-12-25,,0,
Forsyth,Winston Salem - Salem,178000.0,1.8,2022-12-26,,0,
Forsyth,Winston Salem - Salem,178000.0,3.7600000000000002,2022-12-27,,0,
Forsyth,Winston Salem - Salem,178000.0,4.83,2022-12-28,,0,
Forsyth,Winston Salem - Salem,178000.0,5.45,2022-12-29,,0,
Forsyth,Winston Salem - Salem,178000.0,5.11,2022-12-30,,0,
Forsyth,Winston Salem - Salem,178000.0,5.170000000000001,2022-12-31,126836.50893965826,0,29670764.7772022
Forsyth,Winston Salem - Salem,178000.0,3.2600000000000002,2023-01-01,,0,
Forsyth,Winston Salem - Salem,178000.0,1.8,2023-01-02,,0,
Forsyth,Winston Salem - Salem,178000.0,4.55,2023-01-03,,0,
Forsyth,Winston Salem - Salem,178000.0,4.890000000000001,2023-01-04,94240.3841248538,0,19199695.1103056
Forsyth,Winston Salem - Salem,178000.0,4.44,2023-01-05,,0,
Forsyth,Winston Salem - Salem,178000.0,5.170000000000001,2023-01-06,,0,
Forsyth,Winston Salem - Salem,178000.0,3.8200000000000003,2023-01-07,68346.54343856755,0,17194639.5249873
Forsyth,Winston Salem - Salem,178000.0,1.6300000000000001,2023-01-08,,0,
Forsyth,Winston Salem - Salem,178000.0,1.07,2023-01-09,,0,
Forsyth,Winston Salem - Salem,178000.0,3.09,2023-01-10,,0,
Forsyth,Winston Salem - Salem,178000.0,2.47,2023-01-11,33596.87485466466,0,8337992.75041277
Forsyth,Winston Salem - Salem,178000.0,2.08,2023-01-12,,0,
Forsyth,Winston Salem - Salem,178000.0,2.75,2023-01-13,,0,
Forsyth,Winston Salem - Salem,178000.0,2.3600000000000003,2023-01-14,20483.224843759344,0,5580064.73783645
Forsyth,Winston Salem - Salem,178000.0,1.69,2023-01-15,,0,
Forsyth,Winston Salem - Salem,178000.0,1.2400000000000002,2023-01-16,,0,
Forsyth,Winston Salem - Salem,178000.0,2.5300000000000002,2023-01-17,,0,
Forsyth,Winston Salem - Salem,178000.0,2.92,2023-01-18,21170.439296339624,0,4578704.31392552
Forsyth,Winston Salem - Salem,178000.0,2.3600000000000003,2023-01-19,,0,
Forsyth,Winston Salem - Salem,178000.0,2.47,2023-01-20,,0,
Forsyth,Winston Salem - Salem,178000.0,2.19,2023-01-21,,0,
Forsyth,Winston Salem - Salem,178000.0,1.6300000000000001,2023-01-22,,0,
Forsyth,Winston Salem - Salem,178000.0,1.46,2023-01-23,,0,
Forsyth,Winston Salem - Salem,178000.0,3.0300000000000002,2023-01-24,,0,
Forsyth,Winston Salem - Salem,178000.0,2.47,2023-01-25,,0,
Forsyth,Winston Salem - Salem,178000.0,3.2600000000000002,2023-01-26,,0,
Forsyth,Winston Salem - Salem,178000.0,2.5300000000000002,2023-01-27,,0,
Forsyth,Winston Salem - Salem,178000.0,1.8,2023-01-28,101550.4800579496,0,27103007.3005764
Forsyth,Winston Salem - Salem,178000.0,1.35,2023-01-29,,0,
Forsyth,Winston Salem - Salem,178000.0,1.1800000000000002,2023-01-30,,0,
Forsyth,Winston Salem - Salem,178000.0,2.9800000000000004,2023-01-31,,0,
Forsyth,Winston Salem - Salem,178000.0,2.3000000000000003,2023-02-01,58837.700498914804,0,14814915.1718434
Forsyth,Winston Salem - Salem,178000.0,2.5300000000000002,2023-02-02,,0,
Forsyth,Winston Salem - Salem,178000.0,2.42,2023-02-03,,0,
Forsyth,Winston Salem - Salem,178000.0,2.3000000000000003,2023-02-04,24899.799195977495,0,4553927.07268256
Forsyth,Winston Salem - Salem,178000.0,0.96,2023-02-05,,0,
Forsyth,Winston Salem - Salem,178000.0,0.5599999999999999,2023-02-06,,0,
Forsyth,Winston Salem - Salem,178000.0,2.5300000000000002,2023-02-07,,0,
Forsyth,Winston Salem - Salem,178000.0,2.75,2023-02-08,32808.154474154755,0,5372350.04038081
Forsyth,Winston Salem - Salem,178000.0,1.46,2023-02-09,,0,
Forsyth,Winston Salem - Salem,178000.0,1.8,2023-02-10,,0,
Forsyth,Winston Salem - Salem,178000.0,1.2400000000000002,2023-02-11,28500.000000000033,0,5994223.43258427
Forsyth,Winston Salem - Salem,178000.0,0.67,2023-02-12,,0,
Forsyth,Winston Salem - Salem,178000.0,0.96,2023-02-13,,0,
Forsyth,Winston Salem - Salem,178000.0,1.52,2023-02-14,,0,
Forsyth,Winston Salem - Salem,178000.0,2.02,2023-02-15,17975.678012247587,0,5176017.30985387
Forsyth,Winston Salem - Salem,178000.0,2.25,2023-02-16,,0,
Forsyth,Winston Salem - Salem,178000.0,1.52,2023-02-17,,0,
Forsyth,Winston Salem - Salem,178000.0,1.4000000000000001,2023-02-18,12497.499749949993,0,1831193.06159182
Forsyth,Winston Salem - Salem,178000.0,0.9,2023-02-19,,0,
Forsyth,Winston Salem - Salem,178000.0,0.8400000000000001,2023-02-20,,0,
Forsyth,Winston Salem - Salem,178000.0,1.85,2023-02-21,,0,
Forsyth,Winston Salem - Salem,178000.0,1.4000000000000001,2023-02-22,14495.689014324254,0,2407585.24231217
Forsyth,Winston Salem - Salem,178000.0,1.1800000000000002,2023-02-23,,0,
Forsyth,Winston Salem - Salem,178000.0,1.1800000000000002,2023-02-24,,0,
Forsyth,Winston Salem - Salem,178000.0,1.35,2023-02-25,9337.424698491555,0,2273653.99631753
Forsyth,Winston Salem - Salem,178000.0,0.5599999999999999,2023-02-26,,0,
Forsyth,Winston Salem - Salem,178000.0,0.5599999999999999,2023-02-27,,0,
Forsyth,Winston Salem - Salem,178000.0,1.85,2023-02-28,,0,
Forsyth,Winston Salem - Salem,178000.0,1.07,2023-03-01,7141.428428542854,0,1646289.26291978
Forsyth,Winston Salem - Salem,178000.0,1.1800000000000002,2023-03-02,,0,
Forsyth,Winston Salem - Salem,178000.0,1.29,2023-03-03,,0,
Forsyth,Winston Salem - Salem,178000.0,1.07,2023-03-04,11250.0,0,3512128.14606742
Forsyth,Winston Salem - Salem,178000.0,0.67,2023-03-05,,0,
Forsyth,Winston Salem - Salem,178000.0,0.51,2023-03-06,,0,
Forsyth,Winston Salem - Salem,178000.0,1.1199999999999999,2023-03-07,,0,
Forsyth,Winston Salem - Salem,178000.0,1.1199999999999999,2023-03-08,0.0,0,462140.356695959
Forsyth,Winston Salem - Salem,178000.0,0.73,2023-03-09,,0,
Forsyth,Winston Salem - Salem,178000.0,0.79,2023-03-10,,0,
Forsyth,Winston Salem - Salem,178000.0,0.73,2023-03-11,6133.92207319266,0,1420554.53048737
Forsyth,Winston Salem - Salem,178000.0,0.11000000000000001,2023-03-12,,0,
Forsyth,Winston Salem - Salem,178000.0,0.51,2023-03-13,,0,
Forsyth,Winston Salem - Salem,178000.0,1.07,2023-03-14,,0,
Forsyth,Winston Salem - Salem,178000.0,0.9,2023-03-15,8261.355820929166,0,1769182.25161893
Forsyth,Winston Salem - Salem,178000.0,1.1199999999999999,2023-03-16,,0,
Forsyth,Winston Salem - Salem,178000.0,0.51,2023-03-17,,0,
Forsyth,Winston Salem - Salem,178000.0,0.8400000000000001,2023-03-18,16955.72503499926,0,3562583.77128743
Forsyth,Winston Salem - Salem,178000.0,0.39,2023-03-19,,0,
Forsyth,Winston Salem - Salem,178000.0,0.34,2023-03-20,,0,
Forsyth,Winston Salem - Salem,178000.0,0.73,2023-03-21,,0,
Forsyth,Winston Salem - Salem,178000.0,0.8400000000000001,2023-03-22,7848.2178780918275,0,1719095.68957307
Forsyth,Winston Salem - Salem,178000.0,0.73,2023-03-23,,0,
Forsyth,Winston Salem - Salem,178000.0,0.8400000000000001,2023-03-24,,0,
Forsyth,Winston Salem - Salem,178000.0,0.6200000000000001,2023-03-25,12398.715470362251,0,2984797.66387575
Forsyth,Winston Salem - Salem,178000.0,0.27999999999999997,2023-03-26,,0,
Forsyth,Winston Salem - Salem,178000.0,0.34,2023-03-27,,0,
Forsyth,Winston Salem - Salem,178000.0,1.57,2023-03-28,,0,
Forsyth,Winston Salem - Salem,178000.0,0.8400000000000001,2023-03-29,34439.49803887978,0,7426540.322395741
Forsyth,Winston Salem - Salem,178000.0,0.8400000000000001,2023-03-30,,0,
Forsyth,Winston Salem - Salem,178000.0,0.8400000000000001,2023-03-31,,0,
Forsyth,Winston Salem - Salem,178000.0,0.51,2023-04-01,37840.7595003391,0,5794075.05219437
Forsyth,Winston Salem - Salem,178000.0,0.45,2023-04-02,,0,
Forsyth,Winston Salem - Salem,178000.0,0.39,2023-04-03,,0,
Forsyth,Winston Salem - Salem,178000.0,0.79,2023-04-04,,0,
Forsyth,Winston Salem - Salem,178000.0,0.5599999999999999,2023-04-05,27779.92456995701,0,4371742.33627332
Forsyth,Winston Salem - Salem,178000.0,0.73,2023-04-06,,0,
Forsyth,Winston Salem - Salem,178000.0,0.79,2023-04-07,,0,
Forsyth,Winston Salem - Salem,178000.0,0.39,2023-04-08,,0,
Forsyth,Winston Salem - Salem,178000.0,0.11000000000000001,2023-04-09,,0,
Forsyth,Winston Salem - Salem,178000.0,0.27999999999999997,2023-04-10,,0,
Forsyth,Winston Salem - Salem,178000.0,0.51,2023-04-11,,0,
Forsyth,Winston Salem - Salem,178000.0,0.6200000000000001,2023-04-12,8119.745894115164,0,1880451.31298643
Forsyth,Winston Salem - Salem,178000.0,0.45,2023-04-13,,0,
Forsyth,Winston Salem - Salem,178000.0,0.73,2023-04-14,,0,
Forsyth,Winston Salem - Salem,178000.0,0.39,2023-04-15,17961.88186131957,0,3991718.45167088
Forsyth,Winston Salem - Salem,178000.0,0.45,2023-04-16,,0,
Forsyth,Winston Salem - Salem,178000.0,0.45,2023-04-17,,0,
Forsyth,Winston Salem - Salem,178000.0,0.8400000000000001,2023-04-18,,0,
Forsyth,Winston Salem - Salem,178000.0,0.34,2023-04-19,57788.25486203924,0,13334019.7219617
Forsyth,Winston Salem - Salem,178000.0,0.45,2023-04-20,,0,
Forsyth,Winston Salem - Salem,178000.0,0.5599999999999999,2023-04-21,,0,
Forsyth,Winston Salem - Salem,178000.0,0.39,2023-04-22,50313.31831632664,0,11748355.4269536
Forsyth,Winston Salem - Salem,178000.0,0.11000000000000001,2023-04-23,,0,
Forsyth,Winston Salem - Salem,178000.0,0.39,2023-04-24,,0,
Forsyth,Winston Salem - Salem,178000.0,0.6200000000000001,2023-04-25,,0,
Forsyth,Winston Salem - Salem,178000.0,0.51,2023-04-26,15887.70593886986,0,3368589.78060758
Forsyth,Winston Salem - Salem,178000.0,0.11000000000000001,2023-04-27,,0,
Forsyth,Winston Salem - Salem,178000.0,0.51,2023-04-28,,0,
Forsyth,Winston Salem - Salem,178000.0,0.11000000000000001,2023-04-29,27280.00000000003,0,6926924.72629214
Forsyth,Winston Salem - Salem,178000.0,0.27999999999999997,2023-04-30,,0,
Forsyth,Winston Salem - Salem,178000.0,0.51,2023-05-01,,0,
Forsyth,Winston Salem - Salem,178000.0,0.73,2023-05-02,,0,
Forsyth,Winston Salem - Salem,178000.0,0.51,2023-05-03,32053.954514224908,0,8173208.441705499
Forsyth,Winston Salem - Salem,178000.0,0.45,2023-05-04,,0,
Forsyth,Winston Salem - Salem,178000.0,0.5599999999999999,2023-05-05,,0,
Forsyth,Winston Salem - Salem,178000.0,0.34,2023-05-06,29516.76811576769,0,6961328.44911228
Forsyth,Winston Salem - Salem,178000.0,0.11000000000000001,2023-05-07,,0,
Forsyth,Winston Salem - Salem,178000.0,0.39,2023-05-08,,0,
Forsyth,Winston Salem - Salem,178000.0,0.5599999999999999,2023-05-09,,0,
Forsyth,Winston Salem - Salem,178000.0,0.8400000000000001,2023-05-10,46498.14619960674,0,9670886.11271141
Forsyth,Winston Salem - Salem,178000.0,0.6200000000000001,2023-05-11,,0,
Forsyth,Winston Salem - Salem,178000.0,0.51,2023-05-12,,0,
Forsyth,Winston Salem - Salem,178000.0,0.11000000000000001,2023-05-13,25278.78161620926,0,5279094.0747898
Forsyth,Winston Salem - Salem,178000.0,0.27999999999999997,2023-05-14,,0,
Forsyth,Winston Salem - Salem,178000.0,0.11000000000000001,2023-05-15,,0,
Forsyth,Winston Salem - Salem,178000.0,0.51,2023-05-16,,0,
Forsyth,Winston Salem - Salem,178000.0,0.34,2023-05-17,22425.431991379795,0,4997972.65801446
Forsyth,Winston Salem - Salem,178000.0,0.11000000000000001,2023-05-18,,0,
Forsyth,Winston Salem - Salem,178000.0,0.5599999999999999,2023-05-19,,0,
Forsyth,Winston Salem - Salem,178000.0,0.39,2023-05-20,31041.907157905112,0,6977746.0320674
Forsyth,Winston Salem - Salem,178000.0,0.11000000000000001,2023-05-21,,0,
Forsyth,Winston Salem - Salem,178000.0,,2023-05-22,,0,
Forsyth,Winston Salem - Salem,178000.0,0.11000000000000001,2023-05-23,,0,
Forsyth,Winston Salem - Salem,178000.0,0.11000000000000001,2023-05-24,30206.58868525214,0,6102630.32408401
Forsyth,Winston Salem - Salem,178000.0,,2023-05-25,,0,
Forsyth,Winston Salem - Salem,178000.0,,2023-05-26,,0,
Forsyth,Winston Salem - Salem,178000.0,,2023-05-27,16467.786736535072,0,2171294.33403019
Forsyth,Winston Salem - Salem,178000.0,,2023-05-28,,0,
Forsyth,Winston Salem - Salem,178000.0,,2023-05-29,,0,
Forsyth,Winston Salem - Salem,178000.0,,2023-05-30,,0,
Forsyth,Winston Salem - Salem,178000.0,,2023-05-31,12449.144548923836,0,2390666.71759961
Forsyth,Winston Salem - Salem,178000.0,,2023-06-01,,0,
Forsyth,Winston Salem - Salem,178000.0,,2023-06-02,,0,
Forsyth,Winston Salem - Salem,178000.0,,2023-06-03,19683.597232213455,0,2900878.10400194
Forsyth,Winston Salem - Salem,178000.0,,2023-06-04,,0,
Forsyth,Winston Salem - Salem,178000.0,,2023-06-05,,0,
Forsyth,Winston Salem - Salem,178000.0,,2023-06-06,,0,
Forsyth,Winston Salem - Salem,178000.0,,2023-06-07,13597.514478756768,0,2755777.85597838
Forsyth,Winston Salem - Salem,178000.0,,2023-06-08,,0,
Forsyth,Winston Salem - Salem,178000.0,,2023-06-09,,0,
Forsyth,Winston Salem - Salem,178000.0,,2023-06-10,39215.00733137761,0,8114409.4132521
Forsyth,Winston Salem - Salem,178000.0,,2023-06-11,,0,
Forsyth,Winston Salem - Salem,178000.0,,2023-06-12,,0,
Forsyth,Winston Salem - Salem,178000.0,,2023-06-13,,0,
Forsyth,Winston Salem - Salem,178000.0,,2023-06-14,26657.411727322673,0,6400349.60742099
Forsyth,Winston Salem - Salem,178000.0,,2023-06-15,,0,
Forsyth,Winston Salem - Salem,178000.0,,2023-06-16,,0,
Forsyth,Winston Salem - Salem,178000.0,,2023-06-17,31266.48685093997,0,7081421.89223084
Forsyth,Winston Salem - Salem,178000.0,,2023-06-18,,0,
Forsyth,Winston Salem - Salem,178000.0,,2023-06-19,,0,
Forsyth,Winston Salem - Salem,178000.0,,2023-06-20,,0,
Forsyth,Winston Salem - Salem,178000.0,,2023-06-21,13540.000000000011,0,2873697.04314607
Forsyth,Winston Salem - Salem,178000.0,,2023-06-22,,0,
Forsyth,Winston Salem - Salem,178000.0,,2023-06-23,,0,
Forsyth,Winston Salem - Salem,178000.0,,2023-06-24,16284.962388657823,0,3764506.7433982906
Forsyth,Winston Salem - Salem,178000.0,,2023-06-25,,0,
Forsyth,Winston Salem - Salem,178000.0,,2023-06-26,,0,
Forsyth,Winston Salem - Salem,178000.0,,2023-06-27,,0,
Forsyth,Winston Salem - Salem,178000.0,,2023-06-28,35525.061576301305,0,8257465.66985325
Forsyth,Winston Salem - Salem,178000.0,,2023-06-29,,0,
Forsyth,Winston Salem - Salem,178000.0,,2023-06-30,,0,
Forsyth,Winston Salem - Salem,178000.0,,2023-07-01,32546.139556021106,0,7288189.04377284
Forsyth,Winston Salem - Salem,178000.0,,2023-07-02,,0,
Forsyth,Winston Salem - Salem,178000.0,,2023-07-03,,0,
Forsyth,Winston Salem - Salem,178000.0,,2023-07-04,,0,
Forsyth,Winston Salem - Salem,178000.0,,2023-07-05,14476.795225463411,0,1939566.86557727
Forsyth,Winston Salem - Salem,178000.0,,2023-07-06,,0,
Forsyth,Winston Salem - Salem,178000.0,,2023-07-07,,0,
Forsyth,Winston Salem - Salem,178000.0,,2023-07-08,20584.887660611625,0,4679699.66737428
Forsyth,Winston Salem - Salem,178000.0,,2023-07-09,,0,
Forsyth,Winston Salem - Salem,178000.0,,2023-07-10,,0,
Forsyth,Winston Salem - Salem,178000.0,,2023-07-11,,0,
Forsyth,Winston Salem - Salem,178000.0,,2023-07-12,17680.99544708954,0,3933056.38275402
Forsyth,Winston Salem - Salem,178000.0,,2023-07-13,,0,
Forsyth,Winston Salem - Salem,178000.0,,2023-07-14,,0,
Forsyth,Winston Salem - Salem,178000.0,,2023-07-15,37025.91524864716,0,7850417.184465301
Forsyth,Winston Salem - Salem,178000.0,,2023-07-16,,0,
Forsyth,Winston Salem - Salem,178000.0,,2023-07-17,,0,
Forsyth,Winston Salem - Salem,178000.0,,2023-07-18,,0,
Forsyth,Winston Salem - Salem,178000.0,,2023-07-19,34030.12195100101,0,8018535.22391672
Forsyth,Winston Salem - Salem,178000.0,,2023-07-20,,0,
Forsyth,Winston Salem - Salem,178000.0,,2023-07-21,,0,
Forsyth,Winston Salem - Salem,178000.0,,2023-07-22,31504.666321038887,0,5091904.52571134
Forsyth,Winston Salem - Salem,178000.0,,2023-07-23,,0,
Forsyth,Winston Salem - Salem,178000.0,,2023-07-24,,0,
Forsyth,Winston Salem - Salem,178000.0,,2023-07-25,,0,
Forsyth,Winston Salem - Salem,178000.0,,2023-07-26,58518.7354613888,0,8636667.07435876
Forsyth,Winston Salem - Salem,178000.0,,2023-07-27,,0,
Forsyth,Winston Salem - Salem,178000.0,,2023-07-28,,0,
Forsyth,Winston Salem - Salem,178000.0,,2023-07-29,60684.76250262503,0,7911009.510458911
Forsyth,Winston Salem - Salem,178000.0,,2023-07-30,,0,
Forsyth,Winston Salem - Salem,178000.0,,2023-07-31,,0,
Forsyth,Winston Salem - Salem,178000.0,,2023-08-01,,0,
Forsyth,Winston Salem - Salem,178000.0,,2023-08-02,38146.03518060566,0,5881379.2775383
Forsyth,Winston Salem - Salem,178000.0,,2023-08-03,,0,
Forsyth,Winston Salem - Salem,178000.0,,2023-08-04,,0,
Forsyth,Winston Salem - Salem,178000.0,,2023-08-05,81925.77128108102,0,20070805.0802095
Forsyth,Winston Salem - Salem,178000.0,,2023-08-06,,0,
Forsyth,Winston Salem - Salem,178000.0,,2023-08-07,,0,
Forsyth,Winston Salem - Salem,178000.0,,2023-08-08,,0,
Forsyth,Winston Salem - Salem,178000.0,,2023-08-09,68295.53426103349,0,14364164.6248543
Forsyth,Winston Salem - Salem,178000.0,,2023-08-10,,0,
Forsyth,Winston Salem - Salem,178000.0,,2023-08-11,,0,
Forsyth,Winston Salem - Salem,178000.0,,2023-08-12,62880.55343267904,0,13599692.3462051
Forsyth,Winston Salem - Salem,178000.0,,2023-08-13,,0,
Forsyth,Winston Salem - Salem,178000.0,,2023-08-14,,0,
Forsyth,Winston Salem - Salem,178000.0,,2023-08-15,,0,
Forsyth,Winston Salem - Salem,178000.0,,2023-08-16,64499.39224519867,0,15458641.0859217
Forsyth,Winston Salem - Salem,178000.0,,2023-08-17,,0,
Forsyth,Winston Salem - Salem,178000.0,,2023-08-18,,0,
Forsyth,Winston Salem - Salem,178000.0,,2023-08-19,88257.3690974302,0,21321663.4549934
Forsyth,Winston Salem - Salem,178000.0,,2023-08-20,,0,
Forsyth,Winston Salem - Salem,178000.0,,2023-08-21,,0,
Forsyth,Winston Salem - Salem,178000.0,,2023-08-22,,0,
Forsyth,Winston Salem - Salem,178000.0,,2023-08-23,277009.0251237312,0,51604764.5058513
Forsyth,Winston Salem - Salem,178000.0,,2023-08-24,,0,
Forsyth,Winston Salem - Salem,178000.0,,2023-08-25,,0,
Forsyth,Winston Salem - Salem,178000.0,,2023-08-26,156458.34205947595,0,33106523.6512236
Forsyth,Winston Salem - Salem,178000.0,,2023-08-27,,0,
Forsyth,Winston Salem - Salem,178000.0,,2023-08-28,,0,
Forsyth,Winston Salem - Salem,178000.0,,2023-08-29,,0,
Forsyth,Winston Salem - Salem,178000.0,,2023-08-30,116498.01715050775,0,31092384.8664339
Forsyth,Winston Salem - Salem,178000.0,,2023-08-31,,0,
Forsyth,Winston Salem - Salem,178000.0,,2023-09-01,,0,
Forsyth,Winston Salem - Salem,178000.0,,2023-09-02,80560.5114184363,0,19393688.5524286
Forsyth,Winston Salem - Salem,178000.0,,2023-09-03,,0,
Forsyth,Winston Salem - Salem,178000.0,,2023-09-04,,0,
Forsyth,Winston Salem - Salem,178000.0,,2023-09-05,,0,
Forsyth,Winston Salem - Salem,178000.0,,2023-09-06,773342.8735043721,0,146535067.022856
Forsyth,Winston Salem - Salem,178000.0,,2023-09-07,,0,
Forsyth,Winston Salem - Salem,178000.0,,2023-09-08,,0,
Forsyth,Winston Salem - Salem,178000.0,,2023-09-09,125724.03747891649,0,24758314.853017505
Forsyth,Winston Salem - Salem,178000.0,,2023-09-10,,0,
Forsyth,Winston Salem - Salem,178000.0,,2023-09-11,,0,
Forsyth,Winston Salem - Salem,178000.0,,2023-09-12,,0,
Forsyth,Winston Salem - Salem,178000.0,,2023-09-13,57823.29634325599,0,16822119.6953694
Forsyth,Winston Salem - Salem,178000.0,,2023-09-14,,0,
Forsyth,Winston Salem - Salem,178000.0,,2023-09-15,,0,
Forsyth,Winston Salem - Salem,178000.0,,2023-09-16,140350.41859574217,0,21131909.6619687
Forsyth,Winston Salem - Salem,178000.0,,2023-09-17,,0,
Forsyth,Winston Salem - Salem,178000.0,,2023-09-18,,0,
Forsyth,Winston Salem - Salem,178000.0,,2023-09-19,,0,
Forsyth,Winston Salem - Salem,178000.0,,2023-09-20,354698.2943291383,0,50840612.2663074
Forsyth,Winston Salem - Salem,178000.0,,2023-09-21,,0,
Forsyth,Winston Salem - Salem,178000.0,,2023-09-22,,0,
Forsyth,Winston Salem - Salem,178000.0,,2023-09-23,99386.37331143531,0,19867648.7011865
Forsyth,Winston Salem - Salem,178000.0,,2023-09-24,,0,
Forsyth,Winston Salem - Salem,178000.0,,2023-09-25,,0,
Forsyth,Winston Salem - Salem,178000.0,,2023-09-26,,0,
Forsyth,Winston Salem - Salem,178000.0,,2023-09-27,32938.80993600105,0,7488199.131451
Forsyth,Winston Salem - Salem,178000.0,,2023-09-28,,0,
Forsyth,Winston Salem - Salem,178000.0,,2023-09-29,,0,
Forsyth,Winston Salem - Salem,178000.0,,2023-09-30,42662.5550102195,0,9689690.14414108
Forsyth,Winston Salem - Salem,178000.0,,2023-10-01,,0,
Forsyth,Winston Salem - Salem,178000.0,,2023-10-02,,0,
Forsyth,Winston Salem - Salem,178000.0,,2023-10-03,,0,
Forsyth,Winston Salem - Salem,178000.0,,2023-10-04,32160.000000000004,0,7707822.973483151
Forsyth,Winston Salem - Salem,178000.0,,2023-10-05,,0,
Forsyth,Winston Salem - Salem,178000.0,,2023-10-06,,0,
Forsyth,Winston Salem - Salem,178000.0,,2023-10-07,45720.95362085094,0,10345433.2639267
Forsyth,Winston Salem - Salem,178000.0,,2023-10-08,,0,
Forsyth,Winston Salem - Salem,178000.0,,2023-10-09,,0,
Forsyth,Winston Salem - Salem,178000.0,,2023-10-10,,0,
Forsyth,Winston Salem - Salem,178000.0,,2023-10-11,24408.03447364102,0,4650852.78831925
Forsyth,Winston Salem - Salem,178000.0,,2023-10-12,,0,
Forsyth,Winston Salem - Salem,178000.0,,2023-10-13,,0,
Forsyth,Winston Salem - Salem,178000.0,,2023-10-14,25844.241138017594,0,5034438.42752405
Forsyth,Winston Salem - Salem,178000.0,,2023-10-15,,0,
Forsyth,Winston Salem - Salem,178000.0,,2023-10-16,,0,
Forsyth,Winston Salem - Salem,178000.0,,2023-10-17,,0,
Forsyth,Winston Salem - Salem,178000.0,,2023-10-18,35444.51398349171,0,8148290.334550071
Forsyth,Winston Salem - Salem,178000.0,,2023-10-19,,0,
Forsyth,Winston Salem - Salem,178000.0,,2023-10-20,,0,
Forsyth,Winston Salem - Salem,178000.0,,2023-10-21,22844.01015583737,0,5164132.59295917
Forsyth,Winston Salem - Salem,178000.0,,2023-10-22,,0,
Forsyth,Winston Salem - Salem,178000.0,,2023-10-23,,0,
Forsyth,Winston Salem - Salem,178000.0,,2023-10-24,,0,
Forsyth,Winston Salem - Salem,178000.0,,2023-10-25,47313.6203021999,0,9488327.10838799
Forsyth,Winston Salem - Salem,178000.0,,2023-10-26,,0,
Forsyth,Winston Salem - Salem,178000.0,,2023-10-27,,0,
Forsyth,Winston Salem - Salem,178000.0,,2023-10-28,61572.34444131556,0,12020433.9624161
Forsyth,Winston Salem - Salem,178000.0,,2023-10-29,,0,
Forsyth,Winston Salem - Salem,178000.0,,2023-10-30,,0,
Forsyth,Winston Salem - Salem,178000.0,,2023-10-31,,0,
Forsyth,Winston Salem - Salem,178000.0,,2023-11-01,36691.16073585694,0,8216400.44952456
Forsyth,Winston Salem - Salem,178000.0,,2023-11-02,,0,
Forsyth,Winston Salem - Salem,178000.0,,2023-11-03,,0,
Forsyth,Winston Salem - Salem,178000.0,,2023-11-04,25420.542873825514,0,5584405.13783147
Forsyth,Winston Salem - Salem,178000.0,,2023-11-05,,0,
Forsyth,Winston Salem - Salem,178000.0,,2023-11-06,,0,
Forsyth,Winston Salem - Salem,178000.0,,2023-11-07,,0,
Forsyth,Winston Salem - Salem,178000.0,,2023-11-08,40024.36293040053,0,8537233.0397218
Forsyth,Winston Salem - Salem,178000.0,,2023-11-09,,0,
Forsyth,Winston Salem - Salem,178000.0,,2023-11-10,,0,
Forsyth,Winston Salem - Salem,178000.0,,2023-11-11,,0,
Forsyth,Winston Salem - Salem,178000.0,,2023-11-12,,0,
Forsyth,Winston Salem - Salem,178000.0,,2023-11-13,,0,
Forsyth,Winston Salem - Salem,178000.0,,2023-11-14,,0,
Forsyth,Winston Salem - Salem,178000.0,,2023-11-15,54111.55848373196,0,7675517.24460903
Forsyth,Winston Salem - Salem,178000.0,,2023-11-16,,0,
Forsyth,Winston Salem - Salem,178000.0,,2023-11-17,,0,
Forsyth,Winston Salem - Salem,178000.0,,2023-11-18,65814.89193184175,0,14444271.5764154
Forsyth,Winston Salem - Salem,178000.0,,2023-11-19,,0,
Forsyth,Winston Salem - Salem,178000.0,,2023-11-20,,0,
Forsyth,Winston Salem - Salem,178000.0,,2023-11-21,,0,
Forsyth,Winston Salem - Salem,178000.0,,2023-11-22,44134.83520219912,0,9076110.16874434
Forsyth,Winston Salem - Salem,178000.0,,2023-11-23,,0,
Forsyth,Winston Salem - Salem,178000.0,,2023-11-24,,0,
Forsyth,Winston Salem - Salem,178000.0,,2023-11-25,,0,
Forsyth,Winston Salem - Salem,178000.0,,2023-11-26,,0,
Forsyth,Winston Salem - Salem,178000.0,,2023-11-27,,0,
Forsyth,Winston Salem - Salem,178000.0,,2023-11-28,,0,
Forsyth,Winston Salem - Salem,178000.0,,2023-11-29,58737.45315173343,0,7307397.85218732
Forsyth,Winston Salem - Salem,178000.0,,2023-11-30,,0,
Forsyth,Winston Salem - Salem,178000.0,,2023-12-01,,0,
Forsyth,Winston Salem - Salem,178000.0,,2023-12-02,71380.72008602876,0,15483633.11067
Forsyth,Winston Salem - Salem,178000.0,,2023-12-03,,0,
Forsyth,Winston Salem - Salem,178000.0,,2023-12-04,,0,
Forsyth,Winston Salem - Salem,178000.0,,2023-12-05,,0,
Forsyth,Winston Salem - Salem,178000.0,,2023-12-06,86829.01200469983,0,18206796.9917974
Forsyth,Winston Salem - Salem,178000.0,,2023-12-07,,0,
Forsyth,Winston Salem - Salem,178000.0,,2023-12-08,,0,
Forsyth,Winston Salem - Salem,178000.0,,2023-12-09,92949.60785285755,0,18897189.9978255
Forsyth,Winston Salem - Salem,178000.0,,2023-12-10,,0,
Forsyth,Winston Salem - Salem,178000.0,,2023-12-11,,0,
Forsyth,Winston Salem - Salem,178000.0,,2023-12-12,,0,
Forsyth,Winston Salem - Salem,178000.0,,2023-12-13,80685.05750462673,0,26922031.7397642
Forsyth,Winston Salem - Salem,178000.0,,2023-12-14,,0,
Forsyth,Winston Salem - Salem,178000.0,,2023-12-15,,0,
Forsyth,Winston Salem - Salem,178000.0,,2023-12-16,192542.75174693522,0,40864810.6628047
Forsyth,Winston Salem - Salem,178000.0,,2023-12-17,,0,
Forsyth,Winston Salem - Salem,178000.0,,2023-12-18,,0,
Forsyth,Winston Salem - Salem,178000.0,,2023-12-19,,0,
Forsyth,Winston Salem - Salem,178000.0,,2023-12-20,,0,
Forsyth,Winston Salem - Salem,178000.0,,2023-12-21,,0,
Forsyth,Winston Salem - Salem,178000.0,,2023-12-22,,0,
Forsyth,Winston Salem - Salem,178000.0,,2023-12-23,,0,
Forsyth,Winston Salem - Salem,178000.0,,2023-12-24,,0,
Forsyth,Winston Salem - Salem,178000.0,,2023-12-25,,0,
Forsyth,Winston Salem - Salem,178000.0,,2023-12-26,,0,
Forsyth,Winston Salem - Salem,178000.0,,2023-12-27,,0,
Forsyth,Winston Salem - Salem,178000.0,,2023-12-28,,0,
Forsyth,Winston Salem - Salem,178000.0,,2023-12-29,,0,
Forsyth,Winston Salem - Salem,178000.0,,2023-12-30,,0,
Forsyth,Winston Salem - Salem,178000.0,,2023-12-31,,0,
Forsyth,Winston Salem - Salem,178000.0,,2024-01-01,,0,
Forsyth,Winston Salem - Salem,178000.0,,2024-01-02,,0,
Forsyth,Winston Salem - Salem,178000.0,,2024-01-03,,0,
Forsyth,Winston Salem - Salem,178000.0,,2024-01-04,,0,
Forsyth,Winston Salem - Salem,178000.0,,2024-01-05,,0,
Forsyth,Winston Salem - Salem,178000.0,,2024-01-06,165532.4536155975,0,68680302.1846663
Forsyth,Winston Salem - Salem,178000.0,,2024-01-07,,0,
Forsyth,Winston Salem - Salem,178000.0,,2024-01-08,,0,
Forsyth,Winston Salem - Salem,178000.0,,2024-01-09,,0,
Forsyth,Winston Salem - Salem,178000.0,,2024-01-10,113936.0709232424,0,17590963.8025665
Forsyth,Winston Salem - Salem,178000.0,,2024-01-11,,0,
Forsyth,Winston Salem - Salem,178000.0,,2024-01-12,,0,
Forsyth,Winston Salem - Salem,178000.0,,2024-01-13,66709.20776024862,0,19577473.504314
Forsyth,Winston Salem - Salem,178000.0,,2024-01-14,,0,
Forsyth,Winston Salem - Salem,178000.0,,2024-01-15,,0,
Forsyth,Winston Salem - Salem,178000.0,,2024-01-16,,0,
Forsyth,Winston Salem - Salem,178000.0,,2024-01-17,59395.902916163664,0,14033381.2218324
Forsyth,Winston Salem - Salem,178000.0,,2024-01-18,,0,
Forsyth,Winston Salem - Salem,178000.0,,2024-01-19,,0,
Forsyth,Winston Salem - Salem,178000.0,,2024-01-20,135163.45659977783,0,29750304.4839464
Forsyth,Winston Salem - Salem,178000.0,,2024-01-21,,0,
Forsyth,Winston Salem - Salem,178000.0,,2024-01-22,,0,
Forsyth,Winston Salem - Salem,178000.0,,2024-01-23,,0,
Forsyth,Winston Salem - Salem,178000.0,,2024-01-24,193463.6463577488,0,44804230.6437492
Forsyth,Winston Salem - Salem,178000.0,,2024-01-25,,0,
Forsyth,Winston Salem - Salem,178000.0,,2024-01-26,,0,
Forsyth,Winston Salem - Salem,178000.0,,2024-01-27,85532.45699732937,0,34723912.3723635
Forsyth,Winston Salem - Salem,178000.0,,2024-01-28,,0,
Forsyth,Winston Salem - Salem,178000.0,,2024-01-29,,0,
Forsyth,Winston Salem - Salem,178000.0,,2024-01-30,,0,
Forsyth,Winston Salem - Salem,178000.0,,2024-01-31,105857.38471487853,0,32957481.1551665
Forsyth,Winston Salem - Salem,178000.0,,2024-02-01,,0,
Forsyth,Winston Salem - Salem,178000.0,,2024-02-02,,0,
Forsyth,Winston Salem - Salem,178000.0,,2024-02-03,164077.5133892517,0,42185882.8198348
Forsyth,Winston Salem - Salem,178000.0,,2024-02-04,,0,
Forsyth,Winston Salem - Salem,178000.0,,2024-02-05,,0,
Forsyth,Winston Salem - Salem,178000.0,,2024-02-06,,0,
Forsyth,Winston Salem - Salem,178000.0,,2024-02-07,77705.24894747484,0,18078377.6183232
Forsyth,Winston Salem - Salem,178000.0,,2024-02-08,,0,
Forsyth,Winston Salem - Salem,178000.0,,2024-02-09,,0,
Forsyth,Winston Salem - Salem,178000.0,,2024-02-10,260733.12025901134,0,58220680.3988699
Forsyth,Winston Salem - Salem,178000.0,,2024-02-11,,0,
Forsyth,Winston Salem - Salem,178000.0,,2024-02-12,,0,
Forsyth,Winston Salem - Salem,178000.0,,2024-02-13,,0,
Forsyth,Winston Salem - Salem,178000.0,,2024-02-14,545907.0981956858,0,152663870.747505
Forsyth,Winston Salem - Salem,178000.0,,2024-02-15,,0,
Forsyth,Winston Salem - Salem,178000.0,,2024-02-16,,0,
Forsyth,Winston Salem - Salem,178000.0,,2024-02-17,188228.58018908818,0,47034356.6995019
Forsyth,Winston Salem - Salem,178000.0,,2024-02-18,,0,
Forsyth,Winston Salem - Salem,178000.0,,2024-02-19,,0,
Forsyth,Winston Salem - Salem,178000.0,,2024-02-20,,0,
Forsyth,Winston Salem - Salem,178000.0,,2024-02-21,163489.47755131862,0,37549601.8982349
Forsyth,Winston Salem - Salem,178000.0,,2024-02-22,,0,
Forsyth,Winston Salem - Salem,178000.0,,2024-02-23,,0,
Forsyth,Winston Salem - Salem,178000.0,,2024-02-24,,0,
Forsyth,Winston Salem - Salem,178000.0,,2024-02-25,,0,
Forsyth,Winston Salem - Salem,178000.0,,2024-02-26,,0,
Forsyth,Winston Salem - Salem,178000.0,,2024-02-27,,0,
Forsyth,Winston Salem - Salem,178000.0,,2024-02-28,,0,
Forsyth,Winston Salem - Salem,178000.0,,2024-02-29,,0,
Forsyth,Winston Salem - Salem,178000.0,,2024-03-01,,0,
Forsyth,Winston Salem - Salem,178000.0,,2024-03-02,151137.64190300184,0,34744823.6214636
Forsyth,Winston Salem - Salem,178000.0,,2024-03-03,,0,
Forsyth,Winston Salem - Salem,178000.0,,2024-03-04,,0,
Forsyth,Winston Salem - Salem,178000.0,,2024-03-05,,0,
Forsyth,Winston Salem - Salem,178000.0,,2024-03-06,140742.22676913146,0,31546908.3692871
Forsyth,Winston Salem - Salem,178000.0,,2024-03-07,,0,
Forsyth,Winston Salem - Salem,178000.0,,2024-03-08,,0,
Forsyth,Winston Salem - Salem,178000.0,,2024-03-09,44495.03343071005,0,10399225.7305574
Forsyth,Winston Salem - Salem,178000.0,,2024-03-10,,0,
Forsyth,Winston Salem - Salem,178000.0,,2024-03-11,,0,
Forsyth,Winston Salem - Salem,178000.0,,2024-03-12,,0,
Forsyth,Winston Salem - Salem,178000.0,,2024-03-13,24283.961523214457,0,5830492.66716422
Forsyth,Winston Salem - Salem,178000.0,,2024-03-14,,0,
Forsyth,Winston Salem - Salem,178000.0,,2024-03-15,,0,
Forsyth,Winston Salem - Salem,178000.0,,2024-03-16,41189.11506696885,0,6052743.69868439
Forsyth,Winston Salem - Salem,178000.0,,2024-03-17,,0,
Forsyth,Winston Salem - Salem,178000.0,,2024-03-18,,0,
Forsyth,Winston Salem - Salem,178000.0,,2024-03-19,,0,
Forsyth,Winston Salem - Salem,178000.0,,2024-03-20,58176.19399820973,0,8660343.55800992
Forsyth,Winston Salem - Salem,178000.0,,2024-03-21,,0,
Forsyth,Winston Salem - Salem,178000.0,,2024-03-22,,0,
Forsyth,Winston Salem - Salem,178000.0,,2024-03-23,20764.40223074095,0,4526213.89940185
Forsyth,Winston Salem - Salem,178000.0,,2024-03-24,,0,
Forsyth,Winston Salem - Salem,178000.0,,2024-03-25,,0,
Forsyth,Winston Salem - Salem,178000.0,,2024-03-26,,0,
Forsyth,Winston Salem - Salem,178000.0,,2024-03-27,20946.226640713387,0,5140476.55392825
Forsyth,Winston Salem - Salem,178000.0,,2024-03-28,,0,
Forsyth,Winston Salem - Salem,178000.0,,2024-03-29,,0,
Forsyth,Winston Salem - Salem,178000.0,,2024-03-30,,0,
Forsyth,Winston Salem - Salem,178000.0,,2024-03-31,,0,
Forsyth,Winston Salem - Salem,178000.0,,2024-04-01,,0,
Forsyth,Winston Salem - Salem,178000.0,,2024-04-02,,0,
Forsyth,Winston Salem - Salem,178000.0,,2024-04-03,25517.53910947589,0,5969297.85390512
Forsyth,Winston Salem - Salem,178000.0,,2024-04-04,,0,
Forsyth,Winston Salem - Salem,178000.0,,2024-04-05,,0,
Forsyth,Winston Salem - Salem,178000.0,,2024-04-06,21262.88785654479,0,4485653.22509142
Forsyth,Winston Salem - Salem,178000.0,,2024-04-07,,0,
Forsyth,Winston Salem - Salem,178000.0,,2024-04-08,,0,
Forsyth,Winston Salem - Salem,178000.0,,2024-04-09,,0,
Forsyth,Winston Salem - Salem,178000.0,,2024-04-10,21256.79446472877,0,5117242.23460671
Forsyth,Winston Salem - Salem,178000.0,,2024-04-11,,0,
Forsyth,Winston Salem - Salem,178000.0,,2024-04-12,,0,
Forsyth,Winston Salem - Salem,178000.0,,2024-04-13,24505.770748948118,0,6394472.21436486
Forsyth,Winston Salem - Salem,178000.0,,2024-04-14,,0,
Forsyth,Winston Salem - Salem,178000.0,,2024-04-15,,0,
Forsyth,Winston Salem - Salem,178000.0,,2024-04-16,,0,
Forsyth,Winston Salem - Salem,178000.0,,2024-04-17,12253.524108377815,0,2944633.36408058
Forsyth,Winston Salem - Salem,178000.0,,2024-04-18,,0,
Forsyth,Winston Salem - Salem,178000.0,,2024-04-19,,0,
Forsyth,Winston Salem - Salem,178000.0,,2024-04-20,30732.497457902777,0,6849374.49883417
Forsyth,Winston Salem - Salem,178000.0,,2024-04-21,,0,
Forsyth,Winston Salem - Salem,178000.0,,2024-04-22,,0,
Forsyth,Winston Salem - Salem,178000.0,,2024-04-23,,0,
Forsyth,Winston Salem - Salem,178000.0,,2024-04-24,11830.712570730651,0,2830448.13403928
Forsyth,Winston Salem - Salem,178000.0,,2024-04-25,,0,
Forsyth,Winston Salem - Salem,178000.0,,2024-04-26,,0,
Forsyth,Winston Salem - Salem,178000.0,,2024-04-27,13334.811584720672,0,3700745.08334304
Forsyth,Winston Salem - Salem,178000.0,,2024-04-28,,0,
Forsyth,Winston Salem - Salem,178000.0,,2024-04-29,,0,
Forsyth,Winston Salem - Salem,178000.0,,2024-04-30,,0,
Forsyth,Winston Salem - Salem,178000.0,,2024-05-01,7959.063979598233,0,1919405.90191083
Forsyth,Winston Salem - Salem,178000.0,,2024-05-02,,0,
Forsyth,Winston Salem - Salem,178000.0,,2024-05-03,,0,
Forsyth,Winston Salem - Salem,178000.0,,2024-05-04,51798.532797754044,0,11202892.9705344
Forsyth,Winston Salem - Salem,178000.0,,2024-05-05,,0,
Forsyth,Winston Salem - Salem,178000.0,,2024-05-06,,0,
Forsyth,Winston Salem - Salem,178000.0,,2024-05-07,,0,
Forsyth,Winston Salem - Salem,178000.0,,2024-05-08,12063.399189283267,0,2834808.67284718
Forsyth,Winston Salem - Salem,178000.0,,2024-05-09,,0,
Forsyth,Winston Salem - Salem,178000.0,,2024-05-10,,0,
Forsyth,Winston Salem - Salem,178000.0,,2024-05-11,19295.69900262753,0,2856021.88467214
Forsyth,Winston Salem - Salem,178000.0,,2024-05-12,,0,
Forsyth,Winston Salem - Salem,178000.0,,2024-05-13,,0,
Forsyth,Winston Salem - Salem,178000.0,,2024-05-14,,0,
Forsyth,Winston Salem - Salem,178000.0,,2024-05-15,7314.178012599927,0,1175923.57434635
Gaston,Crowders Creek,28940.0,0.6900000000000001,2023-01-11,33088.0,0,10387116.6717346
Gaston,Crowders Creek,28940.0,2.42,2023-01-12,,0,
Gaston,Crowders Creek,28940.0,0.6900000000000001,2023-01-13,46530.00000000006,0,19475843.7595024
Gaston,Crowders Creek,28940.0,2.42,2023-01-14,,0,
Gaston,Crowders Creek,28940.0,0.6900000000000001,2023-01-15,,0,
Gaston,Crowders Creek,28940.0,,2023-01-16,,0,
Gaston,Crowders Creek,28940.0,0.6900000000000001,2023-01-17,,0,
Gaston,Crowders Creek,28940.0,0.6900000000000001,2023-01-18,42394.00000000003,0,12199452.1326882
Gaston,Crowders Creek,28940.0,2.07,2023-01-19,,0,
Gaston,Crowders Creek,28940.0,2.07,2023-01-20,,0,
Gaston,Crowders Creek,28940.0,2.07,2023-01-21,35156.00000000002,0,10116618.8417415
Gaston,Crowders Creek,28940.0,1.7300000000000002,2023-01-22,,0,
Gaston,Crowders Creek,28940.0,0.6900000000000001,2023-01-23,,0,
Gaston,Crowders Creek,28940.0,2.07,2023-01-24,,0,
Gaston,Crowders Creek,28940.0,2.42,2023-01-25,,0,
Gaston,Crowders Creek,28940.0,0.6900000000000001,2023-01-26,7445.000000000002,0,2239782.20110573
Gaston,Crowders Creek,28940.0,1.7300000000000002,2023-01-27,,0,
Gaston,Crowders Creek,28940.0,6.57,2023-01-28,10340.00000000001,0,5004209.85487214
Gaston,Crowders Creek,28940.0,2.07,2023-01-29,,0,
Gaston,Crowders Creek,28940.0,0.6900000000000001,2023-01-30,,0,
Gaston,Crowders Creek,28940.0,3.8000000000000003,2023-01-31,,0,
Gaston,Crowders Creek,28940.0,2.07,2023-02-01,34122.00000000003,0,11604356.9067035
Gaston,Crowders Creek,28940.0,2.7600000000000002,2023-02-02,,0,
Gaston,Crowders Creek,28940.0,0.6900000000000001,2023-02-03,,0,
Gaston,Crowders Creek,28940.0,0.6900000000000001,2023-02-04,52734.0,0,30632662.0064824
Gaston,Crowders Creek,28940.0,0.6900000000000001,2023-02-05,,0,
Gaston,Crowders Creek,28940.0,0.6900000000000001,2023-02-06,,0,
Gaston,Crowders Creek,28940.0,1.7300000000000002,2023-02-07,,0,
Gaston,Crowders Creek,28940.0,3.4600000000000004,2023-02-08,16027.00000000001,0,4282859.76673808
Gaston,Crowders Creek,28940.0,0.6900000000000001,2023-02-09,,0,
Gaston,Crowders Creek,28940.0,0.6900000000000001,2023-02-10,,0,
Gaston,Crowders Creek,28940.0,0.6900000000000001,2023-02-11,21714.000000000022,0,5794063.51845195
Gaston,Crowders Creek,28940.0,0.6900000000000001,2023-02-12,,0,
Gaston,Crowders Creek,28940.0,0.6900000000000001,2023-02-13,,0,
Gaston,Crowders Creek,28940.0,1.7300000000000002,2023-02-14,,0,
Gaston,Crowders Creek,28940.0,2.7600000000000002,2023-02-15,34122.00000000003,0,11158035.4872149
Gaston,Crowders Creek,28940.0,0.6900000000000001,2023-02-16,,0,
Gaston,Crowders Creek,28940.0,2.42,2023-02-17,,0,
Gaston,Crowders Creek,28940.0,0.6900000000000001,2023-02-18,101200.0000000001,0,47653660.2626123
Gaston,Crowders Creek,28940.0,0.6900000000000001,2023-02-19,,0,
Gaston,Crowders Creek,28940.0,0.6900000000000001,2023-02-20,,0,
Gaston,Crowders Creek,28940.0,1.7300000000000002,2023-02-21,23540.000000000015,0,8313491.81755355
Gaston,Crowders Creek,28940.0,1.7300000000000002,2023-02-22,,0,
Gaston,Crowders Creek,28940.0,0.6900000000000001,2023-02-23,,0,
Gaston,Crowders Creek,28940.0,0.6900000000000001,2023-02-24,,0,
Gaston,Crowders Creek,28940.0,0.6900000000000001,2023-02-25,111100.00000000003,0,30517334.9689011
Gaston,Crowders Creek,28940.0,,2023-02-26,,0,
Gaston,Crowders Creek,28940.0,1.7300000000000002,2023-02-27,,0,
Gaston,Crowders Creek,28940.0,,2023-02-28,116599.99999999997,0,27910196.309606
Gaston,Crowders Creek,28940.0,0.6900000000000001,2023-03-01,,0,
Gaston,Crowders Creek,28940.0,,2023-03-02,,0,
Gaston,Crowders Creek,28940.0,0.6900000000000001,2023-03-03,,0,
Gaston,Crowders Creek,28940.0,0.6900000000000001,2023-03-04,84700.0000000001,0,36560371.5964063
Gaston,Crowders Creek,28940.0,0.6900000000000001,2023-03-05,,0,
Gaston,Crowders Creek,28940.0,,2023-03-06,,0,
Gaston,Crowders Creek,28940.0,0.6900000000000001,2023-03-07,29700.000000000033,0,6992656.66897028
Gaston,Crowders Creek,28940.0,,2023-03-08,,0,
Gaston,Crowders Creek,28940.0,0.6900000000000001,2023-03-09,,0,
Gaston,Crowders Creek,28940.0,0.6900000000000001,2023-03-10,,0,
Gaston,Crowders Creek,28940.0,0.6900000000000001,2023-03-11,25080.00000000003,0,7381137.595024179
Gaston,Crowders Creek,28940.0,,2023-03-12,,0,
Gaston,Crowders Creek,28940.0,,2023-03-13,,0,
Gaston,Crowders Creek,28940.0,0.6900000000000001,2023-03-14,15400.000000000022,0,3263239.7788528
Gaston,Crowders Creek,28940.0,,2023-03-15,,0,
Gaston,Crowders Creek,28940.0,0.6900000000000001,2023-03-16,,0,
Gaston,Crowders Creek,28940.0,0.6900000000000001,2023-03-17,,0,
Gaston,Crowders Creek,28940.0,,2023-03-18,,0,
Gaston,Crowders Creek,28940.0,,2023-03-19,,0,
Gaston,Crowders Creek,28940.0,,2023-03-20,,0,
Gaston,Crowders Creek,28940.0,0.6900000000000001,2023-03-21,20900.00000000002,0,6014260.26261229
Gaston,Crowders Creek,28940.0,0.6900000000000001,2023-03-22,,0,
Gaston,Crowders Creek,28940.0,0.6900000000000001,2023-03-23,,0,
Gaston,Crowders Creek,28940.0,,2023-03-24,,0,
Gaston,Crowders Creek,28940.0,,2023-03-25,,0,
Gaston,Crowders Creek,28940.0,,2023-03-26,57200.00000000004,0,14215524.2570836
Gaston,Crowders Creek,28940.0,,2023-03-27,,0,
Gaston,Crowders Creek,28940.0,0.6900000000000001,2023-03-28,116599.99999999997,0,54905304.2156184
Gaston,Crowders Creek,28940.0,0.6900000000000001,2023-03-29,,0,
Gaston,Crowders Creek,28940.0,0.6900000000000001,2023-03-30,,0,
Gaston,Crowders Creek,28940.0,,2023-03-31,,0,
Gaston,Crowders Creek,28940.0,0.6900000000000001,2023-04-01,21120.0,0,5801315.16240497
Gaston,Crowders Creek,28940.0,0.6900000000000001,2023-04-02,,0,
Gaston,Crowders Creek,28940.0,0.6900000000000001,2023-04-03,,0,
Gaston,Crowders Creek,28940.0,,2023-04-04,13090.000000000015,0,3766826.16447821
Gaston,Crowders Creek,28940.0,0.6900000000000001,2023-04-05,,0,
Gaston,Crowders Creek,28940.0,0.6900000000000001,2023-04-06,,0,
Gaston,Crowders Creek,28940.0,,2023-04-07,65999.99999999999,0,24172146.5100207
Gaston,Crowders Creek,28940.0,,2023-04-08,,0,
Gaston,Crowders Creek,28940.0,0.6900000000000001,2023-04-09,,0,
Gaston,Crowders Creek,28940.0,0.6900000000000001,2023-04-10,,0,
Gaston,Crowders Creek,28940.0,0.6900000000000001,2023-04-11,52800.00000000004,0,26934677.5397373
Gaston,Crowders Creek,28940.0,0.6900000000000001,2023-04-12,,0,
Gaston,Crowders Creek,28940.0,,2023-04-13,,0,
Gaston,Crowders Creek,28940.0,,2023-04-14,,0,
Gaston,Crowders Creek,28940.0,,2023-04-15,0.0,0,546750.932964753
Gaston,Crowders Creek,28940.0,,2023-04-16,,0,
Gaston,Crowders Creek,28940.0,,2023-04-17,,0,
Gaston,Crowders Creek,28940.0,,2023-04-18,15400.000000000022,0,3021518.31375258
Gaston,Crowders Creek,28940.0,,2023-04-19,,0,
Gaston,Crowders Creek,28940.0,0.6900000000000001,2023-04-20,,0,
Gaston,Crowders Creek,28940.0,,2023-04-21,,0,
Gaston,Crowders Creek,28940.0,0.6900000000000001,2023-04-22,28600.00000000002,0,10474596.8210089
Gaston,Crowders Creek,28940.0,,2023-04-23,,0,
Gaston,Crowders Creek,28940.0,0.6900000000000001,2023-04-24,,0,
Gaston,Crowders Creek,28940.0,0.6900000000000001,2023-04-25,109999.99999999994,0,25898728.4035936
Gaston,Crowders Creek,28940.0,0.6900000000000001,2023-04-26,,0,
Gaston,Crowders Creek,28940.0,,2023-04-27,,0,
Gaston,Crowders Creek,28940.0,,2023-04-28,,0,
Gaston,Crowders Creek,28940.0,0.6900000000000001,2023-04-29,24200.00000000003,0,28877945.4609536
Gaston,Crowders Creek,28940.0,,2023-04-30,,0,
Gaston,Crowders Creek,28940.0,,2023-05-01,,0,
Gaston,Crowders Creek,28940.0,,2023-05-02,17270.000000000025,0,5873256.07463719
Gaston,Crowders Creek,28940.0,,2023-05-03,,0,
Gaston,Crowders Creek,28940.0,,2023-05-04,,0,
Gaston,Crowders Creek,28940.0,0.6900000000000001,2023-05-05,,0,
Gaston,Crowders Creek,28940.0,0.6900000000000001,2023-05-06,28600.00000000002,0,7968175.43883896
Gaston,Crowders Creek,28940.0,,2023-05-07,,0,
Gaston,Crowders Creek,28940.0,0.6900000000000001,2023-05-08,,0,
Gaston,Crowders Creek,28940.0,0.6900000000000001,2023-05-09,26400.00000000002,0,5870378.43814789
Gaston,Crowders Creek,28940.0,,2023-05-10,,0,
Gaston,Crowders Creek,28940.0,0.6900000000000001,2023-05-11,,0,
Gaston,Crowders Creek,28940.0,,2023-05-12,,0,
Gaston,Crowders Creek,28940.0,,2023-05-13,21120.0,0,6353821.3683483
Gaston,Crowders Creek,28940.0,,2023-05-14,,0,
Gaston,Crowders Creek,28940.0,,2023-05-15,,0,
Gaston,Crowders Creek,28940.0,0.6900000000000001,2023-05-16,24530.0,0,4459904.91292329
Gaston,Crowders Creek,28940.0,,2023-05-17,,0,
Gaston,Crowders Creek,28940.0,0.6900000000000001,2023-05-18,,0,
Gaston,Crowders Creek,28940.0,0.6900000000000001,2023-05-19,,0,
Gaston,Crowders Creek,28940.0,,2023-05-20,10009.999999999998,0,2435343.76088458
Gaston,Crowders Creek,28940.0,,2023-05-21,,0,
Gaston,Crowders Creek,28940.0,,2023-05-22,,0,
Gaston,Crowders Creek,28940.0,0.6900000000000001,2023-05-23,30800.000000000044,0,6043036.62750517
Gaston,Crowders Creek,28940.0,,2023-05-24,,0,
Gaston,Crowders Creek,28940.0,,2023-05-25,,0,
Gaston,Crowders Creek,28940.0,,2023-05-26,,0,
Gaston,Crowders Creek,28940.0,,2023-05-27,31899.999999999993,0,6968196.75881131
Gaston,Crowders Creek,28940.0,,2023-05-28,,0,
Gaston,Crowders Creek,28940.0,,2023-05-29,,0,
Gaston,Crowders Creek,28940.0,,2023-05-30,,0,
Gaston,Crowders Creek,28940.0,,2023-05-31,19140.0,0,4030705.43054596
Gaston,Crowders Creek,28940.0,,2023-06-01,,0,
Gaston,Crowders Creek,28940.0,,2023-06-02,,0,
Gaston,Crowders Creek,28940.0,,2023-06-03,71499.99999999999,0,18517590.8085694
Gaston,Crowders Creek,28940.0,,2023-06-04,,0,
Gaston,Crowders Creek,28940.0,,2023-06-05,,0,
Gaston,Crowders Creek,28940.0,,2023-06-06,18040.000000000022,0,3539492.88182447
Gaston,Crowders Creek,28940.0,,2023-06-07,,0,
Gaston,Crowders Creek,28940.0,,2023-06-08,,0,
Gaston,Crowders Creek,28940.0,,2023-06-09,,0,
Gaston,Crowders Creek,28940.0,,2023-06-10,41800.00000000004,0,12028520.5252245
Gaston,Crowders Creek,28940.0,,2023-06-11,,0,
Gaston,Crowders Creek,28940.0,,2023-06-12,,0,
Gaston,Crowders Creek,28940.0,,2023-06-13,13750.000000000018,0,4136602.45335175
Gaston,Crowders Creek,28940.0,,2023-06-14,,0,
Gaston,Crowders Creek,28940.0,,2023-06-15,,0,
Gaston,Crowders Creek,28940.0,,2023-06-16,,0,
Gaston,Crowders Creek,28940.0,,2023-06-17,21450.0,0,5555277.24257084
Gaston,Crowders Creek,28940.0,,2023-06-18,,0,
Gaston,Crowders Creek,28940.0,,2023-06-19,,0,
Gaston,Crowders Creek,28940.0,,2023-06-20,11550.000000000007,0,2235923.55217691
Gaston,Crowders Creek,28940.0,,2023-06-21,,0,
Gaston,Crowders Creek,28940.0,,2023-06-22,,0,
Gaston,Crowders Creek,28940.0,,2023-06-23,,0,
Gaston,Crowders Creek,28940.0,,2023-06-24,70399.99999999997,0,17496029.8548721
Gaston,Crowders Creek,28940.0,,2023-06-25,,0,
Gaston,Crowders Creek,28940.0,,2023-06-26,,0,
Gaston,Crowders Creek,28940.0,,2023-06-27,35199.999999999985,0,7366749.412577739
Gaston,Crowders Creek,28940.0,,2023-06-28,,0,
Gaston,Crowders Creek,28940.0,,2023-06-29,,0,
Gaston,Crowders Creek,28940.0,,2023-06-30,,0,
Gaston,Crowders Creek,28940.0,,2023-07-01,18150.00000000001,0,4035885.1762266695
Gaston,Crowders Creek,28940.0,,2023-07-02,,0,
Gaston,Crowders Creek,28940.0,,2023-07-03,,0,
Gaston,Crowders Creek,28940.0,,2023-07-04,35199.999999999985,0,7827171.250863849
Gaston,Crowders Creek,28940.0,,2023-07-05,,0,
Gaston,Crowders Creek,28940.0,,2023-07-06,,0,
Gaston,Crowders Creek,28940.0,,2023-07-07,,0,
Gaston,Crowders Creek,28940.0,,2023-07-08,50600.00000000005,0,9927845.88804422
Gaston,Crowders Creek,28940.0,,2023-07-09,,0,
Gaston,Crowders Creek,28940.0,,2023-07-10,,0,
Gaston,Crowders Creek,28940.0,,2023-07-11,12980.000000000015,0,2376927.74015203
Gaston,Crowders Creek,28940.0,,2023-07-12,,0,
Gaston,Crowders Creek,28940.0,,2023-07-13,,0,
Gaston,Crowders Creek,28940.0,,2023-07-14,,0,
Gaston,Crowders Creek,28940.0,,2023-07-15,59400.000000000065,0,13985313.3379405
Gaston,Crowders Creek,28940.0,,2023-07-16,,0,
Gaston,Crowders Creek,28940.0,,2023-07-17,,0,
Gaston,Crowders Creek,28940.0,,2023-07-18,31899.999999999993,0,6676116.65514859
Gaston,Crowders Creek,28940.0,,2023-07-19,,0,
Gaston,Crowders Creek,28940.0,,2023-07-20,,0,
Gaston,Crowders Creek,28940.0,,2023-07-21,,0,
Gaston,Crowders Creek,28940.0,,2023-07-22,75900.00000000003,0,14891768.8320663
Gaston,Crowders Creek,28940.0,,2023-07-23,,0,
Gaston,Crowders Creek,28940.0,,2023-07-24,,0,
Gaston,Crowders Creek,28940.0,,2023-07-25,42900.0,0,17395312.577747
Gaston,Crowders Creek,28940.0,,2023-07-26,,0,
Gaston,Crowders Creek,28940.0,,2023-07-27,,0,
Gaston,Crowders Creek,28940.0,,2023-07-28,,0,
Gaston,Crowders Creek,28940.0,,2023-07-29,130900.00000000003,0,32360461.1402901
Gaston,Crowders Creek,28940.0,,2023-07-30,,0,
Gaston,Crowders Creek,28940.0,,2023-07-31,,0,
Gaston,Crowders Creek,28940.0,,2023-08-01,53900.000000000065,0,12408368.5418106
Gaston,Crowders Creek,28940.0,,2023-08-02,,0,
Gaston,Crowders Creek,28940.0,,2023-08-03,,0,
Gaston,Crowders Creek,28940.0,,2023-08-04,,0,
Gaston,Crowders Creek,28940.0,,2023-08-05,,0,
Gaston,Crowders Creek,28940.0,,2023-08-06,,0,
Gaston,Crowders Creek,28940.0,,2023-08-07,,0,
Gaston,Crowders Creek,28940.0,,2023-08-08,118070.00000000012,0,21621252.5639253
Gaston,Crowders Creek,28940.0,,2023-08-09,,0,
Gaston,Crowders Creek,28940.0,,2023-08-10,,0,
Gaston,Crowders Creek,28940.0,,2023-08-11,,0,
Gaston,Crowders Creek,28940.0,,2023-08-12,325860.40905884875,0,38149611.7484451
Gaston,Crowders Creek,28940.0,,2023-08-13,,0,
Gaston,Crowders Creek,28940.0,,2023-08-14,,0,
Gaston,Crowders Creek,28940.0,,2023-08-15,83574.76724466548,0,25864196.7657221
Gaston,Crowders Creek,28940.0,,2023-08-16,,0,
Gaston,Crowders Creek,28940.0,,2023-08-17,,0,
Gaston,Crowders Creek,28940.0,,2023-08-18,,0,
Gaston,Crowders Creek,28940.0,,2023-08-19,325860.40905884875,0,245248751.57125
Gaston,Crowders Creek,28940.0,,2023-08-20,,0,
Gaston,Crowders Creek,28940.0,,2023-08-21,,0,
Gaston,Crowders Creek,28940.0,,2023-08-22,83574.76724466548,0,8085668.02868004
Gaston,Crowders Creek,28940.0,,2023-08-23,,0,
Gaston,Crowders Creek,28940.0,,2023-08-24,,0,
Gaston,Crowders Creek,28940.0,,2023-08-25,,0,
Gaston,Crowders Creek,28940.0,,2023-08-26,,0,
Gaston,Crowders Creek,28940.0,,2023-08-27,,0,
Gaston,Crowders Creek,28940.0,,2023-08-28,,0,
Gaston,Crowders Creek,28940.0,,2023-08-29,185708.00000000015,0,43723645.9488597
Gaston,Crowders Creek,28940.0,,2023-08-30,,0,
Gaston,Crowders Creek,28940.0,,2023-08-31,,0,
Gaston,Crowders Creek,28940.0,,2023-09-01,,0,
Gaston,Crowders Creek,28940.0,,2023-09-02,198119.0000000002,0,59602875.7422252
Gaston,Crowders Creek,28940.0,,2023-09-03,,0,
Gaston,Crowders Creek,28940.0,,2023-09-04,,0,
Gaston,Crowders Creek,28940.0,,2023-09-05,,0,
Gaston,Crowders Creek,28940.0,,2023-09-06,94490.00000000001,0,16067283.3379405
Gaston,Crowders Creek,28940.0,,2023-09-07,,0,
Gaston,Crowders Creek,28940.0,,2023-09-08,,0,
Gaston,Crowders Creek,28940.0,,2023-09-09,476300.00000000023,0,93451244.9896336
Gaston,Crowders Creek,28940.0,,2023-09-10,,0,
Gaston,Crowders Creek,28940.0,,2023-09-11,,0,
Gaston,Crowders Creek,28940.0,,2023-09-12,68640.00000000006,0,14365161.3545266
Gaston,Crowders Creek,28940.0,,2023-09-13,,0,
Gaston,Crowders Creek,28940.0,,2023-09-14,,0,
Gaston,Crowders Creek,28940.0,,2023-09-15,,0,
Gaston,Crowders Creek,28940.0,,2023-09-16,168520.0000000001,0,41881121.4651
Gaston,Crowders Creek,28940.0,,2023-09-17,,0,
Gaston,Crowders Creek,28940.0,,2023-09-18,,0,
Gaston,Crowders Creek,28940.0,,2023-09-19,117589.99999999996,0,18457160.4422943
Gaston,Crowders Creek,28940.0,,2023-09-20,,0,
Gaston,Crowders Creek,28940.0,,2023-09-21,,0,
Gaston,Crowders Creek,28940.0,,2023-09-22,,0,
Gaston,Crowders Creek,28940.0,,2023-09-23,193269.99999999988,0,50560073.1167933
Gaston,Crowders Creek,28940.0,,2023-09-24,,0,
Gaston,Crowders Creek,28940.0,,2023-09-25,,0,
Gaston,Crowders Creek,28940.0,,2023-09-26,45100.000000000015,0,12388225.0863856
Gaston,Crowders Creek,28940.0,,2023-09-27,,0,
Gaston,Crowders Creek,28940.0,,2023-09-28,,0,
Gaston,Crowders Creek,28940.0,,2023-09-29,,0,
Gaston,Crowders Creek,28940.0,,2023-09-30,90200.00000000003,0,17107548.9288182
Gaston,Crowders Creek,28940.0,,2023-10-01,,0,
Gaston,Crowders Creek,28940.0,,2023-10-02,,0,
Gaston,Crowders Creek,28940.0,,2023-10-03,31570.000000000036,0,5781171.70697997
Gaston,Crowders Creek,28940.0,,2023-10-04,,0,
Gaston,Crowders Creek,28940.0,,2023-10-05,,0,
Gaston,Crowders Creek,28940.0,,2023-10-06,,0,
Gaston,Crowders Creek,28940.0,,2023-10-07,132330.00000000015,0,25098026.0504492
Gaston,Crowders Creek,28940.0,,2023-10-08,,0,
Gaston,Crowders Creek,28940.0,,2023-10-09,,0,
Gaston,Crowders Creek,28940.0,,2023-10-10,56429.999999999985,0,8119251.3545266
Gaston,Crowders Creek,28940.0,,2023-10-11,,0,
Gaston,Crowders Creek,28940.0,,2023-10-12,,0,
Gaston,Crowders Creek,28940.0,,2023-10-13,,0,
Gaston,Crowders Creek,28940.0,,2023-10-14,81510.00000000003,0,17058629.1085003
Gaston,Crowders Creek,28940.0,,2023-10-15,,0,
Gaston,Crowders Creek,28940.0,,2023-10-16,,0,
Gaston,Crowders Creek,28940.0,,2023-10-17,34539.999999999985,0,5873256.07463719
Gaston,Crowders Creek,28940.0,,2023-10-18,,0,
Gaston,Crowders Creek,28940.0,,2023-10-19,,0,
Gaston,Crowders Creek,28940.0,,2023-10-20,,0,
Gaston,Crowders Creek,28940.0,,2023-10-21,70510.00000000004,0,21212497.3807878
Gaston,Crowders Creek,28940.0,,2023-10-22,,0,
Gaston,Crowders Creek,28940.0,,2023-10-23,,0,
Gaston,Crowders Creek,28940.0,,2023-10-24,578600.0,0,128659127.436074
Gaston,Crowders Creek,28940.0,,2023-10-25,,0,
Gaston,Crowders Creek,28940.0,,2023-10-26,,0,
Gaston,Crowders Creek,28940.0,,2023-10-27,,0,
Gaston,Crowders Creek,28940.0,,2023-10-28,6831.0000000000055,0,1563635.72736696
Gaston,Crowders Creek,28940.0,,2023-10-29,,0,
Gaston,Crowders Creek,28940.0,,2023-10-30,,0,
Gaston,Crowders Creek,28940.0,,2023-10-31,5357.000000000004,0,1331338.52176917
Gaston,Crowders Creek,28940.0,,2023-11-01,,0,
Gaston,Crowders Creek,28940.0,,2023-11-02,,0,
Gaston,Crowders Creek,28940.0,,2023-11-03,,0,
Gaston,Crowders Creek,28940.0,,2023-11-04,,0,
Gaston,Crowders Creek,28940.0,,2023-11-05,,0,
Gaston,Crowders Creek,28940.0,,2023-11-06,,0,
Gaston,Crowders Creek,28940.0,,2023-11-07,93500.0000000001,0,24728969.1706979
Gaston,Crowders Creek,28940.0,,2023-11-08,,0,
Gaston,Crowders Creek,28940.0,,2023-11-09,,0,
Gaston,Crowders Creek,28940.0,,2023-11-10,,0,
Gaston,Crowders Creek,28940.0,,2023-11-11,,0,
Gaston,Crowders Creek,28940.0,,2023-11-12,,0,
Gaston,Crowders Creek,28940.0,,2023-11-13,,0,
Gaston,Crowders Creek,28940.0,,2023-11-14,,0,
Gaston,Crowders Creek,28940.0,,2023-11-15,,0,
Gaston,Crowders Creek,28940.0,,2023-11-16,,0,
Gaston,Crowders Creek,28940.0,,2023-11-17,,0,
Gaston,Crowders Creek,28940.0,,2023-11-18,,0,
Gaston,Crowders Creek,28940.0,,2023-11-19,,0,
Gaston,Crowders Creek,28940.0,,2023-11-20,,0,
Gaston,Crowders Creek,28940.0,,2023-11-21,,0,
Gaston,Crowders Creek,28940.0,,2023-11-22,,0,
Gaston,Crowders Creek,28940.0,,2023-11-23,,0,
Gaston,Crowders Creek,28940.0,,2023-11-24,,0,
Gaston,Crowders Creek,28940.0,,2023-11-25,,0,
Gaston,Crowders Creek,28940.0,,2023-11-26,,0,
Gaston,Crowders Creek,28940.0,,2023-11-27,,0,
Gaston,Crowders Creek,28940.0,,2023-11-28,54890.000000000044,0,10697757.5307532
Gaston,Crowders Creek,28940.0,,2023-11-29,,0,
Gaston,Crowders Creek,28940.0,,2023-11-30,,0,
Gaston,Crowders Creek,28940.0,,2023-12-01,,0,
Gaston,Crowders Creek,28940.0,,2023-12-02,113300.0000000001,0,26675690.2557014
Gaston,Crowders Creek,28940.0,,2023-12-03,,0,
Gaston,Crowders Creek,28940.0,,2023-12-04,,0,
Gaston,Crowders Creek,28940.0,,2023-12-05,41800.00000000004,0,8201263.994471311
Gaston,Crowders Creek,28940.0,,2023-12-06,,0,
Gaston,Crowders Creek,28940.0,,2023-12-07,,0,
Gaston,Crowders Creek,28940.0,,2023-12-08,,0,
Gaston,Crowders Creek,28940.0,,2023-12-09,132330.00000000015,0,27694373.5729094
Gaston,Crowders Creek,28940.0,,2023-12-10,,0,
Gaston,Crowders Creek,28940.0,,2023-12-11,,0,
Gaston,Crowders Creek,28940.0,,2023-12-12,,0,
Gaston,Crowders Creek,28940.0,,2023-12-13,,0,
Gaston,Crowders Creek,28940.0,,2023-12-14,,0,
Gaston,Crowders Creek,28940.0,,2023-12-15,,0,
Gaston,Crowders Creek,28940.0,,2023-12-16,976799.9999999998,0,255534120.248791
Gaston,Crowders Creek,28940.0,,2023-12-17,,0,
Gaston,Crowders Creek,28940.0,,2023-12-18,,0,
Gaston,Crowders Creek,28940.0,,2023-12-19,,0,
Gaston,Crowders Creek,28940.0,,2023-12-20,,0,
Gaston,Crowders Creek,28940.0,,2023-12-21,,0,
Gaston,Crowders Creek,28940.0,,2023-12-22,,0,
Gaston,Crowders Creek,28940.0,,2023-12-23,,0,
Gaston,Crowders Creek,28940.0,,2023-12-24,,0,
Gaston,Crowders Creek,28940.0,,2023-12-25,,0,
Gaston,Crowders Creek,28940.0,,2023-12-26,,0,
Gaston,Crowders Creek,28940.0,,2023-12-27,,0,
Gaston,Crowders Creek,28940.0,,2023-12-28,,0,
Gaston,Crowders Creek,28940.0,,2023-12-29,,0,
Gaston,Crowders Creek,28940.0,,2023-12-30,,0,
Gaston,Crowders Creek,28940.0,,2023-12-31,,0,
Gaston,Crowders Creek,28940.0,,2024-01-01,,0,
Gaston,Crowders Creek,28940.0,,2024-01-02,,0,
Gaston,Crowders Creek,28940.0,,2024-01-03,339900.0000000001,0,71135174.0152039
Gaston,Crowders Creek,28940.0,,2024-01-04,,0,
Gaston,Crowders Creek,28940.0,,2024-01-05,,0,
Gaston,Crowders Creek,28940.0,,2024-01-06,1016400.0000000005,0,398840417.415343
Gaston,Crowders Creek,28940.0,,2024-01-07,,0,
Gaston,Crowders Creek,28940.0,,2024-01-08,,0,
Gaston,Crowders Creek,28940.0,,2024-01-09,338799.99999999977,0,97494324.2570836
Gaston,Crowders Creek,28940.0,,2024-01-10,,0,
Gaston,Crowders Creek,28940.0,,2024-01-11,,0,
Gaston,Crowders Creek,28940.0,,2024-01-12,,0,
Gaston,Crowders Creek,28940.0,,2024-01-13,301400.00000000006,0,157694479.612992
Gaston,Crowders Creek,28940.0,,2024-01-14,,0,
Gaston,Crowders Creek,28940.0,,2024-01-15,,0,
Gaston,Crowders Creek,28940.0,,2024-01-16,,0,
Gaston,Crowders Creek,28940.0,,2024-01-17,205700.00000000003,0,59192982.5846577
Gaston,Crowders Creek,28940.0,,2024-01-18,,0,
Gaston,Crowders Creek,28940.0,,2024-01-19,,0,
Gaston,Crowders Creek,28940.0,,2024-01-20,,0,
Gaston,Crowders Creek,28940.0,,2024-01-21,,0,
Gaston,Crowders Creek,28940.0,,2024-01-22,,0,
Gaston,Crowders Creek,28940.0,,2024-01-23,282700.00000000006,0,56575772.1976502
Gaston,Crowders Creek,28940.0,,2024-01-24,,0,
Gaston,Crowders Creek,28940.0,,2024-01-25,,0,
Gaston,Crowders Creek,28940.0,,2024-01-26,,0,
Gaston,Crowders Creek,28940.0,,2024-01-27,194589.99999999988,0,52941605.0753284
Gaston,Crowders Creek,28940.0,,2024-01-28,,0,
Gaston,Crowders Creek,28940.0,,2024-01-29,,0,
Gaston,Crowders Creek,28940.0,,2024-01-30,235399.99999999988,0,126241912.785072
Gaston,Crowders Creek,28940.0,,2024-01-31,,0,
Gaston,Crowders Creek,28940.0,,2024-02-01,,0,
Gaston,Crowders Creek,28940.0,,2024-02-02,,0,
Gaston,Crowders Creek,28940.0,,2024-02-03,352000.00000000023,0,98990695.2315131
Gaston,Crowders Creek,28940.0,,2024-02-04,,0,
Gaston,Crowders Creek,28940.0,,2024-02-05,,0,
Gaston,Crowders Creek,28940.0,,2024-02-06,259600.0000000001,0,99830965.0863857
Gaston,Crowders Creek,28940.0,,2024-02-07,,0,
Gaston,Crowders Creek,28940.0,,2024-02-08,,0,
Gaston,Crowders Creek,28940.0,,2024-02-09,,0,
Gaston,Crowders Creek,28940.0,,2024-02-10,,0,
Gaston,Crowders Creek,28940.0,,2024-02-11,,0,
Gaston,Crowders Creek,28940.0,,2024-02-12,,0,
Gaston,Crowders Creek,28940.0,,2024-02-13,98780.00000000009,0,24807528.6468555
Gaston,Crowders Creek,28940.0,,2024-02-14,,0,
Gaston,Crowders Creek,28940.0,,2024-02-15,,0,
Gaston,Crowders Creek,28940.0,,2024-02-16,,0,
Gaston,Crowders Creek,28940.0,,2024-02-17,235399.99999999988,0,55423278.7836903
Gaston,Crowders Creek,28940.0,,2024-02-18,,0,
Gaston,Crowders Creek,28940.0,,2024-02-19,,0,
Gaston,Crowders Creek,28940.0,,2024-02-20,118689.99999999996,0,24374012.7097443
Gaston,Crowders Creek,28940.0,,2024-02-21,,0,
Gaston,Crowders Creek,28940.0,,2024-02-22,,0,
Gaston,Crowders Creek,28940.0,,2024-02-23,,0,
Gaston,Crowders Creek,28940.0,,2024-02-24,362999.9999999999,0,90688713.9599168
Gaston,Crowders Creek,28940.0,,2024-02-25,,0,
Gaston,Crowders Creek,28940.0,,2024-02-26,,0,
Gaston,Crowders Creek,28940.0,,2024-02-27,732600.0000000006,0,227105949.371113
Gaston,Crowders Creek,28940.0,,2024-02-28,,0,
Gaston,Crowders Creek,28940.0,,2024-02-29,,0,
Gaston,Crowders Creek,28940.0,,2024-03-01,,0,
Gaston,Crowders Creek,28940.0,,2024-03-02,117920.00000000007,0,25449817.111264694
Gaston,Crowders Creek,28940.0,,2024-03-03,,0,
Gaston,Crowders Creek,28940.0,,2024-03-04,,0,
Gaston,Crowders Creek,28940.0,,2024-03-05,145970.00000000003,0,37804373.8507257
Gaston,Crowders Creek,28940.0,,2024-03-06,,0,
Gaston,Crowders Creek,28940.0,,2024-03-07,,0,
Gaston,Crowders Creek,28940.0,,2024-03-08,,0,
Gaston,Crowders Creek,28940.0,,2024-03-09,92730.00000000006,0,29110170.7256393
Gaston,Crowders Creek,28940.0,,2024-03-10,,0,
Gaston,Crowders Creek,28940.0,,2024-03-11,,0,
Gaston,Crowders Creek,28940.0,,2024-03-12,51699.99999999999,0,19137721.472011
Gaston,Crowders Creek,28940.0,,2024-03-13,,0,
Gaston,Crowders Creek,28940.0,,2024-03-14,,0,
Gaston,Crowders Creek,28940.0,,2024-03-15,,0,
Gaston,Crowders Creek,28940.0,,2024-03-16,152900.0000000001,0,37199206.8970283
Gaston,Crowders Creek,28940.0,,2024-03-17,,0,
Gaston,Crowders Creek,28940.0,,2024-03-18,,0,
Gaston,Crowders Creek,28940.0,,2024-03-19,34430.000000000015,0,13150223.2287491
Gaston,Crowders Creek,28940.0,,2024-03-20,,0,
Gaston,Crowders Creek,28940.0,,2024-03-21,,0,
Gaston,Crowders Creek,28940.0,,2024-03-22,,0,
Gaston,Crowders Creek,28940.0,,2024-03-23,102629.99999999999,0,24163513.6005528
Gaston,Crowders Creek,28940.0,,2024-03-24,,0,
Gaston,Crowders Creek,28940.0,,2024-03-25,,0,
Gaston,Crowders Creek,28940.0,,2024-03-26,47520.000000000015,0,15414923.1458188
Gaston,Crowders Creek,28940.0,,2024-03-27,,0,
Gaston,Crowders Creek,28940.0,,2024-03-28,,0,
Gaston,Crowders Creek,28940.0,,2024-03-29,,0,
Gaston,Crowders Creek,28940.0,,2024-03-30,,0,
Gaston,Crowders Creek,28940.0,,2024-03-31,,0,
Gaston,Crowders Creek,28940.0,,2024-04-01,,0,
Gaston,Crowders Creek,28940.0,,2024-04-02,32999.99999999999,0,7078985.76364892
Gaston,Crowders Creek,28940.0,,2024-04-03,,0,
Gaston,Crowders Creek,28940.0,,2024-04-04,,0,
Gaston,Crowders Creek,28940.0,,2024-04-05,,0,
Gaston,Crowders Creek,28940.0,,2024-04-06,61379.99999999998,0,20874375.0932964
Gaston,Crowders Creek,28940.0,,2024-04-07,,0,
Gaston,Crowders Creek,28940.0,,2024-04-08,,0,
Gaston,Crowders Creek,28940.0,,2024-04-09,20680.00000000002,0,5964477.15134762
Gaston,Crowders Creek,28940.0,,2024-04-10,,0,
Gaston,Crowders Creek,28940.0,,2024-04-11,,0,
Gaston,Crowders Creek,28940.0,,2024-04-12,,0,
Gaston,Crowders Creek,28940.0,,2024-04-13,20735.0,0,5722683.74533516
Gaston,Crowders Creek,28940.0,,2024-04-14,,0,
Gaston,Crowders Creek,28940.0,,2024-04-15,,0,
Gaston,Crowders Creek,28940.0,,2024-04-16,26180.00000000003,0,6026921.86316514
Gaston,Crowders Creek,28940.0,,2024-04-17,,0,
Gaston,Crowders Creek,28940.0,,2024-04-18,,0,
Gaston,Crowders Creek,28940.0,,2024-04-19,,0,
Gaston,Crowders Creek,28940.0,,2024-04-20,8536.00000000001,0,2009741.32411886
Gaston,Crowders Creek,28940.0,,2024-04-21,,0,
Gaston,Crowders Creek,28940.0,,2024-04-22,,0,
Gaston,Crowders Creek,28940.0,,2024-04-23,13848.999999999998,0,4327607.01414651
Gaston,Crowders Creek,28940.0,,2024-04-24,,0,
Gaston,Crowders Creek,28940.0,,2024-04-25,,0,
Gaston,Crowders Creek,28940.0,,2024-04-26,,0,
Gaston,Crowders Creek,28940.0,,2024-04-27,5060.000000000001,0,1125155.86731167
Gaston,Crowders Creek,28940.0,,2024-04-28,,0,
Gaston,Crowders Creek,28940.0,,2024-04-29,,0,
Gaston,Crowders Creek,28940.0,,2024-04-30,2110.999999999999,0,196398.690393918
Gaston,Crowders Creek,28940.0,,2024-05-01,,0,
Gaston,Crowders Creek,28940.0,,2024-05-02,,0,
Gaston,Crowders Creek,28940.0,,2024-05-03,,0,
Gaston,Crowders Creek,28940.0,,2024-05-04,27720.000000000022,0,5801315.16240497
Gaston,Crowders Creek,28940.0,,2024-05-05,,0,
Gaston,Crowders Creek,28940.0,,2024-05-06,,0,
Gaston,Crowders Creek,28940.0,,2024-05-07,4994.000000000002,0,1911985.13494125
Gaston,Crowders Creek,28940.0,,2024-05-08,,0,
Gaston,Crowders Creek,28940.0,,2024-05-09,,0,
Gaston,Crowders Creek,28940.0,,2024-05-10,,0,
Gaston,Crowders Creek,28940.0,,2024-05-11,,0,
Gaston,Crowders Creek,28940.0,,2024-05-12,,0,
Gaston,Crowders Creek,28940.0,,2024-05-13,,0,
Gaston,Crowders Creek,28940.0,,2024-05-14,,0,
Gaston,Crowders Creek,28940.0,,2024-05-15,,0,
Gaston,Eagle Road,6700.0,2.99,2023-01-10,93059.99999999994,0,35805285.0214925
Gaston,Eagle Road,6700.0,2.99,2023-01-11,,0,
Gaston,Eagle Road,6700.0,,2023-01-12,50665.99999999999,0,17089443.6732537
Gaston,Eagle Road,6700.0,2.99,2023-01-13,,0,
Gaston,Eagle Road,6700.0,2.99,2023-01-14,64108.00000000004,0,29410691.2893134
Gaston,Eagle Road,6700.0,,2023-01-15,,0,
Gaston,Eagle Road,6700.0,,2023-01-16,,0,
Gaston,Eagle Road,6700.0,2.99,2023-01-17,,0,
Gaston,Eagle Road,6700.0,2.99,2023-01-18,69278.0,0,24345724.3919999
Gaston,Eagle Road,6700.0,,2023-01-19,,0,
Gaston,Eagle Road,6700.0,2.99,2023-01-20,,0,
Gaston,Eagle Road,6700.0,2.99,2023-01-21,135454.00000000012,0,43927926.2833431
Gaston,Eagle Road,6700.0,2.99,2023-01-22,,0,
Gaston,Eagle Road,6700.0,,2023-01-23,,0,
Gaston,Eagle Road,6700.0,2.99,2023-01-24,13442.000000000013,0,7510989.550029819
Gaston,Eagle Road,6700.0,2.99,2023-01-25,,0,
Gaston,Eagle Road,6700.0,,2023-01-26,,0,
Gaston,Eagle Road,6700.0,2.99,2023-01-27,,0,
Gaston,Eagle Road,6700.0,,2023-01-28,7238.0,0,3471868.31265671
Gaston,Eagle Road,6700.0,2.99,2023-01-29,,0,
Gaston,Eagle Road,6700.0,,2023-01-30,,0,
Gaston,Eagle Road,6700.0,2.99,2023-01-31,42394.00000000003,0,16694528.1458507
Gaston,Eagle Road,6700.0,,2023-02-01,,0,
Gaston,Eagle Road,6700.0,,2023-02-02,,0,
Gaston,Eagle Road,6700.0,2.99,2023-02-03,,0,
Gaston,Eagle Road,6700.0,,2023-02-04,38775.00000000004,0,20680487.6776119
Gaston,Eagle Road,6700.0,,2023-02-05,,0,
Gaston,Eagle Road,6700.0,,2023-02-06,,0,
Gaston,Eagle Road,6700.0,,2023-02-07,47047.000000000044,0,17038326.6486268
Gaston,Eagle Road,6700.0,2.99,2023-02-08,,0,
Gaston,Eagle Road,6700.0,,2023-02-09,,0,
Gaston,Eagle Road,6700.0,2.99,2023-02-10,,0,
Gaston,Eagle Road,6700.0,,2023-02-11,39292.00000000005,0,13896820.3637014
Gaston,Eagle Road,6700.0,,2023-02-12,,0,
Gaston,Eagle Road,6700.0,2.99,2023-02-13,,0,
Gaston,Eagle Road,6700.0,2.99,2023-02-14,17160.000000000015,0,12361308.4477611
Gaston,Eagle Road,6700.0,,2023-02-15,,0,
Gaston,Eagle Road,6700.0,,2023-02-16,,0,
Gaston,Eagle Road,6700.0,2.99,2023-02-17,,0,
Gaston,Eagle Road,6700.0,,2023-02-18,,0,
Gaston,Eagle Road,6700.0,2.99,2023-02-19,,0,
Gaston,Eagle Road,6700.0,2.99,2023-02-20,,0,
Gaston,Eagle Road,6700.0,,2023-02-21,10120.000000000002,0,3493483.5116417906
Gaston,Eagle Road,6700.0,2.99,2023-02-22,,0,
Gaston,Eagle Road,6700.0,,2023-02-23,,0,
Gaston,Eagle Road,6700.0,2.99,2023-02-24,,0,
Gaston,Eagle Road,6700.0,,2023-02-25,134200.00000000003,0,44203641.2597013
Gaston,Eagle Road,6700.0,,2023-02-26,,0,
Gaston,Eagle Road,6700.0,,2023-02-27,,0,
Gaston,Eagle Road,6700.0,,2023-02-28,29700.000000000033,0,10034473.9164179
Gaston,Eagle Road,6700.0,,2023-03-01,,0,
Gaston,Eagle Road,6700.0,,2023-03-02,,0,
Gaston,Eagle Road,6700.0,2.99,2023-03-03,,0,
Gaston,Eagle Road,6700.0,,2023-03-04,144100.00000000006,0,49825581.7432834
Gaston,Eagle Road,6700.0,,2023-03-05,,0,
Gaston,Eagle Road,6700.0,,2023-03-06,,0,
Gaston,Eagle Road,6700.0,2.99,2023-03-07,90200.00000000003,0,30424107.2776119
Gaston,Eagle Road,6700.0,,2023-03-08,,0,
Gaston,Eagle Road,6700.0,2.99,2023-03-09,,0,
Gaston,Eagle Road,6700.0,2.99,2023-03-10,,0,
Gaston,Eagle Road,6700.0,,2023-03-11,70399.99999999997,0,22234196.6328357
Gaston,Eagle Road,6700.0,,2023-03-12,,0,
Gaston,Eagle Road,6700.0,,2023-03-13,,0,
Gaston,Eagle Road,6700.0,,2023-03-14,22440.00000000001,0,9077637.79343284
Gaston,Eagle Road,6700.0,,2023-03-15,,0,
Gaston,Eagle Road,6700.0,2.99,2023-03-16,,0,
Gaston,Eagle Road,6700.0,2.99,2023-03-17,,0,
Gaston,Eagle Road,6700.0,,2023-03-18,113300.0000000001,0,33990801.5552239
Gaston,Eagle Road,6700.0,,2023-03-19,,0,
Gaston,Eagle Road,6700.0,2.99,2023-03-20,,0,
Gaston,Eagle Road,6700.0,2.99,2023-03-21,11110.000000000013,0,3571603.99791044
Gaston,Eagle Road,6700.0,,2023-03-22,,0,
Gaston,Eagle Road,6700.0,,2023-03-23,,0,
Gaston,Eagle Road,6700.0,,2023-03-24,,0,
Gaston,Eagle Road,6700.0,,2023-03-25,207900.0000000002,0,68949253.047761
Gaston,Eagle Road,6700.0,,2023-03-26,,0,
Gaston,Eagle Road,6700.0,,2023-03-27,,0,
Gaston,Eagle Road,6700.0,,2023-03-28,49500.00000000004,0,19464865.7910447
Gaston,Eagle Road,6700.0,,2023-03-29,,0,
Gaston,Eagle Road,6700.0,,2023-03-30,,0,
Gaston,Eagle Road,6700.0,,2023-03-31,,0,
Gaston,Eagle Road,6700.0,,2023-04-01,89100.00000000003,0,28240835.4537312
Gaston,Eagle Road,6700.0,,2023-04-02,,0,
Gaston,Eagle Road,6700.0,,2023-04-03,,0,
Gaston,Eagle Road,6700.0,2.99,2023-04-04,125400.00000000001,0,39462964.4955224
Gaston,Eagle Road,6700.0,,2023-04-05,,0,
Gaston,Eagle Road,6700.0,,2023-04-06,,0,
Gaston,Eagle Road,6700.0,,2023-04-07,60500.000000000015,0,18731515.164179
Gaston,Eagle Road,6700.0,,2023-04-08,,0,
Gaston,Eagle Road,6700.0,,2023-04-09,,0,
Gaston,Eagle Road,6700.0,,2023-04-10,,0,
Gaston,Eagle Road,6700.0,,2023-04-11,28600.00000000002,0,13734787.164179
Gaston,Eagle Road,6700.0,,2023-04-12,,0,
Gaston,Eagle Road,6700.0,,2023-04-13,,0,
Gaston,Eagle Road,6700.0,,2023-04-14,,0,
Gaston,Eagle Road,6700.0,2.99,2023-04-15,44000.00000000003,0,15387933.4925373
Gaston,Eagle Road,6700.0,,2023-04-16,,0,
Gaston,Eagle Road,6700.0,,2023-04-17,,0,
Gaston,Eagle Road,6700.0,,2023-04-18,0.0,0,370404.214925373
Gaston,Eagle Road,6700.0,,2023-04-19,,0,
Gaston,Eagle Road,6700.0,,2023-04-20,,0,
Gaston,Eagle Road,6700.0,,2023-04-21,,0,
Gaston,Eagle Road,6700.0,2.99,2023-04-22,158400.0,0,48237069.7074627
Gaston,Eagle Road,6700.0,,2023-04-23,,0,
Gaston,Eagle Road,6700.0,,2023-04-24,,0,
Gaston,Eagle Road,6700.0,,2023-04-25,388300.0000000002,0,121757955.985074
Gaston,Eagle Road,6700.0,,2023-04-26,,0,
Gaston,Eagle Road,6700.0,,2023-04-27,,0,
Gaston,Eagle Road,6700.0,,2023-04-28,,0,
Gaston,Eagle Road,6700.0,,2023-04-29,176000.00000000012,0,160690794.985073
Gaston,Eagle Road,6700.0,,2023-04-30,,0,
Gaston,Eagle Road,6700.0,,2023-05-01,,0,
Gaston,Eagle Road,6700.0,,2023-05-02,51699.99999999999,0,25207995.5731342
Gaston,Eagle Road,6700.0,2.99,2023-05-03,,0,
Gaston,Eagle Road,6700.0,2.99,2023-05-04,,0,
Gaston,Eagle Road,6700.0,,2023-05-05,,0,
Gaston,Eagle Road,6700.0,,2023-05-06,,0,
Gaston,Eagle Road,6700.0,,2023-05-07,,0,
Gaston,Eagle Road,6700.0,,2023-05-08,,0,
Gaston,Eagle Road,6700.0,,2023-05-09,23320.000000000015,0,7694463.93313431
Gaston,Eagle Road,6700.0,,2023-05-10,,0,
Gaston,Eagle Road,6700.0,2.99,2023-05-11,,0,
Gaston,Eagle Road,6700.0,,2023-05-12,,0,
Gaston,Eagle Road,6700.0,,2023-05-13,23979.999999999993,0,94838394.6268655
Gaston,Eagle Road,6700.0,,2023-05-14,,0,
Gaston,Eagle Road,6700.0,2.99,2023-05-15,,0,
Gaston,Eagle Road,6700.0,,2023-05-16,18700.000000000007,0,73459980.886567
Gaston,Eagle Road,6700.0,,2023-05-17,,0,
Gaston,Eagle Road,6700.0,2.99,2023-05-18,,0,
Gaston,Eagle Road,6700.0,2.99,2023-05-19,,0,
Gaston,Eagle Road,6700.0,,2023-05-20,39600.0,0,12148761.0626865
Gaston,Eagle Road,6700.0,,2023-05-21,,0,
Gaston,Eagle Road,6700.0,,2023-05-22,,0,
Gaston,Eagle Road,6700.0,,2023-05-23,17599.999999999993,0,5866805.01492536
Gaston,Eagle Road,6700.0,,2023-05-24,,0,
Gaston,Eagle Road,6700.0,,2023-05-25,,0,
Gaston,Eagle Road,6700.0,,2023-05-26,,0,
Gaston,Eagle Road,6700.0,,2023-05-27,125400.00000000001,0,36841546.7462686
Gaston,Eagle Road,6700.0,,2023-05-28,,0,
Gaston,Eagle Road,6700.0,,2023-05-29,,0,
Gaston,Eagle Road,6700.0,,2023-05-30,,0,
Gaston,Eagle Road,6700.0,,2023-05-31,14080.00000000001,0,4780948.90029849
Gaston,Eagle Road,6700.0,,2023-06-01,,0,
Gaston,Eagle Road,6700.0,,2023-06-02,,0,
Gaston,Eagle Road,6700.0,,2023-06-03,86900.0,0,27298044.8597014
Gaston,Eagle Road,6700.0,,2023-06-04,,0,
Gaston,Eagle Road,6700.0,,2023-06-05,,0,
Gaston,Eagle Road,6700.0,,2023-06-06,47300.000000000015,0,16167895.3880596
Gaston,Eagle Road,6700.0,,2023-06-07,,0,
Gaston,Eagle Road,6700.0,,2023-06-08,,0,
Gaston,Eagle Road,6700.0,,2023-06-09,,0,
Gaston,Eagle Road,6700.0,,2023-06-10,122099.99999999997,0,37251725.9104477
Gaston,Eagle Road,6700.0,,2023-06-11,,0,
Gaston,Eagle Road,6700.0,,2023-06-12,,0,
Gaston,Eagle Road,6700.0,,2023-06-13,30800.000000000044,0,11015175.0089551
Gaston,Eagle Road,6700.0,,2023-06-14,,0,
Gaston,Eagle Road,6700.0,,2023-06-15,,0,
Gaston,Eagle Road,6700.0,,2023-06-16,,0,
Gaston,Eagle Road,6700.0,,2023-06-17,67100.00000000001,0,21040326.6716417
Gaston,Eagle Road,6700.0,,2023-06-18,,0,
Gaston,Eagle Road,6700.0,,2023-06-19,,0,
Gaston,Eagle Road,6700.0,,2023-06-20,5500.000000000004,0,1637609.23880596
Gaston,Eagle Road,6700.0,,2023-06-21,,0,
Gaston,Eagle Road,6700.0,,2023-06-22,,0,
Gaston,Eagle Road,6700.0,,2023-06-23,,0,
Gaston,Eagle Road,6700.0,,2023-06-24,58299.999999999985,0,24111077.050746094
Gaston,Eagle Road,6700.0,,2023-06-25,,0,
Gaston,Eagle Road,6700.0,,2023-06-26,,0,
Gaston,Eagle Road,6700.0,,2023-06-27,12650.000000000013,0,4288236.7164179
Gaston,Eagle Road,6700.0,,2023-06-28,,0,
Gaston,Eagle Road,6700.0,,2023-06-29,,0,
Gaston,Eagle Road,6700.0,,2023-06-30,,0,
Gaston,Eagle Road,6700.0,,2023-07-01,39600.0,0,11790786.5194029
Gaston,Eagle Road,6700.0,,2023-07-02,,0,
Gaston,Eagle Road,6700.0,,2023-07-03,,0,
Gaston,Eagle Road,6700.0,,2023-07-04,22879.999999999996,0,6398794.96119403
Gaston,Eagle Road,6700.0,,2023-07-05,,0,
Gaston,Eagle Road,6700.0,,2023-07-06,,0,
Gaston,Eagle Road,6700.0,,2023-07-07,,0,
Gaston,Eagle Road,6700.0,,2023-07-08,208999.99999999997,0,61638741.6716418
Gaston,Eagle Road,6700.0,,2023-07-09,,0,
Gaston,Eagle Road,6700.0,,2023-07-10,,0,
Gaston,Eagle Road,6700.0,,2023-07-11,23100.000000000015,0,6747447.25074627
Gaston,Eagle Road,6700.0,,2023-07-12,,0,
Gaston,Eagle Road,6700.0,,2023-07-13,,0,
Gaston,Eagle Road,6700.0,,2023-07-14,,0,
Gaston,Eagle Road,6700.0,,2023-07-15,85800.0,0,26079937.038805895
Gaston,Eagle Road,6700.0,,2023-07-16,,0,
Gaston,Eagle Road,6700.0,,2023-07-17,,0,
Gaston,Eagle Road,6700.0,,2023-07-18,37400.000000000015,0,10628612.2208955
Gaston,Eagle Road,6700.0,,2023-07-19,,0,
Gaston,Eagle Road,6700.0,,2023-07-20,,0,
Gaston,Eagle Road,6700.0,,2023-07-21,,0,
Gaston,Eagle Road,6700.0,,2023-07-22,14740.00000000001,0,4363809.12
Gaston,Eagle Road,6700.0,,2023-07-23,,0,
Gaston,Eagle Road,6700.0,,2023-07-24,,0,
Gaston,Eagle Road,6700.0,,2023-07-25,48400.00000000006,0,28575815.1044775
Gaston,Eagle Road,6700.0,,2023-07-26,,0,
Gaston,Eagle Road,6700.0,,2023-07-27,,0,
Gaston,Eagle Road,6700.0,,2023-07-28,,0,
Gaston,Eagle Road,6700.0,,2023-07-29,90200.00000000003,0,28028909.5522388
Gaston,Eagle Road,6700.0,,2023-07-30,,0,
Gaston,Eagle Road,6700.0,,2023-07-31,,0,
Gaston,Eagle Road,6700.0,,2023-08-01,95700.00000000009,0,28061848.1820895
Gaston,Eagle Road,6700.0,,2023-08-02,,0,
Gaston,Eagle Road,6700.0,,2023-08-03,,0,
Gaston,Eagle Road,6700.0,,2023-08-04,,0,
Gaston,Eagle Road,6700.0,,2023-08-05,134487.00000000012,0,46729635.8547761
Gaston,Eagle Road,6700.0,,2023-08-06,,0,
Gaston,Eagle Road,6700.0,,2023-08-07,,0,
Gaston,Eagle Road,6700.0,,2023-08-08,562743.0000000002,0,192990427.281402
Gaston,Eagle Road,6700.0,,2023-08-09,,0,
Gaston,Eagle Road,6700.0,,2023-08-10,,0,
Gaston,Eagle Road,6700.0,,2023-08-11,,0,
Gaston,Eagle Road,6700.0,,2023-08-12,130004.6407171683,0,42984389.9090149
Gaston,Eagle Road,6700.0,,2023-08-13,,0,
Gaston,Eagle Road,6700.0,,2023-08-14,,0,
Gaston,Eagle Road,6700.0,,2023-08-15,68014.03298584779,0,24365441.8061193
Gaston,Eagle Road,6700.0,,2023-08-16,,0,
Gaston,Eagle Road,6700.0,,2023-08-17,,0,
Gaston,Eagle Road,6700.0,,2023-08-18,,0,
Gaston,Eagle Road,6700.0,,2023-08-19,130004.6407171683,0,45253650.7662982
Gaston,Eagle Road,6700.0,,2023-08-20,,0,
Gaston,Eagle Road,6700.0,,2023-08-21,,0,
Gaston,Eagle Road,6700.0,,2023-08-22,68014.03298584779,0,17735270.7672537
Gaston,Eagle Road,6700.0,,2023-08-23,,0,
Gaston,Eagle Road,6700.0,,2023-08-24,,0,
Gaston,Eagle Road,6700.0,,2023-08-25,,0,
Gaston,Eagle Road,6700.0,,2023-08-26,102127.00000000006,0,32023628.0476119
Gaston,Eagle Road,6700.0,,2023-08-27,,0,
Gaston,Eagle Road,6700.0,,2023-08-28,,0,
Gaston,Eagle Road,6700.0,,2023-08-29,99169.99999999996,0,33561712.3405969
Gaston,Eagle Road,6700.0,,2023-08-30,,0,
Gaston,Eagle Road,6700.0,,2023-08-31,,0,
Gaston,Eagle Road,6700.0,,2023-09-01,,0,
Gaston,Eagle Road,6700.0,,2023-09-02,244117.00000000017,0,77926190.726418
Gaston,Eagle Road,6700.0,,2023-09-03,,0,
Gaston,Eagle Road,6700.0,,2023-09-04,,0,
Gaston,Eagle Road,6700.0,,2023-09-05,,0,
Gaston,Eagle Road,6700.0,,2023-09-06,191170.00000000017,0,57568368.8498507
Gaston,Eagle Road,6700.0,,2023-09-07,,0,
Gaston,Eagle Road,6700.0,,2023-09-08,,0,
Gaston,Eagle Road,6700.0,,2023-09-09,513046.00000000023,0,165222099.580298
Gaston,Eagle Road,6700.0,,2023-09-10,,0,
Gaston,Eagle Road,6700.0,,2023-09-11,,0,
Gaston,Eagle Road,6700.0,,2023-09-12,127535.0000000001,0,40351008.0358209
Gaston,Eagle Road,6700.0,,2023-09-13,,0,
Gaston,Eagle Road,6700.0,,2023-09-14,,0,
Gaston,Eagle Road,6700.0,,2023-09-15,,0,
Gaston,Eagle Road,6700.0,,2023-09-16,227699.9999999999,0,70369964.516418
Gaston,Eagle Road,6700.0,,2023-09-17,,0,
Gaston,Eagle Road,6700.0,,2023-09-18,,0,
Gaston,Eagle Road,6700.0,,2023-09-19,208449.99999999994,0,64891897.4820895
Gaston,Eagle Road,6700.0,,2023-09-20,,0,
Gaston,Eagle Road,6700.0,,2023-09-21,,0,
Gaston,Eagle Road,6700.0,,2023-09-22,,0,
Gaston,Eagle Road,6700.0,,2023-09-23,193160.0,0,61114209.5283581
Gaston,Eagle Road,6700.0,,2023-09-24,,0,
Gaston,Eagle Road,6700.0,,2023-09-25,,0,
Gaston,Eagle Road,6700.0,,2023-09-26,131670.00000000003,0,39576323.1008954
Gaston,Eagle Road,6700.0,,2023-09-27,,0,
Gaston,Eagle Road,6700.0,,2023-09-28,,0,
Gaston,Eagle Road,6700.0,,2023-09-29,,0,
Gaston,Eagle Road,6700.0,,2023-09-30,382800.00000000035,0,121114720.477612
Gaston,Eagle Road,6700.0,,2023-10-01,,0,
Gaston,Eagle Road,6700.0,,2023-10-02,,0,
Gaston,Eagle Road,6700.0,,2023-10-03,41360.00000000004,0,12431660.3892537
Gaston,Eagle Road,6700.0,,2023-10-04,,0,
Gaston,Eagle Road,6700.0,,2023-10-05,,0,
Gaston,Eagle Road,6700.0,,2023-10-06,,0,
Gaston,Eagle Road,6700.0,,2023-10-07,111540.00000000001,0,34660139.3731343
Gaston,Eagle Road,6700.0,,2023-10-08,,0,
Gaston,Eagle Road,6700.0,,2023-10-09,,0,
Gaston,Eagle Road,6700.0,,2023-10-10,114290.00000000006,0,34094092.126567
Gaston,Eagle Road,6700.0,,2023-10-11,,0,
Gaston,Eagle Road,6700.0,,2023-10-12,,0,
Gaston,Eagle Road,6700.0,,2023-10-13,,0,
Gaston,Eagle Road,6700.0,,2023-10-14,125070.0,0,38299174.3397013
Gaston,Eagle Road,6700.0,,2023-10-15,,0,
Gaston,Eagle Road,6700.0,,2023-10-16,,0,
Gaston,Eagle Road,6700.0,,2023-10-17,222420.00000000017,0,66853237.5188059
Gaston,Eagle Road,6700.0,,2023-10-18,,0,
Gaston,Eagle Road,6700.0,,2023-10-19,,0,
Gaston,Eagle Road,6700.0,,2023-10-20,,0,
Gaston,Eagle Road,6700.0,,2023-10-21,408099.9999999998,0,125660872.880597
Gaston,Eagle Road,6700.0,,2023-10-22,,0,
Gaston,Eagle Road,6700.0,,2023-10-23,,0,
Gaston,Eagle Road,6700.0,,2023-10-24,79750.00000000006,0,23700276.402985
Gaston,Eagle Road,6700.0,,2023-10-25,,0,
Gaston,Eagle Road,6700.0,,2023-10-26,,0,
Gaston,Eagle Road,6700.0,,2023-10-27,,0,
Gaston,Eagle Road,6700.0,,2023-10-28,14861.000000000013,0,4441612.64964179
Gaston,Eagle Road,6700.0,,2023-10-29,,0,
Gaston,Eagle Road,6700.0,,2023-10-30,,0,
Gaston,Eagle Road,6700.0,,2023-10-31,,0,
Gaston,Eagle Road,6700.0,,2023-11-01,,0,
Gaston,Eagle Road,6700.0,,2023-11-02,,0,
Gaston,Eagle Road,6700.0,,2023-11-03,,0,
Gaston,Eagle Road,6700.0,,2023-11-04,43890.000000000044,0,13043324.5307462
Gaston,Eagle Road,6700.0,,2023-11-05,,0,
Gaston,Eagle Road,6700.0,,2023-11-06,,0,
Gaston,Eagle Road,6700.0,,2023-11-07,108899.99999999997,0,32670770.4268657
Gaston,Eagle Road,6700.0,,2023-11-08,,0,
Gaston,Eagle Road,6700.0,,2023-11-09,,0,
Gaston,Eagle Road,6700.0,,2023-11-10,153779.99999999994,0,45005603.6740296
Gaston,Eagle Road,6700.0,,2023-11-11,,0,
Gaston,Eagle Road,6700.0,,2023-11-12,,0,
Gaston,Eagle Road,6700.0,,2023-11-13,,0,
Gaston,Eagle Road,6700.0,,2023-11-14,54560.00000000006,0,16121781.3062686
Gaston,Eagle Road,6700.0,,2023-11-15,,0,
Gaston,Eagle Road,6700.0,,2023-11-16,,0,
Gaston,Eagle Road,6700.0,,2023-11-17,,0,
Gaston,Eagle Road,6700.0,,2023-11-18,,0,
Gaston,Eagle Road,6700.0,,2023-11-19,,0,
Gaston,Eagle Road,6700.0,,2023-11-20,,0,
Gaston,Eagle Road,6700.0,,2023-11-21,,0,
Gaston,Eagle Road,6700.0,,2023-11-22,,0,
Gaston,Eagle Road,6700.0,,2023-11-23,,0,
Gaston,Eagle Road,6700.0,,2023-11-24,,0,
Gaston,Eagle Road,6700.0,,2023-11-25,,0,
Gaston,Eagle Road,6700.0,,2023-11-26,,0,
Gaston,Eagle Road,6700.0,,2023-11-27,,0,
Gaston,Eagle Road,6700.0,,2023-11-28,336600.00000000023,0,105356382.770149
Gaston,Eagle Road,6700.0,,2023-11-29,,0,
Gaston,Eagle Road,6700.0,,2023-11-30,,0,
Gaston,Eagle Road,6700.0,,2023-12-01,,0,
Gaston,Eagle Road,6700.0,,2023-12-02,326700.0000000003,0,99488956.2716418
Gaston,Eagle Road,6700.0,,2023-12-03,,0,
Gaston,Eagle Road,6700.0,,2023-12-04,,0,
Gaston,Eagle Road,6700.0,,2023-12-05,239800.00000000015,0,68012677.2895521
Gaston,Eagle Road,6700.0,,2023-12-06,,0,
Gaston,Eagle Road,6700.0,,2023-12-07,,0,
Gaston,Eagle Road,6700.0,,2023-12-08,,0,
Gaston,Eagle Road,6700.0,,2023-12-09,453200.0000000004,0,135963206.220895
Gaston,Eagle Road,6700.0,,2023-12-10,,0,
Gaston,Eagle Road,6700.0,,2023-12-11,,0,
Gaston,Eagle Road,6700.0,,2023-12-12,199210.00000000006,0,106698041.527164
Gaston,Eagle Road,6700.0,,2023-12-13,,0,
Gaston,Eagle Road,6700.0,,2023-12-14,,0,
Gaston,Eagle Road,6700.0,,2023-12-15,,0,
Gaston,Eagle Road,6700.0,,2023-12-16,419100.0,0,124549038.752238
Gaston,Eagle Road,6700.0,,2023-12-17,,0,
Gaston,Eagle Road,6700.0,,2023-12-18,,0,
Gaston,Eagle Road,6700.0,,2023-12-19,302499.9999999998,0,145613603.283581
Gaston,Eagle Road,6700.0,,2023-12-20,,0,
Gaston,Eagle Road,6700.0,,2023-12-21,,0,
Gaston,Eagle Road,6700.0,,2023-12-22,,0,
Gaston,Eagle Road,6700.0,,2023-12-23,,0,
Gaston,Eagle Road,6700.0,,2023-12-24,,0,
Gaston,Eagle Road,6700.0,,2023-12-25,,0,
Gaston,Eagle Road,6700.0,,2023-12-26,,0,
Gaston,Eagle Road,6700.0,,2023-12-27,,0,
Gaston,Eagle Road,6700.0,,2023-12-28,,0,
Gaston,Eagle Road,6700.0,,2023-12-29,,0,
Gaston,Eagle Road,6700.0,,2023-12-30,436699.99999999965,0,314826181.146267
Gaston,Eagle Road,6700.0,,2023-12-31,,0,
Gaston,Eagle Road,6700.0,,2024-01-01,,0,
Gaston,Eagle Road,6700.0,,2024-01-02,,0,
Gaston,Eagle Road,6700.0,,2024-01-03,442200.00000000035,0,151650694.799999
Gaston,Eagle Road,6700.0,,2024-01-04,,0,
Gaston,Eagle Road,6700.0,,2024-01-05,,0,
Gaston,Eagle Road,6700.0,,2024-01-06,654499.9999999995,0,213364635.985074
Gaston,Eagle Road,6700.0,,2024-01-07,,0,
Gaston,Eagle Road,6700.0,,2024-01-08,,0,
Gaston,Eagle Road,6700.0,,2024-01-09,276100.0000000001,0,154588447.692537
Gaston,Eagle Road,6700.0,,2024-01-10,,0,
Gaston,Eagle Road,6700.0,,2024-01-11,,0,
Gaston,Eagle Road,6700.0,,2024-01-12,,0,
Gaston,Eagle Road,6700.0,,2024-01-13,223959.9999999999,0,159939048.444178
Gaston,Eagle Road,6700.0,,2024-01-14,,0,
Gaston,Eagle Road,6700.0,,2024-01-15,,0,
Gaston,Eagle Road,6700.0,,2024-01-16,,0,
Gaston,Eagle Road,6700.0,,2024-01-17,190629.99999999988,0,77438532.33402969
Gaston,Eagle Road,6700.0,,2024-01-18,,0,
Gaston,Eagle Road,6700.0,,2024-01-19,,0,
Gaston,Eagle Road,6700.0,,2024-01-20,688599.9999999998,0,249380231.050745
Gaston,Eagle Road,6700.0,,2024-01-21,,0,
Gaston,Eagle Road,6700.0,,2024-01-22,,0,
Gaston,Eagle Road,6700.0,,2024-01-23,434500.00000000035,0,150482927.149253
Gaston,Eagle Road,6700.0,,2024-01-24,,0,
Gaston,Eagle Road,6700.0,,2024-01-25,,0,
Gaston,Eagle Road,6700.0,,2024-01-26,,0,
Gaston,Eagle Road,6700.0,,2024-01-27,595099.9999999997,0,343283292.886567
Gaston,Eagle Road,6700.0,,2024-01-28,,0,
Gaston,Eagle Road,6700.0,,2024-01-29,,0,
Gaston,Eagle Road,6700.0,,2024-01-30,261800.00000000006,0,154865007.886566
Gaston,Eagle Road,6700.0,,2024-01-31,,0,
Gaston,Eagle Road,6700.0,,2024-02-01,,0,
Gaston,Eagle Road,6700.0,,2024-02-02,,0,
Gaston,Eagle Road,6700.0,,2024-02-03,684199.9999999998,0,244307682.053731
Gaston,Eagle Road,6700.0,,2024-02-04,,0,
Gaston,Eagle Road,6700.0,,2024-02-05,,0,
Gaston,Eagle Road,6700.0,,2024-02-06,158400.0,0,56023016.0238805
Gaston,Eagle Road,6700.0,,2024-02-07,,0,
Gaston,Eagle Road,6700.0,,2024-02-08,,0,
Gaston,Eagle Road,6700.0,,2024-02-09,,0,
Gaston,Eagle Road,6700.0,,2024-02-10,298100.00000000023,0,99032165.8388057
Gaston,Eagle Road,6700.0,,2024-02-11,,0,
Gaston,Eagle Road,6700.0,,2024-02-12,,0,
Gaston,Eagle Road,6700.0,,2024-02-13,157739.99999999994,0,54898379.3337312
Gaston,Eagle Road,6700.0,,2024-02-14,,0,
Gaston,Eagle Road,6700.0,,2024-02-15,,0,
Gaston,Eagle Road,6700.0,,2024-02-16,,0,
Gaston,Eagle Road,6700.0,,2024-02-17,1113200.000000001,0,380509537.970149
Gaston,Eagle Road,6700.0,,2024-02-18,,0,
Gaston,Eagle Road,6700.0,,2024-02-19,,0,
Gaston,Eagle Road,6700.0,,2024-02-20,455399.9999999998,0,145371224.686567
Gaston,Eagle Road,6700.0,,2024-02-21,,0,
Gaston,Eagle Road,6700.0,,2024-02-22,,0,
Gaston,Eagle Road,6700.0,,2024-02-23,,0,
Gaston,Eagle Road,6700.0,,2024-02-24,144540.00000000003,0,45731247.9044774
Gaston,Eagle Road,6700.0,,2024-02-25,,0,
Gaston,Eagle Road,6700.0,,2024-02-26,,0,
Gaston,Eagle Road,6700.0,,2024-02-27,281599.9999999999,0,90050485.1104477
Gaston,Eagle Road,6700.0,,2024-02-28,,0,
Gaston,Eagle Road,6700.0,,2024-02-29,,0,
Gaston,Eagle Road,6700.0,,2024-03-01,,0,
Gaston,Eagle Road,6700.0,,2024-03-02,305800.0000000002,0,96234246.7522388
Gaston,Eagle Road,6700.0,,2024-03-03,,0,
Gaston,Eagle Road,6700.0,,2024-03-04,,0,
Gaston,Eagle Road,6700.0,,2024-03-05,139370.00000000015,0,51890958.1316416
Gaston,Eagle Road,6700.0,,2024-03-06,,0,
Gaston,Eagle Road,6700.0,,2024-03-07,,0,
Gaston,Eagle Road,6700.0,,2024-03-08,,0,
Gaston,Eagle Road,6700.0,,2024-03-09,233199.99999999994,0,84191137.898507
Gaston,Eagle Road,6700.0,,2024-03-10,,0,
Gaston,Eagle Road,6700.0,,2024-03-11,,0,
Gaston,Eagle Road,6700.0,,2024-03-12,35970.00000000003,0,19184452.3988058
Gaston,Eagle Road,6700.0,,2024-03-13,,0,
Gaston,Eagle Road,6700.0,,2024-03-14,,0,
Gaston,Eagle Road,6700.0,,2024-03-15,,0,
Gaston,Eagle Road,6700.0,,2024-03-16,36849.99999999999,0,13095591.2999999
Gaston,Eagle Road,6700.0,,2024-03-17,,0,
Gaston,Eagle Road,6700.0,,2024-03-18,,0,
Gaston,Eagle Road,6700.0,,2024-03-19,55110.00000000003,0,19397932.0092537
Gaston,Eagle Road,6700.0,,2024-03-20,,0,
Gaston,Eagle Road,6700.0,,2024-03-21,,0,
Gaston,Eagle Road,6700.0,,2024-03-22,,0,
Gaston,Eagle Road,6700.0,,2024-03-23,149820.00000000006,0,48756132.7952238
Gaston,Eagle Road,6700.0,,2024-03-24,,0,
Gaston,Eagle Road,6700.0,,2024-03-25,,0,
Gaston,Eagle Road,6700.0,,2024-03-26,59070.00000000006,0,22260236.7949253
Gaston,Eagle Road,6700.0,,2024-03-27,,0,
Gaston,Eagle Road,6700.0,,2024-03-28,,0,
Gaston,Eagle Road,6700.0,,2024-03-29,,0,
Gaston,Eagle Road,6700.0,,2024-03-30,,0,
Gaston,Eagle Road,6700.0,,2024-03-31,,0,
Gaston,Eagle Road,6700.0,,2024-04-01,,0,
Gaston,Eagle Road,6700.0,,2024-04-02,,0,
Gaston,Eagle Road,6700.0,,2024-04-03,,0,
Gaston,Eagle Road,6700.0,,2024-04-04,,0,
Gaston,Eagle Road,6700.0,,2024-04-05,,0,
Gaston,Eagle Road,6700.0,,2024-04-06,36410.0,0,11416964.144776
Gaston,Eagle Road,6700.0,,2024-04-07,,0,
Gaston,Eagle Road,6700.0,,2024-04-08,,0,
Gaston,Eagle Road,6700.0,,2024-04-09,53790.00000000001,0,17656907.902388
Gaston,Eagle Road,6700.0,,2024-04-10,,0,
Gaston,Eagle Road,6700.0,,2024-04-11,,0,
Gaston,Eagle Road,6700.0,,2024-04-12,,0,
Gaston,Eagle Road,6700.0,,2024-04-13,181390.00000000012,0,62616894.6814923
Gaston,Eagle Road,6700.0,,2024-04-14,,0,
Gaston,Eagle Road,6700.0,,2024-04-15,,0,
Gaston,Eagle Road,6700.0,,2024-04-16,61599.99999999997,0,20290195.9880596
Gaston,Eagle Road,6700.0,,2024-04-17,,0,
Gaston,Eagle Road,6700.0,,2024-04-18,,0,
Gaston,Eagle Road,6700.0,,2024-04-19,,0,
Gaston,Eagle Road,6700.0,,2024-04-20,21450.0,0,6822957.50597013
Gaston,Eagle Road,6700.0,,2024-04-21,,0,
Gaston,Eagle Road,6700.0,,2024-04-22,,0,
Gaston,Eagle Road,6700.0,,2024-04-23,23979.999999999993,0,8616745.56895523
Gaston,Eagle Road,6700.0,,2024-04-24,,0,
Gaston,Eagle Road,6700.0,,2024-04-25,,0,
Gaston,Eagle Road,6700.0,,2024-04-26,,0,
Gaston,Eagle Road,6700.0,,2024-04-27,8414.999999999998,0,2738505.25611939
Gaston,Eagle Road,6700.0,,2024-04-28,,0,
Gaston,Eagle Road,6700.0,,2024-04-29,,0,
Gaston,Eagle Road,6700.0,,2024-04-30,36300.00000000002,0,11567052.4298507
Gaston,Eagle Road,6700.0,,2024-05-01,,0,
Gaston,Eagle Road,6700.0,,2024-05-02,,0,
Gaston,Eagle Road,6700.0,,2024-05-03,,0,
Gaston,Eagle Road,6700.0,,2024-05-04,49830.0,0,15737642.304179
Gaston,Eagle Road,6700.0,,2024-05-05,,0,
Gaston,Eagle Road,6700.0,,2024-05-06,,0,
Gaston,Eagle Road,6700.0,,2024-05-07,48069.999999999985,0,19853106.5847761
Gaston,Eagle Road,6700.0,,2024-05-08,,0,
Gaston,Eagle Road,6700.0,,2024-05-09,,0,
Gaston,Eagle Road,6700.0,,2024-05-10,,0,
Gaston,Eagle Road,6700.0,,2024-05-11,,0,
Gaston,Eagle Road,6700.0,,2024-05-12,,0,
Gaston,Eagle Road,6700.0,,2024-05-13,,0,
Gaston,Eagle Road,6700.0,,2024-05-14,,0,
Gaston,Eagle Road,6700.0,,2024-05-15,,0,
Gaston,Long Creek - Two Rivers,68700.0,2.77,2023-01-10,8272.0,0,4218343.96716159
Gaston,Long Creek - Two Rivers,68700.0,2.18,2023-01-11,,0,
Gaston,Long Creek - Two Rivers,68700.0,1.89,2023-01-12,66176.0,0,32532525.0135196
Gaston,Long Creek - Two Rivers,68700.0,2.04,2023-01-13,,0,
Gaston,Long Creek - Two Rivers,68700.0,1.46,2023-01-14,,0,
Gaston,Long Creek - Two Rivers,68700.0,1.02,2023-01-15,,0,
Gaston,Long Creek - Two Rivers,68700.0,2.62,2023-01-16,,0,
Gaston,Long Creek - Two Rivers,68700.0,1.89,2023-01-17,,0,
Gaston,Long Creek - Two Rivers,68700.0,3.49,2023-01-18,35156.00000000002,0,16496436.8669345
Gaston,Long Creek - Two Rivers,68700.0,2.04,2023-01-19,,0,
Gaston,Long Creek - Two Rivers,68700.0,3.64,2023-01-20,,0,
Gaston,Long Creek - Two Rivers,68700.0,1.75,2023-01-21,21714.000000000022,0,9093026.70393014
Gaston,Long Creek - Two Rivers,68700.0,1.46,2023-01-22,,0,
Gaston,Long Creek - Two Rivers,68700.0,1.31,2023-01-23,,0,
Gaston,Long Creek - Two Rivers,68700.0,2.04,2023-01-24,34122.00000000003,0,20371285.4832314
Gaston,Long Creek - Two Rivers,68700.0,1.46,2023-01-25,,0,
Gaston,Long Creek - Two Rivers,68700.0,2.18,2023-01-26,,0,
Gaston,Long Creek - Two Rivers,68700.0,2.77,2023-01-27,,0,
Gaston,Long Creek - Two Rivers,68700.0,0.73,2023-01-28,,0,
Gaston,Long Creek - Two Rivers,68700.0,1.46,2023-01-29,,0,
Gaston,Long Creek - Two Rivers,68700.0,1.31,2023-01-30,,0,
Gaston,Long Creek - Two Rivers,68700.0,2.77,2023-01-31,27917.999999999993,0,13407770.4278777
Gaston,Long Creek - Two Rivers,68700.0,2.62,2023-02-01,,0,
Gaston,Long Creek - Two Rivers,68700.0,2.04,2023-02-02,,0,
Gaston,Long Creek - Two Rivers,68700.0,1.31,2023-02-03,,0,
Gaston,Long Creek - Two Rivers,68700.0,2.04,2023-02-04,43428.000000000044,0,24240094.871266305
Gaston,Long Creek - Two Rivers,68700.0,1.31,2023-02-05,,0,
Gaston,Long Creek - Two Rivers,68700.0,0.87,2023-02-06,,0,
Gaston,Long Creek - Two Rivers,68700.0,3.2,2023-02-07,25849.999999999996,0,10873459.5641921
Gaston,Long Creek - Two Rivers,68700.0,1.75,2023-02-08,,0,
Gaston,Long Creek - Two Rivers,68700.0,2.04,2023-02-09,,0,
Gaston,Long Creek - Two Rivers,68700.0,1.6,2023-02-10,,0,
Gaston,Long Creek - Two Rivers,68700.0,1.6,2023-02-11,27401.000000000004,0,6748837.58279476
Gaston,Long Creek - Two Rivers,68700.0,0.73,2023-02-12,,0,
Gaston,Long Creek - Two Rivers,68700.0,1.46,2023-02-13,,0,
Gaston,Long Creek - Two Rivers,68700.0,1.75,2023-02-14,,0,
Gaston,Long Creek - Two Rivers,68700.0,1.46,2023-02-15,45496.0,0,25747850.8781134
Gaston,Long Creek - Two Rivers,68700.0,1.6,2023-02-16,,0,
Gaston,Long Creek - Two Rivers,68700.0,1.6,2023-02-17,,0,
Gaston,Long Creek - Two Rivers,68700.0,1.16,2023-02-18,103399.99999999999,0,37602742.0087337
Gaston,Long Creek - Two Rivers,68700.0,0.29,2023-02-19,,0,
Gaston,Long Creek - Two Rivers,68700.0,1.16,2023-02-20,,0,
Gaston,Long Creek - Two Rivers,68700.0,1.6,2023-02-21,32999.99999999999,0,12546369.4323144
Gaston,Long Creek - Two Rivers,68700.0,2.04,2023-02-22,,0,
Gaston,Long Creek - Two Rivers,68700.0,1.16,2023-02-23,,0,
Gaston,Long Creek - Two Rivers,68700.0,1.6,2023-02-24,,0,
Gaston,Long Creek - Two Rivers,68700.0,1.02,2023-02-25,185899.99999999997,0,55313124.3668123
Gaston,Long Creek - Two Rivers,68700.0,0.87,2023-02-26,,0,
Gaston,Long Creek - Two Rivers,68700.0,0.87,2023-02-27,,0,
Gaston,Long Creek - Two Rivers,68700.0,0.29,2023-02-28,107799.99999999994,0,39440451.7729257
Gaston,Long Creek - Two Rivers,68700.0,1.02,2023-03-01,,0,
Gaston,Long Creek - Two Rivers,68700.0,0.29,2023-03-02,,0,
Gaston,Long Creek - Two Rivers,68700.0,0.73,2023-03-03,,0,
Gaston,Long Creek - Two Rivers,68700.0,0.29,2023-03-04,11880.000000000004,0,5302204.82096071
Gaston,Long Creek - Two Rivers,68700.0,0.29,2023-03-05,,0,
Gaston,Long Creek - Two Rivers,68700.0,0.29,2023-03-06,,0,
Gaston,Long Creek - Two Rivers,68700.0,0.87,2023-03-07,27720.000000000022,0,11576044.1303056
Gaston,Long Creek - Two Rivers,68700.0,0.73,2023-03-08,,0,
Gaston,Long Creek - Two Rivers,68700.0,0.29,2023-03-09,,0,
Gaston,Long Creek - Two Rivers,68700.0,0.73,2023-03-10,,0,
Gaston,Long Creek - Two Rivers,68700.0,0.87,2023-03-11,10230.000000000004,0,4002110.01746726
Gaston,Long Creek - Two Rivers,68700.0,0.29,2023-03-12,,0,
Gaston,Long Creek - Two Rivers,68700.0,0.29,2023-03-13,,0,
Gaston,Long Creek - Two Rivers,68700.0,1.16,2023-03-14,12540.000000000015,0,4933450.65851528
Gaston,Long Creek - Two Rivers,68700.0,0.29,2023-03-15,,0,
Gaston,Long Creek - Two Rivers,68700.0,0.73,2023-03-16,,0,
Gaston,Long Creek - Two Rivers,68700.0,0.29,2023-03-17,,0,
Gaston,Long Creek - Two Rivers,68700.0,0.29,2023-03-18,,0,
Gaston,Long Creek - Two Rivers,68700.0,,2023-03-19,,0,
Gaston,Long Creek - Two Rivers,68700.0,0.29,2023-03-20,,0,
Gaston,Long Creek - Two Rivers,68700.0,0.73,2023-03-21,18260.000000000007,0,8240237.245414849
Gaston,Long Creek - Two Rivers,68700.0,0.29,2023-03-22,,0,
Gaston,Long Creek - Two Rivers,68700.0,0.87,2023-03-23,,0,
Gaston,Long Creek - Two Rivers,68700.0,0.29,2023-03-24,,0,
Gaston,Long Creek - Two Rivers,68700.0,0.29,2023-03-25,58299.999999999985,0,23549777.866375495
Gaston,Long Creek - Two Rivers,68700.0,1.02,2023-03-26,,0,
Gaston,Long Creek - Two Rivers,68700.0,,2023-03-27,,0,
Gaston,Long Creek - Two Rivers,68700.0,1.31,2023-03-28,35199.999999999985,0,17001967.0637554
Gaston,Long Creek - Two Rivers,68700.0,0.29,2023-03-29,,0,
Gaston,Long Creek - Two Rivers,68700.0,0.29,2023-03-30,,0,
Gaston,Long Creek - Two Rivers,68700.0,0.87,2023-03-31,,0,
Gaston,Long Creek - Two Rivers,68700.0,0.29,2023-04-01,40700.000000000015,0,14801079.30131
Gaston,Long Creek - Two Rivers,68700.0,0.29,2023-04-02,,0,
Gaston,Long Creek - Two Rivers,68700.0,0.29,2023-04-03,,0,
Gaston,Long Creek - Two Rivers,68700.0,0.29,2023-04-04,26400.00000000002,0,9837808.28646287
Gaston,Long Creek - Two Rivers,68700.0,,2023-04-05,,0,
Gaston,Long Creek - Two Rivers,68700.0,0.87,2023-04-06,,0,
Gaston,Long Creek - Two Rivers,68700.0,0.29,2023-04-07,29700.000000000033,0,11128084.1921397
Gaston,Long Creek - Two Rivers,68700.0,0.29,2023-04-08,,0,
Gaston,Long Creek - Two Rivers,68700.0,0.29,2023-04-09,,0,
Gaston,Long Creek - Two Rivers,68700.0,0.29,2023-04-10,,0,
Gaston,Long Creek - Two Rivers,68700.0,0.29,2023-04-11,34100.00000000001,0,21419743.7554585
Gaston,Long Creek - Two Rivers,68700.0,1.02,2023-04-12,,0,
Gaston,Long Creek - Two Rivers,68700.0,0.29,2023-04-13,,0,
Gaston,Long Creek - Two Rivers,68700.0,0.29,2023-04-14,,0,
Gaston,Long Creek - Two Rivers,68700.0,0.29,2023-04-15,15400.000000000022,0,7636920.52401747
Gaston,Long Creek - Two Rivers,68700.0,0.29,2023-04-16,,0,
Gaston,Long Creek - Two Rivers,68700.0,0.29,2023-04-17,,0,
Gaston,Long Creek - Two Rivers,68700.0,0.29,2023-04-18,8470.000000000004,0,3948754.61161573
Gaston,Long Creek - Two Rivers,68700.0,0.29,2023-04-19,,0,
Gaston,Long Creek - Two Rivers,68700.0,,2023-04-20,,0,
Gaston,Long Creek - Two Rivers,68700.0,0.29,2023-04-21,,0,
Gaston,Long Creek - Two Rivers,68700.0,,2023-04-22,52800.00000000004,0,22983494.1484716
Gaston,Long Creek - Two Rivers,68700.0,0.29,2023-04-23,,0,
Gaston,Long Creek - Two Rivers,68700.0,0.29,2023-04-24,,0,
Gaston,Long Creek - Two Rivers,68700.0,0.29,2023-04-25,93500.0000000001,0,42760693.8864628
Gaston,Long Creek - Two Rivers,68700.0,,2023-04-26,,0,
Gaston,Long Creek - Two Rivers,68700.0,0.29,2023-04-27,,0,
Gaston,Long Creek - Two Rivers,68700.0,0.29,2023-04-28,,0,
Gaston,Long Creek - Two Rivers,68700.0,0.29,2023-04-29,8470.000000000004,0,12227558.3056768
Gaston,Long Creek - Two Rivers,68700.0,0.29,2023-04-30,,0,
Gaston,Long Creek - Two Rivers,68700.0,0.29,2023-05-01,,0,
Gaston,Long Creek - Two Rivers,68700.0,0.29,2023-05-02,12100.000000000015,0,7917243.995633181
Gaston,Long Creek - Two Rivers,68700.0,0.29,2023-05-03,,0,
Gaston,Long Creek - Two Rivers,68700.0,0.29,2023-05-04,,0,
Gaston,Long Creek - Two Rivers,68700.0,0.73,2023-05-05,,0,
Gaston,Long Creek - Two Rivers,68700.0,0.29,2023-05-06,78100.00000000001,0,36148090.4803493
Gaston,Long Creek - Two Rivers,68700.0,,2023-05-07,,0,
Gaston,Long Creek - Two Rivers,68700.0,0.29,2023-05-08,,0,
Gaston,Long Creek - Two Rivers,68700.0,0.29,2023-05-09,33330.000000000015,0,13773731.6593886
Gaston,Long Creek - Two Rivers,68700.0,0.29,2023-05-10,,0,
Gaston,Long Creek - Two Rivers,68700.0,0.29,2023-05-11,,0,
Gaston,Long Creek - Two Rivers,68700.0,0.29,2023-05-12,,0,
Gaston,Long Creek - Two Rivers,68700.0,,2023-05-13,17710.000000000004,0,526947.516157206
Gaston,Long Creek - Two Rivers,68700.0,0.29,2023-05-14,,0,
Gaston,Long Creek - Two Rivers,68700.0,,2023-05-15,,0,
Gaston,Long Creek - Two Rivers,68700.0,0.29,2023-05-16,35199.999999999985,0,1076442.13100436
Gaston,Long Creek - Two Rivers,68700.0,0.29,2023-05-17,,0,
Gaston,Long Creek - Two Rivers,68700.0,0.29,2023-05-18,,0,
Gaston,Long Creek - Two Rivers,68700.0,,2023-05-19,,0,
Gaston,Long Creek - Two Rivers,68700.0,0.29,2023-05-20,8910.000000000013,0,3829370.14847162
Gaston,Long Creek - Two Rivers,68700.0,0.29,2023-05-21,,0,
Gaston,Long Creek - Two Rivers,68700.0,0.29,2023-05-22,,0,
Gaston,Long Creek - Two Rivers,68700.0,0.29,2023-05-23,16720.0,0,5371058.32663757
Gaston,Long Creek - Two Rivers,68700.0,0.29,2023-05-24,,0,
Gaston,Long Creek - Two Rivers,68700.0,,2023-05-25,,0,
Gaston,Long Creek - Two Rivers,68700.0,,2023-05-26,,0,
Gaston,Long Creek - Two Rivers,68700.0,,2023-05-27,59400.000000000065,0,20946982.0087336
Gaston,Long Creek - Two Rivers,68700.0,,2023-05-28,,0,
Gaston,Long Creek - Two Rivers,68700.0,,2023-05-29,18700.000000000007,0,11643273.2751091
Gaston,Long Creek - Two Rivers,68700.0,,2023-05-30,,0,
Gaston,Long Creek - Two Rivers,68700.0,,2023-05-31,,0,
Gaston,Long Creek - Two Rivers,68700.0,,2023-06-01,,0,
Gaston,Long Creek - Two Rivers,68700.0,,2023-06-02,,0,
Gaston,Long Creek - Two Rivers,68700.0,,2023-06-03,86900.0,0,33517595.6331877
Gaston,Long Creek - Two Rivers,68700.0,,2023-06-04,,0,
Gaston,Long Creek - Two Rivers,68700.0,,2023-06-05,,0,
Gaston,Long Creek - Two Rivers,68700.0,,2023-06-06,51699.99999999999,0,22273927.2550218
Gaston,Long Creek - Two Rivers,68700.0,,2023-06-07,,0,
Gaston,Long Creek - Two Rivers,68700.0,,2023-06-08,,0,
Gaston,Long Creek - Two Rivers,68700.0,,2023-06-09,,0,
Gaston,Long Creek - Two Rivers,68700.0,,2023-06-10,72600.00000000004,0,25201837.7292576
Gaston,Long Creek - Two Rivers,68700.0,,2023-06-11,,0,
Gaston,Long Creek - Two Rivers,68700.0,,2023-06-12,,0,
Gaston,Long Creek - Two Rivers,68700.0,,2023-06-13,20900.00000000002,0,8484982.36506551
Gaston,Long Creek - Two Rivers,68700.0,,2023-06-14,,0,
Gaston,Long Creek - Two Rivers,68700.0,,2023-06-15,,0,
Gaston,Long Creek - Two Rivers,68700.0,,2023-06-16,,0,
Gaston,Long Creek - Two Rivers,68700.0,,2023-06-17,13860.000000000011,0,5498582.77729258
Gaston,Long Creek - Two Rivers,68700.0,,2023-06-18,,0,
Gaston,Long Creek - Two Rivers,68700.0,,2023-06-19,,0,
Gaston,Long Creek - Two Rivers,68700.0,,2023-06-20,26400.00000000002,0,9635611.72401748
Gaston,Long Creek - Two Rivers,68700.0,,2023-06-21,,0,
Gaston,Long Creek - Two Rivers,68700.0,,2023-06-22,,0,
Gaston,Long Creek - Two Rivers,68700.0,,2023-06-23,,0,
Gaston,Long Creek - Two Rivers,68700.0,,2023-06-24,62700.00000000001,0,42494007.7729259
Gaston,Long Creek - Two Rivers,68700.0,,2023-06-25,,0,
Gaston,Long Creek - Two Rivers,68700.0,,2023-06-26,,0,
Gaston,Long Creek - Two Rivers,68700.0,,2023-06-27,0.0,0,414151.412227074
Gaston,Long Creek - Two Rivers,68700.0,,2023-06-28,,0,
Gaston,Long Creek - Two Rivers,68700.0,,2023-06-29,,0,
Gaston,Long Creek - Two Rivers,68700.0,,2023-06-30,,0,
Gaston,Long Creek - Two Rivers,68700.0,,2023-07-01,21340.0,0,8130956.549344981
Gaston,Long Creek - Two Rivers,68700.0,,2023-07-02,,0,
Gaston,Long Creek - Two Rivers,68700.0,,2023-07-03,,0,
Gaston,Long Creek - Two Rivers,68700.0,,2023-07-04,60500.000000000015,0,23461710.8384278
Gaston,Long Creek - Two Rivers,68700.0,,2023-07-05,,0,
Gaston,Long Creek - Two Rivers,68700.0,,2023-07-06,,0,
Gaston,Long Creek - Two Rivers,68700.0,,2023-07-07,,0,
Gaston,Long Creek - Two Rivers,68700.0,,2023-07-08,27500.000000000036,0,11212938.8646288
Gaston,Long Creek - Two Rivers,68700.0,,2023-07-09,,0,
Gaston,Long Creek - Two Rivers,68700.0,,2023-07-10,,0,
Gaston,Long Creek - Two Rivers,68700.0,,2023-07-11,17050.000000000004,0,6332916.34454149
Gaston,Long Creek - Two Rivers,68700.0,,2023-07-12,,0,
Gaston,Long Creek - Two Rivers,68700.0,,2023-07-13,,0,
Gaston,Long Creek - Two Rivers,68700.0,,2023-07-14,,0,
Gaston,Long Creek - Two Rivers,68700.0,,2023-07-15,26400.00000000002,0,10634957.3240174
Gaston,Long Creek - Two Rivers,68700.0,,2023-07-16,,0,
Gaston,Long Creek - Two Rivers,68700.0,,2023-07-17,,0,
Gaston,Long Creek - Two Rivers,68700.0,,2023-07-18,70399.99999999997,0,28061197.750218295
Gaston,Long Creek - Two Rivers,68700.0,,2023-07-19,,0,
Gaston,Long Creek - Two Rivers,68700.0,,2023-07-20,,0,
Gaston,Long Creek - Two Rivers,68700.0,,2023-07-21,,0,
Gaston,Long Creek - Two Rivers,68700.0,,2023-07-22,38500.000000000015,0,14849567.6855895
Gaston,Long Creek - Two Rivers,68700.0,,2023-07-23,,0,
Gaston,Long Creek - Two Rivers,68700.0,,2023-07-24,,0,
Gaston,Long Creek - Two Rivers,68700.0,,2023-07-25,44000.00000000003,0,22338598.6375545
Gaston,Long Creek - Two Rivers,68700.0,,2023-07-26,,0,
Gaston,Long Creek - Two Rivers,68700.0,,2023-07-27,,0,
Gaston,Long Creek - Two Rivers,68700.0,,2023-07-28,,0,
Gaston,Long Creek - Two Rivers,68700.0,,2023-07-29,26400.00000000002,0,9746165.24017468
Gaston,Long Creek - Two Rivers,68700.0,,2023-07-30,,0,
Gaston,Long Creek - Two Rivers,68700.0,,2023-07-31,,0,
Gaston,Long Creek - Two Rivers,68700.0,,2023-08-01,42900.0,0,14624884.6349344
Gaston,Long Creek - Two Rivers,68700.0,,2023-08-02,,0,
Gaston,Long Creek - Two Rivers,68700.0,,2023-08-03,,0,
Gaston,Long Creek - Two Rivers,68700.0,,2023-08-04,,0,
Gaston,Long Creek - Two Rivers,68700.0,,2023-08-05,53460.00000000003,0,21208819.2838428
Gaston,Long Creek - Two Rivers,68700.0,,2023-08-06,,0,
Gaston,Long Creek - Two Rivers,68700.0,,2023-08-07,,0,
Gaston,Long Creek - Two Rivers,68700.0,,2023-08-08,309674.0000000003,0,114323256.6131
Gaston,Long Creek - Two Rivers,68700.0,,2023-08-09,,0,
Gaston,Long Creek - Two Rivers,68700.0,,2023-08-10,,0,
Gaston,Long Creek - Two Rivers,68700.0,,2023-08-11,,0,
Gaston,Long Creek - Two Rivers,68700.0,,2023-08-12,72698.66659024767,0,17554734.6445414
Gaston,Long Creek - Two Rivers,68700.0,,2023-08-13,,0,
Gaston,Long Creek - Two Rivers,68700.0,,2023-08-14,,0,
Gaston,Long Creek - Two Rivers,68700.0,,2023-08-15,77756.25423076907,0,14464356.5655196
Gaston,Long Creek - Two Rivers,68700.0,,2023-08-16,,0,
Gaston,Long Creek - Two Rivers,68700.0,,2023-08-17,,0,
Gaston,Long Creek - Two Rivers,68700.0,,2023-08-18,,0,
Gaston,Long Creek - Two Rivers,68700.0,,2023-08-19,72698.66659024767,0,53892232.8759825
Gaston,Long Creek - Two Rivers,68700.0,,2023-08-20,,0,
Gaston,Long Creek - Two Rivers,68700.0,,2023-08-21,,0,
Gaston,Long Creek - Two Rivers,68700.0,,2023-08-22,77756.25423076907,0,48805802.577275
Gaston,Long Creek - Two Rivers,68700.0,,2023-08-23,,0,
Gaston,Long Creek - Two Rivers,68700.0,,2023-08-24,,0,
Gaston,Long Creek - Two Rivers,68700.0,,2023-08-25,,0,
Gaston,Long Creek - Two Rivers,68700.0,,2023-08-26,,0,79542542.9732474
Gaston,Long Creek - Two Rivers,68700.0,,2023-08-27,,0,
Gaston,Long Creek - Two Rivers,68700.0,,2023-08-28,,0,
Gaston,Long Creek - Two Rivers,68700.0,,2023-08-29,,0,
Gaston,Long Creek - Two Rivers,68700.0,,2023-08-30,,0,
Gaston,Long Creek - Two Rivers,68700.0,,2023-08-31,,0,
Gaston,Long Creek - Two Rivers,68700.0,,2023-09-01,,0,
Gaston,Long Creek - Two Rivers,68700.0,,2023-09-02,270079.0000000001,0,81848089.611354
Gaston,Long Creek - Two Rivers,68700.0,,2023-09-03,,0,
Gaston,Long Creek - Two Rivers,68700.0,,2023-09-04,,0,
Gaston,Long Creek - Two Rivers,68700.0,,2023-09-05,,0,
Gaston,Long Creek - Two Rivers,68700.0,,2023-09-06,,0,
Gaston,Long Creek - Two Rivers,68700.0,,2023-09-07,,0,
Gaston,Long Creek - Two Rivers,68700.0,,2023-09-08,,0,
Gaston,Long Creek - Two Rivers,68700.0,,2023-09-09,236059.99999999994,0,55930139.0567685
Gaston,Long Creek - Two Rivers,68700.0,,2023-09-10,,0,
Gaston,Long Creek - Two Rivers,68700.0,,2023-09-11,,0,
Gaston,Long Creek - Two Rivers,68700.0,,2023-09-12,106917.00000000006,0,44708114.8464367
Gaston,Long Creek - Two Rivers,68700.0,,2023-09-13,,0,
Gaston,Long Creek - Two Rivers,68700.0,,2023-09-14,,0,
Gaston,Long Creek - Two Rivers,68700.0,,2023-09-15,,0,
Gaston,Long Creek - Two Rivers,68700.0,,2023-09-16,75900.00000000003,0,30529498.951965
Gaston,Long Creek - Two Rivers,68700.0,,2023-09-17,,0,
Gaston,Long Creek - Two Rivers,68700.0,,2023-09-18,,0,
Gaston,Long Creek - Two Rivers,68700.0,,2023-09-19,180400.00000000006,0,79073644.8733625
Gaston,Long Creek - Two Rivers,68700.0,,2023-09-20,,0,
Gaston,Long Creek - Two Rivers,68700.0,,2023-09-21,,0,
Gaston,Long Creek - Two Rivers,68700.0,,2023-09-22,,0,
Gaston,Long Creek - Two Rivers,68700.0,,2023-09-23,32450.00000000001,0,12873666.0262008
Gaston,Long Creek - Two Rivers,68700.0,,2023-09-24,,0,
Gaston,Long Creek - Two Rivers,68700.0,,2023-09-25,,0,
Gaston,Long Creek - Two Rivers,68700.0,,2023-09-26,21889.999999999996,0,11130338.9020087
Gaston,Long Creek - Two Rivers,68700.0,,2023-09-27,,0,
Gaston,Long Creek - Two Rivers,68700.0,,2023-09-28,,0,
Gaston,Long Creek - Two Rivers,68700.0,,2023-09-29,,0,
Gaston,Long Creek - Two Rivers,68700.0,,2023-09-30,137829.99999999997,0,45566959.1266374
Gaston,Long Creek - Two Rivers,68700.0,,2023-10-01,,0,
Gaston,Long Creek - Two Rivers,68700.0,,2023-10-02,,0,
Gaston,Long Creek - Two Rivers,68700.0,,2023-10-03,29260.0,0,9625065.50043667
Gaston,Long Creek - Two Rivers,68700.0,,2023-10-04,,0,
Gaston,Long Creek - Two Rivers,68700.0,,2023-10-05,,0,
Gaston,Long Creek - Two Rivers,68700.0,,2023-10-06,,0,
Gaston,Long Creek - Two Rivers,68700.0,,2023-10-07,67980.00000000009,0,21725220.5764192
Gaston,Long Creek - Two Rivers,68700.0,,2023-10-08,,0,
Gaston,Long Creek - Two Rivers,68700.0,,2023-10-09,,0,
Gaston,Long Creek - Two Rivers,68700.0,,2023-10-10,28490.000000000036,0,11111125.379738
Gaston,Long Creek - Two Rivers,68700.0,,2023-10-11,,0,
Gaston,Long Creek - Two Rivers,68700.0,,2023-10-12,,0,
Gaston,Long Creek - Two Rivers,68700.0,,2023-10-13,,0,
Gaston,Long Creek - Two Rivers,68700.0,,2023-10-14,101310.00000000006,0,32935128.9170306
Gaston,Long Creek - Two Rivers,68700.0,,2023-10-15,,0,
Gaston,Long Creek - Two Rivers,68700.0,,2023-10-16,,0,
Gaston,Long Creek - Two Rivers,68700.0,,2023-10-17,89870.00000000009,0,28626796.5696943
Gaston,Long Creek - Two Rivers,68700.0,,2023-10-18,,0,
Gaston,Long Creek - Two Rivers,68700.0,,2023-10-19,,0,
Gaston,Long Creek - Two Rivers,68700.0,,2023-10-20,,0,
Gaston,Long Creek - Two Rivers,68700.0,,2023-10-21,134310.00000000006,0,42923129.9737991
Gaston,Long Creek - Two Rivers,68700.0,,2023-10-22,,0,
Gaston,Long Creek - Two Rivers,68700.0,,2023-10-23,,0,
Gaston,Long Creek - Two Rivers,68700.0,,2023-10-24,57420.000000000065,0,18094155.7975545
Gaston,Long Creek - Two Rivers,68700.0,,2023-10-25,,0,
Gaston,Long Creek - Two Rivers,68700.0,,2023-10-26,,0,
Gaston,Long Creek - Two Rivers,68700.0,,2023-10-27,,0,
Gaston,Long Creek - Two Rivers,68700.0,,2023-10-28,2617.9999999999986,0,836667.0707423572
Gaston,Long Creek - Two Rivers,68700.0,,2023-10-29,,0,
Gaston,Long Creek - Two Rivers,68700.0,,2023-10-30,,0,
Gaston,Long Creek - Two Rivers,68700.0,,2023-10-31,0.0,0,375784.978165939
Gaston,Long Creek - Two Rivers,68700.0,,2023-11-01,,0,
Gaston,Long Creek - Two Rivers,68700.0,,2023-11-02,,0,
Gaston,Long Creek - Two Rivers,68700.0,,2023-11-03,,0,
Gaston,Long Creek - Two Rivers,68700.0,,2023-11-04,57749.99999999998,0,19410506.3318777
Gaston,Long Creek - Two Rivers,68700.0,,2023-11-05,,0,
Gaston,Long Creek - Two Rivers,68700.0,,2023-11-06,,0,
Gaston,Long Creek - Two Rivers,68700.0,,2023-11-07,11528.000000000007,0,3938226.57117903
Gaston,Long Creek - Two Rivers,68700.0,,2023-11-08,,0,
Gaston,Long Creek - Two Rivers,68700.0,,2023-11-09,,0,
Gaston,Long Creek - Two Rivers,68700.0,,2023-11-10,,0,
Gaston,Long Creek - Two Rivers,68700.0,,2023-11-11,,0,
Gaston,Long Creek - Two Rivers,68700.0,,2023-11-12,,0,
Gaston,Long Creek - Two Rivers,68700.0,,2023-11-13,,0,
Gaston,Long Creek - Two Rivers,68700.0,,2023-11-14,52030.000000000065,0,16409996.6242794
Gaston,Long Creek - Two Rivers,68700.0,,2023-11-15,,0,
Gaston,Long Creek - Two Rivers,68700.0,,2023-11-16,,0,
Gaston,Long Creek - Two Rivers,68700.0,,2023-11-17,,0,
Gaston,Long Creek - Two Rivers,68700.0,,2023-11-18,,0,
Gaston,Long Creek - Two Rivers,68700.0,,2023-11-19,,0,
Gaston,Long Creek - Two Rivers,68700.0,,2023-11-20,,0,
Gaston,Long Creek - Two Rivers,68700.0,,2023-11-21,,0,
Gaston,Long Creek - Two Rivers,68700.0,,2023-11-22,,0,
Gaston,Long Creek - Two Rivers,68700.0,,2023-11-23,,0,
Gaston,Long Creek - Two Rivers,68700.0,,2023-11-24,,0,
Gaston,Long Creek - Two Rivers,68700.0,,2023-11-25,,0,
Gaston,Long Creek - Two Rivers,68700.0,,2023-11-26,,0,
Gaston,Long Creek - Two Rivers,68700.0,,2023-11-27,,0,
Gaston,Long Creek - Two Rivers,68700.0,,2023-11-28,43120.00000000002,0,13668730.0632314
Gaston,Long Creek - Two Rivers,68700.0,,2023-11-29,,0,
Gaston,Long Creek - Two Rivers,68700.0,,2023-11-30,,0,
Gaston,Long Creek - Two Rivers,68700.0,,2023-12-01,,0,
Gaston,Long Creek - Two Rivers,68700.0,,2023-12-02,36849.99999999999,0,14213157.6419214
Gaston,Long Creek - Two Rivers,68700.0,,2023-12-03,,0,
Gaston,Long Creek - Two Rivers,68700.0,,2023-12-04,,0,
Gaston,Long Creek - Two Rivers,68700.0,,2023-12-05,89320.00000000007,0,32078799.8064629
Gaston,Long Creek - Two Rivers,68700.0,,2023-12-06,,0,
Gaston,Long Creek - Two Rivers,68700.0,,2023-12-07,,0,
Gaston,Long Creek - Two Rivers,68700.0,,2023-12-08,173800.0,0,58416380.9606987
Gaston,Long Creek - Two Rivers,68700.0,,2023-12-09,,0,
Gaston,Long Creek - Two Rivers,68700.0,,2023-12-10,,0,
Gaston,Long Creek - Two Rivers,68700.0,,2023-12-11,,0,
Gaston,Long Creek - Two Rivers,68700.0,,2023-12-12,184689.9999999999,0,105296241.885327
Gaston,Long Creek - Two Rivers,68700.0,,2023-12-13,,0,
Gaston,Long Creek - Two Rivers,68700.0,,2023-12-14,,0,
Gaston,Long Creek - Two Rivers,68700.0,,2023-12-15,,0,
Gaston,Long Creek - Two Rivers,68700.0,,2023-12-16,134639.99999999997,0,42286719.930131
Gaston,Long Creek - Two Rivers,68700.0,,2023-12-17,,0,
Gaston,Long Creek - Two Rivers,68700.0,,2023-12-18,,0,
Gaston,Long Creek - Two Rivers,68700.0,,2023-12-19,223959.9999999999,0,118466820.471615
Gaston,Long Creek - Two Rivers,68700.0,,2023-12-20,,0,
Gaston,Long Creek - Two Rivers,68700.0,,2023-12-21,,0,
Gaston,Long Creek - Two Rivers,68700.0,,2023-12-22,,0,
Gaston,Long Creek - Two Rivers,68700.0,,2023-12-23,,0,
Gaston,Long Creek - Two Rivers,68700.0,,2023-12-24,,0,
Gaston,Long Creek - Two Rivers,68700.0,,2023-12-25,,0,
Gaston,Long Creek - Two Rivers,68700.0,,2023-12-26,,0,
Gaston,Long Creek - Two Rivers,68700.0,,2023-12-27,,0,
Gaston,Long Creek - Two Rivers,68700.0,,2023-12-28,,0,
Gaston,Long Creek - Two Rivers,68700.0,,2023-12-29,,0,
Gaston,Long Creek - Two Rivers,68700.0,,2023-12-30,361899.99999999994,0,323121501.558079
Gaston,Long Creek - Two Rivers,68700.0,,2023-12-31,,0,
Gaston,Long Creek - Two Rivers,68700.0,,2024-01-01,,0,
Gaston,Long Creek - Two Rivers,68700.0,,2024-01-02,403700.00000000006,0,142695556.938864
Gaston,Long Creek - Two Rivers,68700.0,,2024-01-03,,0,
Gaston,Long Creek - Two Rivers,68700.0,,2024-01-04,,0,
Gaston,Long Creek - Two Rivers,68700.0,,2024-01-05,,0,
Gaston,Long Creek - Two Rivers,68700.0,,2024-01-06,288200.0000000001,0,107983631.790392
Gaston,Long Creek - Two Rivers,68700.0,,2024-01-07,,0,
Gaston,Long Creek - Two Rivers,68700.0,,2024-01-08,,0,
Gaston,Long Creek - Two Rivers,68700.0,,2024-01-09,107470.00000000003,0,47124442.3959826
Gaston,Long Creek - Two Rivers,68700.0,,2024-01-10,,0,
Gaston,Long Creek - Two Rivers,68700.0,,2024-01-11,,0,
Gaston,Long Creek - Two Rivers,68700.0,,2024-01-12,,0,
Gaston,Long Creek - Two Rivers,68700.0,,2024-01-13,141680.00000000003,0,69479005.8340609
Gaston,Long Creek - Two Rivers,68700.0,,2024-01-14,,0,
Gaston,Long Creek - Two Rivers,68700.0,,2024-01-15,,0,
Gaston,Long Creek - Two Rivers,68700.0,,2024-01-16,229460.00000000017,0,117380826.128908
Gaston,Long Creek - Two Rivers,68700.0,,2024-01-17,,0,
Gaston,Long Creek - Two Rivers,68700.0,,2024-01-18,,0,
Gaston,Long Creek - Two Rivers,68700.0,,2024-01-19,,0,
Gaston,Long Creek - Two Rivers,68700.0,,2024-01-20,342099.9999999999,0,131949015.720524
Gaston,Long Creek - Two Rivers,68700.0,,2024-01-21,,0,
Gaston,Long Creek - Two Rivers,68700.0,,2024-01-22,,0,
Gaston,Long Creek - Two Rivers,68700.0,,2024-01-23,289300.0,0,103884605.614847
Gaston,Long Creek - Two Rivers,68700.0,,2024-01-24,,0,
Gaston,Long Creek - Two Rivers,68700.0,,2024-01-25,,0,
Gaston,Long Creek - Two Rivers,68700.0,,2024-01-26,,0,
Gaston,Long Creek - Two Rivers,68700.0,,2024-01-27,344299.9999999999,0,233344288.296944
Gaston,Long Creek - Two Rivers,68700.0,,2024-01-28,,0,
Gaston,Long Creek - Two Rivers,68700.0,,2024-01-29,,0,
Gaston,Long Creek - Two Rivers,68700.0,,2024-01-30,142890.00000000012,0,70214101.8618341
Gaston,Long Creek - Two Rivers,68700.0,,2024-01-31,,0,
Gaston,Long Creek - Two Rivers,68700.0,,2024-02-01,,0,
Gaston,Long Creek - Two Rivers,68700.0,,2024-02-02,,0,
Gaston,Long Creek - Two Rivers,68700.0,,2024-02-03,399300.0000000001,0,167212193.187773
Gaston,Long Creek - Two Rivers,68700.0,,2024-02-04,,0,
Gaston,Long Creek - Two Rivers,68700.0,,2024-02-05,,0,
Gaston,Long Creek - Two Rivers,68700.0,,2024-02-06,117040.0,0,43111264.9048033
Gaston,Long Creek - Two Rivers,68700.0,,2024-02-07,,0,
Gaston,Long Creek - Two Rivers,68700.0,,2024-02-08,,0,
Gaston,Long Creek - Two Rivers,68700.0,,2024-02-09,,0,
Gaston,Long Creek - Two Rivers,68700.0,,2024-02-10,161369.9999999999,0,57795123.5371179
Gaston,Long Creek - Two Rivers,68700.0,,2024-02-11,,0,
Gaston,Long Creek - Two Rivers,68700.0,,2024-02-12,,0,
Gaston,Long Creek - Two Rivers,68700.0,,2024-02-13,143110.00000000003,0,8342778.05606985
Gaston,Long Creek - Two Rivers,68700.0,,2024-02-14,,0,
Gaston,Long Creek - Two Rivers,68700.0,,2024-02-15,,0,
Gaston,Long Creek - Two Rivers,68700.0,,2024-02-16,,0,
Gaston,Long Creek - Two Rivers,68700.0,,2024-02-17,271700.00000000006,0,98807205.0655022
Gaston,Long Creek - Two Rivers,68700.0,,2024-02-18,,0,
Gaston,Long Creek - Two Rivers,68700.0,,2024-02-19,,0,
Gaston,Long Creek - Two Rivers,68700.0,,2024-02-20,140799.99999999994,0,44516215.8393012
Gaston,Long Creek - Two Rivers,68700.0,,2024-02-21,,0,
Gaston,Long Creek - Two Rivers,68700.0,,2024-02-22,,0,
Gaston,Long Creek - Two Rivers,68700.0,,2024-02-23,,0,
Gaston,Long Creek - Two Rivers,68700.0,,2024-02-24,332200.0,0,111656626.899563
Gaston,Long Creek - Two Rivers,68700.0,,2024-02-25,,0,
Gaston,Long Creek - Two Rivers,68700.0,,2024-02-26,,0,
Gaston,Long Creek - Two Rivers,68700.0,,2024-02-27,175340.0,0,11076306.1134288
Gaston,Long Creek - Two Rivers,68700.0,,2024-02-28,,0,
Gaston,Long Creek - Two Rivers,68700.0,,2024-02-29,,0,
Gaston,Long Creek - Two Rivers,68700.0,,2024-03-01,,0,
Gaston,Long Creek - Two Rivers,68700.0,,2024-03-02,257400.00000000026,0,82260543.930131
Gaston,Long Creek - Two Rivers,68700.0,,2024-03-03,,0,
Gaston,Long Creek - Two Rivers,68700.0,,2024-03-04,,0,
Gaston,Long Creek - Two Rivers,68700.0,,2024-03-05,104059.99999999994,0,42263481.871965
Gaston,Long Creek - Two Rivers,68700.0,,2024-03-06,,0,
Gaston,Long Creek - Two Rivers,68700.0,,2024-03-07,,0,
Gaston,Long Creek - Two Rivers,68700.0,,2024-03-08,,0,
Gaston,Long Creek - Two Rivers,68700.0,,2024-03-09,76230.00000000006,0,30242205.2751092
Gaston,Long Creek - Two Rivers,68700.0,,2024-03-10,,0,
Gaston,Long Creek - Two Rivers,68700.0,,2024-03-11,,0,
Gaston,Long Creek - Two Rivers,68700.0,,2024-03-12,51810.00000000003,0,28079356.6501309
Gaston,Long Creek - Two Rivers,68700.0,,2024-03-13,,0,
Gaston,Long Creek - Two Rivers,68700.0,,2024-03-14,,0,
Gaston,Long Creek - Two Rivers,68700.0,,2024-03-15,,0,
Gaston,Long Creek - Two Rivers,68700.0,,2024-03-16,70840.00000000001,0,25761878.5676856
Gaston,Long Creek - Two Rivers,68700.0,,2024-03-17,,0,
Gaston,Long Creek - Two Rivers,68700.0,,2024-03-18,,0,
Gaston,Long Creek - Two Rivers,68700.0,,2024-03-19,123860.0,0,8945664.56427776
Gaston,Long Creek - Two Rivers,68700.0,,2024-03-20,,0,
Gaston,Long Creek - Two Rivers,68700.0,,2024-03-21,,0,
Gaston,Long Creek - Two Rivers,68700.0,,2024-03-22,,0,
Gaston,Long Creek - Two Rivers,68700.0,,2024-03-23,47850.000000000044,0,16610302.1397379
Gaston,Long Creek - Two Rivers,68700.0,,2024-03-24,,0,
Gaston,Long Creek - Two Rivers,68700.0,,2024-03-25,,0,
Gaston,Long Creek - Two Rivers,68700.0,,2024-03-26,46090.00000000002,0,19829033.820786
Gaston,Long Creek - Two Rivers,68700.0,,2024-03-27,,0,
Gaston,Long Creek - Two Rivers,68700.0,,2024-03-28,,0,
Gaston,Long Creek - Two Rivers,68700.0,,2024-03-29,,0,
Gaston,Long Creek - Two Rivers,68700.0,,2024-03-30,157300.0000000001,0,60671090.8296943
Gaston,Long Creek - Two Rivers,68700.0,,2024-03-31,,0,
Gaston,Long Creek - Two Rivers,68700.0,,2024-04-01,,0,
Gaston,Long Creek - Two Rivers,68700.0,,2024-04-02,97349.99999999996,0,7570520.22753277
Gaston,Long Creek - Two Rivers,68700.0,,2024-04-03,,0,
Gaston,Long Creek - Two Rivers,68700.0,,2024-04-04,,0,
Gaston,Long Creek - Two Rivers,68700.0,,2024-04-05,,0,
Gaston,Long Creek - Two Rivers,68700.0,,2024-04-06,66880.0,0,23216238.3930131
Gaston,Long Creek - Two Rivers,68700.0,,2024-04-07,,0,
Gaston,Long Creek - Two Rivers,68700.0,,2024-04-08,,0,
Gaston,Long Creek - Two Rivers,68700.0,,2024-04-09,33440.0,0,11055351.6157205
Gaston,Long Creek - Two Rivers,68700.0,,2024-04-10,,0,
Gaston,Long Creek - Two Rivers,68700.0,,2024-04-11,,0,
Gaston,Long Creek - Two Rivers,68700.0,,2024-04-12,,0,
Gaston,Long Creek - Two Rivers,68700.0,,2024-04-13,71610.00000000003,0,27225621.6681223
Gaston,Long Creek - Two Rivers,68700.0,,2024-04-14,,0,
Gaston,Long Creek - Two Rivers,68700.0,,2024-04-15,,0,
Gaston,Long Creek - Two Rivers,68700.0,,2024-04-16,85580.00000000003,0,27349873.1528384
Gaston,Long Creek - Two Rivers,68700.0,,2024-04-17,,0,
Gaston,Long Creek - Two Rivers,68700.0,,2024-04-18,,0,
Gaston,Long Creek - Two Rivers,68700.0,,2024-04-19,,0,
Gaston,Long Creek - Two Rivers,68700.0,,2024-04-20,31790.000000000004,0,10334693.0043668
Gaston,Long Creek - Two Rivers,68700.0,,2024-04-21,,0,
Gaston,Long Creek - Two Rivers,68700.0,,2024-04-22,,0,
Gaston,Long Creek - Two Rivers,68700.0,,2024-04-23,6710.000000000007,0,2477150.33187773
Gaston,Long Creek - Two Rivers,68700.0,,2024-04-24,,0,
Gaston,Long Creek - Two Rivers,68700.0,,2024-04-25,,0,
Gaston,Long Creek - Two Rivers,68700.0,,2024-04-26,,0,
Gaston,Long Creek - Two Rivers,68700.0,,2024-04-27,35970.00000000003,0,11495383.7030567
Gaston,Long Creek - Two Rivers,68700.0,,2024-04-28,,0,
Gaston,Long Creek - Two Rivers,68700.0,,2024-04-29,,0,
Gaston,Long Creek - Two Rivers,68700.0,,2024-04-30,13937.000000000004,0,4684402.19475983
Gaston,Long Creek - Two Rivers,68700.0,,2024-05-01,,0,
Gaston,Long Creek - Two Rivers,68700.0,,2024-05-02,,0,
Gaston,Long Creek - Two Rivers,68700.0,,2024-05-03,,0,
Gaston,Long Creek - Two Rivers,68700.0,,2024-05-04,6292.000000000005,0,1960542.96366812
Gaston,Long Creek - Two Rivers,68700.0,,2024-05-05,,0,
Gaston,Long Creek - Two Rivers,68700.0,,2024-05-06,,0,
Gaston,Long Creek - Two Rivers,68700.0,,2024-05-07,3960.000000000004,0,1898320.24454148
Gaston,Long Creek - Two Rivers,68700.0,,2024-05-08,,0,
Gaston,Long Creek - Two Rivers,68700.0,,2024-05-09,,0,
Gaston,Long Creek - Two Rivers,68700.0,,2024-05-10,,0,
Gaston,Long Creek - Two Rivers,68700.0,,2024-05-11,,0,
Gaston,Long Creek - Two Rivers,68700.0,,2024-05-12,,0,
Gaston,Long Creek - Two Rivers,68700.0,,2024-05-13,,0,
Gaston,Long Creek - Two Rivers,68700.0,,2024-05-14,,0,
Gaston,Long Creek - Two Rivers,68700.0,,2024-05-15,,0,
Guilford,Greensboro - North Buffalo,135821.0,0.15000000000000002,2021-06-18,0.0,0,103259.536355067
Guilford,Greensboro - North Buffalo,135821.0,0.15000000000000002,2021-06-19,,0,
Guilford,Greensboro - North Buffalo,135821.0,0.15000000000000002,2021-06-20,,0,
Guilford,Greensboro - North Buffalo,135821.0,,2021-06-21,,0,
Guilford,Greensboro - North Buffalo,135821.0,0.15000000000000002,2021-06-22,,0,
Guilford,Greensboro - North Buffalo,135821.0,0.15000000000000002,2021-07-11,,0,
Guilford,Greensboro - North Buffalo,135821.0,0.52,2021-07-12,,0,
Guilford,Greensboro - North Buffalo,135821.0,0.96,2021-07-13,,0,
Guilford,Greensboro - North Buffalo,135821.0,0.52,2021-07-14,77500.00000000001,0,25984369.5378476
Guilford,Greensboro - North Buffalo,135821.0,0.81,2021-07-15,,0,
Guilford,Greensboro - North Buffalo,135821.0,0.44000000000000006,2021-07-16,,0,
Guilford,Greensboro - North Buffalo,135821.0,0.7400000000000001,2021-07-17,13624.426593438711,0,4590810.73265582
Guilford,Greensboro - North Buffalo,135821.0,0.7400000000000001,2021-07-18,,0,
Guilford,Greensboro - North Buffalo,135821.0,0.96,2021-07-19,,0,
Guilford,Greensboro - North Buffalo,135821.0,1.25,2021-07-20,,0,
Guilford,Greensboro - North Buffalo,135821.0,1.1,2021-07-21,0.0,0,513608.959817319
Guilford,Greensboro - North Buffalo,135821.0,1.1800000000000002,2021-07-22,,0,
Guilford,Greensboro - North Buffalo,135821.0,1.77,2021-07-23,,0,
Guilford,Greensboro - North Buffalo,135821.0,1.1800000000000002,2021-07-24,7271.519786124501,0,2535288.31027551
Guilford,Greensboro - North Buffalo,135821.0,1.9100000000000001,2021-07-25,,0,
Guilford,Greensboro - North Buffalo,135821.0,1.03,2021-07-26,,0,
Guilford,Greensboro - North Buffalo,135821.0,2.5,2021-07-27,,0,
Guilford,Greensboro - North Buffalo,135821.0,2.2800000000000002,2021-07-28,8112.490369793981,0,2756149.39183575
Guilford,Greensboro - North Buffalo,135821.0,3.09,2021-07-29,,0,
Guilford,Greensboro - North Buffalo,135821.0,2.43,2021-07-30,,0,
Guilford,Greensboro - North Buffalo,135821.0,3.09,2021-07-31,23677.520985103172,0,8090429.065518099
Guilford,Greensboro - North Buffalo,135821.0,2.14,2021-08-01,,0,
Guilford,Greensboro - North Buffalo,135821.0,1.9100000000000001,2021-08-02,,0,
Guilford,Greensboro - North Buffalo,135821.0,2.87,2021-08-03,,0,
Guilford,Greensboro - North Buffalo,135821.0,2.6500000000000004,2021-08-04,12951.83384698863,0,4346128.92709127
Guilford,Greensboro - North Buffalo,135821.0,2.43,2021-08-05,,0,
Guilford,Greensboro - North Buffalo,135821.0,1.9100000000000001,2021-08-06,,0,
Guilford,Greensboro - North Buffalo,135821.0,3.83,2021-08-07,11374.313166077329,0,3775563.6569538694
Guilford,Greensboro - North Buffalo,135821.0,2.8000000000000003,2021-08-08,,0,
Guilford,Greensboro - North Buffalo,135821.0,1.9100000000000001,2021-08-09,,0,
Guilford,Greensboro - North Buffalo,135821.0,4.05,2021-08-10,,0,
Guilford,Greensboro - North Buffalo,135821.0,4.2,2021-08-11,19592.72824289667,0,7082388.4817066
Guilford,Greensboro - North Buffalo,135821.0,3.24,2021-08-12,,0,
Guilford,Greensboro - North Buffalo,135821.0,4.420000000000001,2021-08-13,,0,
Guilford,Greensboro - North Buffalo,135821.0,3.6799999999999997,2021-08-14,73908.72749547249,0,28364459.9622661
Guilford,Greensboro - North Buffalo,135821.0,1.8399999999999999,2021-08-15,,0,
Guilford,Greensboro - North Buffalo,135821.0,2.87,2021-08-16,,0,
Guilford,Greensboro - North Buffalo,135821.0,4.86,2021-08-17,,0,
Guilford,Greensboro - North Buffalo,135821.0,3.9000000000000004,2021-08-18,48198.80703917891,0,16267667.4744815
Guilford,Greensboro - North Buffalo,135821.0,5.08,2021-08-19,,0,
Guilford,Greensboro - North Buffalo,135821.0,5.5200000000000005,2021-08-20,,0,
Guilford,Greensboro - North Buffalo,135821.0,5.890000000000001,2021-08-21,81124.90369793974,0,29958145.563432
Guilford,Greensboro - North Buffalo,135821.0,2.43,2021-08-22,,0,
Guilford,Greensboro - North Buffalo,135821.0,3.75,2021-08-23,,0,
Guilford,Greensboro - North Buffalo,135821.0,3.9000000000000004,2021-08-24,,0,
Guilford,Greensboro - North Buffalo,135821.0,4.86,2021-08-25,63639.610306789335,0,24494357.05533
Guilford,Greensboro - North Buffalo,135821.0,6.63,2021-08-26,,0,
Guilford,Greensboro - North Buffalo,135821.0,4.34,2021-08-27,,0,
Guilford,Greensboro - North Buffalo,135821.0,5.6000000000000005,2021-08-28,65574.38524302008,0,23795238.7204043
Guilford,Greensboro - North Buffalo,135821.0,2.8000000000000003,2021-08-29,,0,
Guilford,Greensboro - North Buffalo,135821.0,2.8000000000000003,2021-08-30,,0,
Guilford,Greensboro - North Buffalo,135821.0,4.12,2021-08-31,,0,
Guilford,Greensboro - North Buffalo,135821.0,3.98,2021-09-01,13982.131454109574,0,4984123.32111883
Guilford,Greensboro - North Buffalo,135821.0,5.890000000000001,2021-09-02,,0,
Guilford,Greensboro - North Buffalo,135821.0,4.420000000000001,2021-09-03,,0,
Guilford,Greensboro - North Buffalo,135821.0,5.15,2021-09-04,133510.29922818698,0,46996224.9504901
Guilford,Greensboro - North Buffalo,135821.0,2.3600000000000003,2021-09-05,,0,
Guilford,Greensboro - North Buffalo,135821.0,2.5,2021-09-06,,0,
Guilford,Greensboro - North Buffalo,135821.0,2.58,2021-09-07,,0,
Guilford,Greensboro - North Buffalo,135821.0,5.670000000000001,2021-09-08,85183.62518700417,0,29296526.5284515
Guilford,Greensboro - North Buffalo,135821.0,5.010000000000001,2021-09-09,,0,
Guilford,Greensboro - North Buffalo,135821.0,4.34,2021-09-10,,0,
Guilford,Greensboro - North Buffalo,135821.0,6.18,2021-09-11,29823.438768860986,0,10248626.0907806
Guilford,Greensboro - North Buffalo,135821.0,3.6100000000000003,2021-09-12,,0,
Guilford,Greensboro - North Buffalo,135821.0,2.43,2021-09-13,,0,
Guilford,Greensboro - North Buffalo,135821.0,4.2,2021-09-14,,0,
Guilford,Greensboro - North Buffalo,135821.0,4.420000000000001,2021-09-15,32171.41588429086,0,11324482.879705
Guilford,Greensboro - North Buffalo,135821.0,5.23,2021-09-16,,0,
Guilford,Greensboro - North Buffalo,135821.0,4.49,2021-09-17,,0,
Guilford,Greensboro - North Buffalo,135821.0,4.71,2021-09-18,14236.836024903863,0,4955879.92591352
Guilford,Greensboro - North Buffalo,135821.0,1.77,2021-09-19,,0,
Guilford,Greensboro - North Buffalo,135821.0,2.2800000000000002,2021-09-20,,0,
Guilford,Greensboro - North Buffalo,135821.0,3.3100000000000005,2021-09-21,,0,
Guilford,Greensboro - North Buffalo,135821.0,4.86,2021-09-22,22408.145840296595,0,7862786.92081474
Guilford,Greensboro - North Buffalo,135821.0,4.86,2021-09-23,,0,
Guilford,Greensboro - North Buffalo,135821.0,3.6799999999999997,2021-09-24,,0,
Guilford,Greensboro - North Buffalo,135821.0,3.6799999999999997,2021-09-25,98678.77177995272,0,41445925.4756348
Guilford,Greensboro - North Buffalo,135821.0,1.62,2021-09-26,,0,
Guilford,Greensboro - North Buffalo,135821.0,1.69,2021-09-27,,0,
Guilford,Greensboro - North Buffalo,135821.0,4.79,2021-09-28,,0,
Guilford,Greensboro - North Buffalo,135821.0,2.8000000000000003,2021-09-29,49053.542175871495,0,17677211.2683929
Guilford,Greensboro - North Buffalo,135821.0,3.24,2021-09-30,,0,
Guilford,Greensboro - North Buffalo,135821.0,2.5,2021-10-01,,0,
Guilford,Greensboro - North Buffalo,135821.0,3.24,2021-10-02,19557.607215607943,0,6764447.88694438
Guilford,Greensboro - North Buffalo,135821.0,1.25,2021-10-03,,0,
Guilford,Greensboro - North Buffalo,135821.0,2.43,2021-10-04,,0,
Guilford,Greensboro - North Buffalo,135821.0,4.79,2021-10-05,,0,
Guilford,Greensboro - North Buffalo,135821.0,2.2100000000000004,2021-10-06,120933.86622447823,0,42704083.5717731
Guilford,Greensboro - North Buffalo,135821.0,3.6799999999999997,2021-10-07,,0,
Guilford,Greensboro - North Buffalo,135821.0,3.6799999999999997,2021-10-08,,0,
Guilford,Greensboro - North Buffalo,135821.0,2.8000000000000003,2021-10-09,8616.843969807038,0,3114820.75001729
Guilford,Greensboro - North Buffalo,135821.0,1.47,2021-10-10,,0,
Guilford,Greensboro - North Buffalo,135821.0,1.1800000000000002,2021-10-11,,0,
Guilford,Greensboro - North Buffalo,135821.0,3.53,2021-10-12,,0,
Guilford,Greensboro - North Buffalo,135821.0,2.87,2021-10-13,2598.0762113533146,0,899328.458157972
Guilford,Greensboro - North Buffalo,135821.0,2.5,2021-10-14,,0,
Guilford,Greensboro - North Buffalo,135821.0,1.77,2021-10-15,,0,
Guilford,Greensboro - North Buffalo,135821.0,1.69,2021-10-16,20746.98773316261,0,7037047.4995283
Guilford,Greensboro - North Buffalo,135821.0,1.1,2021-10-17,,0,
Guilford,Greensboro - North Buffalo,135821.0,0.96,2021-10-18,,0,
Guilford,Greensboro - North Buffalo,135821.0,2.6500000000000004,2021-10-19,,0,
Guilford,Greensboro - North Buffalo,135821.0,1.55,2021-10-20,31034.255267365446,0,10465778.8240252
Guilford,Greensboro - North Buffalo,135821.0,1.47,2021-10-21,,0,
Guilford,Greensboro - North Buffalo,135821.0,0.15000000000000002,2021-10-22,,0,
Guilford,Greensboro - North Buffalo,135821.0,0.7400000000000001,2021-10-23,10624.264680437896,0,3612464.32113017
Guilford,Greensboro - North Buffalo,135821.0,1.25,2021-10-24,,0,
Guilford,Greensboro - North Buffalo,135821.0,0.44000000000000006,2021-10-25,,0,
Guilford,Greensboro - North Buffalo,135821.0,1.25,2021-10-26,,0,
Guilford,Greensboro - North Buffalo,135821.0,2.2800000000000002,2021-10-27,20961.27381625459,0,7711457.270477021
Guilford,Greensboro - North Buffalo,135821.0,1.9100000000000001,2021-10-28,,0,
Guilford,Greensboro - North Buffalo,135821.0,1.4000000000000001,2021-10-29,,0,
Guilford,Greensboro - North Buffalo,135821.0,1.1,2021-10-30,17139.136501002606,0,6983629.074188
Guilford,Greensboro - North Buffalo,135821.0,0.5900000000000001,2021-10-31,,0,
Guilford,Greensboro - North Buffalo,135821.0,0.7400000000000001,2021-11-01,,0,
Guilford,Greensboro - North Buffalo,135821.0,2.14,2021-11-02,,0,
Guilford,Greensboro - North Buffalo,135821.0,1.55,2021-11-03,0.0,0,446314.222854344
Guilford,Greensboro - North Buffalo,135821.0,1.03,2021-11-04,,0,
Guilford,Greensboro - North Buffalo,135821.0,1.99,2021-11-05,,0,
Guilford,Greensboro - North Buffalo,135821.0,0.66,2021-11-06,11979.14855071095,0,4256777.88250145
Guilford,Greensboro - North Buffalo,135821.0,1.03,2021-11-07,,0,
Guilford,Greensboro - North Buffalo,135821.0,1.03,2021-11-08,,0,
Guilford,Greensboro - North Buffalo,135821.0,1.4000000000000001,2021-11-09,,0,
Guilford,Greensboro - North Buffalo,135821.0,1.33,2021-11-10,21433.03524935283,0,7622180.107905309
Guilford,Greensboro - North Buffalo,135821.0,1.4000000000000001,2021-11-11,,0,
Guilford,Greensboro - North Buffalo,135821.0,1.55,2021-11-12,,0,
Guilford,Greensboro - North Buffalo,135821.0,1.33,2021-11-13,15968.719422671342,0,5981556.5513041
Guilford,Greensboro - North Buffalo,135821.0,0.66,2021-11-14,,0,
Guilford,Greensboro - North Buffalo,135821.0,1.03,2021-11-15,,0,
Guilford,Greensboro - North Buffalo,135821.0,1.47,2021-11-16,,0,
Guilford,Greensboro - North Buffalo,135821.0,1.25,2021-11-17,24396.464907850874,0,9355999.47642544
Guilford,Greensboro - North Buffalo,135821.0,0.81,2021-11-18,,0,
Guilford,Greensboro - North Buffalo,135821.0,1.33,2021-11-19,,0,
Guilford,Greensboro - North Buffalo,135821.0,1.9100000000000001,2021-11-20,13024.016277631115,0,4475616.44598303
Guilford,Greensboro - North Buffalo,135821.0,0.37000000000000005,2021-11-21,,0,
Guilford,Greensboro - North Buffalo,135821.0,0.66,2021-11-22,,0,
Guilford,Greensboro - North Buffalo,135821.0,2.2800000000000002,2021-11-23,,0,
Guilford,Greensboro - North Buffalo,135821.0,2.3600000000000003,2021-11-24,9093.26673973661,0,3249023.18176716
Guilford,Greensboro - North Buffalo,135821.0,1.47,2021-11-25,,0,
Guilford,Greensboro - North Buffalo,135821.0,0.5900000000000001,2021-11-26,,0,
Guilford,Greensboro - North Buffalo,135821.0,1.47,2021-11-27,,0,
Guilford,Greensboro - North Buffalo,135821.0,1.1,2021-11-28,,0,
Guilford,Greensboro - North Buffalo,135821.0,1.69,2021-11-29,,0,
Guilford,Greensboro - North Buffalo,135821.0,3.17,2021-11-30,,0,
Guilford,Greensboro - North Buffalo,135821.0,2.14,2021-12-01,43714.98598878882,0,14425367.9642295
Guilford,Greensboro - North Buffalo,135821.0,2.72,2021-12-02,,0,
Guilford,Greensboro - North Buffalo,135821.0,1.9100000000000001,2021-12-03,,0,
Guilford,Greensboro - North Buffalo,135821.0,2.5,2021-12-04,15868.601072558362,0,5187779.49894148
Guilford,Greensboro - North Buffalo,135821.0,1.1,2021-12-05,,0,
Guilford,Greensboro - North Buffalo,135821.0,1.25,2021-12-06,,0,
Guilford,Greensboro - North Buffalo,135821.0,3.02,2021-12-07,,0,
Guilford,Greensboro - North Buffalo,135821.0,3.09,2021-12-08,32268.40560052509,0,10549220.5817323
Guilford,Greensboro - North Buffalo,135821.0,2.2800000000000002,2021-12-09,,0,
Guilford,Greensboro - North Buffalo,135821.0,2.5,2021-12-10,,0,
Guilford,Greensboro - North Buffalo,135821.0,2.14,2021-12-11,20155.644370746388,0,6476954.53278801
Guilford,Greensboro - North Buffalo,135821.0,1.47,2021-12-12,,0,
Guilford,Greensboro - North Buffalo,135821.0,1.62,2021-12-13,,0,
Guilford,Greensboro - North Buffalo,135821.0,3.53,2021-12-14,,0,
Guilford,Greensboro - North Buffalo,135821.0,3.3100000000000005,2021-12-15,34369.31771216881,0,11226474.0425765
Guilford,Greensboro - North Buffalo,135821.0,3.53,2021-12-16,,0,
Guilford,Greensboro - North Buffalo,135821.0,4.34,2021-12-17,,0,
Guilford,Greensboro - North Buffalo,135821.0,3.24,2021-12-18,75498.34435270756,0,25102832.3474497
Guilford,Greensboro - North Buffalo,135821.0,2.72,2021-12-19,,0,
Guilford,Greensboro - North Buffalo,135821.0,3.24,2021-12-20,,0,
Guilford,Greensboro - North Buffalo,135821.0,4.64,2021-12-21,,0,
Guilford,Greensboro - North Buffalo,135821.0,5.45,2021-12-22,174982.14194597106,0,59643763.5085552
Guilford,Greensboro - North Buffalo,135821.0,9.5,2021-12-23,,0,
Guilford,Greensboro - North Buffalo,135821.0,6.920000000000001,2021-12-24,,0,
Guilford,Greensboro - North Buffalo,135821.0,4.2,2021-12-25,,0,
Guilford,Greensboro - North Buffalo,135821.0,2.3600000000000003,2021-12-26,,0,
Guilford,Greensboro - North Buffalo,135821.0,8.91,2021-12-27,,0,
Guilford,Greensboro - North Buffalo,135821.0,17.96,2021-12-28,,0,
Guilford,Greensboro - North Buffalo,135821.0,21.72,2021-12-29,317234.1406595454,0,104683076.211066
Guilford,Greensboro - North Buffalo,135821.0,26.580000000000002,2021-12-30,,0,
Guilford,Greensboro - North Buffalo,135821.0,19.730000000000004,2021-12-31,,0,
Guilford,Greensboro - North Buffalo,135821.0,13.25,2022-01-01,,0,
Guilford,Greensboro - North Buffalo,135821.0,7.440000000000001,2022-01-02,,0,
Guilford,Greensboro - North Buffalo,135821.0,9.940000000000001,2022-01-03,,0,
Guilford,Greensboro - North Buffalo,135821.0,22.01,2022-01-04,,0,
Guilford,Greensboro - North Buffalo,135821.0,33.43,2022-01-05,94703.48462437908,0,67595905.7550257
Guilford,Greensboro - North Buffalo,135821.0,12.15,2022-01-18,,0,
Guilford,Greensboro - North Buffalo,135821.0,20.76,2022-01-19,221246.4688983759,0,92493765.6954277
Guilford,Greensboro - North Buffalo,135821.0,24.3,2022-01-20,,0,
Guilford,Greensboro - North Buffalo,135821.0,23.05,2022-01-21,,0,
Guilford,Greensboro - North Buffalo,135821.0,16.05,2022-01-22,105000.00000000007,0,55630923.5685204
Guilford,Greensboro - North Buffalo,135821.0,6.260000000000001,2022-01-23,,0,
Guilford,Greensboro - North Buffalo,135821.0,10.090000000000002,2022-01-24,,0,
Guilford,Greensboro - North Buffalo,135821.0,19.0,2022-01-25,,0,
Guilford,Greensboro - North Buffalo,135821.0,15.46,2022-01-26,156524.75842498543,0,66003478.5106834
Guilford,Greensboro - North Buffalo,135821.0,11.71,2022-01-27,,0,
Guilford,Greensboro - North Buffalo,135821.0,10.68,2022-01-28,,0,
Guilford,Greensboro - North Buffalo,135821.0,9.5,2022-01-29,80777.47210701763,0,33094242.6490336
Guilford,Greensboro - North Buffalo,135821.0,4.05,2022-01-30,,0,
Guilford,Greensboro - North Buffalo,135821.0,3.6799999999999997,2022-01-31,,0,
Guilford,Greensboro - North Buffalo,135821.0,9.28,2022-02-01,,0,
Guilford,Greensboro - North Buffalo,135821.0,7.73,2022-02-02,59947.89404140901,0,23725049.6247396
Guilford,Greensboro - North Buffalo,135821.0,8.39,2022-02-03,,0,
Guilford,Greensboro - North Buffalo,135821.0,6.48,2022-02-04,,0,
Guilford,Greensboro - North Buffalo,135821.0,5.15,2022-02-05,18734.993995195196,0,9137690.8557197
Guilford,Greensboro - North Buffalo,135821.0,2.87,2022-02-06,,0,
Guilford,Greensboro - North Buffalo,135821.0,1.69,2022-02-07,,0,
Guilford,Greensboro - North Buffalo,135821.0,5.6000000000000005,2022-02-08,,0,
Guilford,Greensboro - North Buffalo,135821.0,4.12,2022-02-09,8455.767262643883,0,4289130.52773445
Guilford,Greensboro - North Buffalo,135821.0,4.64,2022-02-10,,0,
Guilford,Greensboro - North Buffalo,135821.0,3.98,2022-02-11,,0,
Guilford,Greensboro - North Buffalo,135821.0,2.6500000000000004,2022-02-12,11224.972160321824,0,4723969.38026374
Guilford,Greensboro - North Buffalo,135821.0,2.3600000000000003,2022-02-13,,0,
Guilford,Greensboro - North Buffalo,135821.0,2.3600000000000003,2022-02-14,,0,
Guilford,Greensboro - North Buffalo,135821.0,3.02,2022-02-15,,0,
Guilford,Greensboro - North Buffalo,135821.0,3.02,2022-02-16,12477.47971346778,0,4972877.53304172
Guilford,Greensboro - North Buffalo,135821.0,2.8000000000000003,2022-02-17,,0,
Guilford,Greensboro - North Buffalo,135821.0,2.43,2022-02-18,,0,
Guilford,Greensboro - North Buffalo,135821.0,1.8399999999999999,2022-02-19,12859.821149611678,0,5161100.01036847
Guilford,Greensboro - North Buffalo,135821.0,0.7400000000000001,2022-02-20,,0,
Guilford,Greensboro - North Buffalo,135821.0,1.33,2022-02-21,,0,
Guilford,Greensboro - North Buffalo,135821.0,2.95,2022-02-22,,0,
Guilford,Greensboro - North Buffalo,135821.0,2.2100000000000004,2022-02-23,0.0,0,322077.493409087
Guilford,Greensboro - North Buffalo,135821.0,1.77,2022-02-24,,0,
Guilford,Greensboro - North Buffalo,135821.0,1.25,2022-02-25,,0,
Guilford,Greensboro - North Buffalo,135821.0,0.52,2022-02-26,0.0,0,624408.407240892
Guilford,Greensboro - North Buffalo,135821.0,0.52,2022-02-27,,0,
Guilford,Greensboro - North Buffalo,135821.0,0.37000000000000005,2022-02-28,,0,
Guilford,Greensboro - North Buffalo,135821.0,1.77,2022-03-01,,0,
Guilford,Greensboro - North Buffalo,135821.0,1.33,2022-03-02,25012.496876561538,0,11753290.5346478
Guilford,Greensboro - North Buffalo,135821.0,1.1,2022-03-03,,0,
Guilford,Greensboro - North Buffalo,135821.0,0.5900000000000001,2022-03-04,,0,
Guilford,Greensboro - North Buffalo,135821.0,1.1800000000000002,2022-03-05,0.0,0,666438.08684139
Guilford,Greensboro - North Buffalo,135821.0,0.15000000000000002,2022-03-06,,0,
Guilford,Greensboro - North Buffalo,135821.0,0.15000000000000002,2022-03-07,,0,
Guilford,Greensboro - North Buffalo,135821.0,0.44000000000000006,2022-03-08,,0,
Guilford,Greensboro - North Buffalo,135821.0,0.96,2022-03-09,6837.397165588678,0,2820313.4405811
Guilford,Greensboro - North Buffalo,135821.0,0.52,2022-03-10,,0,
Guilford,Greensboro - North Buffalo,135821.0,0.66,2022-03-11,,0,
Guilford,Greensboro - North Buffalo,135821.0,0.15000000000000002,2022-03-12,0.0,0,332297.014556462
Guilford,Greensboro - North Buffalo,135821.0,0.15000000000000002,2022-03-13,,0,
Guilford,Greensboro - North Buffalo,135821.0,0.15000000000000002,2022-03-14,,0,
Guilford,Greensboro - North Buffalo,135821.0,0.44000000000000006,2022-03-15,,0,
Guilford,Greensboro - North Buffalo,135821.0,0.15000000000000002,2022-03-16,3570.714214271427,0,1811220.53937164
Guilford,Greensboro - North Buffalo,135821.0,0.44000000000000006,2022-03-17,,0,
Guilford,Greensboro - North Buffalo,135821.0,0.7400000000000001,2022-03-18,,0,
Guilford,Greensboro - North Buffalo,135821.0,0.15000000000000002,2022-03-19,0.0,0,324787.477504338
Guilford,Greensboro - North Buffalo,135821.0,0.5900000000000001,2022-03-20,,0,
Guilford,Greensboro - North Buffalo,135821.0,0.52,2022-03-21,,0,
Guilford,Greensboro - North Buffalo,135821.0,0.66,2022-03-22,,0,
Guilford,Greensboro - North Buffalo,135821.0,0.8800000000000001,2022-03-23,0.0,0,440327.18238339
Guilford,Greensboro - North Buffalo,135821.0,0.81,2022-03-24,,0,
Guilford,Greensboro - North Buffalo,135821.0,0.66,2022-03-25,,0,
Guilford,Greensboro - North Buffalo,135821.0,0.15000000000000002,2022-03-26,0.0,0,392376.985697079
Guilford,Greensboro - North Buffalo,135821.0,0.52,2022-03-27,,0,
Guilford,Greensboro - North Buffalo,135821.0,0.15000000000000002,2022-03-28,,0,
Guilford,Greensboro - North Buffalo,135821.0,0.44000000000000006,2022-03-29,,0,
Guilford,Greensboro - North Buffalo,135821.0,0.96,2022-03-30,0.0,0,651842.66776611
Guilford,Greensboro - North Buffalo,135821.0,0.7400000000000001,2022-03-31,,0,
Guilford,Greensboro - North Buffalo,135821.0,1.03,2022-04-01,,0,
Guilford,Greensboro - North Buffalo,135821.0,0.5900000000000001,2022-04-02,2872.281323269013,0,1480960.77808583
Guilford,Greensboro - North Buffalo,135821.0,0.15000000000000002,2022-04-03,,0,
Guilford,Greensboro - North Buffalo,135821.0,0.5900000000000001,2022-04-04,,0,
Guilford,Greensboro - North Buffalo,135821.0,0.81,2022-04-05,,0,
Guilford,Greensboro - North Buffalo,135821.0,0.5900000000000001,2022-04-06,3061.8621784789757,0,1237366.90063397
Guilford,Greensboro - North Buffalo,135821.0,0.81,2022-04-07,,0,
Guilford,Greensboro - North Buffalo,135821.0,1.33,2022-04-08,,0,
Guilford,Greensboro - North Buffalo,135821.0,1.1,2022-04-09,5921.3596411635135,0,2442463.08617793
Guilford,Greensboro - North Buffalo,135821.0,1.55,2022-04-10,,0,
Guilford,Greensboro - North Buffalo,135821.0,1.4000000000000001,2022-04-11,,0,
Guilford,Greensboro - North Buffalo,135821.0,2.2100000000000004,2022-04-12,,0,
Guilford,Greensboro - North Buffalo,135821.0,2.5,2022-04-13,13124.40474840668,0,5120973.22420436
Guilford,Greensboro - North Buffalo,135821.0,2.43,2022-04-14,,0,
Guilford,Greensboro - North Buffalo,135821.0,2.87,2022-04-15,,0,
Guilford,Greensboro - North Buffalo,135821.0,2.2100000000000004,2022-04-16,,0,
Guilford,Greensboro - North Buffalo,135821.0,2.3600000000000003,2022-04-17,,0,
Guilford,Greensboro - North Buffalo,135821.0,2.2800000000000002,2022-04-18,,0,
Guilford,Greensboro - North Buffalo,135821.0,4.05,2022-04-19,,0,
Guilford,Greensboro - North Buffalo,135821.0,3.17,2022-04-20,117499.99999999999,0,66478124.5168274
Guilford,Greensboro - North Buffalo,135821.0,3.98,2022-04-21,,0,
Guilford,Greensboro - North Buffalo,135821.0,2.58,2022-04-22,,0,
Guilford,Greensboro - North Buffalo,135821.0,2.72,2022-04-23,82158.38362577492,0,32057140.171829905
Guilford,Greensboro - North Buffalo,135821.0,1.8399999999999999,2022-04-24,,0,
Guilford,Greensboro - North Buffalo,135821.0,1.69,2022-04-25,,0,
Guilford,Greensboro - North Buffalo,135821.0,2.8000000000000003,2022-04-26,,0,
Guilford,Greensboro - North Buffalo,135821.0,3.02,2022-04-27,40484.56495999435,0,15570889.3054384
Guilford,Greensboro - North Buffalo,135821.0,3.4600000000000004,2022-04-28,,0,
Guilford,Greensboro - North Buffalo,135821.0,2.58,2022-04-29,,0,
Guilford,Greensboro - North Buffalo,135821.0,2.72,2022-04-30,11858.541225631414,0,4494848.20900208
Guilford,Greensboro - North Buffalo,135821.0,2.6500000000000004,2022-05-01,,0,
Guilford,Greensboro - North Buffalo,135821.0,1.4000000000000001,2022-05-02,,0,
Guilford,Greensboro - North Buffalo,135821.0,4.64,2022-05-03,,0,
Guilford,Greensboro - North Buffalo,135821.0,3.75,2022-05-04,0.0,0,617565.960473021
Guilford,Greensboro - North Buffalo,135821.0,3.39,2022-05-05,,0,
Guilford,Greensboro - North Buffalo,135821.0,4.2700000000000005,2022-05-06,,0,
Guilford,Greensboro - North Buffalo,135821.0,3.3100000000000005,2022-05-07,20868.636754709212,0,8061245.80689208
Guilford,Greensboro - North Buffalo,135821.0,1.99,2022-05-08,,0,
Guilford,Greensboro - North Buffalo,135821.0,2.2800000000000002,2022-05-09,,0,
Guilford,Greensboro - North Buffalo,135821.0,4.93,2022-05-10,,0,
Guilford,Greensboro - North Buffalo,135821.0,5.960000000000001,2022-05-11,45997.28252842766,0,17768070.107744
Guilford,Greensboro - North Buffalo,135821.0,4.34,2022-05-12,,0,
Guilford,Greensboro - North Buffalo,135821.0,5.300000000000001,2022-05-13,,0,
Guilford,Greensboro - North Buffalo,135821.0,4.420000000000001,2022-05-14,41713.307229228376,0,15229679.8487003
Guilford,Greensboro - North Buffalo,135821.0,2.2800000000000002,2022-05-15,,0,
Guilford,Greensboro - North Buffalo,135821.0,2.95,2022-05-16,,0,
Guilford,Greensboro - North Buffalo,135821.0,5.5200000000000005,2022-05-17,,0,
Guilford,Greensboro - North Buffalo,135821.0,3.98,2022-05-18,46419.284785528595,0,16559730.6456835
Guilford,Greensboro - North Buffalo,135821.0,5.08,2022-05-19,,0,
Guilford,Greensboro - North Buffalo,135821.0,4.71,2022-05-20,,0,
Guilford,Greensboro - North Buffalo,135821.0,4.420000000000001,2022-05-21,54943.15243958982,0,19585243.373567306
Guilford,Greensboro - North Buffalo,135821.0,2.58,2022-05-22,,0,
Guilford,Greensboro - North Buffalo,135821.0,2.6500000000000004,2022-05-23,,0,
Guilford,Greensboro - North Buffalo,135821.0,4.79,2022-05-24,,0,
Guilford,Greensboro - North Buffalo,135821.0,3.9000000000000004,2022-05-25,36576.97363096078,0,16106816.4755501
Guilford,Greensboro - North Buffalo,135821.0,3.83,2022-05-26,,0,
Guilford,Greensboro - North Buffalo,135821.0,4.12,2022-05-27,,0,
Guilford,Greensboro - North Buffalo,135821.0,3.39,2022-05-28,16482.945731876953,0,6017983.30399684
Guilford,Greensboro - North Buffalo,135821.0,3.6100000000000003,2022-05-29,,0,
Guilford,Greensboro - North Buffalo,135821.0,3.02,2022-05-30,,0,
Guilford,Greensboro - North Buffalo,135821.0,2.06,2022-05-31,,0,
Guilford,Greensboro - North Buffalo,135821.0,6.7700000000000005,2022-06-01,32390.199134923518,0,11464686.7533578
Guilford,Greensboro - North Buffalo,135821.0,3.75,2022-06-02,,0,
Guilford,Greensboro - North Buffalo,135821.0,3.53,2022-06-03,,0,
Guilford,Greensboro - North Buffalo,135821.0,3.75,2022-06-04,32113.08144666284,0,9934586.91543273
Guilford,Greensboro - North Buffalo,135821.0,2.2100000000000004,2022-06-05,,0,
Guilford,Greensboro - North Buffalo,135821.0,2.2800000000000002,2022-06-06,,0,
Guilford,Greensboro - North Buffalo,135821.0,2.72,2022-06-07,,0,
Guilford,Greensboro - North Buffalo,135821.0,3.53,2022-06-08,101056.91465703875,0,34924691.1362024
Guilford,Greensboro - North Buffalo,135821.0,3.53,2022-06-09,,0,
Guilford,Greensboro - North Buffalo,135821.0,4.86,2022-06-10,,0,
Guilford,Greensboro - North Buffalo,135821.0,2.3600000000000003,2022-06-11,,0,
Guilford,Greensboro - North Buffalo,135821.0,2.14,2022-06-12,,0,
Guilford,Greensboro - North Buffalo,135821.0,1.8399999999999999,2022-06-13,,0,
Guilford,Greensboro - North Buffalo,135821.0,2.87,2022-06-14,,0,
Guilford,Greensboro - North Buffalo,135821.0,2.8000000000000003,2022-06-15,20856.653614614228,0,7033554.43394175
Guilford,Greensboro - North Buffalo,135821.0,2.8000000000000003,2022-06-16,,0,
Guilford,Greensboro - North Buffalo,135821.0,3.98,2022-06-17,,0,
Guilford,Greensboro - North Buffalo,135821.0,2.6500000000000004,2022-06-18,15008.331019803649,0,4977648.38488996
Guilford,Greensboro - North Buffalo,135821.0,2.06,2022-06-19,,0,
Guilford,Greensboro - North Buffalo,135821.0,2.58,2022-06-20,,0,
Guilford,Greensboro - North Buffalo,135821.0,3.3100000000000005,2022-06-21,,0,
Guilford,Greensboro - North Buffalo,135821.0,3.02,2022-06-22,15370.42614893941,0,4904968.80159206
Guilford,Greensboro - North Buffalo,135821.0,3.53,2022-06-23,,0,
Guilford,Greensboro - North Buffalo,135821.0,2.43,2022-06-24,,0,
Guilford,Greensboro - North Buffalo,135821.0,3.09,2022-06-25,32726.13634390715,0,11036337.1632246
Guilford,Greensboro - North Buffalo,135821.0,1.62,2022-06-26,,0,
Guilford,Greensboro - North Buffalo,135821.0,1.99,2022-06-27,,0,
Guilford,Greensboro - North Buffalo,135821.0,3.53,2022-06-28,,0,
Guilford,Greensboro - North Buffalo,135821.0,3.6100000000000003,2022-06-29,47513.15607281841,0,16817539.4281826
Guilford,Greensboro - North Buffalo,135821.0,3.6799999999999997,2022-06-30,,0,
Guilford,Greensboro - North Buffalo,135821.0,3.83,2022-07-01,,0,
Guilford,Greensboro - North Buffalo,135821.0,3.09,2022-07-02,46432.74706497566,0,15270429.0553681
Guilford,Greensboro - North Buffalo,135821.0,1.77,2022-07-03,,0,
Guilford,Greensboro - North Buffalo,135821.0,2.2800000000000002,2022-07-04,,0,
Guilford,Greensboro - North Buffalo,135821.0,1.9100000000000001,2022-07-05,,0,
Guilford,Greensboro - North Buffalo,135821.0,4.93,2022-07-06,18148.691412881566,0,5766270.63419699
Guilford,Greensboro - North Buffalo,135821.0,3.24,2022-07-07,,0,
Guilford,Greensboro - North Buffalo,135821.0,4.420000000000001,2022-07-08,,0,
Guilford,Greensboro - North Buffalo,135821.0,3.83,2022-07-09,42452.91509425471,0,14079892.2927509
Guilford,Greensboro - North Buffalo,135821.0,2.06,2022-07-10,,0,
Guilford,Greensboro - North Buffalo,135821.0,2.43,2022-07-11,,0,
Guilford,Greensboro - North Buffalo,135821.0,3.09,2022-07-12,,0,
Guilford,Greensboro - North Buffalo,135821.0,2.2800000000000002,2022-07-13,96695.39802906848,0,32339396.0903751
Guilford,Greensboro - North Buffalo,135821.0,3.53,2022-07-14,,0,
Guilford,Greensboro - North Buffalo,135821.0,3.09,2022-07-15,,0,
Guilford,Greensboro - North Buffalo,135821.0,4.05,2022-07-16,36445.16428828388,0,12493665.6056979
Guilford,Greensboro - North Buffalo,135821.0,1.62,2022-07-17,,0,
Guilford,Greensboro - North Buffalo,135821.0,2.58,2022-07-18,,0,
Guilford,Greensboro - North Buffalo,135821.0,3.83,2022-07-19,,0,
Guilford,Greensboro - North Buffalo,135821.0,4.05,2022-07-20,34810.199654698896,0,9119672.06739189
Guilford,Greensboro - North Buffalo,135821.0,3.39,2022-07-21,,0,
Guilford,Greensboro - North Buffalo,135821.0,4.86,2022-07-22,,0,
Guilford,Greensboro - North Buffalo,135821.0,4.05,2022-07-23,45654.95591937421,0,18831915.521388695
Guilford,Greensboro - North Buffalo,135821.0,2.87,2022-07-24,,0,
Guilford,Greensboro - North Buffalo,135821.0,2.58,2022-07-25,,0,
Guilford,Greensboro - North Buffalo,135821.0,5.5200000000000005,2022-07-26,,0,
Guilford,Greensboro - North Buffalo,135821.0,4.5600000000000005,2022-07-27,22951.034835057006,0,7995711.93561973
Guilford,Greensboro - North Buffalo,135821.0,5.08,2022-07-28,,0,
Guilford,Greensboro - North Buffalo,135821.0,4.2,2022-07-29,,0,
Guilford,Greensboro - North Buffalo,135821.0,3.4600000000000004,2022-07-30,38720.95685801168,0,13338574.0991181
Guilford,Greensboro - North Buffalo,135821.0,4.12,2022-07-31,,0,
Guilford,Greensboro - North Buffalo,135821.0,3.39,2022-08-01,,0,
Guilford,Greensboro - North Buffalo,135821.0,4.2,2022-08-02,,0,
Guilford,Greensboro - North Buffalo,135821.0,5.08,2022-08-03,14000.000000000007,0,4744674.94717311
Guilford,Greensboro - North Buffalo,135821.0,5.6000000000000005,2022-08-04,,0,
Guilford,Greensboro - North Buffalo,135821.0,3.83,2022-08-05,,0,
Guilford,Greensboro - North Buffalo,135821.0,2.43,2022-08-06,85923.29428042195,0,28257763.161775295
Guilford,Greensboro - North Buffalo,135821.0,3.02,2022-08-07,,0,
Guilford,Greensboro - North Buffalo,135821.0,2.14,2022-08-08,,0,
Guilford,Greensboro - North Buffalo,135821.0,4.2700000000000005,2022-08-09,,0,
Guilford,Greensboro - North Buffalo,135821.0,4.05,2022-08-10,34175.55778623078,0,12096624.1364647
Guilford,Greensboro - North Buffalo,135821.0,3.53,2022-08-11,,0,
Guilford,Greensboro - North Buffalo,135821.0,4.64,2022-08-12,,0,
Guilford,Greensboro - North Buffalo,135821.0,3.09,2022-08-13,76892.78249614843,0,26359401.329612695
Guilford,Greensboro - North Buffalo,135821.0,1.62,2022-08-14,,0,
Guilford,Greensboro - North Buffalo,135821.0,2.3600000000000003,2022-08-15,,0,
Guilford,Greensboro - North Buffalo,135821.0,3.4600000000000004,2022-08-16,,0,
Guilford,Greensboro - North Buffalo,135821.0,3.3100000000000005,2022-08-17,24116.902786220333,0,8536308.6146352
Guilford,Greensboro - North Buffalo,135821.0,3.75,2022-08-18,,0,
Guilford,Greensboro - North Buffalo,135821.0,3.4600000000000004,2022-08-19,,0,
Guilford,Greensboro - North Buffalo,135821.0,3.6100000000000003,2022-08-20,25980.762113533146,0,8906392.94311036
Guilford,Greensboro - North Buffalo,135821.0,1.62,2022-08-21,,0,
Guilford,Greensboro - North Buffalo,135821.0,2.06,2022-08-22,,0,
Guilford,Greensboro - North Buffalo,135821.0,4.05,2022-08-23,,0,
Guilford,Greensboro - North Buffalo,135821.0,3.02,2022-08-24,45301.07614615795,0,16665843.6920387
Guilford,Greensboro - North Buffalo,135821.0,3.09,2022-08-25,,0,
Guilford,Greensboro - North Buffalo,135821.0,3.09,2022-08-26,,0,
Guilford,Greensboro - North Buffalo,135821.0,3.24,2022-08-27,53909.64663211951,0,18330367.4071531
Guilford,Greensboro - North Buffalo,135821.0,2.14,2022-08-28,,0,
Guilford,Greensboro - North Buffalo,135821.0,1.77,2022-08-29,,0,
Guilford,Greensboro - North Buffalo,135821.0,3.53,2022-08-30,,0,
Guilford,Greensboro - North Buffalo,135821.0,1.99,2022-08-31,38842.63121880394,0,13315534.5892948
Guilford,Greensboro - North Buffalo,135821.0,2.95,2022-09-01,,0,
Guilford,Greensboro - North Buffalo,135821.0,1.99,2022-09-02,,0,
Guilford,Greensboro - North Buffalo,135821.0,2.87,2022-09-03,39764.934301467176,0,13299226.0965335
Guilford,Greensboro - North Buffalo,135821.0,1.03,2022-09-04,,0,
Guilford,Greensboro - North Buffalo,135821.0,2.14,2022-09-05,,0,
Guilford,Greensboro - North Buffalo,135821.0,2.43,2022-09-06,,0,
Guilford,Greensboro - North Buffalo,135821.0,3.4600000000000004,2022-09-07,26720.77843177479,0,10128213.9844995
Guilford,Greensboro - North Buffalo,135821.0,4.420000000000001,2022-09-08,,0,
Guilford,Greensboro - North Buffalo,135821.0,2.6500000000000004,2022-09-09,,0,
Guilford,Greensboro - North Buffalo,135821.0,2.43,2022-09-10,42895.22117905451,0,14824342.8565154
Guilford,Greensboro - North Buffalo,135821.0,1.55,2022-09-11,,0,
Guilford,Greensboro - North Buffalo,135821.0,1.33,2022-09-12,,0,
Guilford,Greensboro - North Buffalo,135821.0,3.17,2022-09-13,,0,
Guilford,Greensboro - North Buffalo,135821.0,2.43,2022-09-14,26310.644233845742,0,9606111.69218806
Guilford,Greensboro - North Buffalo,135821.0,2.5,2022-09-15,,0,
Guilford,Greensboro - North Buffalo,135821.0,2.14,2022-09-16,,0,
Guilford,Greensboro - North Buffalo,135821.0,1.77,2022-09-17,12323.757543866239,0,4224673.11550189
Guilford,Greensboro - North Buffalo,135821.0,1.33,2022-09-18,,0,
Guilford,Greensboro - North Buffalo,135821.0,1.69,2022-09-19,,0,
Guilford,Greensboro - North Buffalo,135821.0,2.14,2022-09-20,,0,
Guilford,Greensboro - North Buffalo,135821.0,2.06,2022-09-21,4227.883631321942,0,1437565.72632857
Guilford,Greensboro - North Buffalo,135821.0,3.53,2022-09-22,,0,
Guilford,Greensboro - North Buffalo,135821.0,1.8399999999999999,2022-09-23,,0,
Guilford,Greensboro - North Buffalo,135821.0,2.2800000000000002,2022-09-24,27850.04488326727,0,9391957.6118829
Guilford,Greensboro - North Buffalo,135821.0,1.1800000000000002,2022-09-25,,0,
Guilford,Greensboro - North Buffalo,135821.0,1.4000000000000001,2022-09-26,,0,
Guilford,Greensboro - North Buffalo,135821.0,2.8000000000000003,2022-09-27,,0,
Guilford,Greensboro - North Buffalo,135821.0,1.8399999999999999,2022-09-28,13711.309200802098,0,4662121.73488884
Guilford,Greensboro - North Buffalo,135821.0,1.69,2022-09-29,,0,
Guilford,Greensboro - North Buffalo,135821.0,1.25,2022-09-30,,0,
Guilford,Greensboro - North Buffalo,135821.0,1.69,2022-10-01,17282.577932704407,0,5828257.72986619
Guilford,Greensboro - North Buffalo,135821.0,1.1800000000000002,2022-10-02,,0,
Guilford,Greensboro - North Buffalo,135821.0,1.03,2022-10-03,,0,
Guilford,Greensboro - North Buffalo,135821.0,1.4000000000000001,2022-10-04,,0,
Guilford,Greensboro - North Buffalo,135821.0,1.4000000000000001,2022-10-05,26324.893162176362,0,9537945.21826028
Guilford,Greensboro - North Buffalo,135821.0,1.55,2022-10-06,,0,
Guilford,Greensboro - North Buffalo,135821.0,1.55,2022-10-07,,0,
Guilford,Greensboro - North Buffalo,135821.0,1.77,2022-10-08,33014.299328110734,0,11317540.3120471
Guilford,Greensboro - North Buffalo,135821.0,0.52,2022-10-09,,0,
Guilford,Greensboro - North Buffalo,135821.0,0.37000000000000005,2022-10-10,,0,
Guilford,Greensboro - North Buffalo,135821.0,2.06,2022-10-11,,0,
Guilford,Greensboro - North Buffalo,135821.0,0.96,2022-10-12,22030.65634767997,0,7306665.933900101
Guilford,Greensboro - North Buffalo,135821.0,1.69,2022-10-13,,0,
Guilford,Greensboro - North Buffalo,135821.0,1.62,2022-10-14,,0,
Guilford,Greensboro - North Buffalo,135821.0,0.52,2022-10-15,11319.23142267178,0,3880314.30424452
Guilford,Greensboro - North Buffalo,135821.0,0.37000000000000005,2022-10-16,,0,
Guilford,Greensboro - North Buffalo,135821.0,1.03,2022-10-17,,0,
Guilford,Greensboro - North Buffalo,135821.0,1.1800000000000002,2022-10-18,,0,
Guilford,Greensboro - North Buffalo,135821.0,1.55,2022-10-19,40024.99219237899,0,15059476.61634
Guilford,Greensboro - North Buffalo,135821.0,1.4000000000000001,2022-10-20,,0,
Guilford,Greensboro - North Buffalo,135821.0,1.1800000000000002,2022-10-21,,0,
Guilford,Greensboro - North Buffalo,135821.0,0.66,2022-10-22,33056.76935213121,0,11332099.3430938
Guilford,Greensboro - North Buffalo,135821.0,0.7400000000000001,2022-10-23,,0,
Guilford,Greensboro - North Buffalo,135821.0,1.1,2022-10-24,,0,
Guilford,Greensboro - North Buffalo,135821.0,1.55,2022-10-25,,0,
Guilford,Greensboro - North Buffalo,135821.0,1.33,2022-10-26,8867.073925484112,0,3014984.01556339
Guilford,Greensboro - North Buffalo,135821.0,0.66,2022-10-27,,0,
Guilford,Greensboro - North Buffalo,135821.0,1.1,2022-10-28,,0,
Guilford,Greensboro - North Buffalo,135821.0,1.1,2022-10-29,45110.974274559834,0,14835735.032309
Guilford,Greensboro - North Buffalo,135821.0,0.5900000000000001,2022-10-30,,0,
Guilford,Greensboro - North Buffalo,135821.0,1.25,2022-10-31,,0,
Guilford,Greensboro - North Buffalo,135821.0,1.55,2022-11-01,,0,
Guilford,Greensboro - North Buffalo,135821.0,1.55,2022-11-02,26191.6017074176,0,9124664.91772796
Guilford,Greensboro - North Buffalo,135821.0,1.1,2022-11-03,,0,
Guilford,Greensboro - North Buffalo,135821.0,1.03,2022-11-04,,0,
Guilford,Greensboro - North Buffalo,135821.0,1.03,2022-11-05,17455.300054711166,0,5837856.54593356
Guilford,Greensboro - North Buffalo,135821.0,0.66,2022-11-06,,0,
Guilford,Greensboro - North Buffalo,135821.0,1.33,2022-11-07,,0,
Guilford,Greensboro - North Buffalo,135821.0,1.25,2022-11-08,,0,
Guilford,Greensboro - North Buffalo,135821.0,1.33,2022-11-09,23248.655875125372,0,7775421.646110631
Guilford,Greensboro - North Buffalo,135821.0,0.96,2022-11-10,,0,
Guilford,Greensboro - North Buffalo,135821.0,1.03,2022-11-11,,0,
Guilford,Greensboro - North Buffalo,135821.0,0.44000000000000006,2022-11-12,16686.446595965263,0,5859752.35272175
Guilford,Greensboro - North Buffalo,135821.0,0.8800000000000001,2022-11-13,,0,
Guilford,Greensboro - North Buffalo,135821.0,0.15000000000000002,2022-11-14,,0,
Guilford,Greensboro - North Buffalo,135821.0,1.1,2022-11-15,,0,
Guilford,Greensboro - North Buffalo,135821.0,1.8399999999999999,2022-11-16,7937.253933193764,0,2720947.98872158
Guilford,Greensboro - North Buffalo,135821.0,0.66,2022-11-17,,0,
Guilford,Greensboro - North Buffalo,135821.0,1.1800000000000002,2022-11-18,,0,
Guilford,Greensboro - North Buffalo,135821.0,0.8800000000000001,2022-11-19,3968.626966596889,0,1404717.05108797
Guilford,Greensboro - North Buffalo,135821.0,0.52,2022-11-20,,0,
Guilford,Greensboro - North Buffalo,135821.0,0.52,2022-11-21,,0,
Guilford,Greensboro - North Buffalo,135821.0,0.96,2022-11-22,,0,
Guilford,Greensboro - North Buffalo,135821.0,0.7400000000000001,2022-11-23,32812.91666402118,0,11431407.3983391
Guilford,Greensboro - North Buffalo,135821.0,0.66,2022-11-24,,0,
Guilford,Greensboro - North Buffalo,135821.0,0.37000000000000005,2022-11-25,,0,
Guilford,Greensboro - North Buffalo,135821.0,0.52,2022-11-26,,0,
Guilford,Greensboro - North Buffalo,135821.0,1.77,2022-11-27,,0,
Guilford,Greensboro - North Buffalo,135821.0,0.96,2022-11-28,,0,
Guilford,Greensboro - North Buffalo,135821.0,2.3600000000000003,2022-11-29,,0,
Guilford,Greensboro - North Buffalo,135821.0,1.47,2022-11-30,34749.10070778812,0,13055043.282288
Guilford,Greensboro - North Buffalo,135821.0,1.8399999999999999,2022-12-01,,0,
Guilford,Greensboro - North Buffalo,135821.0,1.55,2022-12-02,,0,
Guilford,Greensboro - North Buffalo,135821.0,1.77,2022-12-03,19442.222095223588,0,7586103.954982141
Guilford,Greensboro - North Buffalo,135821.0,0.66,2022-12-04,,0,
Guilford,Greensboro - North Buffalo,135821.0,1.33,2022-12-05,,0,
Guilford,Greensboro - North Buffalo,135821.0,1.77,2022-12-06,,0,
Guilford,Greensboro - North Buffalo,135821.0,2.6500000000000004,2022-12-07,26516.50429449555,0,9459563.4295264
Guilford,Greensboro - North Buffalo,135821.0,1.25,2022-12-08,,0,
Guilford,Greensboro - North Buffalo,135821.0,1.77,2022-12-09,,0,
Guilford,Greensboro - North Buffalo,135821.0,2.6500000000000004,2022-12-10,22036.900871038997,0,7431572.90214691
Guilford,Greensboro - North Buffalo,135821.0,1.55,2022-12-11,,0,
Guilford,Greensboro - North Buffalo,135821.0,1.62,2022-12-12,,0,
Guilford,Greensboro - North Buffalo,135821.0,3.6799999999999997,2022-12-13,,0,
Guilford,Greensboro - North Buffalo,135821.0,2.58,2022-12-14,52123.65106168215,0,18739991.655213
Guilford,Greensboro - North Buffalo,135821.0,2.8000000000000003,2022-12-15,,0,
Guilford,Greensboro - North Buffalo,135821.0,3.4600000000000004,2022-12-16,,0,
Guilford,Greensboro - North Buffalo,135821.0,3.53,2022-12-17,49699.094559156685,0,31719681.1484447
Guilford,Greensboro - North Buffalo,135821.0,2.06,2022-12-18,,0,
Guilford,Greensboro - North Buffalo,135821.0,1.47,2022-12-19,,0,
Guilford,Greensboro - North Buffalo,135821.0,4.71,2022-12-20,,0,
Guilford,Greensboro - North Buffalo,135821.0,3.02,2022-12-21,74833.14773547881,0,27321853.810796905
Guilford,Greensboro - North Buffalo,135821.0,4.93,2022-12-22,,0,
Guilford,Greensboro - North Buffalo,135821.0,2.87,2022-12-23,,0,
Guilford,Greensboro - North Buffalo,135821.0,2.3600000000000003,2022-12-24,,0,
Guilford,Greensboro - North Buffalo,135821.0,2.06,2022-12-25,,0,
Guilford,Greensboro - North Buffalo,135821.0,1.25,2022-12-26,,0,
Guilford,Greensboro - North Buffalo,135821.0,2.43,2022-12-27,,0,
Guilford,Greensboro - North Buffalo,135821.0,3.17,2022-12-28,,0,
Guilford,Greensboro - North Buffalo,135821.0,3.09,2022-12-29,,0,
Guilford,Greensboro - North Buffalo,135821.0,3.4600000000000004,2022-12-30,,0,
Guilford,Greensboro - North Buffalo,135821.0,3.17,2022-12-31,264811.2535373072,0,98159634.4053104
Guilford,Greensboro - North Buffalo,135821.0,1.9100000000000001,2023-01-01,,0,
Guilford,Greensboro - North Buffalo,135821.0,2.14,2023-01-02,,0,
Guilford,Greensboro - North Buffalo,135821.0,3.39,2023-01-03,,0,
Guilford,Greensboro - North Buffalo,135821.0,2.43,2023-01-04,94868.32980505149,0,36223188.5078402
Guilford,Greensboro - North Buffalo,135821.0,3.75,2023-01-05,,0,
Guilford,Greensboro - North Buffalo,135821.0,2.95,2023-01-06,,0,
Guilford,Greensboro - North Buffalo,135821.0,2.95,2023-01-07,30000.000000000022,0,12625339.2332555
Guilford,Greensboro - North Buffalo,135821.0,1.62,2023-01-08,,0,
Guilford,Greensboro - North Buffalo,135821.0,1.55,2023-01-09,,0,
Guilford,Greensboro - North Buffalo,135821.0,2.5,2023-01-10,,0,
Guilford,Greensboro - North Buffalo,135821.0,2.3600000000000003,2023-01-11,30612.497447937887,0,12285875.4455327
Guilford,Greensboro - North Buffalo,135821.0,1.62,2023-01-12,,0,
Guilford,Greensboro - North Buffalo,135821.0,2.06,2023-01-13,,0,
Guilford,Greensboro - North Buffalo,135821.0,1.69,2023-01-14,42844.194472530326,0,20060701.5933185
Guilford,Greensboro - North Buffalo,135821.0,0.96,2023-01-15,,0,
Guilford,Greensboro - North Buffalo,135821.0,0.96,2023-01-16,,0,
Guilford,Greensboro - North Buffalo,135821.0,1.55,2023-01-17,,0,
Guilford,Greensboro - North Buffalo,135821.0,1.8399999999999999,2023-01-18,145988.01320656436,0,58997017.1423114
Guilford,Greensboro - North Buffalo,135821.0,2.14,2023-01-19,,0,
Guilford,Greensboro - North Buffalo,135821.0,0.96,2023-01-20,,0,
Guilford,Greensboro - North Buffalo,135821.0,1.55,2023-01-21,123768.93794486567,0,47603140.4584829
Guilford,Greensboro - North Buffalo,135821.0,0.5900000000000001,2023-01-22,,0,
Guilford,Greensboro - North Buffalo,135821.0,1.1800000000000002,2023-01-23,,0,
Guilford,Greensboro - North Buffalo,135821.0,2.3600000000000003,2023-01-24,,0,
Guilford,Greensboro - North Buffalo,135821.0,1.33,2023-01-25,35566.83848755751,0,16554138.6373267
Guilford,Greensboro - North Buffalo,135821.0,1.69,2023-01-26,,0,
Guilford,Greensboro - North Buffalo,135821.0,1.1,2023-01-27,,0,
Guilford,Greensboro - North Buffalo,135821.0,1.55,2023-01-28,108685.32559642087,0,56038627.9219323
Guilford,Greensboro - North Buffalo,135821.0,1.25,2023-01-29,,0,
Guilford,Greensboro - North Buffalo,135821.0,1.33,2023-01-30,,0,
Guilford,Greensboro - North Buffalo,135821.0,1.9100000000000001,2023-01-31,,0,
Guilford,Greensboro - North Buffalo,135821.0,1.55,2023-02-01,46483.19588840688,0,19691754.9103807
Guilford,Greensboro - North Buffalo,135821.0,2.2800000000000002,2023-02-02,,0,
Guilford,Greensboro - North Buffalo,135821.0,1.55,2023-02-03,,0,
Guilford,Greensboro - North Buffalo,135821.0,1.47,2023-02-04,36664.8673800956,0,18598005.0172445
Guilford,Greensboro - North Buffalo,135821.0,1.03,2023-02-05,,0,
Guilford,Greensboro - North Buffalo,135821.0,0.96,2023-02-06,,0,
Guilford,Greensboro - North Buffalo,135821.0,2.72,2023-02-07,,0,
Guilford,Greensboro - North Buffalo,135821.0,2.87,2023-02-08,20095.086464108594,0,8064867.29105076
Guilford,Greensboro - North Buffalo,135821.0,1.69,2023-02-09,,0,
Guilford,Greensboro - North Buffalo,135821.0,1.8399999999999999,2023-02-10,,0,
Guilford,Greensboro - North Buffalo,135821.0,1.69,2023-02-11,43230.2510535158,0,16867885.6195411
Guilford,Greensboro - North Buffalo,135821.0,0.66,2023-02-12,,0,
Guilford,Greensboro - North Buffalo,135821.0,1.1800000000000002,2023-02-13,,0,
Guilford,Greensboro - North Buffalo,135821.0,1.77,2023-02-14,,0,
Guilford,Greensboro - North Buffalo,135821.0,1.69,2023-02-15,21076.97900779425,0,10338698.8427079
Guilford,Greensboro - North Buffalo,135821.0,1.1800000000000002,2023-02-16,,0,
Guilford,Greensboro - North Buffalo,135821.0,1.4000000000000001,2023-02-17,,0,
Guilford,Greensboro - North Buffalo,135821.0,1.9100000000000001,2023-02-18,277421.1599716213,0,113658461.259022
Guilford,Greensboro - North Buffalo,135821.0,0.7400000000000001,2023-02-19,,0,
Guilford,Greensboro - North Buffalo,135821.0,0.8800000000000001,2023-02-20,,0,
Guilford,Greensboro - North Buffalo,135821.0,0.96,2023-02-21,,0,
Guilford,Greensboro - North Buffalo,135821.0,1.62,2023-02-22,6623.820649745891,0,2750677.57743255
Guilford,Greensboro - North Buffalo,135821.0,1.1800000000000002,2023-02-23,,0,
Guilford,Greensboro - North Buffalo,135821.0,1.1800000000000002,2023-02-24,,0,
Guilford,Greensboro - North Buffalo,135821.0,0.66,2023-02-25,70710.67811865473,0,28181616.050464
Guilford,Greensboro - North Buffalo,135821.0,0.66,2023-02-26,,0,
Guilford,Greensboro - North Buffalo,135821.0,0.44000000000000006,2023-02-27,,0,
Guilford,Greensboro - North Buffalo,135821.0,1.03,2023-02-28,,0,
Guilford,Greensboro - North Buffalo,135821.0,0.7400000000000001,2023-03-01,29444.863728670967,0,11817262.8318342
Guilford,Greensboro - North Buffalo,135821.0,0.52,2023-03-02,,0,
Guilford,Greensboro - North Buffalo,135821.0,0.96,2023-03-03,,0,
Guilford,Greensboro - North Buffalo,135821.0,0.15000000000000002,2023-03-04,74410.75728683322,0,40232989.9227027
Guilford,Greensboro - North Buffalo,135821.0,0.15000000000000002,2023-03-05,,0,
Guilford,Greensboro - North Buffalo,135821.0,0.37000000000000005,2023-03-06,,0,
Guilford,Greensboro - North Buffalo,135821.0,0.15000000000000002,2023-03-07,,0,
Guilford,Greensboro - North Buffalo,135821.0,0.66,2023-03-08,34530.73413641821,0,13569685.3807582
Guilford,Greensboro - North Buffalo,135821.0,0.5900000000000001,2023-03-09,,0,
Guilford,Greensboro - North Buffalo,135821.0,0.44000000000000006,2023-03-10,,0,
Guilford,Greensboro - North Buffalo,135821.0,0.5900000000000001,2023-03-11,54603.25631315407,0,20392393.1527576
Guilford,Greensboro - North Buffalo,135821.0,0.15000000000000002,2023-03-12,,0,
Guilford,Greensboro - North Buffalo,135821.0,0.52,2023-03-13,,0,
Guilford,Greensboro - North Buffalo,135821.0,0.15000000000000002,2023-03-14,,0,
Guilford,Greensboro - North Buffalo,135821.0,0.52,2023-03-15,27587.89589657033,0,11071996.1142019
Guilford,Greensboro - North Buffalo,135821.0,0.15000000000000002,2023-03-16,,0,
Guilford,Greensboro - North Buffalo,135821.0,0.44000000000000006,2023-03-17,,0,
Guilford,Greensboro - North Buffalo,135821.0,0.37000000000000005,2023-03-18,63521.29091887227,0,24254076.1489525
Guilford,Greensboro - North Buffalo,135821.0,0.15000000000000002,2023-03-19,,0,
Guilford,Greensboro - North Buffalo,135821.0,0.37000000000000005,2023-03-20,,0,
Guilford,Greensboro - North Buffalo,135821.0,0.15000000000000002,2023-03-21,,0,
Guilford,Greensboro - North Buffalo,135821.0,0.44000000000000006,2023-03-22,43077.95259758757,0,17168642.0303898
Guilford,Greensboro - North Buffalo,135821.0,0.52,2023-03-23,,0,
Guilford,Greensboro - North Buffalo,135821.0,0.15000000000000002,2023-03-24,,0,
Guilford,Greensboro - North Buffalo,135821.0,0.81,2023-03-25,76291.28390583035,0,29555245.9689598
Guilford,Greensboro - North Buffalo,135821.0,0.15000000000000002,2023-03-26,,0,
Guilford,Greensboro - North Buffalo,135821.0,0.15000000000000002,2023-03-27,,0,
Guilford,Greensboro - North Buffalo,135821.0,0.37000000000000005,2023-03-28,,0,
Guilford,Greensboro - North Buffalo,135821.0,0.15000000000000002,2023-03-29,9197.173478846646,0,3742416.2324505094
Guilford,Greensboro - North Buffalo,135821.0,0.15000000000000002,2023-03-30,,0,
Guilford,Greensboro - North Buffalo,135821.0,0.7400000000000001,2023-03-31,,0,
Guilford,Greensboro - North Buffalo,135821.0,0.7400000000000001,2023-04-01,97290.49491085968,0,36876880.4258821
Guilford,Greensboro - North Buffalo,135821.0,0.15000000000000002,2023-04-02,,0,
Guilford,Greensboro - North Buffalo,135821.0,0.15000000000000002,2023-04-03,,0,
Guilford,Greensboro - North Buffalo,135821.0,0.15000000000000002,2023-04-04,,0,
Guilford,Greensboro - North Buffalo,135821.0,0.96,2023-04-05,15584.761788362372,0,6037537.24463794
Guilford,Greensboro - North Buffalo,135821.0,0.5900000000000001,2023-04-06,,0,
Guilford,Greensboro - North Buffalo,135821.0,0.15000000000000002,2023-04-07,,0,
Guilford,Greensboro - North Buffalo,135821.0,0.15000000000000002,2023-04-08,,0,
Guilford,Greensboro - North Buffalo,135821.0,0.5900000000000001,2023-04-09,,0,
Guilford,Greensboro - North Buffalo,135821.0,0.15000000000000002,2023-04-10,,0,
Guilford,Greensboro - North Buffalo,135821.0,0.37000000000000005,2023-04-11,,0,
Guilford,Greensboro - North Buffalo,135821.0,0.37000000000000005,2023-04-12,172339.19345291128,0,78772160.7078807
Guilford,Greensboro - North Buffalo,135821.0,0.5900000000000001,2023-04-13,,0,
Guilford,Greensboro - North Buffalo,135821.0,0.15000000000000002,2023-04-14,,0,
Guilford,Greensboro - North Buffalo,135821.0,0.5900000000000001,2023-04-15,89292.92917135158,0,36085267.2579048
Guilford,Greensboro - North Buffalo,135821.0,0.15000000000000002,2023-04-16,,0,
Guilford,Greensboro - North Buffalo,135821.0,0.15000000000000002,2023-04-17,,0,
Guilford,Greensboro - North Buffalo,135821.0,0.15000000000000002,2023-04-18,,0,
Guilford,Greensboro - North Buffalo,135821.0,0.52,2023-04-19,9704.988408030176,0,4057244.0697415
Guilford,Greensboro - North Buffalo,135821.0,0.15000000000000002,2023-04-20,,0,
Guilford,Greensboro - North Buffalo,135821.0,0.7400000000000001,2023-04-21,,0,
Guilford,Greensboro - North Buffalo,135821.0,0.37000000000000005,2023-04-22,13327.265285871668,0,5274414.3113846
Guilford,Greensboro - North Buffalo,135821.0,0.37000000000000005,2023-04-23,,0,
Guilford,Greensboro - North Buffalo,135821.0,,2023-04-24,,0,
Guilford,Greensboro - North Buffalo,135821.0,0.44000000000000006,2023-04-25,,0,
Guilford,Greensboro - North Buffalo,135821.0,0.5900000000000001,2023-04-26,48380.00000000001,0,18742413.6385389
Guilford,Greensboro - North Buffalo,135821.0,0.15000000000000002,2023-04-27,,0,
Guilford,Greensboro - North Buffalo,135821.0,0.15000000000000002,2023-04-28,,0,
Guilford,Greensboro - North Buffalo,135821.0,0.44000000000000006,2023-04-29,15065.616482573812,0,6046363.5131323
Guilford,Greensboro - North Buffalo,135821.0,0.15000000000000002,2023-04-30,,0,
Guilford,Greensboro - North Buffalo,135821.0,0.15000000000000002,2023-05-01,,0,
Guilford,Greensboro - North Buffalo,135821.0,0.66,2023-05-02,,0,
Guilford,Greensboro - North Buffalo,135821.0,0.37000000000000005,2023-05-03,21894.82130550508,0,9885559.93868189
Guilford,Greensboro - North Buffalo,135821.0,0.44000000000000006,2023-05-04,,0,
Guilford,Greensboro - North Buffalo,135821.0,0.37000000000000005,2023-05-05,,0,
Guilford,Greensboro - North Buffalo,135821.0,0.15000000000000002,2023-05-06,13827.364173984866,0,5395258.91297245
Guilford,Greensboro - North Buffalo,135821.0,0.15000000000000002,2023-05-07,,0,
Guilford,Greensboro - North Buffalo,135821.0,0.15000000000000002,2023-05-08,,0,
Guilford,Greensboro - North Buffalo,135821.0,0.15000000000000002,2023-05-09,,0,
Guilford,Greensboro - North Buffalo,135821.0,0.15000000000000002,2023-05-10,17956.9485158253,0,6756334.76641585
Guilford,Greensboro - North Buffalo,135821.0,0.44000000000000006,2023-05-11,,0,
Guilford,Greensboro - North Buffalo,135821.0,0.44000000000000006,2023-05-12,,0,
Guilford,Greensboro - North Buffalo,135821.0,0.44000000000000006,2023-05-13,40833.11891100164,0,15477339.7429675
Guilford,Greensboro - North Buffalo,135821.0,0.15000000000000002,2023-05-14,,0,
Guilford,Greensboro - North Buffalo,135821.0,0.15000000000000002,2023-05-15,,0,
Guilford,Greensboro - North Buffalo,135821.0,0.44000000000000006,2023-05-16,,0,
Guilford,Greensboro - North Buffalo,135821.0,0.15000000000000002,2023-05-17,26067.43562378163,0,9444664.08385609
Guilford,Greensboro - North Buffalo,135821.0,0.37000000000000005,2023-05-18,,0,
Guilford,Greensboro - North Buffalo,135821.0,0.15000000000000002,2023-05-19,,0,
Guilford,Greensboro - North Buffalo,135821.0,0.15000000000000002,2023-05-20,0.0,0,784022.2523273228
Guilford,Greensboro - North Buffalo,135821.0,0.15000000000000002,2023-05-21,,0,
Guilford,Greensboro - North Buffalo,135821.0,0.15000000000000002,2023-05-22,,0,
Guilford,Greensboro - North Buffalo,135821.0,0.15000000000000002,2023-05-23,,0,
Guilford,Greensboro - North Buffalo,135821.0,0.96,2023-05-24,27192.756388420778,0,9776598.86484559
Guilford,Greensboro - North Buffalo,135821.0,,2023-05-25,,0,
Guilford,Greensboro - North Buffalo,135821.0,,2023-05-26,,0,
Guilford,Greensboro - North Buffalo,135821.0,,2023-05-27,24847.24532015575,0,9071819.43806494
Guilford,Greensboro - North Buffalo,135821.0,,2023-05-28,,0,
Guilford,Greensboro - North Buffalo,135821.0,,2023-05-29,,0,
Guilford,Greensboro - North Buffalo,135821.0,,2023-05-30,,0,
Guilford,Greensboro - North Buffalo,135821.0,,2023-05-31,9238.073392217659,0,3733311.81315158
Guilford,Greensboro - North Buffalo,135821.0,,2023-06-01,,0,
Guilford,Greensboro - North Buffalo,135821.0,,2023-06-02,,0,
Guilford,Greensboro - North Buffalo,135821.0,,2023-06-03,14069.641075734671,0,4823174.60286301
Guilford,Greensboro - North Buffalo,135821.0,,2023-06-04,,0,
Guilford,Greensboro - North Buffalo,135821.0,,2023-06-05,,0,
Guilford,Greensboro - North Buffalo,135821.0,,2023-06-06,,0,
Guilford,Greensboro - North Buffalo,135821.0,,2023-06-07,12570.871091535371,0,4274349.77098354
Guilford,Greensboro - North Buffalo,135821.0,,2023-06-08,,0,
Guilford,Greensboro - North Buffalo,135821.0,,2023-06-09,,0,
Guilford,Greensboro - North Buffalo,135821.0,,2023-06-10,21928.33783030534,0,7700538.784781109
Guilford,Greensboro - North Buffalo,135821.0,,2023-06-11,,0,
Guilford,Greensboro - North Buffalo,135821.0,,2023-06-12,,0,
Guilford,Greensboro - North Buffalo,135821.0,,2023-06-13,,0,
Guilford,Greensboro - North Buffalo,135821.0,,2023-06-14,15724.808424906183,0,5478229.60105946
Guilford,Greensboro - North Buffalo,135821.0,,2023-06-15,,0,
Guilford,Greensboro - North Buffalo,135821.0,,2023-06-16,,0,
Guilford,Greensboro - North Buffalo,135821.0,,2023-06-17,41192.844038740586,0,14006397.9815774
Guilford,Greensboro - North Buffalo,135821.0,,2023-06-18,,0,
Guilford,Greensboro - North Buffalo,135821.0,,2023-06-19,,0,
Guilford,Greensboro - North Buffalo,135821.0,,2023-06-20,,0,
Guilford,Greensboro - North Buffalo,135821.0,,2023-06-21,8420.1662691422,0,3707853.85797726
Guilford,Greensboro - North Buffalo,135821.0,,2023-06-22,,0,
Guilford,Greensboro - North Buffalo,135821.0,,2023-06-23,,0,
Guilford,Greensboro - North Buffalo,135821.0,,2023-06-24,17163.216481767056,0,8131907.98471059
Guilford,Greensboro - North Buffalo,135821.0,,2023-06-25,,0,
Guilford,Greensboro - North Buffalo,135821.0,,2023-06-26,,0,
Guilford,Greensboro - North Buffalo,135821.0,,2023-06-27,,0,
Guilford,Greensboro - North Buffalo,135821.0,,2023-06-28,12820.00000000001,0,4752088.50177807
Guilford,Greensboro - North Buffalo,135821.0,,2023-06-29,,0,
Guilford,Greensboro - North Buffalo,135821.0,,2023-06-30,,0,
Guilford,Greensboro - North Buffalo,135821.0,,2023-07-01,44524.20914513808,0,15635494.2192655
Guilford,Greensboro - North Buffalo,135821.0,,2023-07-02,,0,
Guilford,Greensboro - North Buffalo,135821.0,,2023-07-03,,0,
Guilford,Greensboro - North Buffalo,135821.0,,2023-07-04,,0,
Guilford,Greensboro - North Buffalo,135821.0,,2023-07-05,,0,
Guilford,Greensboro - North Buffalo,135821.0,,2023-07-06,,0,
Guilford,Greensboro - North Buffalo,135821.0,,2023-07-07,,0,
Guilford,Greensboro - North Buffalo,135821.0,,2023-07-08,39847.308566577056,0,13548888.7767328
Guilford,Greensboro - North Buffalo,135821.0,,2023-07-09,,0,
Guilford,Greensboro - North Buffalo,135821.0,,2023-07-10,,0,
Guilford,Greensboro - North Buffalo,135821.0,,2023-07-11,,0,
Guilford,Greensboro - North Buffalo,135821.0,,2023-07-12,13296.64619368358,0,5373471.74054648
Guilford,Greensboro - North Buffalo,135821.0,,2023-07-13,,0,
Guilford,Greensboro - North Buffalo,135821.0,,2023-07-14,,0,
Guilford,Greensboro - North Buffalo,135821.0,,2023-07-15,9745.0500255258,0,3666592.91972111
Guilford,Greensboro - North Buffalo,135821.0,,2023-07-16,,0,
Guilford,Greensboro - North Buffalo,135821.0,,2023-07-17,,0,
Guilford,Greensboro - North Buffalo,135821.0,,2023-07-18,,0,
Guilford,Greensboro - North Buffalo,135821.0,,2023-07-19,17065.895815924818,0,5897875.88861708
Guilford,Greensboro - North Buffalo,135821.0,,2023-07-20,,0,
Guilford,Greensboro - North Buffalo,135821.0,,2023-07-21,,0,
Guilford,Greensboro - North Buffalo,135821.0,,2023-07-22,22743.895884390637,0,7796771.815945221
Guilford,Greensboro - North Buffalo,135821.0,,2023-07-23,,0,
Guilford,Greensboro - North Buffalo,135821.0,,2023-07-24,,0,
Guilford,Greensboro - North Buffalo,135821.0,,2023-07-25,,0,
Guilford,Greensboro - North Buffalo,135821.0,,2023-07-26,24457.906697017235,0,7770858.29234163
Guilford,Greensboro - North Buffalo,135821.0,,2023-07-27,,0,
Guilford,Greensboro - North Buffalo,135821.0,,2023-07-28,,0,
Guilford,Greensboro - North Buffalo,135821.0,,2023-07-29,35904.35628165475,0,12408339.9719508
Guilford,Greensboro - North Buffalo,135821.0,,2023-07-30,,0,
Guilford,Greensboro - North Buffalo,135821.0,,2023-07-31,,0,
Guilford,Greensboro - North Buffalo,135821.0,,2023-08-01,,0,
Guilford,Greensboro - North Buffalo,135821.0,,2023-08-02,56232.823155164406,0,18806846.8444402
Guilford,Greensboro - North Buffalo,135821.0,,2023-08-03,,0,
Guilford,Greensboro - North Buffalo,135821.0,,2023-08-04,,0,
Guilford,Greensboro - North Buffalo,135821.0,,2023-08-05,92300.98591022754,0,31641444.7721212
Guilford,Greensboro - North Buffalo,135821.0,,2023-08-06,,0,
Guilford,Greensboro - North Buffalo,135821.0,,2023-08-07,,0,
Guilford,Greensboro - North Buffalo,135821.0,,2023-08-08,,0,
Guilford,Greensboro - North Buffalo,135821.0,,2023-08-09,209822.59172929876,0,70174341.7055173
Guilford,Greensboro - North Buffalo,135821.0,,2023-08-10,,0,
Guilford,Greensboro - North Buffalo,135821.0,,2023-08-11,,0,
Guilford,Greensboro - North Buffalo,135821.0,,2023-08-12,38623.78541779665,0,14209330.6677977
Guilford,Greensboro - North Buffalo,135821.0,,2023-08-13,,0,
Guilford,Greensboro - North Buffalo,135821.0,,2023-08-14,,0,
Guilford,Greensboro - North Buffalo,135821.0,,2023-08-15,,0,
Guilford,Greensboro - North Buffalo,135821.0,,2023-08-16,194971.73128430682,0,67924510.1644457
Guilford,Greensboro - North Buffalo,135821.0,,2023-08-17,,0,
Guilford,Greensboro - North Buffalo,135821.0,,2023-08-18,,0,
Guilford,Greensboro - North Buffalo,135821.0,,2023-08-19,106308.57726448981,0,36147060.8977949
Guilford,Greensboro - North Buffalo,135821.0,,2023-08-20,,0,
Guilford,Greensboro - North Buffalo,135821.0,,2023-08-21,,0,
Guilford,Greensboro - North Buffalo,135821.0,,2023-08-22,,0,
Guilford,Greensboro - North Buffalo,135821.0,,2023-08-23,59838.074835342115,0,20512924.3366265
Guilford,Greensboro - North Buffalo,135821.0,,2023-08-24,,0,
Guilford,Greensboro - North Buffalo,135821.0,,2023-08-25,,0,
Guilford,Greensboro - North Buffalo,135821.0,,2023-08-26,419714.90323790023,0,168446401.100869
Guilford,Greensboro - North Buffalo,135821.0,,2023-08-27,,0,
Guilford,Greensboro - North Buffalo,135821.0,,2023-08-28,,0,
Guilford,Greensboro - North Buffalo,135821.0,,2023-08-29,,0,
Guilford,Greensboro - North Buffalo,135821.0,,2023-08-30,148350.5915053931,0,55403721.1457174
Guilford,Greensboro - North Buffalo,135821.0,,2023-08-31,,0,
Guilford,Greensboro - North Buffalo,135821.0,,2023-09-01,,0,
Guilford,Greensboro - North Buffalo,135821.0,,2023-09-02,151359.84408025804,0,55262028.3648071
Guilford,Greensboro - North Buffalo,135821.0,,2023-09-03,,0,
Guilford,Greensboro - North Buffalo,135821.0,,2023-09-04,,0,
Guilford,Greensboro - North Buffalo,135821.0,,2023-09-05,,0,
Guilford,Greensboro - North Buffalo,135821.0,,2023-09-06,113029.80137999,0,38117392.91229
Guilford,Greensboro - North Buffalo,135821.0,,2023-09-07,,0,
Guilford,Greensboro - North Buffalo,135821.0,,2023-09-08,,0,
Guilford,Greensboro - North Buffalo,135821.0,,2023-09-09,70250.03345194933,0,23690638.1723813
Guilford,Greensboro - North Buffalo,135821.0,,2023-09-10,,0,
Guilford,Greensboro - North Buffalo,135821.0,,2023-09-11,,0,
Guilford,Greensboro - North Buffalo,135821.0,,2023-09-12,,0,
Guilford,Greensboro - North Buffalo,135821.0,,2023-09-13,49077.02924994551,0,17507860.9897668
Guilford,Greensboro - North Buffalo,135821.0,,2023-09-14,,0,
Guilford,Greensboro - North Buffalo,135821.0,,2023-09-15,,0,
Guilford,Greensboro - North Buffalo,135821.0,,2023-09-16,129363.98262267587,0,50836699.1809828
Guilford,Greensboro - North Buffalo,135821.0,,2023-09-17,,0,
Guilford,Greensboro - North Buffalo,135821.0,,2023-09-18,,0,
Guilford,Greensboro - North Buffalo,135821.0,,2023-09-19,,0,
Guilford,Greensboro - North Buffalo,135821.0,,2023-09-20,97434.29786271363,0,34487398.4681666
Guilford,Greensboro - North Buffalo,135821.0,,2023-09-21,,0,
Guilford,Greensboro - North Buffalo,135821.0,,2023-09-22,,0,
Guilford,Greensboro - North Buffalo,135821.0,,2023-09-23,47917.60428068171,0,16827147.2782232
Guilford,Greensboro - North Buffalo,135821.0,,2023-09-24,,0,
Guilford,Greensboro - North Buffalo,135821.0,,2023-09-25,,0,
Guilford,Greensboro - North Buffalo,135821.0,,2023-09-26,,0,
Guilford,Greensboro - North Buffalo,135821.0,,2023-09-27,52804.84826225718,0,19132071.947308
Guilford,Greensboro - North Buffalo,135821.0,,2023-09-28,,0,
Guilford,Greensboro - North Buffalo,135821.0,,2023-09-29,,0,
Guilford,Greensboro - North Buffalo,135821.0,,2023-09-30,25780.768025797843,0,8981538.13519773
Guilford,Greensboro - North Buffalo,135821.0,,2023-10-01,,0,
Guilford,Greensboro - North Buffalo,135821.0,,2023-10-02,,0,
Guilford,Greensboro - North Buffalo,135821.0,,2023-10-03,,0,
Guilford,Greensboro - North Buffalo,135821.0,,2023-10-04,38014.376227948305,0,13137550.7851408
Guilford,Greensboro - North Buffalo,135821.0,,2023-10-05,,0,
Guilford,Greensboro - North Buffalo,135821.0,,2023-10-06,,0,
Guilford,Greensboro - North Buffalo,135821.0,,2023-10-07,21003.99961912016,0,7200322.80682718
Guilford,Greensboro - North Buffalo,135821.0,,2023-10-08,,0,
Guilford,Greensboro - North Buffalo,135821.0,,2023-10-09,,0,
Guilford,Greensboro - North Buffalo,135821.0,,2023-10-10,,0,
Guilford,Greensboro - North Buffalo,135821.0,,2023-10-11,22404.81476719281,0,7430758.94931421
Guilford,Greensboro - North Buffalo,135821.0,,2023-10-12,,0,
Guilford,Greensboro - North Buffalo,135821.0,,2023-10-13,,0,
Guilford,Greensboro - North Buffalo,135821.0,,2023-10-14,29236.586668077376,0,10022513.1211821
Guilford,Greensboro - North Buffalo,135821.0,,2023-10-15,,0,
Guilford,Greensboro - North Buffalo,135821.0,,2023-10-16,,0,
Guilford,Greensboro - North Buffalo,135821.0,,2023-10-17,,0,
Guilford,Greensboro - North Buffalo,135821.0,,2023-10-18,33137.73636421697,0,10990429.2272473
Guilford,Greensboro - North Buffalo,135821.0,,2023-10-19,,0,
Guilford,Greensboro - North Buffalo,135821.0,,2023-10-20,,0,
Guilford,Greensboro - North Buffalo,135821.0,,2023-10-21,62041.71177522428,0,20922520.2186892
Guilford,Greensboro - North Buffalo,135821.0,,2023-10-22,,0,
Guilford,Greensboro - North Buffalo,135821.0,,2023-10-23,,0,
Guilford,Greensboro - North Buffalo,135821.0,,2023-10-24,,0,
Guilford,Greensboro - North Buffalo,135821.0,,2023-10-25,107375.24342325851,0,35911228.4363451
Guilford,Greensboro - North Buffalo,135821.0,,2023-10-26,,0,
Guilford,Greensboro - North Buffalo,135821.0,,2023-10-27,,0,
Guilford,Greensboro - North Buffalo,135821.0,,2023-10-28,52392.44983773902,0,17668469.4807938
Guilford,Greensboro - North Buffalo,135821.0,,2023-10-29,,0,
Guilford,Greensboro - North Buffalo,135821.0,,2023-10-30,,0,
Guilford,Greensboro - North Buffalo,135821.0,,2023-10-31,,0,
Guilford,Greensboro - North Buffalo,135821.0,,2023-11-01,44856.24992701823,0,15377046.5261405
Guilford,Greensboro - North Buffalo,135821.0,,2023-11-02,,0,
Guilford,Greensboro - North Buffalo,135821.0,,2023-11-03,,0,
Guilford,Greensboro - North Buffalo,135821.0,,2023-11-04,173023.3799230614,0,58349214.764765
Guilford,Greensboro - North Buffalo,135821.0,,2023-11-05,,0,
Guilford,Greensboro - North Buffalo,135821.0,,2023-11-06,,0,
Guilford,Greensboro - North Buffalo,135821.0,,2023-11-07,,0,
Guilford,Greensboro - North Buffalo,135821.0,,2023-11-08,78762.64179868439,0,27000402.606786095
Guilford,Greensboro - North Buffalo,135821.0,,2023-11-09,,0,
Guilford,Greensboro - North Buffalo,135821.0,,2023-11-10,,0,
Guilford,Greensboro - North Buffalo,135821.0,,2023-11-11,,0,
Guilford,Greensboro - North Buffalo,135821.0,,2023-11-12,,0,
Guilford,Greensboro - North Buffalo,135821.0,,2023-11-13,,0,
Guilford,Greensboro - North Buffalo,135821.0,,2023-11-14,,0,
Guilford,Greensboro - North Buffalo,135821.0,,2023-11-15,31967.780820847427,0,10869690.3846582
Guilford,Greensboro - North Buffalo,135821.0,,2023-11-16,,0,
Guilford,Greensboro - North Buffalo,135821.0,,2023-11-17,,0,
Guilford,Greensboro - North Buffalo,135821.0,,2023-11-18,64787.48027204025,0,21667918.3179432
Guilford,Greensboro - North Buffalo,135821.0,,2023-11-19,,0,
Guilford,Greensboro - North Buffalo,135821.0,,2023-11-20,,0,
Guilford,Greensboro - North Buffalo,135821.0,,2023-11-21,,0,
Guilford,Greensboro - North Buffalo,135821.0,,2023-11-22,84306.39937021633,0,28900842.7515996
Guilford,Greensboro - North Buffalo,135821.0,,2023-11-23,,0,
Guilford,Greensboro - North Buffalo,135821.0,,2023-11-24,,0,
Guilford,Greensboro - North Buffalo,135821.0,,2023-11-25,,0,
Guilford,Greensboro - North Buffalo,135821.0,,2023-11-26,,0,
Guilford,Greensboro - North Buffalo,135821.0,,2023-11-27,,0,
Guilford,Greensboro - North Buffalo,135821.0,,2023-11-28,,0,
Guilford,Greensboro - North Buffalo,135821.0,,2023-11-29,0.0,0,3236735.83193818
Guilford,Greensboro - North Buffalo,135821.0,,2023-11-30,,0,
Guilford,Greensboro - North Buffalo,135821.0,,2023-12-01,,0,
Guilford,Greensboro - North Buffalo,135821.0,,2023-12-02,101667.33988848132,0,34568946.5594352
Guilford,Greensboro - North Buffalo,135821.0,,2023-12-03,,0,
Guilford,Greensboro - North Buffalo,135821.0,,2023-12-04,,0,
Guilford,Greensboro - North Buffalo,135821.0,,2023-12-05,,0,
Guilford,Greensboro - North Buffalo,135821.0,,2023-12-06,45065.312390984036,0,15197516.0369195
Guilford,Greensboro - North Buffalo,135821.0,,2023-12-07,,0,
Guilford,Greensboro - North Buffalo,135821.0,,2023-12-08,,0,
Guilford,Greensboro - North Buffalo,135821.0,,2023-12-09,76008.0101041989,0,25844256.7914454
Guilford,Greensboro - North Buffalo,135821.0,,2023-12-10,,0,
Guilford,Greensboro - North Buffalo,135821.0,,2023-12-11,,0,
Guilford,Greensboro - North Buffalo,135821.0,,2023-12-12,,0,
Guilford,Greensboro - North Buffalo,135821.0,,2023-12-13,33869.052567045044,0,16896662.6472528
Guilford,Greensboro - North Buffalo,135821.0,,2023-12-14,,0,
Guilford,Greensboro - North Buffalo,135821.0,,2023-12-15,,0,
Guilford,Greensboro - North Buffalo,135821.0,,2023-12-16,125929.25156610776,0,44222370.7664288
Guilford,Greensboro - North Buffalo,135821.0,,2023-12-17,,0,
Guilford,Greensboro - North Buffalo,135821.0,,2023-12-18,,0,
Guilford,Greensboro - North Buffalo,135821.0,,2023-12-19,,0,
Guilford,Greensboro - North Buffalo,135821.0,,2023-12-20,33288.54951138367,0,16421506.3441657
Guilford,Greensboro - North Buffalo,135821.0,,2023-12-21,,0,
Guilford,Greensboro - North Buffalo,135821.0,,2023-12-22,,0,
Guilford,Greensboro - North Buffalo,135821.0,,2023-12-23,238866.05130055244,0,84547935.0949595
Guilford,Greensboro - North Buffalo,135821.0,,2023-12-24,,0,
Guilford,Greensboro - North Buffalo,135821.0,,2023-12-25,,0,
Guilford,Greensboro - North Buffalo,135821.0,,2023-12-26,,0,
Guilford,Greensboro - North Buffalo,135821.0,,2023-12-27,,0,
Guilford,Greensboro - North Buffalo,135821.0,,2023-12-28,,0,
Guilford,Greensboro - North Buffalo,135821.0,,2023-12-29,,0,
Guilford,Greensboro - North Buffalo,135821.0,,2023-12-30,318056.59873676597,0,145376133.007957
Guilford,Greensboro - North Buffalo,135821.0,,2023-12-31,,0,
Guilford,Greensboro - North Buffalo,135821.0,,2024-01-01,,0,
Guilford,Greensboro - North Buffalo,135821.0,,2024-01-02,,0,
Guilford,Greensboro - North Buffalo,135821.0,,2024-01-03,168909.16807529455,0,57903283.0522253
Guilford,Greensboro - North Buffalo,135821.0,,2024-01-04,,0,
Guilford,Greensboro - North Buffalo,135821.0,,2024-01-05,,0,
Guilford,Greensboro - North Buffalo,135821.0,,2024-01-06,234907.30086568193,0,81837316.826646
Guilford,Greensboro - North Buffalo,135821.0,,2024-01-07,,0,
Guilford,Greensboro - North Buffalo,135821.0,,2024-01-08,,0,
Guilford,Greensboro - North Buffalo,135821.0,,2024-01-09,,0,
Guilford,Greensboro - North Buffalo,135821.0,,2024-01-10,301410.6961998856,0,119286654.504161
Guilford,Greensboro - North Buffalo,135821.0,,2024-01-11,,0,
Guilford,Greensboro - North Buffalo,135821.0,,2024-01-12,,0,
Guilford,Greensboro - North Buffalo,135821.0,,2024-01-13,93510.11068328403,0,45868664.2305449
Guilford,Greensboro - North Buffalo,135821.0,,2024-01-14,,0,
Guilford,Greensboro - North Buffalo,135821.0,,2024-01-15,,0,
Guilford,Greensboro - North Buffalo,135821.0,,2024-01-16,,0,
Guilford,Greensboro - North Buffalo,135821.0,,2024-01-17,165391.25143320102,0,67760206.7034994
Guilford,Greensboro - North Buffalo,135821.0,,2024-01-18,,0,
Guilford,Greensboro - North Buffalo,135821.0,,2024-01-19,,0,
Guilford,Greensboro - North Buffalo,135821.0,,2024-01-20,292329.95056955755,0,121396016.402481
Guilford,Greensboro - North Buffalo,135821.0,,2024-01-21,,0,
Guilford,Greensboro - North Buffalo,135821.0,,2024-01-22,,0,
Guilford,Greensboro - North Buffalo,135821.0,,2024-01-23,,0,
Guilford,Greensboro - North Buffalo,135821.0,,2024-01-24,187690.54016723583,0,73757527.6839491
Guilford,Greensboro - North Buffalo,135821.0,,2024-01-25,,0,
Guilford,Greensboro - North Buffalo,135821.0,,2024-01-26,,0,
Guilford,Greensboro - North Buffalo,135821.0,,2024-01-27,136336.6216392353,0,75615435.6565472
Guilford,Greensboro - North Buffalo,135821.0,,2024-01-28,,0,
Guilford,Greensboro - North Buffalo,135821.0,,2024-01-29,,0,
Guilford,Greensboro - North Buffalo,135821.0,,2024-01-30,,0,
Guilford,Greensboro - North Buffalo,135821.0,,2024-01-31,86556.80964343928,0,42699162.911992
Guilford,Greensboro - North Buffalo,135821.0,,2024-02-01,,0,
Guilford,Greensboro - North Buffalo,135821.0,,2024-02-02,,0,
Guilford,Greensboro - North Buffalo,135821.0,,2024-02-03,,0,
Guilford,Greensboro - North Buffalo,135821.0,,2024-02-04,,0,
Guilford,Greensboro - North Buffalo,135821.0,,2024-02-05,,0,
Guilford,Greensboro - North Buffalo,135821.0,,2024-02-06,,0,
Guilford,Greensboro - North Buffalo,135821.0,,2024-02-07,117836.56114117404,0,46306720.6946464
Guilford,Greensboro - North Buffalo,135821.0,,2024-02-08,,0,
Guilford,Greensboro - North Buffalo,135821.0,,2024-02-09,,0,
Guilford,Greensboro - North Buffalo,135821.0,,2024-02-10,185703.46254176326,0,70388832.8361302
Guilford,Greensboro - North Buffalo,135821.0,,2024-02-11,,0,
Guilford,Greensboro - North Buffalo,135821.0,,2024-02-12,,0,
Guilford,Greensboro - North Buffalo,135821.0,,2024-02-13,,0,
Guilford,Greensboro - North Buffalo,135821.0,,2024-02-14,111307.75946079762,0,54598783.0369905
Guilford,Greensboro - North Buffalo,135821.0,,2024-02-15,,0,
Guilford,Greensboro - North Buffalo,135821.0,,2024-02-16,,0,
Guilford,Greensboro - North Buffalo,135821.0,,2024-02-17,90631.99435078111,0,37889393.1809638
Guilford,Greensboro - North Buffalo,135821.0,,2024-02-18,,0,
Guilford,Greensboro - North Buffalo,135821.0,,2024-02-19,,0,
Guilford,Greensboro - North Buffalo,135821.0,,2024-02-20,,0,
Guilford,Greensboro - North Buffalo,135821.0,,2024-02-21,182899.78459376574,0,72384635.6111179
Guilford,Greensboro - North Buffalo,135821.0,,2024-02-22,,0,
Guilford,Greensboro - North Buffalo,135821.0,,2024-02-23,,0,
Guilford,Greensboro - North Buffalo,135821.0,,2024-02-24,138128.87895005895,0,53511132.3834162
Guilford,Greensboro - North Buffalo,135821.0,,2024-02-25,,0,
Guilford,Greensboro - North Buffalo,135821.0,,2024-02-26,,0,
Guilford,Greensboro - North Buffalo,135821.0,,2024-02-27,,0,
Guilford,Greensboro - North Buffalo,135821.0,,2024-02-28,22579.853688362957,0,8055192.94030153
Guilford,Greensboro - North Buffalo,135821.0,,2024-02-29,,0,
Guilford,Greensboro - North Buffalo,135821.0,,2024-03-01,,0,
Guilford,Greensboro - North Buffalo,135821.0,,2024-03-02,126113.67570569023,0,48856442.2396156
Guilford,Greensboro - North Buffalo,135821.0,,2024-03-03,,0,
Guilford,Greensboro - North Buffalo,135821.0,,2024-03-04,,0,
Guilford,Greensboro - North Buffalo,135821.0,,2024-03-05,,0,
Guilford,Greensboro - North Buffalo,135821.0,,2024-03-06,32023.773875886967,0,13566285.5020408
Guilford,Greensboro - North Buffalo,135821.0,,2024-03-07,,0,
Guilford,Greensboro - North Buffalo,135821.0,,2024-03-08,,0,
Guilford,Greensboro - North Buffalo,135821.0,,2024-03-09,63487.749999507825,0,25479874.359732
Guilford,Greensboro - North Buffalo,135821.0,,2024-03-10,,0,
Guilford,Greensboro - North Buffalo,135821.0,,2024-03-11,,0,
Guilford,Greensboro - North Buffalo,135821.0,,2024-03-12,,0,
Guilford,Greensboro - North Buffalo,135821.0,,2024-03-13,15760.57216407423,0,7686964.62787796
Guilford,Greensboro - North Buffalo,135821.0,,2024-03-14,,0,
Guilford,Greensboro - North Buffalo,135821.0,,2024-03-15,,0,
Guilford,Greensboro - North Buffalo,135821.0,,2024-03-16,102586.89195019023,0,41457654.5705718
Guilford,Greensboro - North Buffalo,135821.0,,2024-03-17,,0,
Guilford,Greensboro - North Buffalo,135821.0,,2024-03-18,,0,
Guilford,Greensboro - North Buffalo,135821.0,,2024-03-19,,0,
Guilford,Greensboro - North Buffalo,135821.0,,2024-03-20,26356.239930995718,0,10357320.590708
Guilford,Greensboro - North Buffalo,135821.0,,2024-03-21,,0,
Guilford,Greensboro - North Buffalo,135821.0,,2024-03-22,,0,
Guilford,Greensboro - North Buffalo,135821.0,,2024-03-23,34509.84786984724,0,12792032.0795953
Guilford,Greensboro - North Buffalo,135821.0,,2024-03-24,,0,
Guilford,Greensboro - North Buffalo,135821.0,,2024-03-25,,0,
Guilford,Greensboro - North Buffalo,135821.0,,2024-03-26,,0,
Guilford,Greensboro - North Buffalo,135821.0,,2024-03-27,28823.034902276944,0,11085713.4405083
Guilford,Greensboro - North Buffalo,135821.0,,2024-03-28,,0,
Guilford,Greensboro - North Buffalo,135821.0,,2024-03-29,,0,
Guilford,Greensboro - North Buffalo,135821.0,,2024-03-30,,0,
Guilford,Greensboro - North Buffalo,135821.0,,2024-03-31,,0,
Guilford,Greensboro - North Buffalo,135821.0,,2024-04-01,,0,
Guilford,Greensboro - North Buffalo,135821.0,,2024-04-02,,0,
Guilford,Greensboro - North Buffalo,135821.0,,2024-04-03,63134.24839469295,0,25513960.036831
Guilford,Greensboro - North Buffalo,135821.0,,2024-04-04,,0,
Guilford,Greensboro - North Buffalo,135821.0,,2024-04-05,,0,
Guilford,Greensboro - North Buffalo,135821.0,,2024-04-06,41875.21462631563,0,16222459.5644688
Guilford,Greensboro - North Buffalo,135821.0,,2024-04-07,,0,
Guilford,Greensboro - North Buffalo,135821.0,,2024-04-08,,0,
Guilford,Greensboro - North Buffalo,135821.0,,2024-04-09,,0,
Guilford,Greensboro - North Buffalo,135821.0,,2024-04-10,27149.585504638857,0,10215081.2693545
Guilford,Greensboro - North Buffalo,135821.0,,2024-04-11,,0,
Guilford,Greensboro - North Buffalo,135821.0,,2024-04-12,,0,
Guilford,Greensboro - North Buffalo,135821.0,,2024-04-13,16343.022976181595,0,6559031.81471307
Guilford,Greensboro - North Buffalo,135821.0,,2024-04-14,,0,
Guilford,Greensboro - North Buffalo,135821.0,,2024-04-15,,0,
Guilford,Greensboro - North Buffalo,135821.0,,2024-04-16,,0,
Guilford,Greensboro - North Buffalo,135821.0,,2024-04-17,76075.90818689538,0,28835727.1907081
Guilford,Greensboro - North Buffalo,135821.0,,2024-04-18,,0,
Guilford,Greensboro - North Buffalo,135821.0,,2024-04-19,,0,
Guilford,Greensboro - North Buffalo,135821.0,,2024-04-20,10956.760724208325,0,4087014.0528728906
Guilford,Greensboro - North Buffalo,135821.0,,2024-04-21,,0,
Guilford,Greensboro - North Buffalo,135821.0,,2024-04-22,,0,
Guilford,Greensboro - North Buffalo,135821.0,,2024-04-23,,0,
Guilford,Greensboro - North Buffalo,135821.0,,2024-04-24,16304.817763615501,0,6089275.19290851
Guilford,Greensboro - North Buffalo,135821.0,,2024-04-25,,0,
Guilford,Greensboro - North Buffalo,135821.0,,2024-04-26,,0,
Guilford,Greensboro - North Buffalo,135821.0,,2024-04-27,15976.232346833218,0,5966560.11223899
Guilford,Greensboro - North Buffalo,135821.0,,2024-04-28,,0,
Guilford,Greensboro - North Buffalo,135821.0,,2024-04-29,,0,
Guilford,Greensboro - North Buffalo,135821.0,,2024-04-30,,0,
Guilford,Greensboro - North Buffalo,135821.0,,2024-05-01,8815.194486018994,0,3316733.06999344
Guilford,Greensboro - North Buffalo,135821.0,,2024-05-02,,0,
Guilford,Greensboro - North Buffalo,135821.0,,2024-05-03,,0,
Guilford,Greensboro - North Buffalo,135821.0,,2024-05-04,17690.313733792304,0,6360190.14395324
Guilford,Greensboro - North Buffalo,135821.0,,2024-05-05,,0,
Guilford,Greensboro - North Buffalo,135821.0,,2024-05-06,,0,
Guilford,Greensboro - North Buffalo,135821.0,,2024-05-07,,0,
Guilford,Greensboro - North Buffalo,135821.0,,2024-05-08,0.0,0,1441199.60504691
Guilford,Greensboro - North Buffalo,135821.0,,2024-05-09,,0,
Guilford,Greensboro - North Buffalo,135821.0,,2024-05-10,,0,
Guilford,Greensboro - North Buffalo,135821.0,,2024-05-11,4879.098277345935,0,1998949.18827176
Guilford,Greensboro - North Buffalo,135821.0,,2024-05-12,,0,
Guilford,Greensboro - North Buffalo,135821.0,,2024-05-13,,0,
Guilford,Greensboro - North Buffalo,135821.0,,2024-05-14,,0,
Guilford,Greensboro - North Buffalo,135821.0,,2024-05-15,0.0,0,1345946.35166117
Guilford,Highpoint,116390.0,1.72,2022-10-07,132285.25767951316,0,53005174.0669709
Guilford,Highpoint,116390.0,1.6300000000000001,2022-10-08,,0,
Guilford,Highpoint,116390.0,0.43,2022-10-09,,0,
Guilford,Highpoint,116390.0,0.9500000000000001,2022-10-10,,0,
Guilford,Highpoint,116390.0,1.6300000000000001,2022-10-11,,0,
Guilford,Highpoint,116390.0,1.55,2022-10-12,73305.0152655602,0,27870471.0709792
Guilford,Highpoint,116390.0,1.37,2022-10-13,,0,
Guilford,Highpoint,116390.0,1.6300000000000001,2022-10-14,50195.82512520341,0,19835355.3450612
Guilford,Highpoint,116390.0,1.89,2022-10-15,,0,
Guilford,Highpoint,116390.0,0.77,2022-10-16,,0,
Guilford,Highpoint,116390.0,0.86,2022-10-17,,0,
Guilford,Highpoint,116390.0,1.55,2022-10-18,,0,
Guilford,Highpoint,116390.0,1.1199999999999999,2022-10-19,14400.000000000002,0,6996956.90695076
Guilford,Highpoint,116390.0,0.9500000000000001,2022-10-20,,0,
Guilford,Highpoint,116390.0,1.29,2022-10-21,56210.32909378133,0,22010946.818534695
Guilford,Highpoint,116390.0,1.2000000000000002,2022-10-22,,0,
Guilford,Highpoint,116390.0,0.9500000000000001,2022-10-23,,0,
Guilford,Highpoint,116390.0,0.52,2022-10-24,,0,
Guilford,Highpoint,116390.0,1.29,2022-10-25,,0,
Guilford,Highpoint,116390.0,1.46,2022-10-26,41670.83153836026,0,16669915.0973047
Guilford,Highpoint,116390.0,1.1199999999999999,2022-10-27,,0,
Guilford,Highpoint,116390.0,1.1199999999999999,2022-10-28,66235.06926092866,0,38581551.6834737
Guilford,Highpoint,116390.0,0.86,2022-10-29,,0,
Guilford,Highpoint,116390.0,0.86,2022-10-30,,0,
Guilford,Highpoint,116390.0,0.17,2022-10-31,,0,
Guilford,Highpoint,116390.0,1.46,2022-11-01,,0,
Guilford,Highpoint,116390.0,1.89,2022-11-02,54975.49999772625,0,21223451.6607684
Guilford,Highpoint,116390.0,1.9800000000000002,2022-11-03,,0,
Guilford,Highpoint,116390.0,2.06,2022-11-04,89841.51378956174,0,37371774.1039977
Guilford,Highpoint,116390.0,0.43,2022-11-05,,0,
Guilford,Highpoint,116390.0,0.77,2022-11-06,,0,
Guilford,Highpoint,116390.0,0.6000000000000001,2022-11-07,,0,
Guilford,Highpoint,116390.0,1.72,2022-11-08,,0,
Guilford,Highpoint,116390.0,1.55,2022-11-09,66610.09533096307,0,26278281.807049505
Guilford,Highpoint,116390.0,1.55,2022-11-10,,0,
Guilford,Highpoint,116390.0,0.77,2022-11-11,48396.313909222474,0,18825198.9328702
Guilford,Highpoint,116390.0,1.2000000000000002,2022-11-12,,0,
Guilford,Highpoint,116390.0,0.6000000000000001,2022-11-13,,0,
Guilford,Highpoint,116390.0,0.86,2022-11-14,,0,
Guilford,Highpoint,116390.0,1.89,2022-11-15,,0,
Guilford,Highpoint,116390.0,0.9500000000000001,2022-11-16,86057.51565087165,0,29864093.2870273
Guilford,Highpoint,116390.0,0.86,2022-11-17,,0,
Guilford,Highpoint,116390.0,0.77,2022-11-18,33795.71570480497,0,14069145.7043629
Guilford,Highpoint,116390.0,1.1199999999999999,2022-11-19,,0,
Guilford,Highpoint,116390.0,0.77,2022-11-20,,0,
Guilford,Highpoint,116390.0,0.6000000000000001,2022-11-21,,0,
Guilford,Highpoint,116390.0,2.06,2022-11-22,,0,
Guilford,Highpoint,116390.0,1.55,2022-11-23,87071.22142246534,0,34038876.2514189
Guilford,Highpoint,116390.0,1.89,2022-11-24,,0,
Guilford,Highpoint,116390.0,0.17,2022-11-25,52253.16832499253,0,19679646.707712
Guilford,Highpoint,116390.0,1.37,2022-11-26,,0,
Guilford,Highpoint,116390.0,0.77,2022-11-27,,0,
Guilford,Highpoint,116390.0,1.2000000000000002,2022-11-28,,0,
Guilford,Highpoint,116390.0,2.41,2022-11-29,,0,
Guilford,Highpoint,116390.0,2.66,2022-11-30,73866.63658242467,0,34065962.570401
Guilford,Highpoint,116390.0,2.32,2022-12-01,,0,
Guilford,Highpoint,116390.0,1.8,2022-12-02,54867.2033185582,0,23590676.1514234
Guilford,Highpoint,116390.0,1.6300000000000001,2022-12-03,,0,
Guilford,Highpoint,116390.0,1.37,2022-12-04,,0,
Guilford,Highpoint,116390.0,1.29,2022-12-05,,0,
Guilford,Highpoint,116390.0,2.32,2022-12-06,,0,
Guilford,Highpoint,116390.0,1.6300000000000001,2022-12-07,117186.70231728525,0,46917244.2970812
Guilford,Highpoint,116390.0,2.58,2022-12-08,,0,
Guilford,Highpoint,116390.0,3.35,2022-12-09,135191.22900543516,0,72636459.7400027
Guilford,Highpoint,116390.0,1.9800000000000002,2022-12-10,,0,
Guilford,Highpoint,116390.0,1.55,2022-12-11,,0,
Guilford,Highpoint,116390.0,1.55,2022-12-12,,0,
Guilford,Highpoint,116390.0,4.38,2022-12-13,,0,
Guilford,Highpoint,116390.0,1.89,2022-12-14,112514.31908872764,0,47132423.239133
Guilford,Highpoint,116390.0,3.5200000000000005,2022-12-15,,0,
Guilford,Highpoint,116390.0,2.06,2022-12-16,293159.6152269268,0,122709673.204465
Guilford,Highpoint,116390.0,4.3,2022-12-17,,0,
Guilford,Highpoint,116390.0,2.32,2022-12-18,,0,
Guilford,Highpoint,116390.0,2.75,2022-12-19,,0,
Guilford,Highpoint,116390.0,4.8100000000000005,2022-12-20,,0,
Guilford,Highpoint,116390.0,5.24,2022-12-21,255236.36104599197,0,103183387.690664
Guilford,Highpoint,116390.0,4.3,2022-12-22,,0,
Guilford,Highpoint,116390.0,3.35,2022-12-23,430568.6008059575,0,200250912.065637
Guilford,Highpoint,116390.0,3.78,2022-12-24,,0,
Guilford,Highpoint,116390.0,2.58,2022-12-25,,0,
Guilford,Highpoint,116390.0,0.77,2022-12-26,,0,
Guilford,Highpoint,116390.0,3.0100000000000002,2022-12-27,,0,
Guilford,Highpoint,116390.0,2.75,2022-12-28,349852.08302938537,0,153835747.189143
Guilford,Highpoint,116390.0,3.69,2022-12-29,,0,
Guilford,Highpoint,116390.0,3.0100000000000002,2022-12-30,351575.994629895,0,163283962.510767
Guilford,Highpoint,116390.0,2.58,2022-12-31,,0,
Guilford,Highpoint,116390.0,1.46,2023-01-01,,0,
Guilford,Highpoint,116390.0,1.1199999999999999,2023-01-02,,0,
Guilford,Highpoint,116390.0,2.84,2023-01-03,,0,
Guilford,Highpoint,116390.0,3.2600000000000002,2023-01-04,246872.29897256565,0,106305676.630528
Guilford,Highpoint,116390.0,2.58,2023-01-05,,0,
Guilford,Highpoint,116390.0,2.66,2023-01-06,168034.74640680724,0,123291830.288944
Guilford,Highpoint,116390.0,1.89,2023-01-07,,0,
Guilford,Highpoint,116390.0,1.46,2023-01-08,,0,
Guilford,Highpoint,116390.0,1.1199999999999999,2023-01-09,,0,
Guilford,Highpoint,116390.0,1.29,2023-01-10,,0,
Guilford,Highpoint,116390.0,2.41,2023-01-11,214312.10885062002,0,98906586.790997
Guilford,Highpoint,116390.0,1.55,2023-01-12,,0,
Guilford,Highpoint,116390.0,1.9800000000000002,2023-01-13,139163.4089838274,0,67031081.5664652
Guilford,Highpoint,116390.0,1.9800000000000002,2023-01-14,,0,
Guilford,Highpoint,116390.0,0.52,2023-01-15,,0,
Guilford,Highpoint,116390.0,1.2000000000000002,2023-01-16,,0,
Guilford,Highpoint,116390.0,1.1199999999999999,2023-01-17,,0,
Guilford,Highpoint,116390.0,2.06,2023-01-18,216026.33172833375,0,95271387.5096428
Guilford,Highpoint,116390.0,2.49,2023-01-19,,0,
Guilford,Highpoint,116390.0,1.37,2023-01-20,118419.60986255623,0,60467134.4739874
Guilford,Highpoint,116390.0,1.8,2023-01-21,,0,
Guilford,Highpoint,116390.0,1.03,2023-01-22,,0,
Guilford,Highpoint,116390.0,0.6900000000000001,2023-01-23,,0,
Guilford,Highpoint,116390.0,1.1199999999999999,2023-01-24,,0,
Guilford,Highpoint,116390.0,1.72,2023-01-25,100846.67371807576,0,46869456.407891
Guilford,Highpoint,116390.0,1.2000000000000002,2023-01-26,,0,
Guilford,Highpoint,116390.0,3.09,2023-01-27,112305.38900693948,0,80465775.8795214
Guilford,Highpoint,116390.0,0.77,2023-01-28,,0,
Guilford,Highpoint,116390.0,0.86,2023-01-29,,0,
Guilford,Highpoint,116390.0,0.86,2023-01-30,,0,
Guilford,Highpoint,116390.0,1.37,2023-01-31,,0,
Guilford,Highpoint,116390.0,1.55,2023-02-01,121778.21480051352,0,61746426.4509701
Guilford,Highpoint,116390.0,1.89,2023-02-02,,0,
Guilford,Highpoint,116390.0,1.37,2023-02-03,106316.21889439072,0,56257857.0503995
Guilford,Highpoint,116390.0,1.2000000000000002,2023-02-04,,0,
Guilford,Highpoint,116390.0,1.2000000000000002,2023-02-05,,0,
Guilford,Highpoint,116390.0,0.6000000000000001,2023-02-06,,0,
Guilford,Highpoint,116390.0,1.2000000000000002,2023-02-07,,0,
Guilford,Highpoint,116390.0,1.03,2023-02-08,113352.60914509196,0,54525016.3834462
Guilford,Highpoint,116390.0,0.86,2023-02-09,,0,
Guilford,Highpoint,116390.0,0.77,2023-02-10,143794.07220049103,0,74312349.04737492
Guilford,Highpoint,116390.0,1.1199999999999999,2023-02-11,,0,
Guilford,Highpoint,116390.0,1.03,2023-02-12,,0,
Guilford,Highpoint,116390.0,1.29,2023-02-13,,0,
Guilford,Highpoint,116390.0,1.89,2023-02-14,,0,
Guilford,Highpoint,116390.0,1.29,2023-02-15,66064.27779064872,0,53952244.1584707
Guilford,Highpoint,116390.0,1.2000000000000002,2023-02-16,,0,
Guilford,Highpoint,116390.0,0.77,2023-02-17,69591.5742026289,0,35512047.5714429
Guilford,Highpoint,116390.0,1.2000000000000002,2023-02-18,,0,
Guilford,Highpoint,116390.0,0.6000000000000001,2023-02-19,,0,
Guilford,Highpoint,116390.0,0.43,2023-02-20,,0,
Guilford,Highpoint,116390.0,0.86,2023-02-21,,0,
Guilford,Highpoint,116390.0,1.03,2023-02-22,106416.89715454033,0,56553404.3944232
Guilford,Highpoint,116390.0,1.03,2023-02-23,,0,
Guilford,Highpoint,116390.0,0.86,2023-02-24,111263.77847260096,0,51964212.9474477
Guilford,Highpoint,116390.0,0.6900000000000001,2023-02-25,,0,
Guilford,Highpoint,116390.0,0.17,2023-02-26,,0,
Guilford,Highpoint,116390.0,0.52,2023-02-27,,0,
Guilford,Highpoint,116390.0,0.77,2023-02-28,,0,
Guilford,Highpoint,116390.0,0.9500000000000001,2023-03-01,59274.328338666164,0,28319432.5476837
Guilford,Highpoint,116390.0,0.43,2023-03-02,,0,
Guilford,Highpoint,116390.0,0.86,2023-03-03,69326.84328598846,0,36526877.6330565
Guilford,Highpoint,116390.0,0.77,2023-03-04,,0,
Guilford,Highpoint,116390.0,0.17,2023-03-05,,0,
Guilford,Highpoint,116390.0,0.6000000000000001,2023-03-06,,0,
Guilford,Highpoint,116390.0,0.77,2023-03-07,,0,
Guilford,Highpoint,116390.0,0.6000000000000001,2023-03-08,52457.83068332124,0,25011538.512400705
Guilford,Highpoint,116390.0,0.17,2023-03-09,,0,
Guilford,Highpoint,116390.0,0.6000000000000001,2023-03-10,41839.49330477129,0,21323157.8775552
Guilford,Highpoint,116390.0,0.77,2023-03-11,,0,
Guilford,Highpoint,116390.0,0.17,2023-03-12,,0,
Guilford,Highpoint,116390.0,0.17,2023-03-13,,0,
Guilford,Highpoint,116390.0,0.6000000000000001,2023-03-14,,0,
Guilford,Highpoint,116390.0,0.17,2023-03-15,39775.067567510196,0,19507803.718639
Guilford,Highpoint,116390.0,0.6000000000000001,2023-03-16,,0,
Guilford,Highpoint,116390.0,0.86,2023-03-17,12313.894591070695,0,5330520.24011401
Guilford,Highpoint,116390.0,0.17,2023-03-18,,0,
Guilford,Highpoint,116390.0,0.17,2023-03-19,,0,
Guilford,Highpoint,116390.0,0.17,2023-03-20,,0,
Guilford,Highpoint,116390.0,0.17,2023-03-21,,0,
Guilford,Highpoint,116390.0,0.52,2023-03-22,0.0,0,969235.615898204
Guilford,Highpoint,116390.0,0.43,2023-03-23,,0,
Guilford,Highpoint,116390.0,0.52,2023-03-24,47377.20971099923,0,22789445.7408355
Guilford,Highpoint,116390.0,0.43,2023-03-25,,0,
Guilford,Highpoint,116390.0,0.17,2023-03-26,,0,
Guilford,Highpoint,116390.0,0.17,2023-03-27,,0,
Guilford,Highpoint,116390.0,0.17,2023-03-28,,0,
Guilford,Highpoint,116390.0,0.43,2023-03-29,27229.763127871676,0,13726874.7558708
Guilford,Highpoint,116390.0,0.52,2023-03-30,,0,
Guilford,Highpoint,116390.0,0.17,2023-03-31,37224.76594956646,0,20629926.2702493
Guilford,Highpoint,116390.0,0.17,2023-04-01,,0,
Guilford,Highpoint,116390.0,0.17,2023-04-02,,0,
Guilford,Highpoint,116390.0,0.17,2023-04-03,,0,
Guilford,Highpoint,116390.0,0.17,2023-04-04,,0,
Guilford,Highpoint,116390.0,0.17,2023-04-05,35595.09516773342,0,16172705.3464532
Guilford,Highpoint,116390.0,0.17,2023-04-06,,0,
Guilford,Highpoint,116390.0,0.52,2023-04-07,18350.91278383724,0,10074563.1398977
Guilford,Highpoint,116390.0,0.17,2023-04-08,,0,
Guilford,Highpoint,116390.0,0.17,2023-04-09,,0,
Guilford,Highpoint,116390.0,,2023-04-10,,0,
Guilford,Highpoint,116390.0,0.6900000000000001,2023-04-11,,0,
Guilford,Highpoint,116390.0,0.52,2023-04-12,12123.613322768111,0,7893911.60716183
Guilford,Highpoint,116390.0,0.17,2023-04-13,,0,
Guilford,Highpoint,116390.0,0.43,2023-04-14,43691.53236040141,0,26686337.498864505
Guilford,Highpoint,116390.0,0.17,2023-04-15,,0,
Guilford,Highpoint,116390.0,0.17,2023-04-16,,0,
Guilford,Highpoint,116390.0,0.17,2023-04-17,,0,
Guilford,Highpoint,116390.0,0.43,2023-04-18,,0,
Guilford,Highpoint,116390.0,0.17,2023-04-19,28028.007421149305,0,13919619.7146586
Guilford,Highpoint,116390.0,0.17,2023-04-20,,0,
Guilford,Highpoint,116390.0,0.17,2023-04-21,57057.57092621449,0,29635639.5899643
Guilford,Highpoint,116390.0,0.17,2023-04-22,,0,
Guilford,Highpoint,116390.0,,2023-04-23,,0,
Guilford,Highpoint,116390.0,0.17,2023-04-24,,0,
Guilford,Highpoint,116390.0,0.17,2023-04-25,,0,
Guilford,Highpoint,116390.0,0.43,2023-04-26,25128.270931363353,0,11032971.1880605
Guilford,Highpoint,116390.0,0.17,2023-04-27,,0,
Guilford,Highpoint,116390.0,0.17,2023-04-28,,0,
Guilford,Highpoint,116390.0,0.17,2023-04-29,15467.643647304518,0,7777316.215640099
Guilford,Highpoint,116390.0,0.17,2023-04-30,,0,
Guilford,Highpoint,116390.0,0.17,2023-05-01,,0,
Guilford,Highpoint,116390.0,0.17,2023-05-02,,0,
Guilford,Highpoint,116390.0,0.17,2023-05-03,38295.85878394685,0,19841006.4557366
Guilford,Highpoint,116390.0,0.17,2023-05-04,,0,
Guilford,Highpoint,116390.0,0.17,2023-05-05,45357.38087676589,0,23204531.3098238
Guilford,Highpoint,116390.0,0.17,2023-05-06,,0,
Guilford,Highpoint,116390.0,0.17,2023-05-07,,0,
Guilford,Highpoint,116390.0,0.17,2023-05-08,,0,
Guilford,Highpoint,116390.0,0.17,2023-05-09,,0,
Guilford,Highpoint,116390.0,0.6900000000000001,2023-05-10,28068.024511889,0,12415004.0366641
Guilford,Highpoint,116390.0,0.6900000000000001,2023-05-11,,0,
Guilford,Highpoint,116390.0,0.17,2023-05-12,47457.48413053523,0,21253710.517139
Guilford,Highpoint,116390.0,0.17,2023-05-13,,0,
Guilford,Highpoint,116390.0,,2023-05-14,,0,
Guilford,Highpoint,116390.0,0.17,2023-05-15,,0,
Guilford,Highpoint,116390.0,0.43,2023-05-16,,0,
Guilford,Highpoint,116390.0,0.17,2023-05-17,14599.2876538549,0,6353073.63027746
Guilford,Highpoint,116390.0,0.17,2023-05-18,,0,
Guilford,Highpoint,116390.0,0.17,2023-05-19,12502.57573462366,0,5822890.4773717
Guilford,Highpoint,116390.0,,2023-05-20,,0,
Guilford,Highpoint,116390.0,,2023-05-21,,0,
Guilford,Highpoint,116390.0,0.17,2023-05-22,,0,
Guilford,Highpoint,116390.0,,2023-05-23,,0,
Guilford,Highpoint,116390.0,0.17,2023-05-24,14058.577452928883,0,6360109.86121066
Guilford,Highpoint,116390.0,,2023-05-25,,0,
Guilford,Highpoint,116390.0,,2023-05-26,24505.770748948118,0,10791532.9305794
Guilford,Highpoint,116390.0,,2023-05-27,,0,
Guilford,Highpoint,116390.0,,2023-05-28,,0,
Guilford,Highpoint,116390.0,,2023-05-29,,0,
Guilford,Highpoint,116390.0,,2023-05-30,,0,
Guilford,Highpoint,116390.0,,2023-05-31,23910.834364362978,0,14581161.2471313
Guilford,Highpoint,116390.0,,2023-06-01,,0,
Guilford,Highpoint,116390.0,,2023-06-02,21851.910671609505,0,9722358.32922351
Guilford,Highpoint,116390.0,,2023-06-03,,0,
Guilford,Highpoint,116390.0,,2023-06-04,,0,
Guilford,Highpoint,116390.0,,2023-06-05,,0,
Guilford,Highpoint,116390.0,,2023-06-06,,0,
Guilford,Highpoint,116390.0,,2023-06-07,12124.157702702507,0,5469204.31046931
Guilford,Highpoint,116390.0,,2023-06-08,,0,
Guilford,Highpoint,116390.0,,2023-06-09,28724.470404169373,0,12014040.9661117
Guilford,Highpoint,116390.0,,2023-06-10,,0,
Guilford,Highpoint,116390.0,,2023-06-11,,0,
Guilford,Highpoint,116390.0,,2023-06-12,,0,
Guilford,Highpoint,116390.0,,2023-06-13,,0,
Guilford,Highpoint,116390.0,,2023-06-14,15665.426901300845,0,6119012.65552136
Guilford,Highpoint,116390.0,,2023-06-15,,0,
Guilford,Highpoint,116390.0,,2023-06-16,39836.34019334608,0,17970162.4509723
Guilford,Highpoint,116390.0,,2023-06-17,,0,
Guilford,Highpoint,116390.0,,2023-06-18,,0,
Guilford,Highpoint,116390.0,,2023-06-19,,0,
Guilford,Highpoint,116390.0,,2023-06-20,,0,
Guilford,Highpoint,116390.0,,2023-06-21,16430.50820881694,0,8544675.41816954
Guilford,Highpoint,116390.0,,2023-06-22,,0,
Guilford,Highpoint,116390.0,,2023-06-23,19640.000000000015,0,11542390.0328207
Guilford,Highpoint,116390.0,,2023-06-24,,0,
Guilford,Highpoint,116390.0,,2023-06-25,,0,
Guilford,Highpoint,116390.0,,2023-06-26,,0,
Guilford,Highpoint,116390.0,,2023-06-27,,0,
Guilford,Highpoint,116390.0,,2023-06-28,15956.089746551317,0,7145893.18569651
Guilford,Highpoint,116390.0,,2023-06-29,,0,
Guilford,Highpoint,116390.0,,2023-06-30,,0,
Guilford,Highpoint,116390.0,,2023-07-01,,0,
Guilford,Highpoint,116390.0,,2023-07-02,,0,
Guilford,Highpoint,116390.0,,2023-07-03,,0,
Guilford,Highpoint,116390.0,,2023-07-04,,0,
Guilford,Highpoint,116390.0,,2023-07-05,15880.856400081197,0,6497565.54872576
Guilford,Highpoint,116390.0,,2023-07-06,,0,
Guilford,Highpoint,116390.0,,2023-07-07,23562.97095020063,0,10108133.1248233
Guilford,Highpoint,116390.0,,2023-07-08,,0,
Guilford,Highpoint,116390.0,,2023-07-09,,0,
Guilford,Highpoint,116390.0,,2023-07-10,,0,
Guilford,Highpoint,116390.0,,2023-07-11,,0,
Guilford,Highpoint,116390.0,,2023-07-12,20093.18292356889,0,7913871.43635027
Guilford,Highpoint,116390.0,,2023-07-13,,0,
Guilford,Highpoint,116390.0,,2023-07-14,19328.11423807298,0,8612042.42481468
Guilford,Highpoint,116390.0,,2023-07-15,,0,
Guilford,Highpoint,116390.0,,2023-07-16,,0,
Guilford,Highpoint,116390.0,,2023-07-17,,0,
Guilford,Highpoint,116390.0,,2023-07-18,,0,
Guilford,Highpoint,116390.0,,2023-07-19,36822.384496390194,0,14790231.6373146
Guilford,Highpoint,116390.0,,2023-07-20,,0,
Guilford,Highpoint,116390.0,,2023-07-21,67480.33194939094,0,28113987.645582
Guilford,Highpoint,116390.0,,2023-07-22,,0,
Guilford,Highpoint,116390.0,,2023-07-23,,0,
Guilford,Highpoint,116390.0,,2023-07-24,,0,
Guilford,Highpoint,116390.0,,2023-07-25,,0,
Guilford,Highpoint,116390.0,,2023-07-26,72280.58107126699,0,28585863.7760979
Guilford,Highpoint,116390.0,,2023-07-27,,0,
Guilford,Highpoint,116390.0,,2023-07-28,25824.213443975415,0,9893922.46571282
Guilford,Highpoint,116390.0,,2023-07-29,,0,
Guilford,Highpoint,116390.0,,2023-07-30,,0,
Guilford,Highpoint,116390.0,,2023-07-31,,0,
Guilford,Highpoint,116390.0,,2023-08-01,,0,
Guilford,Highpoint,116390.0,,2023-08-02,40157.08156726534,0,15554999.9423136
Guilford,Highpoint,116390.0,,2023-08-03,,0,
Guilford,Highpoint,116390.0,,2023-08-04,57901.27459736965,0,23125045.7435487
Guilford,Highpoint,116390.0,,2023-08-05,,0,
Guilford,Highpoint,116390.0,,2023-08-06,,0,
Guilford,Highpoint,116390.0,,2023-08-07,,0,
Guilford,Highpoint,116390.0,,2023-08-08,,0,
Guilford,Highpoint,116390.0,,2023-08-09,17782.55324749516,0,7478056.675190911
Guilford,Highpoint,116390.0,,2023-08-10,,0,
Guilford,Highpoint,116390.0,,2023-08-11,61744.52526337855,0,29057824.5058505
Guilford,Highpoint,116390.0,,2023-08-12,,0,
Guilford,Highpoint,116390.0,,2023-08-13,,0,
Guilford,Highpoint,116390.0,,2023-08-14,,0,
Guilford,Highpoint,116390.0,,2023-08-15,,0,
Guilford,Highpoint,116390.0,,2023-08-16,76720.34410767468,0,30117153.45273
Guilford,Highpoint,116390.0,,2023-08-17,,0,
Guilford,Highpoint,116390.0,,2023-08-18,112896.73157359344,0,48247281.0409885
Guilford,Highpoint,116390.0,,2023-08-19,,0,
Guilford,Highpoint,116390.0,,2023-08-20,,0,
Guilford,Highpoint,116390.0,,2023-08-21,,0,
Guilford,Highpoint,116390.0,,2023-08-22,,0,
Guilford,Highpoint,116390.0,,2023-08-23,50627.22587699235,0,20022293.1364444
Guilford,Highpoint,116390.0,,2023-08-24,,0,
Guilford,Highpoint,116390.0,,2023-08-25,82555.5182892095,0,31602299.2149611
Guilford,Highpoint,116390.0,,2023-08-26,,0,
Guilford,Highpoint,116390.0,,2023-08-27,,0,
Guilford,Highpoint,116390.0,,2023-08-28,,0,
Guilford,Highpoint,116390.0,,2023-08-29,,0,
Guilford,Highpoint,116390.0,,2023-08-30,68368.29674637214,0,30729741.9362605
Guilford,Highpoint,116390.0,,2023-08-31,,0,
Guilford,Highpoint,116390.0,,2023-09-01,,0,
Guilford,Highpoint,116390.0,,2023-09-02,,0,
Guilford,Highpoint,116390.0,,2023-09-03,,0,
Guilford,Highpoint,116390.0,,2023-09-04,,0,
Guilford,Highpoint,116390.0,,2023-09-05,,0,
Guilford,Highpoint,116390.0,,2023-09-06,126624.1872629396,0,49130730.7989433
Guilford,Highpoint,116390.0,,2023-09-07,,0,
Guilford,Highpoint,116390.0,,2023-09-08,222384.531836187,0,86575465.671862
Guilford,Highpoint,116390.0,,2023-09-09,,0,
Guilford,Highpoint,116390.0,,2023-09-10,,0,
Guilford,Highpoint,116390.0,,2023-09-11,,0,
Guilford,Highpoint,116390.0,,2023-09-12,,0,
Guilford,Highpoint,116390.0,,2023-09-13,117670.3599042682,0,54458803.0142658
Guilford,Highpoint,116390.0,,2023-09-14,,0,
Guilford,Highpoint,116390.0,,2023-09-15,89103.39387475654,0,46309184.2515043
Guilford,Highpoint,116390.0,,2023-09-16,,0,
Guilford,Highpoint,116390.0,,2023-09-17,,0,
Guilford,Highpoint,116390.0,,2023-09-18,,0,
Guilford,Highpoint,116390.0,,2023-09-19,,0,
Guilford,Highpoint,116390.0,,2023-09-20,95755.20873560879,0,38990862.8291959
Guilford,Highpoint,116390.0,,2023-09-21,,0,
Guilford,Highpoint,116390.0,,2023-09-22,84235.38448894264,0,37971163.2855055
Guilford,Highpoint,116390.0,,2023-09-23,,0,
Guilford,Highpoint,116390.0,,2023-09-24,,0,
Guilford,Highpoint,116390.0,,2023-09-25,,0,
Guilford,Highpoint,116390.0,,2023-09-26,,0,
Guilford,Highpoint,116390.0,,2023-09-27,61861.74262013639,0,25511589.1891131
Guilford,Highpoint,116390.0,,2023-09-28,,0,
Guilford,Highpoint,116390.0,,2023-09-29,40186.50519764062,0,15867007.8258467
Guilford,Highpoint,116390.0,,2023-09-30,,0,
Guilford,Highpoint,116390.0,,2023-10-01,,0,
Guilford,Highpoint,116390.0,,2023-10-02,,0,
Guilford,Highpoint,116390.0,,2023-10-03,,0,
Guilford,Highpoint,116390.0,,2023-10-04,60994.524344403275,0,26125988.6262566
Guilford,Highpoint,116390.0,,2023-10-05,,0,
Guilford,Highpoint,116390.0,,2023-10-06,54963.66799987066,0,21415520.5497344
Guilford,Highpoint,116390.0,,2023-10-07,,0,
Guilford,Highpoint,116390.0,,2023-10-08,,0,
Guilford,Highpoint,116390.0,,2023-10-09,,0,
Guilford,Highpoint,116390.0,,2023-10-10,,0,
Guilford,Highpoint,116390.0,,2023-10-11,34582.955339299806,0,14115684.3820292
Guilford,Highpoint,116390.0,,2023-10-12,,0,
Guilford,Highpoint,116390.0,,2023-10-13,41198.553372661,0,16159405.6832946
Guilford,Highpoint,116390.0,,2023-10-14,,0,
Guilford,Highpoint,116390.0,,2023-10-15,,0,
Guilford,Highpoint,116390.0,,2023-10-16,,0,
Guilford,Highpoint,116390.0,,2023-10-17,,0,
Guilford,Highpoint,116390.0,,2023-10-18,56759.672303493804,0,21986077.2981644
Guilford,Highpoint,116390.0,,2023-10-19,,0,
Guilford,Highpoint,116390.0,,2023-10-20,89004.988624234,0,39658019.846662
Guilford,Highpoint,116390.0,,2023-10-21,,0,
Guilford,Highpoint,116390.0,,2023-10-22,,0,
Guilford,Highpoint,116390.0,,2023-10-23,,0,
Guilford,Highpoint,116390.0,,2023-10-24,,0,
Guilford,Highpoint,116390.0,,2023-10-25,26154.42601167153,0,11662153.6173125
Guilford,Highpoint,116390.0,,2023-10-26,,0,
Guilford,Highpoint,116390.0,,2023-10-27,48972.547411789805,0,21406618.7152813
Guilford,Highpoint,116390.0,,2023-10-28,,0,
Guilford,Highpoint,116390.0,,2023-10-29,,0,
Guilford,Highpoint,116390.0,,2023-10-30,,0,
Guilford,Highpoint,116390.0,,2023-10-31,,0,
Guilford,Highpoint,116390.0,,2023-11-01,67836.56830943035,0,30159802.55542
Guilford,Highpoint,116390.0,,2023-11-02,,0,
Guilford,Highpoint,116390.0,,2023-11-03,43652.670021431695,0,14751034.1924558
Guilford,Highpoint,116390.0,,2023-11-04,,0,
Guilford,Highpoint,116390.0,,2023-11-05,,0,
Guilford,Highpoint,116390.0,,2023-11-06,,0,
Guilford,Highpoint,116390.0,,2023-11-07,,0,
Guilford,Highpoint,116390.0,,2023-11-08,41268.21537212392,0,16320947.6933653
Guilford,Highpoint,116390.0,,2023-11-09,,0,
Guilford,Highpoint,116390.0,,2023-11-10,66062.84280894969,0,25997928.0912868
Guilford,Highpoint,116390.0,,2023-11-11,,0,
Guilford,Highpoint,116390.0,,2023-11-12,,0,
Guilford,Highpoint,116390.0,,2023-11-13,,0,
Guilford,Highpoint,116390.0,,2023-11-14,,0,
Guilford,Highpoint,116390.0,,2023-11-15,39066.681456197475,0,13760400.9202668
Guilford,Highpoint,116390.0,,2023-11-16,,0,
Guilford,Highpoint,116390.0,,2023-11-17,49922.30763897035,0,19353834.244967505
Guilford,Highpoint,116390.0,,2023-11-18,,0,
Guilford,Highpoint,116390.0,,2023-11-19,,0,
Guilford,Highpoint,116390.0,,2023-11-20,,0,
Guilford,Highpoint,116390.0,,2023-11-21,,0,
Guilford,Highpoint,116390.0,,2023-11-22,84729.68783136172,0,32655028.4367601
Guilford,Highpoint,116390.0,,2023-11-23,,0,
Guilford,Highpoint,116390.0,,2023-11-24,,0,
Guilford,Highpoint,116390.0,,2023-11-25,,0,
Guilford,Highpoint,116390.0,,2023-11-26,,0,
Guilford,Highpoint,116390.0,,2023-11-27,,0,
Guilford,Highpoint,116390.0,,2023-11-28,,0,
Guilford,Highpoint,116390.0,,2023-11-29,110658.79811384201,0,42684160.8260883
Guilford,Highpoint,116390.0,,2023-11-30,,0,
Guilford,Highpoint,116390.0,,2023-12-01,161886.33049149017,0,61970179.1112473
Guilford,Highpoint,116390.0,,2023-12-02,,0,
Guilford,Highpoint,116390.0,,2023-12-03,,0,
Guilford,Highpoint,116390.0,,2023-12-04,,0,
Guilford,Highpoint,116390.0,,2023-12-05,,0,
Guilford,Highpoint,116390.0,,2023-12-06,141176.18496049542,0,54317815.5374182
Guilford,Highpoint,116390.0,,2023-12-07,,0,
Guilford,Highpoint,116390.0,,2023-12-08,115334.97648155133,0,45650729.2127728
Guilford,Highpoint,116390.0,,2023-12-09,,0,
Guilford,Highpoint,116390.0,,2023-12-10,,0,
Guilford,Highpoint,116390.0,,2023-12-11,,0,
Guilford,Highpoint,116390.0,,2023-12-12,,0,
Guilford,Highpoint,116390.0,,2023-12-13,42319.69754145226,0,18016827.119434495
Guilford,Highpoint,116390.0,,2023-12-14,,0,
Guilford,Highpoint,116390.0,,2023-12-15,122636.12518340586,0,51212921.7405049
Guilford,Highpoint,116390.0,,2023-12-16,,0,
Guilford,Highpoint,116390.0,,2023-12-17,,0,
Guilford,Highpoint,116390.0,,2023-12-18,,0,
Guilford,Highpoint,116390.0,,2023-12-19,,0,
Guilford,Highpoint,116390.0,,2023-12-20,85121.96426305018,0,50967289.1453566
Guilford,Highpoint,116390.0,,2023-12-21,,0,
Guilford,Highpoint,116390.0,,2023-12-22,229499.80392148477,0,94570360.2274662
Guilford,Highpoint,116390.0,,2023-12-23,,0,
Guilford,Highpoint,116390.0,,2023-12-24,,0,
Guilford,Highpoint,116390.0,,2023-12-25,,0,
Guilford,Highpoint,116390.0,,2023-12-26,,0,
Guilford,Highpoint,116390.0,,2023-12-27,258705.0830579097,0,102650460.530719
Guilford,Highpoint,116390.0,,2023-12-28,,0,
Guilford,Highpoint,116390.0,,2023-12-29,76768.88432170935,0,40173288.4225999
Guilford,Highpoint,116390.0,,2023-12-30,,0,
Guilford,Highpoint,116390.0,,2023-12-31,,0,
Guilford,Highpoint,116390.0,,2024-01-01,,0,
Guilford,Highpoint,116390.0,,2024-01-02,,0,
Guilford,Highpoint,116390.0,,2024-01-03,247716.12785606037,0,107716392.372757
Guilford,Highpoint,116390.0,,2024-01-04,,0,
Guilford,Highpoint,116390.0,,2024-01-05,172482.45823851202,0,67989784.1797635
Guilford,Highpoint,116390.0,,2024-01-06,,0,
Guilford,Highpoint,116390.0,,2024-01-07,,0,
Guilford,Highpoint,116390.0,,2024-01-08,,0,
Guilford,Highpoint,116390.0,,2024-01-09,,0,
Guilford,Highpoint,116390.0,,2024-01-10,148854.17159085613,0,71456785.7859505
Guilford,Highpoint,116390.0,,2024-01-11,,0,
Guilford,Highpoint,116390.0,,2024-01-12,,0,
Guilford,Highpoint,116390.0,,2024-01-13,,0,
Guilford,Highpoint,116390.0,,2024-01-14,,0,
Guilford,Highpoint,116390.0,,2024-01-15,,0,
Guilford,Highpoint,116390.0,,2024-01-16,,0,
Guilford,Highpoint,116390.0,,2024-01-17,153068.20048592717,0,74574937.7478223
Guilford,Highpoint,116390.0,,2024-01-18,,0,
Guilford,Highpoint,116390.0,,2024-01-19,227868.60248836395,0,91378426.4189973
Guilford,Highpoint,116390.0,,2024-01-20,,0,
Guilford,Highpoint,116390.0,,2024-01-21,,0,
Guilford,Highpoint,116390.0,,2024-01-22,,0,
Guilford,Highpoint,116390.0,,2024-01-23,,0,
Guilford,Highpoint,116390.0,,2024-01-24,224411.49703168072,0,92984517.2111336
Guilford,Highpoint,116390.0,,2024-01-25,,0,
Guilford,Highpoint,116390.0,,2024-01-26,162461.97709002567,0,76879550.7819766
Guilford,Highpoint,116390.0,,2024-01-27,,0,
Guilford,Highpoint,116390.0,,2024-01-28,,0,
Guilford,Highpoint,116390.0,,2024-01-29,,0,
Guilford,Highpoint,116390.0,,2024-01-30,,0,
Guilford,Highpoint,116390.0,,2024-01-31,93586.49475218091,0,52261225.0788155
Guilford,Highpoint,116390.0,,2024-02-01,,0,
Guilford,Highpoint,116390.0,,2024-02-02,132969.72587773512,0,65518133.38873
Guilford,Highpoint,116390.0,,2024-02-03,,0,
Guilford,Highpoint,116390.0,,2024-02-04,,0,
Guilford,Highpoint,116390.0,,2024-02-05,,0,
Guilford,Highpoint,116390.0,,2024-02-06,,0,
Guilford,Highpoint,116390.0,,2024-02-07,133101.15251191484,0,57790864.518372
Guilford,Highpoint,116390.0,,2024-02-08,,0,
Guilford,Highpoint,116390.0,,2024-02-09,163690.99669804683,0,68730126.7704196
Guilford,Highpoint,116390.0,,2024-02-10,,0,
Guilford,Highpoint,116390.0,,2024-02-11,,0,
Guilford,Highpoint,116390.0,,2024-02-12,,0,
Guilford,Highpoint,116390.0,,2024-02-13,,0,
Guilford,Highpoint,116390.0,,2024-02-14,322463.9514736496,0,189721193.471278
Guilford,Highpoint,116390.0,,2024-02-15,,0,
Guilford,Highpoint,116390.0,,2024-02-16,343279.71102295,0,182988248.017542
Guilford,Highpoint,116390.0,,2024-02-17,,0,
Guilford,Highpoint,116390.0,,2024-02-18,,0,
Guilford,Highpoint,116390.0,,2024-02-19,,0,
Guilford,Highpoint,116390.0,,2024-02-20,,0,
Guilford,Highpoint,116390.0,,2024-02-21,172667.28352528173,0,78058637.4885019
Guilford,Highpoint,116390.0,,2024-02-22,,0,
Guilford,Highpoint,116390.0,,2024-02-23,184817.02627193212,0,81928300.0269299
Guilford,Highpoint,116390.0,,2024-02-24,,0,
Guilford,Highpoint,116390.0,,2024-02-25,,0,
Guilford,Highpoint,116390.0,,2024-02-26,,0,
Guilford,Highpoint,116390.0,,2024-02-27,,0,
Guilford,Highpoint,116390.0,,2024-02-28,48037.984970229525,0,20404411.2662631
Guilford,Highpoint,116390.0,,2024-02-29,,0,
Guilford,Highpoint,116390.0,,2024-03-01,148160.7802355266,0,68088148.9932584
Guilford,Highpoint,116390.0,,2024-03-02,,0,
Guilford,Highpoint,116390.0,,2024-03-03,,0,
Guilford,Highpoint,116390.0,,2024-03-04,,0,
Guilford,Highpoint,116390.0,,2024-03-05,,0,
Guilford,Highpoint,116390.0,,2024-03-06,75804.72280801518,0,39298926.8117219
Guilford,Highpoint,116390.0,,2024-03-07,,0,
Guilford,Highpoint,116390.0,,2024-03-08,107367.77915184789,0,55103232.7619054
Guilford,Highpoint,116390.0,,2024-03-09,,0,
Guilford,Highpoint,116390.0,,2024-03-10,,0,
Guilford,Highpoint,116390.0,,2024-03-11,,0,
Guilford,Highpoint,116390.0,,2024-03-12,,0,
Guilford,Highpoint,116390.0,,2024-03-13,46662.97032980223,0,29442197.3794724
Guilford,Highpoint,116390.0,,2024-03-14,,0,
Guilford,Highpoint,116390.0,,2024-03-15,43646.64019142823,0,23138464.3528165
Guilford,Highpoint,116390.0,,2024-03-16,,0,
Guilford,Highpoint,116390.0,,2024-03-17,,0,
Guilford,Highpoint,116390.0,,2024-03-18,,0,
Guilford,Highpoint,116390.0,,2024-03-19,,0,
Guilford,Highpoint,116390.0,,2024-03-20,15711.689915473757,0,7588316.955405191
Guilford,Highpoint,116390.0,,2024-03-21,,0,
Guilford,Highpoint,116390.0,,2024-03-22,62242.583493939266,0,27976395.7746453
Guilford,Highpoint,116390.0,,2024-03-23,,0,
Guilford,Highpoint,116390.0,,2024-03-24,,0,
Guilford,Highpoint,116390.0,,2024-03-25,,0,
Guilford,Highpoint,116390.0,,2024-03-26,,0,
Guilford,Highpoint,116390.0,,2024-03-27,15231.047239110005,0,7034192.01227564
Guilford,Highpoint,116390.0,,2024-03-28,,0,
Guilford,Highpoint,116390.0,,2024-03-29,8393.354514137965,0,6840892.14448074
Guilford,Highpoint,116390.0,,2024-03-30,,0,
Guilford,Highpoint,116390.0,,2024-03-31,,0,
Guilford,Highpoint,116390.0,,2024-04-01,,0,
Guilford,Highpoint,116390.0,,2024-04-02,,0,
Guilford,Highpoint,116390.0,,2024-04-03,19056.50545089525,0,9513662.76754118
Guilford,Highpoint,116390.0,,2024-04-04,,0,
Guilford,Highpoint,116390.0,,2024-04-05,22040.544457884876,0,10315237.2703731
Guilford,Highpoint,116390.0,,2024-04-06,,0,
Guilford,Highpoint,116390.0,,2024-04-07,,0,
Guilford,Highpoint,116390.0,,2024-04-08,,0,
Guilford,Highpoint,116390.0,,2024-04-09,,0,
Guilford,Highpoint,116390.0,,2024-04-10,28033.479983762267,0,11624741.5835922
Guilford,Highpoint,116390.0,,2024-04-11,,0,
Guilford,Highpoint,116390.0,,2024-04-12,16098.695599333498,0,8466361.69380671
Guilford,Highpoint,116390.0,,2024-04-13,,0,
Guilford,Highpoint,116390.0,,2024-04-14,,0,
Guilford,Highpoint,116390.0,,2024-04-15,,0,
Guilford,Highpoint,116390.0,,2024-04-16,,0,
Guilford,Highpoint,116390.0,,2024-04-17,23160.00000000003,0,10733701.8816049
Guilford,Highpoint,116390.0,,2024-04-18,,0,
Guilford,Highpoint,116390.0,,2024-04-19,42349.13930648416,0,16528062.4037218
Guilford,Highpoint,116390.0,,2024-04-20,,0,
Guilford,Highpoint,116390.0,,2024-04-21,,0,
Guilford,Highpoint,116390.0,,2024-04-22,,0,
Guilford,Highpoint,116390.0,,2024-04-23,,0,
Guilford,Highpoint,116390.0,,2024-04-24,10364.495753518135,0,4129337.46250324
Guilford,Highpoint,116390.0,,2024-04-25,,0,
Guilford,Highpoint,116390.0,,2024-04-26,10766.466458406858,0,4233461.37960037
Guilford,Highpoint,116390.0,,2024-04-27,,0,
Guilford,Highpoint,116390.0,,2024-04-28,,0,
Guilford,Highpoint,116390.0,,2024-04-29,,0,
Guilford,Highpoint,116390.0,,2024-04-30,,0,
Guilford,Highpoint,116390.0,,2024-05-01,0.0,0,522960.358933128
Guilford,Highpoint,116390.0,,2024-05-02,,0,
Guilford,Highpoint,116390.0,,2024-05-03,55839.50214677787,0,21484358.5563576
Guilford,Highpoint,116390.0,,2024-05-04,,0,
Guilford,Highpoint,116390.0,,2024-05-05,,0,
Guilford,Highpoint,116390.0,,2024-05-06,,0,
Guilford,Highpoint,116390.0,,2024-05-07,,0,
Guilford,Highpoint,116390.0,,2024-05-08,0.0,0,2239937.19489924
Guilford,Highpoint,116390.0,,2024-05-09,,0,
Guilford,Highpoint,116390.0,,2024-05-10,8357.894471695608,0,4077408.7636167
Guilford,Highpoint,116390.0,,2024-05-11,,0,
Guilford,Highpoint,116390.0,,2024-05-12,,0,
Guilford,Highpoint,116390.0,,2024-05-13,,0,
Guilford,Highpoint,116390.0,,2024-05-14,,0,
Guilford,Highpoint,116390.0,,2024-05-15,13143.728542540739,0,5168219.98970227
"Halifax,northampton",Roanoke Rapids,14320.0,1.4000000000000001,2021-06-19,0.0,0,204202.460580992
"Halifax,northampton",Roanoke Rapids,14320.0,,2021-06-20,,0,
"Halifax,northampton",Roanoke Rapids,14320.0,1.4000000000000001,2021-06-21,,0,
"Halifax,northampton",Roanoke Rapids,14320.0,,2021-06-22,,0,
"Halifax,northampton",Roanoke Rapids,14320.0,1.4000000000000001,2021-07-10,0.0,0,1073768.67936134
"Halifax,northampton",Roanoke Rapids,14320.0,1.4000000000000001,2021-07-11,,0,
"Halifax,northampton",Roanoke Rapids,14320.0,1.4000000000000001,2021-07-12,,0,
"Halifax,northampton",Roanoke Rapids,14320.0,1.4000000000000001,2021-07-13,,0,
"Halifax,northampton",Roanoke Rapids,14320.0,1.4000000000000001,2021-07-14,8440.971508067078,0,7809608.05958306
"Halifax,northampton",Roanoke Rapids,14320.0,,2021-07-15,,0,
"Halifax,northampton",Roanoke Rapids,14320.0,3.49,2021-07-16,,0,
"Halifax,northampton",Roanoke Rapids,14320.0,,2021-07-17,,0,
"Halifax,northampton",Roanoke Rapids,14320.0,,2021-07-18,,0,
"Halifax,northampton",Roanoke Rapids,14320.0,1.4000000000000001,2021-07-19,,0,
"Halifax,northampton",Roanoke Rapids,14320.0,3.49,2021-07-20,,0,
"Halifax,northampton",Roanoke Rapids,14320.0,1.4000000000000001,2021-07-21,0.0,0,1446903.82366082
"Halifax,northampton",Roanoke Rapids,14320.0,4.19,2021-07-22,,0,
"Halifax,northampton",Roanoke Rapids,14320.0,1.4000000000000001,2021-07-23,,0,
"Halifax,northampton",Roanoke Rapids,14320.0,3.49,2021-07-24,,0,
"Halifax,northampton",Roanoke Rapids,14320.0,4.19,2021-07-25,,0,
"Halifax,northampton",Roanoke Rapids,14320.0,1.4000000000000001,2021-07-26,,0,
"Halifax,northampton",Roanoke Rapids,14320.0,1.4000000000000001,2021-07-27,,0,
"Halifax,northampton",Roanoke Rapids,14320.0,6.98,2021-07-28,5226.136240091724,0,3591888.40226481
"Halifax,northampton",Roanoke Rapids,14320.0,4.19,2021-07-29,,0,
"Halifax,northampton",Roanoke Rapids,14320.0,7.68,2021-07-30,,0,
"Halifax,northampton",Roanoke Rapids,14320.0,4.19,2021-07-31,,0,
"Halifax,northampton",Roanoke Rapids,14320.0,1.4000000000000001,2021-08-01,,0,
"Halifax,northampton",Roanoke Rapids,14320.0,1.4000000000000001,2021-08-02,,0,
"Halifax,northampton",Roanoke Rapids,14320.0,7.68,2021-08-03,,0,
"Halifax,northampton",Roanoke Rapids,14320.0,5.59,2021-08-04,39692.56857397871,0,27280436.285463694
"Halifax,northampton",Roanoke Rapids,14320.0,6.98,2021-08-05,,0,
"Halifax,northampton",Roanoke Rapids,14320.0,6.98,2021-08-06,13360.389215887395,0,9888852.55208773
"Halifax,northampton",Roanoke Rapids,14320.0,6.28,2021-08-07,,0,
"Halifax,northampton",Roanoke Rapids,14320.0,1.4000000000000001,2021-08-08,,0,
"Halifax,northampton",Roanoke Rapids,14320.0,6.28,2021-08-09,,0,
"Halifax,northampton",Roanoke Rapids,14320.0,6.98,2021-08-10,32996.21190379286,0,34017112.8567323
"Halifax,northampton",Roanoke Rapids,14320.0,9.780000000000001,2021-08-11,,0,
"Halifax,northampton",Roanoke Rapids,14320.0,4.890000000000001,2021-08-12,,0,
"Halifax,northampton",Roanoke Rapids,14320.0,6.28,2021-08-13,16522.711641858303,0,11792716.2117698
"Halifax,northampton",Roanoke Rapids,14320.0,7.68,2021-08-14,,0,
"Halifax,northampton",Roanoke Rapids,14320.0,4.19,2021-08-15,,0,
"Halifax,northampton",Roanoke Rapids,14320.0,4.19,2021-08-16,,0,
"Halifax,northampton",Roanoke Rapids,14320.0,9.08,2021-08-17,3269.1742076555065,0,3197485.23526108
"Halifax,northampton",Roanoke Rapids,14320.0,9.08,2021-08-18,,0,
"Halifax,northampton",Roanoke Rapids,14320.0,5.59,2021-08-19,,0,
"Halifax,northampton",Roanoke Rapids,14320.0,7.68,2021-08-20,22082.232676973603,0,18095618.651102494
"Halifax,northampton",Roanoke Rapids,14320.0,13.27,2021-08-21,,0,
"Halifax,northampton",Roanoke Rapids,14320.0,4.890000000000001,2021-08-22,,0,
"Halifax,northampton",Roanoke Rapids,14320.0,3.49,2021-08-23,,0,
"Halifax,northampton",Roanoke Rapids,14320.0,10.47,2021-08-24,27959.792560031656,0,19216577.9865596
"Halifax,northampton",Roanoke Rapids,14320.0,13.27,2021-08-25,,0,
"Halifax,northampton",Roanoke Rapids,14320.0,9.780000000000001,2021-08-26,,0,
"Halifax,northampton",Roanoke Rapids,14320.0,9.08,2021-08-27,222036.033111745,0,146734497.161522
"Halifax,northampton",Roanoke Rapids,14320.0,9.08,2021-08-28,,0,
"Halifax,northampton",Roanoke Rapids,14320.0,6.28,2021-08-29,,0,
"Halifax,northampton",Roanoke Rapids,14320.0,4.19,2021-08-30,,0,
"Halifax,northampton",Roanoke Rapids,14320.0,18.16,2021-08-31,24738.63375370599,0,22234296.2512812
"Halifax,northampton",Roanoke Rapids,14320.0,14.66,2021-09-01,,0,
"Halifax,northampton",Roanoke Rapids,14320.0,17.46,2021-09-02,,0,
"Halifax,northampton",Roanoke Rapids,14320.0,9.780000000000001,2021-09-03,23785.499784532607,0,18862632.1685132
"Halifax,northampton",Roanoke Rapids,14320.0,9.780000000000001,2021-09-04,,0,
"Halifax,northampton",Roanoke Rapids,14320.0,1.4000000000000001,2021-09-05,,0,
"Halifax,northampton",Roanoke Rapids,14320.0,4.19,2021-09-06,,0,
"Halifax,northampton",Roanoke Rapids,14320.0,3.49,2021-09-07,,0,
"Halifax,northampton",Roanoke Rapids,14320.0,13.27,2021-09-08,2904.737509655565,0,1612482.26780763
"Halifax,northampton",Roanoke Rapids,14320.0,9.08,2021-09-09,,0,
"Halifax,northampton",Roanoke Rapids,14320.0,11.170000000000002,2021-09-10,26267.85107312743,0,17359344.1781103
"Halifax,northampton",Roanoke Rapids,14320.0,4.890000000000001,2021-09-11,,0,
"Halifax,northampton",Roanoke Rapids,14320.0,3.49,2021-09-12,,0,
"Halifax,northampton",Roanoke Rapids,14320.0,1.4000000000000001,2021-09-13,,0,
"Halifax,northampton",Roanoke Rapids,14320.0,6.28,2021-09-14,32310.988842807026,0,17082404.6320616
"Halifax,northampton",Roanoke Rapids,14320.0,5.59,2021-09-15,,0,
"Halifax,northampton",Roanoke Rapids,14320.0,9.08,2021-09-16,,0,
"Halifax,northampton",Roanoke Rapids,14320.0,6.98,2021-09-17,14177.44687875783,0,8244977.39613614
"Halifax,northampton",Roanoke Rapids,14320.0,10.47,2021-09-18,,0,
"Halifax,northampton",Roanoke Rapids,14320.0,3.49,2021-09-19,,0,
"Halifax,northampton",Roanoke Rapids,14320.0,1.4000000000000001,2021-09-20,,0,
"Halifax,northampton",Roanoke Rapids,14320.0,18.85,2021-09-21,79608.41664045332,0,39983549.6275464
"Halifax,northampton",Roanoke Rapids,14320.0,14.66,2021-09-22,,0,
"Halifax,northampton",Roanoke Rapids,14320.0,13.27,2021-09-23,,0,
"Halifax,northampton",Roanoke Rapids,14320.0,10.47,2021-09-24,21679.483388678826,0,17765579.6718202
"Halifax,northampton",Roanoke Rapids,14320.0,12.57,2021-09-25,,0,
"Halifax,northampton",Roanoke Rapids,14320.0,1.4000000000000001,2021-09-26,,0,
"Halifax,northampton",Roanoke Rapids,14320.0,1.4000000000000001,2021-09-27,,0,
"Halifax,northampton",Roanoke Rapids,14320.0,4.890000000000001,2021-09-28,91957.87078874774,0,55909486.4100955
"Halifax,northampton",Roanoke Rapids,14320.0,4.19,2021-09-29,,0,
"Halifax,northampton",Roanoke Rapids,14320.0,4.19,2021-09-30,,0,
"Halifax,northampton",Roanoke Rapids,14320.0,4.19,2021-10-01,7562.2417311271,0,4997575.04347213
"Halifax,northampton",Roanoke Rapids,14320.0,4.890000000000001,2021-10-02,,0,
"Halifax,northampton",Roanoke Rapids,14320.0,4.19,2021-10-03,,0,
"Halifax,northampton",Roanoke Rapids,14320.0,3.49,2021-10-04,,0,
"Halifax,northampton",Roanoke Rapids,14320.0,8.38,2021-10-05,16779.824194549845,0,10201969.0617257
"Halifax,northampton",Roanoke Rapids,14320.0,8.38,2021-10-06,,0,
"Halifax,northampton",Roanoke Rapids,14320.0,7.68,2021-10-07,,0,
"Halifax,northampton",Roanoke Rapids,14320.0,7.68,2021-10-08,19014.796869806425,0,13068742.4151193
"Halifax,northampton",Roanoke Rapids,14320.0,4.890000000000001,2021-10-09,,0,
"Halifax,northampton",Roanoke Rapids,14320.0,5.59,2021-10-10,,0,
"Halifax,northampton",Roanoke Rapids,14320.0,1.4000000000000001,2021-10-11,,0,
"Halifax,northampton",Roanoke Rapids,14320.0,9.780000000000001,2021-10-12,4500.000000000005,0,3568638.26815641
"Halifax,northampton",Roanoke Rapids,14320.0,7.68,2021-10-13,,0,
"Halifax,northampton",Roanoke Rapids,14320.0,6.98,2021-10-14,,0,
"Halifax,northampton",Roanoke Rapids,14320.0,9.08,2021-10-15,19258.11517257075,0,14254125.2575347
"Halifax,northampton",Roanoke Rapids,14320.0,6.98,2021-10-16,,0,
"Halifax,northampton",Roanoke Rapids,14320.0,1.4000000000000001,2021-10-17,,0,
"Halifax,northampton",Roanoke Rapids,14320.0,1.4000000000000001,2021-10-18,,0,
"Halifax,northampton",Roanoke Rapids,14320.0,3.49,2021-10-19,5373.5463150511705,0,3267063.62488042
"Halifax,northampton",Roanoke Rapids,14320.0,4.890000000000001,2021-10-20,,0,
"Halifax,northampton",Roanoke Rapids,14320.0,4.19,2021-10-21,,0,
"Halifax,northampton",Roanoke Rapids,14320.0,1.4000000000000001,2021-10-22,29660.579899927812,0,18033342.6014196
"Halifax,northampton",Roanoke Rapids,14320.0,1.4000000000000001,2021-10-23,,0,
"Halifax,northampton",Roanoke Rapids,14320.0,1.4000000000000001,2021-10-24,,0,
"Halifax,northampton",Roanoke Rapids,14320.0,1.4000000000000001,2021-10-25,,0,
"Halifax,northampton",Roanoke Rapids,14320.0,1.4000000000000001,2021-10-26,,0,
"Halifax,northampton",Roanoke Rapids,14320.0,4.19,2021-10-27,0.0,0,196348.519789415
"Halifax,northampton",Roanoke Rapids,14320.0,6.98,2021-10-28,,0,
"Halifax,northampton",Roanoke Rapids,14320.0,1.4000000000000001,2021-10-29,23382.68590217986,0,15452656.9857038
"Halifax,northampton",Roanoke Rapids,14320.0,3.49,2021-10-30,,0,
"Halifax,northampton",Roanoke Rapids,14320.0,1.4000000000000001,2021-10-31,,0,
"Halifax,northampton",Roanoke Rapids,14320.0,,2021-11-01,,0,
"Halifax,northampton",Roanoke Rapids,14320.0,1.4000000000000001,2021-11-02,16740.669042783218,0,9293105.45031829
"Halifax,northampton",Roanoke Rapids,14320.0,1.4000000000000001,2021-11-03,,0,
"Halifax,northampton",Roanoke Rapids,14320.0,1.4000000000000001,2021-11-04,,0,
"Halifax,northampton",Roanoke Rapids,14320.0,1.4000000000000001,2021-11-05,2345.207879911714,0,1363869.39936865
"Halifax,northampton",Roanoke Rapids,14320.0,1.4000000000000001,2021-11-06,,0,
"Halifax,northampton",Roanoke Rapids,14320.0,,2021-11-07,,0,
"Halifax,northampton",Roanoke Rapids,14320.0,1.4000000000000001,2021-11-08,,0,
"Halifax,northampton",Roanoke Rapids,14320.0,3.49,2021-11-09,8674.675786448744,0,4586189.62598087
"Halifax,northampton",Roanoke Rapids,14320.0,,2021-11-10,,0,
"Halifax,northampton",Roanoke Rapids,14320.0,1.4000000000000001,2021-11-11,41963.52582898635,0,24404134.600607295
"Halifax,northampton",Roanoke Rapids,14320.0,1.4000000000000001,2021-11-12,,0,
"Halifax,northampton",Roanoke Rapids,14320.0,1.4000000000000001,2021-11-13,,0,
"Halifax,northampton",Roanoke Rapids,14320.0,,2021-11-14,,0,
"Halifax,northampton",Roanoke Rapids,14320.0,,2021-11-15,,0,
"Halifax,northampton",Roanoke Rapids,14320.0,4.19,2021-11-16,10204.165815979284,0,5125070.78433205
"Halifax,northampton",Roanoke Rapids,14320.0,1.4000000000000001,2021-11-17,,0,
"Halifax,northampton",Roanoke Rapids,14320.0,,2021-11-18,,0,
"Halifax,northampton",Roanoke Rapids,14320.0,1.4000000000000001,2021-11-19,49686.51728587953,0,28895485.5848274
"Halifax,northampton",Roanoke Rapids,14320.0,,2021-11-20,,0,
"Halifax,northampton",Roanoke Rapids,14320.0,,2021-11-21,,0,
"Halifax,northampton",Roanoke Rapids,14320.0,1.4000000000000001,2021-11-22,,0,
"Halifax,northampton",Roanoke Rapids,14320.0,1.4000000000000001,2021-11-23,3372.6843908080114,0,1783094.90125204
"Halifax,northampton",Roanoke Rapids,14320.0,1.4000000000000001,2021-11-24,,0,
"Halifax,northampton",Roanoke Rapids,14320.0,1.4000000000000001,2021-11-25,,0,
"Halifax,northampton",Roanoke Rapids,14320.0,,2021-11-26,,0,
"Halifax,northampton",Roanoke Rapids,14320.0,1.4000000000000001,2021-11-27,,0,
"Halifax,northampton",Roanoke Rapids,14320.0,1.4000000000000001,2021-11-28,,0,
"Halifax,northampton",Roanoke Rapids,14320.0,1.4000000000000001,2021-11-29,,0,
"Halifax,northampton",Roanoke Rapids,14320.0,1.4000000000000001,2021-11-30,17102.6313764871,0,9041941.45426732
"Halifax,northampton",Roanoke Rapids,14320.0,1.4000000000000001,2021-12-01,,0,
"Halifax,northampton",Roanoke Rapids,14320.0,1.4000000000000001,2021-12-02,,0,
"Halifax,northampton",Roanoke Rapids,14320.0,1.4000000000000001,2021-12-03,24039.03076249126,0,13344583.0168646
"Halifax,northampton",Roanoke Rapids,14320.0,3.49,2021-12-04,,0,
"Halifax,northampton",Roanoke Rapids,14320.0,1.4000000000000001,2021-12-05,,0,
"Halifax,northampton",Roanoke Rapids,14320.0,1.4000000000000001,2021-12-06,,0,
"Halifax,northampton",Roanoke Rapids,14320.0,1.4000000000000001,2021-12-07,30261.361502748055,0,15998792.9933662
"Halifax,northampton",Roanoke Rapids,14320.0,3.49,2021-12-08,,0,
"Halifax,northampton",Roanoke Rapids,14320.0,1.4000000000000001,2021-12-09,,0,
"Halifax,northampton",Roanoke Rapids,14320.0,1.4000000000000001,2021-12-10,12801.367114492117,0,7106314.22192154
"Halifax,northampton",Roanoke Rapids,14320.0,1.4000000000000001,2021-12-11,,0,
"Halifax,northampton",Roanoke Rapids,14320.0,1.4000000000000001,2021-12-12,,0,
"Halifax,northampton",Roanoke Rapids,14320.0,1.4000000000000001,2021-12-13,,0,
"Halifax,northampton",Roanoke Rapids,14320.0,3.49,2021-12-14,0.0,0,703275.637251049
"Halifax,northampton",Roanoke Rapids,14320.0,1.4000000000000001,2021-12-15,,0,
"Halifax,northampton",Roanoke Rapids,14320.0,1.4000000000000001,2021-12-16,,0,
"Halifax,northampton",Roanoke Rapids,14320.0,4.890000000000001,2021-12-17,51234.75382979802,0,31150229.4300858
"Halifax,northampton",Roanoke Rapids,14320.0,3.49,2021-12-18,,0,
"Halifax,northampton",Roanoke Rapids,14320.0,1.4000000000000001,2021-12-19,,0,
"Halifax,northampton",Roanoke Rapids,14320.0,,2021-12-20,,0,
"Halifax,northampton",Roanoke Rapids,14320.0,4.890000000000001,2021-12-21,51112.62075065219,0,37831620.1711348
"Halifax,northampton",Roanoke Rapids,14320.0,6.28,2021-12-22,,0,
"Halifax,northampton",Roanoke Rapids,14320.0,9.780000000000001,2021-12-23,13829.316685939339,0,8408089.34223435
"Halifax,northampton",Roanoke Rapids,14320.0,6.28,2021-12-24,,0,
"Halifax,northampton",Roanoke Rapids,14320.0,5.59,2021-12-25,,0,
"Halifax,northampton",Roanoke Rapids,14320.0,3.49,2021-12-26,,0,
"Halifax,northampton",Roanoke Rapids,14320.0,6.98,2021-12-27,,0,
"Halifax,northampton",Roanoke Rapids,14320.0,21.650000000000002,2021-12-28,,0,
"Halifax,northampton",Roanoke Rapids,14320.0,48.88,2021-12-29,75498.34435270756,0,47898005.4825818
"Halifax,northampton",Roanoke Rapids,14320.0,52.370000000000005,2021-12-30,,0,
"Halifax,northampton",Roanoke Rapids,14320.0,45.39,2021-12-31,391583.3244661991,0,269132593.766013
"Halifax,northampton",Roanoke Rapids,14320.0,50.28,2022-01-01,,0,
"Halifax,northampton",Roanoke Rapids,14320.0,13.969999999999999,2022-01-02,,0,
"Halifax,northampton",Roanoke Rapids,14320.0,16.06,2022-01-03,,0,
"Halifax,northampton",Roanoke Rapids,14320.0,59.36000000000001,2022-01-04,,0,
"Halifax,northampton",Roanoke Rapids,14320.0,36.31,2022-01-18,,0,
"Halifax,northampton",Roanoke Rapids,14320.0,81.7,2022-01-19,88741.19674649418,0,126674092.268615
"Halifax,northampton",Roanoke Rapids,14320.0,64.25,2022-01-20,,0,
"Halifax,northampton",Roanoke Rapids,14320.0,46.09,2022-01-21,238668.17969725258,0,214507359.86371
"Halifax,northampton",Roanoke Rapids,14320.0,8.38,2022-01-22,,0,
"Halifax,northampton",Roanoke Rapids,14320.0,4.890000000000001,2022-01-23,,0,
"Halifax,northampton",Roanoke Rapids,14320.0,1.4000000000000001,2022-01-24,,0,
"Halifax,northampton",Roanoke Rapids,14320.0,56.56,2022-01-25,,0,
"Halifax,northampton",Roanoke Rapids,14320.0,27.230000000000004,2022-01-26,73950.99728874513,0,62555107.2931431
"Halifax,northampton",Roanoke Rapids,14320.0,27.930000000000003,2022-01-27,,0,
"Halifax,northampton",Roanoke Rapids,14320.0,18.16,2022-01-28,50187.14974971185,0,41126616.8752747
"Halifax,northampton",Roanoke Rapids,14320.0,14.66,2022-01-29,,0,
"Halifax,northampton",Roanoke Rapids,14320.0,4.19,2022-01-30,,0,
"Halifax,northampton",Roanoke Rapids,14320.0,1.4000000000000001,2022-01-31,,0,
"Halifax,northampton",Roanoke Rapids,14320.0,27.230000000000004,2022-02-01,,0,
"Halifax,northampton",Roanoke Rapids,14320.0,23.740000000000002,2022-02-02,17553.489681541967,0,12528411.0034479
"Halifax,northampton",Roanoke Rapids,14320.0,13.27,2022-02-03,,0,
"Halifax,northampton",Roanoke Rapids,14320.0,10.47,2022-02-04,24571.324750611217,0,16887706.7771302
"Halifax,northampton",Roanoke Rapids,14320.0,6.98,2022-02-05,,0,
"Halifax,northampton",Roanoke Rapids,14320.0,4.19,2022-02-06,,0,
"Halifax,northampton",Roanoke Rapids,14320.0,3.49,2022-02-07,,0,
"Halifax,northampton",Roanoke Rapids,14320.0,7.68,2022-02-08,,0,
"Halifax,northampton",Roanoke Rapids,14320.0,6.98,2022-02-09,9762.812094883326,0,9032578.29356839
"Halifax,northampton",Roanoke Rapids,14320.0,6.28,2022-02-10,,0,
"Halifax,northampton",Roanoke Rapids,14320.0,5.59,2022-02-11,7331.439149307601,0,6589264.04816218
"Halifax,northampton",Roanoke Rapids,14320.0,1.4000000000000001,2022-02-12,,0,
"Halifax,northampton",Roanoke Rapids,14320.0,3.49,2022-02-13,,0,
"Halifax,northampton",Roanoke Rapids,14320.0,1.4000000000000001,2022-02-14,,0,
"Halifax,northampton",Roanoke Rapids,14320.0,8.38,2022-02-15,13114.877048604027,0,8667083.72552122
"Halifax,northampton",Roanoke Rapids,14320.0,3.49,2022-02-16,,0,
"Halifax,northampton",Roanoke Rapids,14320.0,5.59,2022-02-17,,0,
"Halifax,northampton",Roanoke Rapids,14320.0,3.49,2022-02-18,13435.028842544416,0,9233805.25624828
"Halifax,northampton",Roanoke Rapids,14320.0,4.19,2022-02-19,,0,
"Halifax,northampton",Roanoke Rapids,14320.0,,2022-02-20,,0,
"Halifax,northampton",Roanoke Rapids,14320.0,1.4000000000000001,2022-02-21,,0,
"Halifax,northampton",Roanoke Rapids,14320.0,5.59,2022-02-22,,0,
"Halifax,northampton",Roanoke Rapids,14320.0,1.4000000000000001,2022-02-23,11250.0,0,7434663.05865919
"Halifax,northampton",Roanoke Rapids,14320.0,1.4000000000000001,2022-02-24,,0,
"Halifax,northampton",Roanoke Rapids,14320.0,1.4000000000000001,2022-02-25,0.0,0,227764.282955721
"Halifax,northampton",Roanoke Rapids,14320.0,,2022-02-26,,0,
"Halifax,northampton",Roanoke Rapids,14320.0,1.4000000000000001,2022-02-27,,0,
"Halifax,northampton",Roanoke Rapids,14320.0,1.4000000000000001,2022-02-28,,0,
"Halifax,northampton",Roanoke Rapids,14320.0,1.4000000000000001,2022-03-01,,0,
"Halifax,northampton",Roanoke Rapids,14320.0,1.4000000000000001,2022-03-02,3716.517186829632,0,1964874.88254537
"Halifax,northampton",Roanoke Rapids,14320.0,1.4000000000000001,2022-03-03,,0,
"Halifax,northampton",Roanoke Rapids,14320.0,1.4000000000000001,2022-03-04,0.0,0,219910.342164145
"Halifax,northampton",Roanoke Rapids,14320.0,1.4000000000000001,2022-03-05,,0,
"Halifax,northampton",Roanoke Rapids,14320.0,,2022-03-06,,0,
"Halifax,northampton",Roanoke Rapids,14320.0,,2022-03-07,,0,
"Halifax,northampton",Roanoke Rapids,14320.0,1.4000000000000001,2022-03-08,,0,
"Halifax,northampton",Roanoke Rapids,14320.0,,2022-03-09,0.0,0,204202.460580992
"Halifax,northampton",Roanoke Rapids,14320.0,1.4000000000000001,2022-03-10,,0,
"Halifax,northampton",Roanoke Rapids,14320.0,,2022-03-11,0.0,0,243472.164538875
"Halifax,northampton",Roanoke Rapids,14320.0,1.4000000000000001,2022-03-12,,0,
"Halifax,northampton",Roanoke Rapids,14320.0,1.4000000000000001,2022-03-13,,0,
"Halifax,northampton",Roanoke Rapids,14320.0,,2022-03-14,,0,
"Halifax,northampton",Roanoke Rapids,14320.0,1.4000000000000001,2022-03-15,,0,
"Halifax,northampton",Roanoke Rapids,14320.0,,2022-03-16,0.0,0,274887.927705182
"Halifax,northampton",Roanoke Rapids,14320.0,,2022-03-17,,0,
"Halifax,northampton",Roanoke Rapids,14320.0,,2022-03-18,0.0,0,267033.986913605
"Halifax,northampton",Roanoke Rapids,14320.0,,2022-03-19,,0,
"Halifax,northampton",Roanoke Rapids,14320.0,,2022-03-20,,0,
"Halifax,northampton",Roanoke Rapids,14320.0,,2022-03-21,,0,
"Halifax,northampton",Roanoke Rapids,14320.0,,2022-03-22,,0,
"Halifax,northampton",Roanoke Rapids,14320.0,1.4000000000000001,2022-03-23,0.0,0,1026034.52850097
"Halifax,northampton",Roanoke Rapids,14320.0,,2022-03-24,,0,
"Halifax,northampton",Roanoke Rapids,14320.0,,2022-03-25,0.0,0,3450821.74403619
"Halifax,northampton",Roanoke Rapids,14320.0,,2022-03-26,,0,
"Halifax,northampton",Roanoke Rapids,14320.0,1.4000000000000001,2022-03-27,,0,
"Halifax,northampton",Roanoke Rapids,14320.0,,2022-03-28,,0,
"Halifax,northampton",Roanoke Rapids,14320.0,,2022-03-29,,0,
"Halifax,northampton",Roanoke Rapids,14320.0,,2022-03-30,0.0,0,329865.513246218
"Halifax,northampton",Roanoke Rapids,14320.0,,2022-03-31,,0,
"Halifax,northampton",Roanoke Rapids,14320.0,1.4000000000000001,2022-04-01,0.0,0,267033.986913605
"Halifax,northampton",Roanoke Rapids,14320.0,,2022-04-02,,0,
"Halifax,northampton",Roanoke Rapids,14320.0,,2022-04-03,,0,
"Halifax,northampton",Roanoke Rapids,14320.0,,2022-04-04,,0,
"Halifax,northampton",Roanoke Rapids,14320.0,,2022-04-05,,0,
"Halifax,northampton",Roanoke Rapids,14320.0,,2022-04-06,0.0,0,243472.164538875
"Halifax,northampton",Roanoke Rapids,14320.0,1.4000000000000001,2022-04-07,,0,
"Halifax,northampton",Roanoke Rapids,14320.0,,2022-04-08,83740.6711222211,0,75263448.6022758
"Halifax,northampton",Roanoke Rapids,14320.0,1.4000000000000001,2022-04-09,,0,
"Halifax,northampton",Roanoke Rapids,14320.0,,2022-04-10,,0,
"Halifax,northampton",Roanoke Rapids,14320.0,1.4000000000000001,2022-04-11,,0,
"Halifax,northampton",Roanoke Rapids,14320.0,,2022-04-12,,0,
"Halifax,northampton",Roanoke Rapids,14320.0,,2022-04-13,0.0,0,235618.223747299
"Halifax,northampton",Roanoke Rapids,14320.0,,2022-04-14,,0,
"Halifax,northampton",Roanoke Rapids,14320.0,1.4000000000000001,2022-04-15,0.0,0,227764.282955721
"Halifax,northampton",Roanoke Rapids,14320.0,1.4000000000000001,2022-04-16,,0,
"Halifax,northampton",Roanoke Rapids,14320.0,,2022-04-17,,0,
"Halifax,northampton",Roanoke Rapids,14320.0,,2022-04-18,,0,
"Halifax,northampton",Roanoke Rapids,14320.0,1.4000000000000001,2022-04-19,,0,
"Halifax,northampton",Roanoke Rapids,14320.0,1.4000000000000001,2022-04-20,4500.000000000005,0,4282365.9217877
"Halifax,northampton",Roanoke Rapids,14320.0,1.4000000000000001,2022-04-21,,0,
"Halifax,northampton",Roanoke Rapids,14320.0,1.4000000000000001,2022-04-22,4123.105625617668,0,3269749.44871782
"Halifax,northampton",Roanoke Rapids,14320.0,1.4000000000000001,2022-04-23,,0,
"Halifax,northampton",Roanoke Rapids,14320.0,,2022-04-24,,0,
"Halifax,northampton",Roanoke Rapids,14320.0,,2022-04-25,,0,
"Halifax,northampton",Roanoke Rapids,14320.0,1.4000000000000001,2022-04-26,,0,
"Halifax,northampton",Roanoke Rapids,14320.0,1.4000000000000001,2022-04-27,14031.215200402265,0,9643560.14322395
"Halifax,northampton",Roanoke Rapids,14320.0,1.4000000000000001,2022-04-28,,0,
"Halifax,northampton",Roanoke Rapids,14320.0,1.4000000000000001,2022-04-29,4834.769901453429,0,3450708.97761151
"Halifax,northampton",Roanoke Rapids,14320.0,1.4000000000000001,2022-04-30,,0,
"Halifax,northampton",Roanoke Rapids,14320.0,,2022-05-01,,0,
"Halifax,northampton",Roanoke Rapids,14320.0,,2022-05-02,,0,
"Halifax,northampton",Roanoke Rapids,14320.0,3.49,2022-05-03,,0,
"Halifax,northampton",Roanoke Rapids,14320.0,4.890000000000001,2022-05-04,34274.62618322772,0,23556720.8017021
"Halifax,northampton",Roanoke Rapids,14320.0,1.4000000000000001,2022-05-05,,0,
"Halifax,northampton",Roanoke Rapids,14320.0,1.4000000000000001,2022-05-06,14361.406616345086,0,9870498.48982769
"Halifax,northampton",Roanoke Rapids,14320.0,4.19,2022-05-07,,0,
"Halifax,northampton",Roanoke Rapids,14320.0,1.4000000000000001,2022-05-08,,0,
"Halifax,northampton",Roanoke Rapids,14320.0,,2022-05-09,,0,
"Halifax,northampton",Roanoke Rapids,14320.0,5.59,2022-05-10,,0,
"Halifax,northampton",Roanoke Rapids,14320.0,6.28,2022-05-11,33122.87729047708,0,19262803.5844844
"Halifax,northampton",Roanoke Rapids,14320.0,4.19,2022-05-12,,0,
"Halifax,northampton",Roanoke Rapids,14320.0,4.19,2022-05-13,18493.242008906924,0,11732567.3129356
"Halifax,northampton",Roanoke Rapids,14320.0,1.4000000000000001,2022-05-14,,0,
"Halifax,northampton",Roanoke Rapids,14320.0,1.4000000000000001,2022-05-15,,0,
"Halifax,northampton",Roanoke Rapids,14320.0,1.4000000000000001,2022-05-16,,0,
"Halifax,northampton",Roanoke Rapids,14320.0,7.68,2022-05-17,,0,
"Halifax,northampton",Roanoke Rapids,14320.0,9.08,2022-05-18,5226.136240091724,0,3730037.95619808
"Halifax,northampton",Roanoke Rapids,14320.0,1.4000000000000001,2022-05-19,,0,
"Halifax,northampton",Roanoke Rapids,14320.0,6.98,2022-05-20,14611.639196202483,0,9269983.07485553
"Halifax,northampton",Roanoke Rapids,14320.0,1.4000000000000001,2022-05-21,,0,
"Halifax,northampton",Roanoke Rapids,14320.0,3.49,2022-05-22,,0,
"Halifax,northampton",Roanoke Rapids,14320.0,1.4000000000000001,2022-05-23,,0,
"Halifax,northampton",Roanoke Rapids,14320.0,7.68,2022-05-24,,0,
"Halifax,northampton",Roanoke Rapids,14320.0,5.59,2022-05-25,56236.109396009924,0,38650700.9860268
"Halifax,northampton",Roanoke Rapids,14320.0,6.28,2022-05-26,,0,
"Halifax,northampton",Roanoke Rapids,14320.0,4.890000000000001,2022-05-27,11592.02311936963,0,9192830.51314143
"Halifax,northampton",Roanoke Rapids,14320.0,6.28,2022-05-28,,0,
"Halifax,northampton",Roanoke Rapids,14320.0,1.4000000000000001,2022-05-29,,0,
"Halifax,northampton",Roanoke Rapids,14320.0,1.4000000000000001,2022-05-30,,0,
"Halifax,northampton",Roanoke Rapids,14320.0,1.4000000000000001,2022-05-31,,0,
"Halifax,northampton",Roanoke Rapids,14320.0,6.28,2022-06-01,13479.15056670857,0,7482566.39427088
"Halifax,northampton",Roanoke Rapids,14320.0,3.49,2022-06-02,,0,
"Halifax,northampton",Roanoke Rapids,14320.0,4.19,2022-06-03,3929.058411375431,0,2596553.37123262
"Halifax,northampton",Roanoke Rapids,14320.0,3.49,2022-06-04,,0,
"Halifax,northampton",Roanoke Rapids,14320.0,1.4000000000000001,2022-06-05,,0,
"Halifax,northampton",Roanoke Rapids,14320.0,1.4000000000000001,2022-06-06,,0,
"Halifax,northampton",Roanoke Rapids,14320.0,13.969999999999999,2022-06-07,,0,
"Halifax,northampton",Roanoke Rapids,14320.0,,2022-06-08,18234.582528810482,0,10604428.4322646
"Halifax,northampton",Roanoke Rapids,14320.0,6.98,2022-06-09,,0,
"Halifax,northampton",Roanoke Rapids,14320.0,6.98,2022-06-10,8299.096336348919,0,4826388.15625371
"Halifax,northampton",Roanoke Rapids,14320.0,5.59,2022-06-11,,0,
"Halifax,northampton",Roanoke Rapids,14320.0,1.4000000000000001,2022-06-12,,0,
"Halifax,northampton",Roanoke Rapids,14320.0,3.49,2022-06-13,,0,
"Halifax,northampton",Roanoke Rapids,14320.0,7.68,2022-06-14,,0,
"Halifax,northampton",Roanoke Rapids,14320.0,6.98,2022-06-15,16294.170736800328,0,9475970.57231735
"Halifax,northampton",Roanoke Rapids,14320.0,4.890000000000001,2022-06-16,,0,
"Halifax,northampton",Roanoke Rapids,14320.0,8.38,2022-06-17,28340.562803162593,0,17230785.1117814
"Halifax,northampton",Roanoke Rapids,14320.0,9.08,2022-06-18,,0,
"Halifax,northampton",Roanoke Rapids,14320.0,1.4000000000000001,2022-06-19,,0,
"Halifax,northampton",Roanoke Rapids,14320.0,1.4000000000000001,2022-06-20,,0,
"Halifax,northampton",Roanoke Rapids,14320.0,12.57,2022-06-21,,0,
"Halifax,northampton",Roanoke Rapids,14320.0,5.59,2022-06-22,11124.297730643497,0,6175336.93590177
"Halifax,northampton",Roanoke Rapids,14320.0,6.28,2022-06-23,,0,
"Halifax,northampton",Roanoke Rapids,14320.0,1.4000000000000001,2022-06-24,0.0,0,515408.966093445
"Halifax,northampton",Roanoke Rapids,14320.0,5.59,2022-06-25,,0,
"Halifax,northampton",Roanoke Rapids,14320.0,1.4000000000000001,2022-06-26,,0,
"Halifax,northampton",Roanoke Rapids,14320.0,1.4000000000000001,2022-06-27,,0,
"Halifax,northampton",Roanoke Rapids,14320.0,9.08,2022-06-28,,0,
"Halifax,northampton",Roanoke Rapids,14320.0,3.49,2022-06-29,3824.2646351945905,0,2729483.42494253
"Halifax,northampton",Roanoke Rapids,14320.0,4.19,2022-06-30,,0,
"Halifax,northampton",Roanoke Rapids,14320.0,1.4000000000000001,2022-07-01,6269.96810199224,0,3977821.8860248094
"Halifax,northampton",Roanoke Rapids,14320.0,4.19,2022-07-02,,0,
"Halifax,northampton",Roanoke Rapids,14320.0,1.4000000000000001,2022-07-03,,0,
"Halifax,northampton",Roanoke Rapids,14320.0,1.4000000000000001,2022-07-04,,0,
"Halifax,northampton",Roanoke Rapids,14320.0,1.4000000000000001,2022-07-05,,0,
"Halifax,northampton",Roanoke Rapids,14320.0,6.98,2022-07-06,0.0,0,450982.845331764
"Halifax,northampton",Roanoke Rapids,14320.0,9.08,2022-07-07,,0,
"Halifax,northampton",Roanoke Rapids,14320.0,6.98,2022-07-08,7322.9092579384105,0,4839410.03928072
"Halifax,northampton",Roanoke Rapids,14320.0,11.170000000000002,2022-07-09,,0,
"Halifax,northampton",Roanoke Rapids,14320.0,1.4000000000000001,2022-07-10,,0,
"Halifax,northampton",Roanoke Rapids,14320.0,1.4000000000000001,2022-07-11,,0,
"Halifax,northampton",Roanoke Rapids,14320.0,11.170000000000002,2022-07-12,,0,
"Halifax,northampton",Roanoke Rapids,14320.0,9.780000000000001,2022-07-13,50219.51811795892,0,31860496.7402884
"Halifax,northampton",Roanoke Rapids,14320.0,9.780000000000001,2022-07-14,,0,
"Halifax,northampton",Roanoke Rapids,14320.0,10.47,2022-07-15,22682.592444427537,0,16788793.2422891
"Halifax,northampton",Roanoke Rapids,14320.0,4.890000000000001,2022-07-16,,0,
"Halifax,northampton",Roanoke Rapids,14320.0,5.59,2022-07-17,,0,
"Halifax,northampton",Roanoke Rapids,14320.0,4.890000000000001,2022-07-18,,0,
"Halifax,northampton",Roanoke Rapids,14320.0,12.57,2022-07-19,,0,
"Halifax,northampton",Roanoke Rapids,14320.0,9.08,2022-07-20,58630.19699779279,0,44945696.115558
"Halifax,northampton",Roanoke Rapids,14320.0,5.59,2022-07-21,,0,
"Halifax,northampton",Roanoke Rapids,14320.0,17.46,2022-07-22,86240.94155330173,0,59272820.9780207
"Halifax,northampton",Roanoke Rapids,14320.0,9.780000000000001,2022-07-23,,0,
"Halifax,northampton",Roanoke Rapids,14320.0,11.170000000000002,2022-07-24,,0,
"Halifax,northampton",Roanoke Rapids,14320.0,7.68,2022-07-25,,0,
"Halifax,northampton",Roanoke Rapids,14320.0,10.47,2022-07-26,,0,
"Halifax,northampton",Roanoke Rapids,14320.0,16.76,2022-07-27,34003.676271838594,0,21572768.0714107
"Halifax,northampton",Roanoke Rapids,14320.0,10.47,2022-07-28,,0,
"Halifax,northampton",Roanoke Rapids,14320.0,11.870000000000001,2022-07-29,23382.68590217986,0,16688869.5445601
"Halifax,northampton",Roanoke Rapids,14320.0,6.28,2022-07-30,,0,
"Halifax,northampton",Roanoke Rapids,14320.0,5.59,2022-07-31,,0,
"Halifax,northampton",Roanoke Rapids,14320.0,3.49,2022-08-01,,0,
"Halifax,northampton",Roanoke Rapids,14320.0,9.08,2022-08-02,,0,
"Halifax,northampton",Roanoke Rapids,14320.0,9.780000000000001,2022-08-03,23869.436524560006,0,20822116.240658306
"Halifax,northampton",Roanoke Rapids,14320.0,6.28,2022-08-04,,0,
"Halifax,northampton",Roanoke Rapids,14320.0,8.38,2022-08-05,66467.80235572711,0,50953975.9223722
"Halifax,northampton",Roanoke Rapids,14320.0,6.28,2022-08-06,,0,
"Halifax,northampton",Roanoke Rapids,14320.0,3.49,2022-08-07,,0,
"Halifax,northampton",Roanoke Rapids,14320.0,6.98,2022-08-08,,0,
"Halifax,northampton",Roanoke Rapids,14320.0,11.870000000000001,2022-08-09,30346.308465775543,0,18450258.8654048
"Halifax,northampton",Roanoke Rapids,14320.0,6.28,2022-08-10,,0,
"Halifax,northampton",Roanoke Rapids,14320.0,10.47,2022-08-11,,0,
"Halifax,northampton",Roanoke Rapids,14320.0,7.68,2022-08-12,58523.49955359817,0,37128746.683272
"Halifax,northampton",Roanoke Rapids,14320.0,3.49,2022-08-13,,0,
"Halifax,northampton",Roanoke Rapids,14320.0,3.49,2022-08-14,,0,
"Halifax,northampton",Roanoke Rapids,14320.0,4.19,2022-08-15,,0,
"Halifax,northampton",Roanoke Rapids,14320.0,11.170000000000002,2022-08-16,45056.9084603016,0,26203109.4153893
"Halifax,northampton",Roanoke Rapids,14320.0,4.890000000000001,2022-08-17,,0,
"Halifax,northampton",Roanoke Rapids,14320.0,11.170000000000002,2022-08-18,,0,
"Halifax,northampton",Roanoke Rapids,14320.0,6.98,2022-08-19,45586.45632202616,0,28921168.4516308
"Halifax,northampton",Roanoke Rapids,14320.0,9.780000000000001,2022-08-20,,0,
"Halifax,northampton",Roanoke Rapids,14320.0,4.890000000000001,2022-08-21,,0,
"Halifax,northampton",Roanoke Rapids,14320.0,6.98,2022-08-22,,0,
"Halifax,northampton",Roanoke Rapids,14320.0,9.08,2022-08-23,,0,
"Halifax,northampton",Roanoke Rapids,14320.0,6.28,2022-08-24,78062.47497997989,0,55715347.1041119
"Halifax,northampton",Roanoke Rapids,14320.0,6.98,2022-08-25,,0,
"Halifax,northampton",Roanoke Rapids,14320.0,6.98,2022-08-26,10250.000000000013,0,6231899.7905028
"Halifax,northampton",Roanoke Rapids,14320.0,1.4000000000000001,2022-08-27,,0,
"Halifax,northampton",Roanoke Rapids,14320.0,1.4000000000000001,2022-08-28,,0,
"Halifax,northampton",Roanoke Rapids,14320.0,1.4000000000000001,2022-08-29,,0,
"Halifax,northampton",Roanoke Rapids,14320.0,4.890000000000001,2022-08-30,,0,
"Halifax,northampton",Roanoke Rapids,14320.0,3.49,2022-08-31,22346.69998008656,0,12995854.4574136
"Halifax,northampton",Roanoke Rapids,14320.0,5.59,2022-09-01,,0,
"Halifax,northampton",Roanoke Rapids,14320.0,4.890000000000001,2022-09-02,26110.342778293856,0,15184623.0039453
"Halifax,northampton",Roanoke Rapids,14320.0,6.98,2022-09-03,,0,
"Halifax,northampton",Roanoke Rapids,14320.0,3.49,2022-09-04,,0,
"Halifax,northampton",Roanoke Rapids,14320.0,5.59,2022-09-05,,0,
"Halifax,northampton",Roanoke Rapids,14320.0,1.4000000000000001,2022-09-06,,0,
"Halifax,northampton",Roanoke Rapids,14320.0,10.47,2022-09-07,23858.96058088031,0,11983229.5968883
"Halifax,northampton",Roanoke Rapids,14320.0,6.98,2022-09-08,,0,
"Halifax,northampton",Roanoke Rapids,14320.0,6.98,2022-09-09,26427.968139832454,0,15369339.8961136
"Halifax,northampton",Roanoke Rapids,14320.0,9.780000000000001,2022-09-10,,0,
"Halifax,northampton",Roanoke Rapids,14320.0,4.890000000000001,2022-09-11,,0,
"Halifax,northampton",Roanoke Rapids,14320.0,1.4000000000000001,2022-09-12,,0,
"Halifax,northampton",Roanoke Rapids,14320.0,9.08,2022-09-13,,0,
"Halifax,northampton",Roanoke Rapids,14320.0,7.68,2022-09-14,16248.07680927191,0,15032761.5110588
"Halifax,northampton",Roanoke Rapids,14320.0,3.49,2022-09-15,,0,
"Halifax,northampton",Roanoke Rapids,14320.0,1.4000000000000001,2022-09-16,26107.948981105346,0,15873377.7352007
"Halifax,northampton",Roanoke Rapids,14320.0,3.49,2022-09-17,,0,
"Halifax,northampton",Roanoke Rapids,14320.0,1.4000000000000001,2022-09-18,,0,
"Halifax,northampton",Roanoke Rapids,14320.0,1.4000000000000001,2022-09-19,,0,
"Halifax,northampton",Roanoke Rapids,14320.0,6.28,2022-09-20,,0,
"Halifax,northampton",Roanoke Rapids,14320.0,1.4000000000000001,2022-09-21,17748.239349298852,0,9383266.09397146
"Halifax,northampton",Roanoke Rapids,14320.0,1.4000000000000001,2022-09-22,,0,
"Halifax,northampton",Roanoke Rapids,14320.0,4.19,2022-09-23,28829.23863025174,0,16765812.8354818
"Halifax,northampton",Roanoke Rapids,14320.0,6.28,2022-09-24,,0,
"Halifax,northampton",Roanoke Rapids,14320.0,,2022-09-25,,0,
"Halifax,northampton",Roanoke Rapids,14320.0,,2022-09-26,,0,
"Halifax,northampton",Roanoke Rapids,14320.0,4.19,2022-09-27,,0,
"Halifax,northampton",Roanoke Rapids,14320.0,3.49,2022-09-28,56124.86080160916,0,29672492.748381305
"Halifax,northampton",Roanoke Rapids,14320.0,1.4000000000000001,2022-09-29,,0,
"Halifax,northampton",Roanoke Rapids,14320.0,4.890000000000001,2022-09-30,6113.509630318747,0,3555347.38688119
"Halifax,northampton",Roanoke Rapids,14320.0,1.4000000000000001,2022-10-01,,0,
"Halifax,northampton",Roanoke Rapids,14320.0,1.4000000000000001,2022-10-02,,0,
"Halifax,northampton",Roanoke Rapids,14320.0,1.4000000000000001,2022-10-03,,0,
"Halifax,northampton",Roanoke Rapids,14320.0,4.19,2022-10-04,,0,
"Halifax,northampton",Roanoke Rapids,14320.0,5.59,2022-10-05,3872.98334620742,0,2866635.14276912
"Halifax,northampton",Roanoke Rapids,14320.0,3.49,2022-10-06,,0,
"Halifax,northampton",Roanoke Rapids,14320.0,1.4000000000000001,2022-10-07,19483.084902854676,0,12360547.9761898
"Halifax,northampton",Roanoke Rapids,14320.0,6.98,2022-10-08,,0,
"Halifax,northampton",Roanoke Rapids,14320.0,1.4000000000000001,2022-10-09,,0,
"Halifax,northampton",Roanoke Rapids,14320.0,3.49,2022-10-10,,0,
"Halifax,northampton",Roanoke Rapids,14320.0,4.890000000000001,2022-10-11,,0,
"Halifax,northampton",Roanoke Rapids,14320.0,4.19,2022-10-12,28832.50602664189,0,17529881.782156
"Halifax,northampton",Roanoke Rapids,14320.0,3.49,2022-10-13,,0,
"Halifax,northampton",Roanoke Rapids,14320.0,1.4000000000000001,2022-10-14,8645.808232895291,0,5028020.49347513
"Halifax,northampton",Roanoke Rapids,14320.0,3.49,2022-10-15,,0,
"Halifax,northampton",Roanoke Rapids,14320.0,1.4000000000000001,2022-10-16,,0,
"Halifax,northampton",Roanoke Rapids,14320.0,,2022-10-17,,0,
"Halifax,northampton",Roanoke Rapids,14320.0,1.4000000000000001,2022-10-18,,0,
"Halifax,northampton",Roanoke Rapids,14320.0,1.4000000000000001,2022-10-19,9617.692030835686,0,5847462.72703268
"Halifax,northampton",Roanoke Rapids,14320.0,4.19,2022-10-20,,0,
"Halifax,northampton",Roanoke Rapids,14320.0,4.890000000000001,2022-10-21,23345.235059857478,0,14193674.680855
"Halifax,northampton",Roanoke Rapids,14320.0,1.4000000000000001,2022-10-22,,0,
"Halifax,northampton",Roanoke Rapids,14320.0,1.4000000000000001,2022-10-23,,0,
"Halifax,northampton",Roanoke Rapids,14320.0,1.4000000000000001,2022-10-24,,0,
"Halifax,northampton",Roanoke Rapids,14320.0,4.890000000000001,2022-10-25,,0,
"Halifax,northampton",Roanoke Rapids,14320.0,4.890000000000001,2022-10-26,17392.5271309261,0,10114726.1761938
"Halifax,northampton",Roanoke Rapids,14320.0,4.890000000000001,2022-10-27,,0,
"Halifax,northampton",Roanoke Rapids,14320.0,1.4000000000000001,2022-10-28,68738.63542433763,0,45426541.6437302
"Halifax,northampton",Roanoke Rapids,14320.0,1.4000000000000001,2022-10-29,,0,
"Halifax,northampton",Roanoke Rapids,14320.0,,2022-10-30,,0,
"Halifax,northampton",Roanoke Rapids,14320.0,1.4000000000000001,2022-10-31,,0,
"Halifax,northampton",Roanoke Rapids,14320.0,4.19,2022-11-01,,0,
"Halifax,northampton",Roanoke Rapids,14320.0,3.49,2022-11-02,3929.058411375431,0,2284966.96668471
"Halifax,northampton",Roanoke Rapids,14320.0,1.4000000000000001,2022-11-03,,0,
"Halifax,northampton",Roanoke Rapids,14320.0,1.4000000000000001,2022-11-04,8284.020762890446,0,5255586.40153834
"Halifax,northampton",Roanoke Rapids,14320.0,6.28,2022-11-05,,0,
"Halifax,northampton",Roanoke Rapids,14320.0,1.4000000000000001,2022-11-06,,0,
"Halifax,northampton",Roanoke Rapids,14320.0,1.4000000000000001,2022-11-07,,0,
"Halifax,northampton",Roanoke Rapids,14320.0,6.98,2022-11-08,,0,
"Halifax,northampton",Roanoke Rapids,14320.0,1.4000000000000001,2022-11-09,6314.665470157548,0,3839254.87029951
"Halifax,northampton",Roanoke Rapids,14320.0,1.4000000000000001,2022-11-10,,0,
"Halifax,northampton",Roanoke Rapids,14320.0,1.4000000000000001,2022-11-11,14102.304776170475,0,7455707.33236251
"Halifax,northampton",Roanoke Rapids,14320.0,1.4000000000000001,2022-11-12,,0,
"Halifax,northampton",Roanoke Rapids,14320.0,1.4000000000000001,2022-11-13,,0,
"Halifax,northampton",Roanoke Rapids,14320.0,1.4000000000000001,2022-11-14,,0,
"Halifax,northampton",Roanoke Rapids,14320.0,5.59,2022-11-15,,0,
"Halifax,northampton",Roanoke Rapids,14320.0,1.4000000000000001,2022-11-16,11683.32144554791,0,6176821.92737109
"Halifax,northampton",Roanoke Rapids,14320.0,,2022-11-17,,0,
"Halifax,northampton",Roanoke Rapids,14320.0,1.4000000000000001,2022-11-18,14598.80132065645,0,9261838.41104126
"Halifax,northampton",Roanoke Rapids,14320.0,1.4000000000000001,2022-11-19,,0,
"Halifax,northampton",Roanoke Rapids,14320.0,,2022-11-20,,0,
"Halifax,northampton",Roanoke Rapids,14320.0,1.4000000000000001,2022-11-21,,0,
"Halifax,northampton",Roanoke Rapids,14320.0,1.4000000000000001,2022-11-22,,0,
"Halifax,northampton",Roanoke Rapids,14320.0,1.4000000000000001,2022-11-23,29685.855217594803,0,16479256.7259381
"Halifax,northampton",Roanoke Rapids,14320.0,4.890000000000001,2022-11-24,,0,
"Halifax,northampton",Roanoke Rapids,14320.0,,2022-11-25,,0,
"Halifax,northampton",Roanoke Rapids,14320.0,1.4000000000000001,2022-11-26,,0,
"Halifax,northampton",Roanoke Rapids,14320.0,1.4000000000000001,2022-11-27,,0,
"Halifax,northampton",Roanoke Rapids,14320.0,1.4000000000000001,2022-11-28,,0,
"Halifax,northampton",Roanoke Rapids,14320.0,4.19,2022-11-29,5494.315243958978,0,5373831.66344862
"Halifax,northampton",Roanoke Rapids,14320.0,4.890000000000001,2022-11-30,,0,
"Halifax,northampton",Roanoke Rapids,14320.0,1.4000000000000001,2022-12-01,,0,
"Halifax,northampton",Roanoke Rapids,14320.0,3.49,2022-12-02,13416.407864998755,0,12058240.1626651
"Halifax,northampton",Roanoke Rapids,14320.0,4.890000000000001,2022-12-03,,0,
"Halifax,northampton",Roanoke Rapids,14320.0,1.4000000000000001,2022-12-04,,0,
"Halifax,northampton",Roanoke Rapids,14320.0,1.4000000000000001,2022-12-05,,0,
"Halifax,northampton",Roanoke Rapids,14320.0,6.28,2022-12-06,,0,
"Halifax,northampton",Roanoke Rapids,14320.0,4.19,2022-12-07,13860.916275629123,0,8793706.00051952
"Halifax,northampton",Roanoke Rapids,14320.0,4.19,2022-12-08,,0,
"Halifax,northampton",Roanoke Rapids,14320.0,3.49,2022-12-09,18799.93351052073,0,12921068.268707
"Halifax,northampton",Roanoke Rapids,14320.0,4.19,2022-12-10,,0,
"Halifax,northampton",Roanoke Rapids,14320.0,1.4000000000000001,2022-12-11,,0,
"Halifax,northampton",Roanoke Rapids,14320.0,3.49,2022-12-12,,0,
"Halifax,northampton",Roanoke Rapids,14320.0,3.49,2022-12-13,,0,
"Halifax,northampton",Roanoke Rapids,14320.0,5.59,2022-12-14,10356.157588603988,0,6296442.56652048
"Halifax,northampton",Roanoke Rapids,14320.0,4.890000000000001,2022-12-15,,0,
"Halifax,northampton",Roanoke Rapids,14320.0,1.4000000000000001,2022-12-16,29805.620275377645,0,17333633.3085831
"Halifax,northampton",Roanoke Rapids,14320.0,7.68,2022-12-17,,0,
"Halifax,northampton",Roanoke Rapids,14320.0,1.4000000000000001,2022-12-18,,0,
"Halifax,northampton",Roanoke Rapids,14320.0,,2022-12-19,,0,
"Halifax,northampton",Roanoke Rapids,14320.0,6.28,2022-12-20,37334.63539396099,0,28620595.920312
"Halifax,northampton",Roanoke Rapids,14320.0,5.59,2022-12-21,,0,
"Halifax,northampton",Roanoke Rapids,14320.0,7.68,2022-12-22,,0,
"Halifax,northampton",Roanoke Rapids,14320.0,6.28,2022-12-23,54543.56057317866,0,37487423.5267909
"Halifax,northampton",Roanoke Rapids,14320.0,5.59,2022-12-24,,0,
"Halifax,northampton",Roanoke Rapids,14320.0,5.59,2022-12-25,,0,
"Halifax,northampton",Roanoke Rapids,14320.0,1.4000000000000001,2022-12-26,,0,
"Halifax,northampton",Roanoke Rapids,14320.0,7.68,2022-12-27,,0,
"Halifax,northampton",Roanoke Rapids,14320.0,9.08,2022-12-28,,0,
"Halifax,northampton",Roanoke Rapids,14320.0,4.890000000000001,2022-12-29,61846.58438426492,0,44141617.5576906
"Halifax,northampton",Roanoke Rapids,14320.0,13.969999999999999,2022-12-30,,0,
"Halifax,northampton",Roanoke Rapids,14320.0,6.28,2022-12-31,,0,
"Halifax,northampton",Roanoke Rapids,14320.0,1.4000000000000001,2023-01-01,,0,
"Halifax,northampton",Roanoke Rapids,14320.0,3.49,2023-01-02,,0,
"Halifax,northampton",Roanoke Rapids,14320.0,12.57,2023-01-03,,0,
"Halifax,northampton",Roanoke Rapids,14320.0,10.47,2023-01-04,,0,
"Halifax,northampton",Roanoke Rapids,14320.0,8.38,2023-01-05,,0,
"Halifax,northampton",Roanoke Rapids,14320.0,8.38,2023-01-06,125499.00398011136,0,126064450.609775
"Halifax,northampton",Roanoke Rapids,14320.0,4.19,2023-01-07,,0,
"Halifax,northampton",Roanoke Rapids,14320.0,5.59,2023-01-08,,0,
"Halifax,northampton",Roanoke Rapids,14320.0,1.4000000000000001,2023-01-09,,0,
"Halifax,northampton",Roanoke Rapids,14320.0,19.55,2023-01-10,,0,
"Halifax,northampton",Roanoke Rapids,14320.0,4.19,2023-01-11,46618.79985585217,0,33273126.6362237
"Halifax,northampton",Roanoke Rapids,14320.0,7.68,2023-01-12,,0,
"Halifax,northampton",Roanoke Rapids,14320.0,6.98,2023-01-13,18654.758106177655,0,12328163.6409086
"Halifax,northampton",Roanoke Rapids,14320.0,4.19,2023-01-14,,0,
"Halifax,northampton",Roanoke Rapids,14320.0,1.4000000000000001,2023-01-15,,0,
"Halifax,northampton",Roanoke Rapids,14320.0,1.4000000000000001,2023-01-16,,0,
"Halifax,northampton",Roanoke Rapids,14320.0,4.890000000000001,2023-01-17,,0,
"Halifax,northampton",Roanoke Rapids,14320.0,4.19,2023-01-18,9437.293044088445,0,6486188.24243296
"Halifax,northampton",Roanoke Rapids,14320.0,3.49,2023-01-19,,0,
"Halifax,northampton",Roanoke Rapids,14320.0,6.98,2023-01-20,19078.7840283389,0,13617055.7586843
"Halifax,northampton",Roanoke Rapids,14320.0,4.890000000000001,2023-01-21,,0,
"Halifax,northampton",Roanoke Rapids,14320.0,1.4000000000000001,2023-01-22,,0,
"Halifax,northampton",Roanoke Rapids,14320.0,1.4000000000000001,2023-01-23,,0,
"Halifax,northampton",Roanoke Rapids,14320.0,3.49,2023-01-24,5623.610939600999,0,5351635.52114218
"Halifax,northampton",Roanoke Rapids,14320.0,4.890000000000001,2023-01-25,,0,
"Halifax,northampton",Roanoke Rapids,14320.0,1.4000000000000001,2023-01-26,,0,
"Halifax,northampton",Roanoke Rapids,14320.0,1.4000000000000001,2023-01-27,9737.171047075237,0,8494063.40986557
"Halifax,northampton",Roanoke Rapids,14320.0,5.59,2023-01-28,,0,
"Halifax,northampton",Roanoke Rapids,14320.0,1.4000000000000001,2023-01-29,,0,
"Halifax,northampton",Roanoke Rapids,14320.0,1.4000000000000001,2023-01-30,,0,
"Halifax,northampton",Roanoke Rapids,14320.0,3.49,2023-01-31,,0,
"Halifax,northampton",Roanoke Rapids,14320.0,3.49,2023-02-01,29983.328701129954,0,29325831.1537326
"Halifax,northampton",Roanoke Rapids,14320.0,4.890000000000001,2023-02-02,,0,
"Halifax,northampton",Roanoke Rapids,14320.0,4.890000000000001,2023-02-03,28341.665441536796,0,29967748.7045791
"Halifax,northampton",Roanoke Rapids,14320.0,6.98,2023-02-04,,0,
"Halifax,northampton",Roanoke Rapids,14320.0,1.4000000000000001,2023-02-05,,0,
"Halifax,northampton",Roanoke Rapids,14320.0,4.19,2023-02-06,,0,
"Halifax,northampton",Roanoke Rapids,14320.0,4.890000000000001,2023-02-07,,0,
"Halifax,northampton",Roanoke Rapids,14320.0,6.98,2023-02-08,13874.43692551162,0,12103140.2705896
"Halifax,northampton",Roanoke Rapids,14320.0,,2023-02-09,,0,
"Halifax,northampton",Roanoke Rapids,14320.0,4.19,2023-02-10,4183.300132670386,0,4312731.2050712705
"Halifax,northampton",Roanoke Rapids,14320.0,1.4000000000000001,2023-02-11,,0,
"Halifax,northampton",Roanoke Rapids,14320.0,1.4000000000000001,2023-02-12,,0,
"Halifax,northampton",Roanoke Rapids,14320.0,3.49,2023-02-13,,0,
"Halifax,northampton",Roanoke Rapids,14320.0,3.49,2023-02-14,11366.067921669306,0,14722280.461059
"Halifax,northampton",Roanoke Rapids,14320.0,,2023-02-15,,0,
"Halifax,northampton",Roanoke Rapids,14320.0,1.4000000000000001,2023-02-16,,0,
"Halifax,northampton",Roanoke Rapids,14320.0,1.4000000000000001,2023-02-17,11374.313166077329,0,10523543.1358967
"Halifax,northampton",Roanoke Rapids,14320.0,1.4000000000000001,2023-02-18,,0,
"Halifax,northampton",Roanoke Rapids,14320.0,1.4000000000000001,2023-02-19,,0,
"Halifax,northampton",Roanoke Rapids,14320.0,1.4000000000000001,2023-02-20,,0,
"Halifax,northampton",Roanoke Rapids,14320.0,1.4000000000000001,2023-02-21,19810.035335657525,0,15709966.7094129
"Halifax,northampton",Roanoke Rapids,14320.0,1.4000000000000001,2023-02-22,,0,
"Halifax,northampton",Roanoke Rapids,14320.0,1.4000000000000001,2023-02-23,,0,
"Halifax,northampton",Roanoke Rapids,14320.0,1.4000000000000001,2023-02-24,15198.684153570679,0,12856558.4346204
"Halifax,northampton",Roanoke Rapids,14320.0,1.4000000000000001,2023-02-25,,0,
"Halifax,northampton",Roanoke Rapids,14320.0,1.4000000000000001,2023-02-26,,0,
"Halifax,northampton",Roanoke Rapids,14320.0,1.4000000000000001,2023-02-27,,0,
"Halifax,northampton",Roanoke Rapids,14320.0,1.4000000000000001,2023-02-28,18279.086410430904,0,13529485.3599529
"Halifax,northampton",Roanoke Rapids,14320.0,,2023-03-01,,0,
"Halifax,northampton",Roanoke Rapids,14320.0,1.4000000000000001,2023-03-02,,0,
"Halifax,northampton",Roanoke Rapids,14320.0,1.4000000000000001,2023-03-03,7615.773105863921,0,5636905.93867487
"Halifax,northampton",Roanoke Rapids,14320.0,1.4000000000000001,2023-03-04,,0,
"Halifax,northampton",Roanoke Rapids,14320.0,1.4000000000000001,2023-03-05,,0,
"Halifax,northampton",Roanoke Rapids,14320.0,1.4000000000000001,2023-03-06,,0,
"Halifax,northampton",Roanoke Rapids,14320.0,3.49,2023-03-07,,0,
"Halifax,northampton",Roanoke Rapids,14320.0,1.4000000000000001,2023-03-08,18498.31073368591,0,14669728.7956622
"Halifax,northampton",Roanoke Rapids,14320.0,1.4000000000000001,2023-03-09,,0,
"Halifax,northampton",Roanoke Rapids,14320.0,1.4000000000000001,2023-03-10,6873.863542433757,0,5269478.83067271
"Halifax,northampton",Roanoke Rapids,14320.0,1.4000000000000001,2023-03-11,,0,
"Halifax,northampton",Roanoke Rapids,14320.0,1.4000000000000001,2023-03-12,,0,
"Halifax,northampton",Roanoke Rapids,14320.0,,2023-03-13,,0,
"Halifax,northampton",Roanoke Rapids,14320.0,1.4000000000000001,2023-03-14,,0,
"Halifax,northampton",Roanoke Rapids,14320.0,1.4000000000000001,2023-03-15,4330.127018922194,0,3548387.90042088
"Halifax,northampton",Roanoke Rapids,14320.0,1.4000000000000001,2023-03-16,,0,
"Halifax,northampton",Roanoke Rapids,14320.0,1.4000000000000001,2023-03-17,4992.5516106746445,0,3827271.9353658105
"Halifax,northampton",Roanoke Rapids,14320.0,1.4000000000000001,2023-03-18,,0,
"Halifax,northampton",Roanoke Rapids,14320.0,,2023-03-19,,0,
"Halifax,northampton",Roanoke Rapids,14320.0,,2023-03-20,,0,
"Halifax,northampton",Roanoke Rapids,14320.0,4.19,2023-03-21,,0,
"Halifax,northampton",Roanoke Rapids,14320.0,1.4000000000000001,2023-03-22,6349.4566567148095,0,4363938.9939702
"Halifax,northampton",Roanoke Rapids,14320.0,1.4000000000000001,2023-03-23,,0,
"Halifax,northampton",Roanoke Rapids,14320.0,1.4000000000000001,2023-03-24,6358.682182260727,0,4538367.314132
"Halifax,northampton",Roanoke Rapids,14320.0,,2023-03-25,,0,
"Halifax,northampton",Roanoke Rapids,14320.0,,2023-03-26,,0,
"Halifax,northampton",Roanoke Rapids,14320.0,,2023-03-27,,0,
"Halifax,northampton",Roanoke Rapids,14320.0,1.4000000000000001,2023-03-28,,0,
"Halifax,northampton",Roanoke Rapids,14320.0,,2023-03-29,9037.687580349311,0,7406069.410379071
"Halifax,northampton",Roanoke Rapids,14320.0,1.4000000000000001,2023-03-30,,0,
"Halifax,northampton",Roanoke Rapids,14320.0,1.4000000000000001,2023-03-31,5547.682340401265,0,5572677.90357183
"Halifax,northampton",Roanoke Rapids,14320.0,,2023-04-01,,0,
"Halifax,northampton",Roanoke Rapids,14320.0,,2023-04-02,,0,
"Halifax,northampton",Roanoke Rapids,14320.0,,2023-04-03,,0,
"Halifax,northampton",Roanoke Rapids,14320.0,1.4000000000000001,2023-04-04,,0,
"Halifax,northampton",Roanoke Rapids,14320.0,1.4000000000000001,2023-04-05,9374.44136975639,0,6938605.37786398
"Halifax,northampton",Roanoke Rapids,14320.0,,2023-04-06,,0,
"Halifax,northampton",Roanoke Rapids,14320.0,1.4000000000000001,2023-04-07,0.0,0,235618.223747299
"Halifax,northampton",Roanoke Rapids,14320.0,1.4000000000000001,2023-04-08,,0,
"Halifax,northampton",Roanoke Rapids,14320.0,,2023-04-09,,0,
"Halifax,northampton",Roanoke Rapids,14320.0,,2023-04-10,,0,
"Halifax,northampton",Roanoke Rapids,14320.0,1.4000000000000001,2023-04-11,15798.519051797231,0,18375442.8548995
"Halifax,northampton",Roanoke Rapids,14320.0,1.4000000000000001,2023-04-12,,0,
"Halifax,northampton",Roanoke Rapids,14320.0,,2023-04-13,,0,
"Halifax,northampton",Roanoke Rapids,14320.0,1.4000000000000001,2023-04-14,9179.717347963391,0,9221077.35936637
"Halifax,northampton",Roanoke Rapids,14320.0,1.4000000000000001,2023-04-15,,0,
"Halifax,northampton",Roanoke Rapids,14320.0,,2023-04-16,,0,
"Halifax,northampton",Roanoke Rapids,14320.0,1.4000000000000001,2023-04-17,,0,
"Halifax,northampton",Roanoke Rapids,14320.0,1.4000000000000001,2023-04-18,,0,
"Halifax,northampton",Roanoke Rapids,14320.0,1.4000000000000001,2023-04-19,0.0,0,897434.243473485
"Halifax,northampton",Roanoke Rapids,14320.0,,2023-04-20,,0,
"Halifax,northampton",Roanoke Rapids,14320.0,,2023-04-21,2107.5976798241177,0,1949954.67180319
"Halifax,northampton",Roanoke Rapids,14320.0,1.4000000000000001,2023-04-22,,0,
"Halifax,northampton",Roanoke Rapids,14320.0,1.4000000000000001,2023-04-23,,0,
"Halifax,northampton",Roanoke Rapids,14320.0,1.4000000000000001,2023-04-24,,0,
"Halifax,northampton",Roanoke Rapids,14320.0,,2023-04-25,,0,
"Halifax,northampton",Roanoke Rapids,14320.0,,2023-04-26,0.0,0,259180.046122028
"Halifax,northampton",Roanoke Rapids,14320.0,1.4000000000000001,2023-04-27,,0,
"Halifax,northampton",Roanoke Rapids,14320.0,,2023-04-28,0.0,0,243472.164538875
"Halifax,northampton",Roanoke Rapids,14320.0,,2023-04-29,,0,
"Halifax,northampton",Roanoke Rapids,14320.0,1.4000000000000001,2023-04-30,,0,
"Halifax,northampton",Roanoke Rapids,14320.0,1.4000000000000001,2023-05-01,,0,
"Halifax,northampton",Roanoke Rapids,14320.0,,2023-05-02,,0,
"Halifax,northampton",Roanoke Rapids,14320.0,1.4000000000000001,2023-05-03,2582.090211437237,0,4231865.54298337
"Halifax,northampton",Roanoke Rapids,14320.0,1.4000000000000001,2023-05-04,,0,
"Halifax,northampton",Roanoke Rapids,14320.0,1.4000000000000001,2023-05-05,0.0,0,329865.513246218
"Halifax,northampton",Roanoke Rapids,14320.0,,2023-05-06,,0,
"Halifax,northampton",Roanoke Rapids,14320.0,,2023-05-07,,0,
"Halifax,northampton",Roanoke Rapids,14320.0,,2023-05-08,,0,
"Halifax,northampton",Roanoke Rapids,14320.0,1.4000000000000001,2023-05-09,0.0,0,227764.282955721
"Halifax,northampton",Roanoke Rapids,14320.0,3.49,2023-05-10,,0,
"Halifax,northampton",Roanoke Rapids,14320.0,,2023-05-11,,0,
"Halifax,northampton",Roanoke Rapids,14320.0,1.4000000000000001,2023-05-12,0.0,0,1138381.53122288
"Halifax,northampton",Roanoke Rapids,14320.0,,2023-05-13,,0,
"Halifax,northampton",Roanoke Rapids,14320.0,,2023-05-14,,0,
"Halifax,northampton",Roanoke Rapids,14320.0,,2023-05-15,,0,
"Halifax,northampton",Roanoke Rapids,14320.0,,2023-05-16,,0,
"Halifax,northampton",Roanoke Rapids,14320.0,1.4000000000000001,2023-05-17,0.0,0,534193.173161552
"Halifax,northampton",Roanoke Rapids,14320.0,,2023-05-18,,0,
"Halifax,northampton",Roanoke Rapids,14320.0,1.4000000000000001,2023-05-19,0.0,0,282741.868496758
"Halifax,northampton",Roanoke Rapids,14320.0,1.4000000000000001,2023-05-20,,0,
"Halifax,northampton",Roanoke Rapids,14320.0,,2023-05-21,,0,
"Halifax,northampton",Roanoke Rapids,14320.0,,2023-05-22,,0,
"Halifax,northampton",Roanoke Rapids,14320.0,,2023-05-23,,0,
"Halifax,northampton",Roanoke Rapids,14320.0,,2023-05-24,0.0,0,1022652.3936555
"Halifax,northampton",Roanoke Rapids,14320.0,,2023-05-25,,0,
"Halifax,northampton",Roanoke Rapids,14320.0,,2023-05-26,0.0,0,196348.519789415
"Halifax,northampton",Roanoke Rapids,14320.0,,2023-05-27,,0,
"Halifax,northampton",Roanoke Rapids,14320.0,,2023-05-28,,0,
"Halifax,northampton",Roanoke Rapids,14320.0,,2023-05-29,,0,
"Halifax,northampton",Roanoke Rapids,14320.0,,2023-05-30,,0,
"Halifax,northampton",Roanoke Rapids,14320.0,,2023-05-31,3396.3911841099816,0,2603661.14847463
"Halifax,northampton",Roanoke Rapids,14320.0,,2023-06-01,,0,
"Halifax,northampton",Roanoke Rapids,14320.0,,2023-06-02,0.0,0,212056.401372568
"Halifax,northampton",Roanoke Rapids,14320.0,,2023-06-03,,0,
"Halifax,northampton",Roanoke Rapids,14320.0,,2023-06-04,,0,
"Halifax,northampton",Roanoke Rapids,14320.0,,2023-06-05,,0,
"Halifax,northampton",Roanoke Rapids,14320.0,,2023-06-06,,0,
"Halifax,northampton",Roanoke Rapids,14320.0,,2023-06-07,0.0,0,212056.401372568
"Halifax,northampton",Roanoke Rapids,14320.0,,2023-06-08,,0,
"Halifax,northampton",Roanoke Rapids,14320.0,,2023-06-09,0.0,0,204202.460580992
"Halifax,northampton",Roanoke Rapids,14320.0,,2023-06-10,,0,
"Halifax,northampton",Roanoke Rapids,14320.0,,2023-06-11,,0,
"Halifax,northampton",Roanoke Rapids,14320.0,,2023-06-12,,0,
"Halifax,northampton",Roanoke Rapids,14320.0,,2023-06-13,,0,
"Halifax,northampton",Roanoke Rapids,14320.0,,2023-06-14,0.0,0,204202.460580992
"Halifax,northampton",Roanoke Rapids,14320.0,,2023-06-15,,0,
"Halifax,northampton",Roanoke Rapids,14320.0,,2023-06-16,7222.533004424425,0,5154921.53452234
"Halifax,northampton",Roanoke Rapids,14320.0,,2023-06-17,,0,
"Halifax,northampton",Roanoke Rapids,14320.0,,2023-06-18,,0,
"Halifax,northampton",Roanoke Rapids,14320.0,,2023-06-19,,0,
"Halifax,northampton",Roanoke Rapids,14320.0,,2023-06-20,,0,
"Halifax,northampton",Roanoke Rapids,14320.0,,2023-06-21,4085.6551094959045,0,2700041.69893257
"Halifax,northampton",Roanoke Rapids,14320.0,,2023-06-22,,0,
"Halifax,northampton",Roanoke Rapids,14320.0,,2023-06-23,2168.311459803211,0,1490265.93015653
"Halifax,northampton",Roanoke Rapids,14320.0,,2023-06-24,,0,
"Halifax,northampton",Roanoke Rapids,14320.0,,2023-06-25,,0,
"Halifax,northampton",Roanoke Rapids,14320.0,,2023-06-26,,0,
"Halifax,northampton",Roanoke Rapids,14320.0,,2023-06-27,,0,
"Halifax,northampton",Roanoke Rapids,14320.0,,2023-06-28,2955.5344118211024,0,1953191.33423665
"Halifax,northampton",Roanoke Rapids,14320.0,,2023-06-29,,0,
"Halifax,northampton",Roanoke Rapids,14320.0,,2023-06-30,13245.25575442016,0,8753245.65865606
"Halifax,northampton",Roanoke Rapids,14320.0,,2023-07-01,,0,
"Halifax,northampton",Roanoke Rapids,14320.0,,2023-07-02,,0,
"Halifax,northampton",Roanoke Rapids,14320.0,,2023-07-03,,0,
"Halifax,northampton",Roanoke Rapids,14320.0,,2023-07-04,,0,
"Halifax,northampton",Roanoke Rapids,14320.0,,2023-07-05,22104.795859722424,0,13439499.7743718
"Halifax,northampton",Roanoke Rapids,14320.0,,2023-07-06,,0,
"Halifax,northampton",Roanoke Rapids,14320.0,,2023-07-07,15159.894458735513,0,8415583.47881316
"Halifax,northampton",Roanoke Rapids,14320.0,,2023-07-08,,0,
"Halifax,northampton",Roanoke Rapids,14320.0,,2023-07-09,,0,
"Halifax,northampton",Roanoke Rapids,14320.0,,2023-07-10,,0,
"Halifax,northampton",Roanoke Rapids,14320.0,,2023-07-11,,0,
"Halifax,northampton",Roanoke Rapids,14320.0,,2023-07-12,0.0,0,2991872.77103179
"Halifax,northampton",Roanoke Rapids,14320.0,,2023-07-13,,0,
"Halifax,northampton",Roanoke Rapids,14320.0,,2023-07-14,0.0,0,2035109.06563911
"Halifax,northampton",Roanoke Rapids,14320.0,,2023-07-15,,0,
"Halifax,northampton",Roanoke Rapids,14320.0,,2023-07-16,,0,
"Halifax,northampton",Roanoke Rapids,14320.0,,2023-07-17,,0,
"Halifax,northampton",Roanoke Rapids,14320.0,,2023-07-18,9987.832597716082,0,6864570.38687328
"Halifax,northampton",Roanoke Rapids,14320.0,,2023-07-19,,0,
"Halifax,northampton",Roanoke Rapids,14320.0,,2023-07-20,,0,
"Halifax,northampton",Roanoke Rapids,14320.0,,2023-07-21,5182.972120318611,0,5069315.91185334
"Halifax,northampton",Roanoke Rapids,14320.0,,2023-07-22,,0,
"Halifax,northampton",Roanoke Rapids,14320.0,,2023-07-23,,0,
"Halifax,northampton",Roanoke Rapids,14320.0,,2023-07-24,,0,
"Halifax,northampton",Roanoke Rapids,14320.0,,2023-07-25,,0,
"Halifax,northampton",Roanoke Rapids,14320.0,,2023-07-26,7551.741521000309,0,12376776.996668
"Halifax,northampton",Roanoke Rapids,14320.0,,2023-07-27,,0,
"Halifax,northampton",Roanoke Rapids,14320.0,,2023-07-28,8896.651055312885,0,7996026.66733637
"Halifax,northampton",Roanoke Rapids,14320.0,,2023-07-29,,0,
"Halifax,northampton",Roanoke Rapids,14320.0,,2023-07-30,,0,
"Halifax,northampton",Roanoke Rapids,14320.0,,2023-07-31,,0,
"Halifax,northampton",Roanoke Rapids,14320.0,,2023-08-01,24543.838330627917,0,18166416.740707
"Halifax,northampton",Roanoke Rapids,14320.0,,2023-08-02,,0,
"Halifax,northampton",Roanoke Rapids,14320.0,,2023-08-03,,0,
"Halifax,northampton",Roanoke Rapids,14320.0,,2023-08-04,27962.875388629123,0,18479516.148065
"Halifax,northampton",Roanoke Rapids,14320.0,,2023-08-05,,0,
"Halifax,northampton",Roanoke Rapids,14320.0,,2023-08-06,,0,
"Halifax,northampton",Roanoke Rapids,14320.0,,2023-08-07,,0,
"Halifax,northampton",Roanoke Rapids,14320.0,,2023-08-08,,0,
"Halifax,northampton",Roanoke Rapids,14320.0,,2023-08-09,70115.20519830206,0,48189710.4867246
"Halifax,northampton",Roanoke Rapids,14320.0,,2023-08-10,,0,
"Halifax,northampton",Roanoke Rapids,14320.0,,2023-08-11,57292.41485572074,0,39376692.6471087
"Halifax,northampton",Roanoke Rapids,14320.0,,2023-08-12,,0,
"Halifax,northampton",Roanoke Rapids,14320.0,,2023-08-13,,0,
"Halifax,northampton",Roanoke Rapids,14320.0,,2023-08-14,,0,
"Halifax,northampton",Roanoke Rapids,14320.0,,2023-08-15,,0,
"Halifax,northampton",Roanoke Rapids,14320.0,,2023-08-16,131267.87268787448,0,83279565.1294993
"Halifax,northampton",Roanoke Rapids,14320.0,,2023-08-17,,0,
"Halifax,northampton",Roanoke Rapids,14320.0,,2023-08-18,79416.96292354679,0,52483409.8203201
"Halifax,northampton",Roanoke Rapids,14320.0,,2023-08-19,,0,
"Halifax,northampton",Roanoke Rapids,14320.0,,2023-08-20,,0,
"Halifax,northampton",Roanoke Rapids,14320.0,,2023-08-21,,0,
"Halifax,northampton",Roanoke Rapids,14320.0,,2023-08-22,,0,
"Halifax,northampton",Roanoke Rapids,14320.0,,2023-08-23,33120.0966182166,0,21012203.4198765
"Halifax,northampton",Roanoke Rapids,14320.0,,2023-08-24,,0,
"Halifax,northampton",Roanoke Rapids,14320.0,,2023-08-25,36850.508816025904,0,25327107.6667373
"Halifax,northampton",Roanoke Rapids,14320.0,,2023-08-26,,0,
"Halifax,northampton",Roanoke Rapids,14320.0,,2023-08-27,,0,
"Halifax,northampton",Roanoke Rapids,14320.0,,2023-08-28,,0,
"Halifax,northampton",Roanoke Rapids,14320.0,,2023-08-29,,0,
"Halifax,northampton",Roanoke Rapids,14320.0,,2023-08-30,31849.954474064816,0,22732193.2750374
"Halifax,northampton",Roanoke Rapids,14320.0,,2023-08-31,,0,
"Halifax,northampton",Roanoke Rapids,14320.0,,2023-09-01,116104.15324181996,0,76728467.4723437
"Halifax,northampton",Roanoke Rapids,14320.0,,2023-09-02,,0,
"Halifax,northampton",Roanoke Rapids,14320.0,,2023-09-03,,0,
"Halifax,northampton",Roanoke Rapids,14320.0,,2023-09-04,,0,
"Halifax,northampton",Roanoke Rapids,14320.0,,2023-09-05,55351.44442559748,0,30726777.3205432
"Halifax,northampton",Roanoke Rapids,14320.0,,2023-09-06,,0,
"Halifax,northampton",Roanoke Rapids,14320.0,,2023-09-07,,0,
"Halifax,northampton",Roanoke Rapids,14320.0,,2023-09-08,142178.97453561844,0,90201836.3475636
"Halifax,northampton",Roanoke Rapids,14320.0,,2023-09-09,,0,
"Halifax,northampton",Roanoke Rapids,14320.0,,2023-09-10,,0,
"Halifax,northampton",Roanoke Rapids,14320.0,,2023-09-11,,0,
"Halifax,northampton",Roanoke Rapids,14320.0,,2023-09-12,,0,
"Halifax,northampton",Roanoke Rapids,14320.0,,2023-09-13,82014.19877070069,0,54199816.3454277
"Halifax,northampton",Roanoke Rapids,14320.0,,2023-09-14,,0,
"Halifax,northampton",Roanoke Rapids,14320.0,,2023-09-15,52586.568627359615,0,41702764.7099177
"Halifax,northampton",Roanoke Rapids,14320.0,,2023-09-16,,0,
"Halifax,northampton",Roanoke Rapids,14320.0,,2023-09-17,,0,
"Halifax,northampton",Roanoke Rapids,14320.0,,2023-09-18,,0,
"Halifax,northampton",Roanoke Rapids,14320.0,,2023-09-19,31460.909077774642,0,29939361.089583
"Halifax,northampton",Roanoke Rapids,14320.0,,2023-09-20,,0,
"Halifax,northampton",Roanoke Rapids,14320.0,,2023-09-21,,0,
"Halifax,northampton",Roanoke Rapids,14320.0,,2023-09-22,23020.000000000022,0,15821491.6759776
"Halifax,northampton",Roanoke Rapids,14320.0,,2023-09-23,,0,
"Halifax,northampton",Roanoke Rapids,14320.0,,2023-09-24,,0,
"Halifax,northampton",Roanoke Rapids,14320.0,,2023-09-25,,0,
"Halifax,northampton",Roanoke Rapids,14320.0,,2023-09-26,,0,
"Halifax,northampton",Roanoke Rapids,14320.0,,2023-09-27,0.0,0,3616349.38270486
"Halifax,northampton",Roanoke Rapids,14320.0,,2023-09-28,,0,
"Halifax,northampton",Roanoke Rapids,14320.0,,2023-09-29,11904.520149926251,0,8496585.23421321
"Halifax,northampton",Roanoke Rapids,14320.0,,2023-09-30,,0,
"Halifax,northampton",Roanoke Rapids,14320.0,,2023-10-01,,0,
"Halifax,northampton",Roanoke Rapids,14320.0,,2023-10-02,,0,
"Halifax,northampton",Roanoke Rapids,14320.0,,2023-10-03,,0,
"Halifax,northampton",Roanoke Rapids,14320.0,,2023-10-04,31819.497167617235,0,21869327.0882385
"Halifax,northampton",Roanoke Rapids,14320.0,,2023-10-05,,0,
"Halifax,northampton",Roanoke Rapids,14320.0,,2023-10-06,77813.0477490761,0,53480386.0662231
"Halifax,northampton",Roanoke Rapids,14320.0,,2023-10-07,,0,
"Halifax,northampton",Roanoke Rapids,14320.0,,2023-10-08,,0,
"Halifax,northampton",Roanoke Rapids,14320.0,,2023-10-09,,0,
"Halifax,northampton",Roanoke Rapids,14320.0,,2023-10-10,,0,
"Halifax,northampton",Roanoke Rapids,14320.0,,2023-10-11,18780.0,0,10921619.1620111
"Halifax,northampton",Roanoke Rapids,14320.0,,2023-10-12,,0,
"Halifax,northampton",Roanoke Rapids,14320.0,,2023-10-13,33681.733922112704,0,23149229.925334495
"Halifax,northampton",Roanoke Rapids,14320.0,,2023-10-14,,0,
"Halifax,northampton",Roanoke Rapids,14320.0,,2023-10-15,,0,
"Halifax,northampton",Roanoke Rapids,14320.0,,2023-10-16,,0,
"Halifax,northampton",Roanoke Rapids,14320.0,,2023-10-17,,0,
"Halifax,northampton",Roanoke Rapids,14320.0,,2023-10-18,28934.9615517284,0,19121927.977987505
"Halifax,northampton",Roanoke Rapids,14320.0,,2023-10-19,,0,
"Halifax,northampton",Roanoke Rapids,14320.0,,2023-10-20,33585.997082117385,0,21307782.1264772
"Halifax,northampton",Roanoke Rapids,14320.0,,2023-10-21,,0,
"Halifax,northampton",Roanoke Rapids,14320.0,,2023-10-22,,0,
"Halifax,northampton",Roanoke Rapids,14320.0,,2023-10-23,,0,
"Halifax,northampton",Roanoke Rapids,14320.0,,2023-10-24,,0,
"Halifax,northampton",Roanoke Rapids,14320.0,,2023-10-25,15327.622124778514,0,10129396.087838
"Halifax,northampton",Roanoke Rapids,14320.0,,2023-10-26,,0,
"Halifax,northampton",Roanoke Rapids,14320.0,,2023-10-27,42028.790132479466,0,27775101.6353853
"Halifax,northampton",Roanoke Rapids,14320.0,,2023-10-28,,0,
"Halifax,northampton",Roanoke Rapids,14320.0,,2023-10-29,,0,
"Halifax,northampton",Roanoke Rapids,14320.0,,2023-10-30,,0,
"Halifax,northampton",Roanoke Rapids,14320.0,,2023-10-31,,0,
"Halifax,northampton",Roanoke Rapids,14320.0,,2023-11-01,16740.000000000015,0,10177756.3407821
"Halifax,northampton",Roanoke Rapids,14320.0,,2023-11-02,,0,
"Halifax,northampton",Roanoke Rapids,14320.0,,2023-11-03,36755.58188901382,0,24290254.8328688
"Halifax,northampton",Roanoke Rapids,14320.0,,2023-11-04,,0,
"Halifax,northampton",Roanoke Rapids,14320.0,,2023-11-05,,0,
"Halifax,northampton",Roanoke Rapids,14320.0,,2023-11-06,,0,
"Halifax,northampton",Roanoke Rapids,14320.0,,2023-11-07,,0,
"Halifax,northampton",Roanoke Rapids,14320.0,,2023-11-08,66415.54637281853,0,43891307.4789921
"Halifax,northampton",Roanoke Rapids,14320.0,,2023-11-09,,0,
"Halifax,northampton",Roanoke Rapids,14320.0,,2023-11-10,,0,
"Halifax,northampton",Roanoke Rapids,14320.0,,2023-11-11,,0,
"Halifax,northampton",Roanoke Rapids,14320.0,,2023-11-12,,0,
"Halifax,northampton",Roanoke Rapids,14320.0,,2023-11-13,,0,
"Halifax,northampton",Roanoke Rapids,14320.0,,2023-11-14,,0,
"Halifax,northampton",Roanoke Rapids,14320.0,,2023-11-15,36631.26533441073,0,21303127.2313639
"Halifax,northampton",Roanoke Rapids,14320.0,,2023-11-16,,0,
"Halifax,northampton",Roanoke Rapids,14320.0,,2023-11-17,35229.169731913884,0,22350251.2463441
"Halifax,northampton",Roanoke Rapids,14320.0,,2023-11-18,,0,
"Halifax,northampton",Roanoke Rapids,14320.0,,2023-11-19,,0,
"Halifax,northampton",Roanoke Rapids,14320.0,,2023-11-20,,0,
"Halifax,northampton",Roanoke Rapids,14320.0,,2023-11-21,,0,
"Halifax,northampton",Roanoke Rapids,14320.0,,2023-11-22,12400.000000000004,0,7539078.77094971
"Halifax,northampton",Roanoke Rapids,14320.0,,2023-11-23,,0,
"Halifax,northampton",Roanoke Rapids,14320.0,,2023-11-24,,0,
"Halifax,northampton",Roanoke Rapids,14320.0,,2023-11-25,,0,
"Halifax,northampton",Roanoke Rapids,14320.0,,2023-11-26,,0,
"Halifax,northampton",Roanoke Rapids,14320.0,,2023-11-27,,0,
"Halifax,northampton",Roanoke Rapids,14320.0,,2023-11-28,,0,
"Halifax,northampton",Roanoke Rapids,14320.0,,2023-11-29,27578.774447027183,0,16767625.2389027
"Halifax,northampton",Roanoke Rapids,14320.0,,2023-11-30,,0,
"Halifax,northampton",Roanoke Rapids,14320.0,,2023-12-01,84178.26797933065,0,48954365.5265159
"Halifax,northampton",Roanoke Rapids,14320.0,,2023-12-02,,0,
"Halifax,northampton",Roanoke Rapids,14320.0,,2023-12-03,,0,
"Halifax,northampton",Roanoke Rapids,14320.0,,2023-12-04,,0,
"Halifax,northampton",Roanoke Rapids,14320.0,,2023-12-05,,0,
"Halifax,northampton",Roanoke Rapids,14320.0,,2023-12-06,17967.971504874993,0,11399322.7935006
"Halifax,northampton",Roanoke Rapids,14320.0,,2023-12-07,,0,
"Halifax,northampton",Roanoke Rapids,14320.0,,2023-12-08,44741.117554214135,0,26019459.3615493
"Halifax,northampton",Roanoke Rapids,14320.0,,2023-12-09,,0,
"Halifax,northampton",Roanoke Rapids,14320.0,,2023-12-10,,0,
"Halifax,northampton",Roanoke Rapids,14320.0,,2023-12-11,,0,
"Halifax,northampton",Roanoke Rapids,14320.0,,2023-12-12,,0,
"Halifax,northampton",Roanoke Rapids,14320.0,,2023-12-13,37680.684707154716,0,32870134.8350927
"Halifax,northampton",Roanoke Rapids,14320.0,,2023-12-14,,0,
"Halifax,northampton",Roanoke Rapids,14320.0,,2023-12-15,19548.135460958933,0,13952044.8554167
"Halifax,northampton",Roanoke Rapids,14320.0,,2023-12-16,,0,
"Halifax,northampton",Roanoke Rapids,14320.0,,2023-12-17,,0,
"Halifax,northampton",Roanoke Rapids,14320.0,,2023-12-18,,0,
"Halifax,northampton",Roanoke Rapids,14320.0,,2023-12-19,,0,
"Halifax,northampton",Roanoke Rapids,14320.0,,2023-12-20,0.0,0,9671632.07002466
"Halifax,northampton",Roanoke Rapids,14320.0,,2023-12-21,,0,
"Halifax,northampton",Roanoke Rapids,14320.0,,2023-12-22,94032.15620201435,0,111855583.68659
"Halifax,northampton",Roanoke Rapids,14320.0,,2023-12-23,,0,
"Halifax,northampton",Roanoke Rapids,14320.0,,2023-12-24,,0,
"Halifax,northampton",Roanoke Rapids,14320.0,,2023-12-25,,0,
"Halifax,northampton",Roanoke Rapids,14320.0,,2023-12-26,,0,
"Halifax,northampton",Roanoke Rapids,14320.0,,2023-12-27,,0,
"Halifax,northampton",Roanoke Rapids,14320.0,,2023-12-28,,0,
"Halifax,northampton",Roanoke Rapids,14320.0,,2023-12-29,66349.0286289106,0,124526470.118739
"Halifax,northampton",Roanoke Rapids,14320.0,,2023-12-30,,0,
"Halifax,northampton",Roanoke Rapids,14320.0,,2023-12-31,,0,
"Halifax,northampton",Roanoke Rapids,14320.0,,2024-01-01,,0,
"Halifax,northampton",Roanoke Rapids,14320.0,,2024-01-02,,0,
"Halifax,northampton",Roanoke Rapids,14320.0,,2024-01-03,139035.94930808383,0,110259779.855618
"Halifax,northampton",Roanoke Rapids,14320.0,,2024-01-04,,0,
"Halifax,northampton",Roanoke Rapids,14320.0,,2024-01-05,180843.4085058121,0,152975338.225229
"Halifax,northampton",Roanoke Rapids,14320.0,,2024-01-06,,0,
"Halifax,northampton",Roanoke Rapids,14320.0,,2024-01-07,,0,
"Halifax,northampton",Roanoke Rapids,14320.0,,2024-01-08,,0,
"Halifax,northampton",Roanoke Rapids,14320.0,,2024-01-09,,0,
"Halifax,northampton",Roanoke Rapids,14320.0,,2024-01-10,110100.89917888967,0,98955182.1756989
"Halifax,northampton",Roanoke Rapids,14320.0,,2024-01-11,,0,
"Halifax,northampton",Roanoke Rapids,14320.0,,2024-01-12,38834.52072576663,0,76992420.4374914
"Halifax,northampton",Roanoke Rapids,14320.0,,2024-01-13,,0,
"Halifax,northampton",Roanoke Rapids,14320.0,,2024-01-14,,0,
"Halifax,northampton",Roanoke Rapids,14320.0,,2024-01-15,,0,
"Halifax,northampton",Roanoke Rapids,14320.0,,2024-01-16,,0,
"Halifax,northampton",Roanoke Rapids,14320.0,,2024-01-17,42814.221936174414,0,56588322.5269534
"Halifax,northampton",Roanoke Rapids,14320.0,,2024-01-18,,0,
"Halifax,northampton",Roanoke Rapids,14320.0,,2024-01-19,101710.2059775715,0,112923045.919797
"Halifax,northampton",Roanoke Rapids,14320.0,,2024-01-20,,0,
"Halifax,northampton",Roanoke Rapids,14320.0,,2024-01-21,,0,
"Halifax,northampton",Roanoke Rapids,14320.0,,2024-01-22,,0,
"Halifax,northampton",Roanoke Rapids,14320.0,,2024-01-23,,0,
"Halifax,northampton",Roanoke Rapids,14320.0,,2024-01-24,170748.2603132461,0,157976719.697217
"Halifax,northampton",Roanoke Rapids,14320.0,,2024-01-25,,0,
"Halifax,northampton",Roanoke Rapids,14320.0,,2024-01-26,108968.7918626245,0,100818200.17519
"Halifax,northampton",Roanoke Rapids,14320.0,,2024-01-27,,0,
"Halifax,northampton",Roanoke Rapids,14320.0,,2024-01-28,,0,
"Halifax,northampton",Roanoke Rapids,14320.0,,2024-01-29,,0,
"Halifax,northampton",Roanoke Rapids,14320.0,,2024-01-30,,0,
"Halifax,northampton",Roanoke Rapids,14320.0,,2024-01-31,26754.551014733937,0,21217181.0218939
"Halifax,northampton",Roanoke Rapids,14320.0,,2024-02-01,,0,
"Halifax,northampton",Roanoke Rapids,14320.0,,2024-02-02,55112.506747561376,0,43705911.2518614
"Halifax,northampton",Roanoke Rapids,14320.0,,2024-02-03,,0,
"Halifax,northampton",Roanoke Rapids,14320.0,,2024-02-04,,0,
"Halifax,northampton",Roanoke Rapids,14320.0,,2024-02-05,,0,
"Halifax,northampton",Roanoke Rapids,14320.0,,2024-02-06,,0,
"Halifax,northampton",Roanoke Rapids,14320.0,,2024-02-07,68087.27634440963,0,52195458.8013247
"Halifax,northampton",Roanoke Rapids,14320.0,,2024-02-08,,0,
"Halifax,northampton",Roanoke Rapids,14320.0,,2024-02-09,202839.04949491384,0,139409918.902997
"Halifax,northampton",Roanoke Rapids,14320.0,,2024-02-10,,0,
"Halifax,northampton",Roanoke Rapids,14320.0,,2024-02-11,,0,
"Halifax,northampton",Roanoke Rapids,14320.0,,2024-02-12,,0,
"Halifax,northampton",Roanoke Rapids,14320.0,,2024-02-13,,0,
"Halifax,northampton",Roanoke Rapids,14320.0,,2024-02-14,68784.0388462323,0,50911332.5290416
"Halifax,northampton",Roanoke Rapids,14320.0,,2024-02-15,,0,
"Halifax,northampton",Roanoke Rapids,14320.0,,2024-02-16,172959.15702847327,0,132589861.714049
"Halifax,northampton",Roanoke Rapids,14320.0,,2024-02-17,,0,
"Halifax,northampton",Roanoke Rapids,14320.0,,2024-02-18,,0,
"Halifax,northampton",Roanoke Rapids,14320.0,,2024-02-19,,0,
"Halifax,northampton",Roanoke Rapids,14320.0,,2024-02-20,,0,
"Halifax,northampton",Roanoke Rapids,14320.0,,2024-02-21,34872.051846715316,0,23045507.168393105
"Halifax,northampton",Roanoke Rapids,14320.0,,2024-02-22,,0,
"Halifax,northampton",Roanoke Rapids,14320.0,,2024-02-23,60959.35039023956,0,40285531.5934379
"Halifax,northampton",Roanoke Rapids,14320.0,,2024-02-24,,0,
"Halifax,northampton",Roanoke Rapids,14320.0,,2024-02-25,,0,
"Halifax,northampton",Roanoke Rapids,14320.0,,2024-02-26,,0,
"Halifax,northampton",Roanoke Rapids,14320.0,,2024-02-27,,0,
"Halifax,northampton",Roanoke Rapids,14320.0,,2024-02-28,50983.565979637046,0,37736098.7322688
"Halifax,northampton",Roanoke Rapids,14320.0,,2024-02-29,,0,
"Halifax,northampton",Roanoke Rapids,14320.0,,2024-03-01,86708.58089024403,0,82515082.651323
"Halifax,northampton",Roanoke Rapids,14320.0,,2024-03-02,,0,
"Halifax,northampton",Roanoke Rapids,14320.0,,2024-03-03,,0,
"Halifax,northampton",Roanoke Rapids,14320.0,,2024-03-04,,0,
"Halifax,northampton",Roanoke Rapids,14320.0,,2024-03-05,,0,
"Halifax,northampton",Roanoke Rapids,14320.0,,2024-03-06,32119.452050120643,0,36509454.4203396
"Halifax,northampton",Roanoke Rapids,14320.0,,2024-03-07,,0,
"Halifax,northampton",Roanoke Rapids,14320.0,,2024-03-08,15012.84783110786,0,28573559.0848537
"Halifax,northampton",Roanoke Rapids,14320.0,,2024-03-09,,0,
"Halifax,northampton",Roanoke Rapids,14320.0,,2024-03-10,,0,
"Halifax,northampton",Roanoke Rapids,14320.0,,2024-03-11,,0,
"Halifax,northampton",Roanoke Rapids,14320.0,,2024-03-12,,0,
"Halifax,northampton",Roanoke Rapids,14320.0,,2024-03-13,17747.16878828847,0,31338218.3410844
"Halifax,northampton",Roanoke Rapids,14320.0,,2024-03-14,,0,
"Halifax,northampton",Roanoke Rapids,14320.0,,2024-03-15,25894.37004447106,0,29433544.5513452
"Halifax,northampton",Roanoke Rapids,14320.0,,2024-03-16,,0,
"Halifax,northampton",Roanoke Rapids,14320.0,,2024-03-17,,0,
"Halifax,northampton",Roanoke Rapids,14320.0,,2024-03-18,,0,
"Halifax,northampton",Roanoke Rapids,14320.0,,2024-03-19,,0,
"Halifax,northampton",Roanoke Rapids,14320.0,,2024-03-20,18685.941239338226,0,16794328.958738
"Halifax,northampton",Roanoke Rapids,14320.0,,2024-03-21,,0,
"Halifax,northampton",Roanoke Rapids,14320.0,,2024-03-22,15555.873488814454,0,13158704.693756
"Halifax,northampton",Roanoke Rapids,14320.0,,2024-03-23,,0,
"Halifax,northampton",Roanoke Rapids,14320.0,,2024-03-24,,0,
"Halifax,northampton",Roanoke Rapids,14320.0,,2024-03-25,,0,
"Halifax,northampton",Roanoke Rapids,14320.0,,2024-03-26,,0,
"Halifax,northampton",Roanoke Rapids,14320.0,,2024-03-27,5975.650592194967,0,5212761.98188497
"Halifax,northampton",Roanoke Rapids,14320.0,,2024-03-28,,0,
"Halifax,northampton",Roanoke Rapids,14320.0,,2024-03-29,16147.941045223084,0,12805813.4146481
"Halifax,northampton",Roanoke Rapids,14320.0,,2024-03-30,,0,
"Halifax,northampton",Roanoke Rapids,14320.0,,2024-03-31,,0,
"Halifax,northampton",Roanoke Rapids,14320.0,,2024-04-01,,0,
"Halifax,northampton",Roanoke Rapids,14320.0,,2024-04-02,,0,
"Halifax,northampton",Roanoke Rapids,14320.0,,2024-04-03,10985.444915887583,0,11325333.9678731
"Halifax,northampton",Roanoke Rapids,14320.0,,2024-04-04,,0,
"Halifax,northampton",Roanoke Rapids,14320.0,,2024-04-05,26377.899840586262,0,29285879.0947997
"Halifax,northampton",Roanoke Rapids,14320.0,,2024-04-06,,0,
"Halifax,northampton",Roanoke Rapids,14320.0,,2024-04-07,,0,
"Halifax,northampton",Roanoke Rapids,14320.0,,2024-04-08,,0,
"Halifax,northampton",Roanoke Rapids,14320.0,,2024-04-09,,0,
"Halifax,northampton",Roanoke Rapids,14320.0,,2024-04-10,22988.196971489568,0,18838024.7576268
"Halifax,northampton",Roanoke Rapids,14320.0,,2024-04-11,,0,
"Halifax,northampton",Roanoke Rapids,14320.0,,2024-04-12,11203.481601716518,0,9477018.82796371
"Halifax,northampton",Roanoke Rapids,14320.0,,2024-04-13,,0,
"Halifax,northampton",Roanoke Rapids,14320.0,,2024-04-14,,0,
"Halifax,northampton",Roanoke Rapids,14320.0,,2024-04-15,,0,
"Halifax,northampton",Roanoke Rapids,14320.0,,2024-04-16,,0,
"Halifax,northampton",Roanoke Rapids,14320.0,,2024-04-17,29635.080563413336,0,21934760.8310953
"Halifax,northampton",Roanoke Rapids,14320.0,,2024-04-18,,0,
"Halifax,northampton",Roanoke Rapids,14320.0,,2024-04-19,14807.862776241553,0,10960217.4936394
"Halifax,northampton",Roanoke Rapids,14320.0,,2024-04-20,,0,
"Halifax,northampton",Roanoke Rapids,14320.0,,2024-04-21,,0,
"Halifax,northampton",Roanoke Rapids,14320.0,,2024-04-22,,0,
"Halifax,northampton",Roanoke Rapids,14320.0,,2024-04-23,,0,
"Halifax,northampton",Roanoke Rapids,14320.0,,2024-04-24,10240.00000000001,0,7579258.9944134
"Halifax,northampton",Roanoke Rapids,14320.0,,2024-04-25,,0,
"Halifax,northampton",Roanoke Rapids,14320.0,,2024-04-26,15602.66643878539,0,11136054.5077458
"Halifax,northampton",Roanoke Rapids,14320.0,,2024-04-27,,0,
"Halifax,northampton",Roanoke Rapids,14320.0,,2024-04-28,,0,
"Halifax,northampton",Roanoke Rapids,14320.0,,2024-04-29,,0,
"Halifax,northampton",Roanoke Rapids,14320.0,,2024-04-30,,0,
"Halifax,northampton",Roanoke Rapids,14320.0,,2024-05-01,0.0,0,1510482.41350988
"Halifax,northampton",Roanoke Rapids,14320.0,,2024-05-02,,0,
"Halifax,northampton",Roanoke Rapids,14320.0,,2024-05-03,14390.27449355987,0,9890339.18830978
"Halifax,northampton",Roanoke Rapids,14320.0,,2024-05-04,,0,
"Halifax,northampton",Roanoke Rapids,14320.0,,2024-05-05,,0,
"Halifax,northampton",Roanoke Rapids,14320.0,,2024-05-06,,0,
"Halifax,northampton",Roanoke Rapids,14320.0,,2024-05-07,,0,
"Halifax,northampton",Roanoke Rapids,14320.0,,2024-05-08,11649.721026702733,0,11086304.0717967
"Halifax,northampton",Roanoke Rapids,14320.0,,2024-05-09,,0,
"Halifax,northampton",Roanoke Rapids,14320.0,,2024-05-10,0.0,0,2871279.42475527
"Halifax,northampton",Roanoke Rapids,14320.0,,2024-05-11,,0,
"Halifax,northampton",Roanoke Rapids,14320.0,,2024-05-12,,0,
"Halifax,northampton",Roanoke Rapids,14320.0,,2024-05-13,,0,
"Halifax,northampton",Roanoke Rapids,14320.0,,2024-05-14,,0,
"Halifax,northampton",Roanoke Rapids,14320.0,,2024-05-15,10478.740382316948,0,8032964.32579226
Henderson,Hendersonville,16000.0,,2022-05-25,661669.2308542564,0,935029362.8612099
Henderson,Hendersonville,16000.0,,2022-05-26,1992733.4765129338,0,1008915479.14143
Henderson,Hendersonville,16000.0,,2022-05-27,,0,
Henderson,Hendersonville,16000.0,,2022-05-28,,0,
Henderson,Hendersonville,16000.0,,2022-05-29,,0,
Henderson,Hendersonville,16000.0,,2022-05-30,,0,
Henderson,Hendersonville,16000.0,,2022-05-31,966986.5279767344,0,495530819.956548
Henderson,Hendersonville,16000.0,,2022-06-01,,0,
Henderson,Hendersonville,16000.0,,2022-06-02,,0,
Henderson,Hendersonville,16000.0,,2022-06-03,,0,
Henderson,Hendersonville,16000.0,,2022-06-04,,0,
Henderson,Hendersonville,16000.0,,2022-06-05,,0,
Henderson,Hendersonville,16000.0,,2022-06-06,,0,
Henderson,Hendersonville,16000.0,,2022-06-07,1596180.5160355808,0,746964715.802712
Henderson,Hendersonville,16000.0,,2022-06-08,,0,
Henderson,Hendersonville,16000.0,,2022-06-09,2211980.5041529336,0,1802861299.77804
Henderson,Hendersonville,16000.0,,2022-06-10,,0,
Henderson,Hendersonville,16000.0,,2022-06-11,,0,
Henderson,Hendersonville,16000.0,,2022-06-12,,0,
Henderson,Hendersonville,16000.0,,2022-06-13,,0,
Henderson,Hendersonville,16000.0,,2022-06-14,1203393.9967173222,0,546924024.198051
Henderson,Hendersonville,16000.0,,2022-06-15,,0,
Henderson,Hendersonville,16000.0,,2022-06-16,1439342.8943734434,0,439284392.75912493
Henderson,Hendersonville,16000.0,,2022-06-17,,0,
Henderson,Hendersonville,16000.0,,2022-06-18,,0,
Henderson,Hendersonville,16000.0,,2022-06-19,,0,
Henderson,Hendersonville,16000.0,,2022-06-20,,0,
Henderson,Hendersonville,16000.0,,2022-06-21,,0,
Henderson,Hendersonville,16000.0,,2022-06-22,,0,
Henderson,Hendersonville,16000.0,,2022-06-23,1990597.2108288207,0,836407941.687731
Henderson,Hendersonville,16000.0,,2022-06-24,,0,
Henderson,Hendersonville,16000.0,,2022-06-25,,0,
Henderson,Hendersonville,16000.0,,2022-06-26,,0,
Henderson,Hendersonville,16000.0,,2022-06-27,,0,
Henderson,Hendersonville,16000.0,,2022-06-28,3656061.733114472,0,2101032789.33294
Henderson,Hendersonville,16000.0,,2022-06-29,,0,
Henderson,Hendersonville,16000.0,,2022-06-30,,0,
Henderson,Hendersonville,16000.0,,2022-07-01,,0,
Henderson,Hendersonville,16000.0,,2022-07-02,,0,
Henderson,Hendersonville,16000.0,,2022-07-03,,0,
Henderson,Hendersonville,16000.0,,2022-07-04,,0,
Henderson,Hendersonville,16000.0,,2022-07-05,2512000.0386265707,0,1443573668.39757
Henderson,Hendersonville,16000.0,,2022-07-06,,0,
Henderson,Hendersonville,16000.0,,2022-07-07,2069436.5193783971,0,1189245231.63157
Henderson,Hendersonville,16000.0,,2022-07-08,,0,
Henderson,Hendersonville,16000.0,,2022-07-09,,0,
Henderson,Hendersonville,16000.0,,2022-07-10,,0,
Henderson,Hendersonville,16000.0,,2022-07-11,,0,
Henderson,Hendersonville,16000.0,,2022-07-12,2565945.619060105,0,1474574631.07385
Henderson,Hendersonville,16000.0,,2022-07-13,,0,
Henderson,Hendersonville,16000.0,,2022-07-14,2833174.5998481866,0,1628143386.7134
Henderson,Hendersonville,16000.0,,2022-07-15,,0,
Henderson,Hendersonville,16000.0,,2022-07-16,,0,
Henderson,Hendersonville,16000.0,,2022-07-17,,0,
Henderson,Hendersonville,16000.0,,2022-07-18,,0,
Henderson,Hendersonville,16000.0,,2022-07-19,2916047.622153355,0,1675768112.42228
Henderson,Hendersonville,16000.0,,2022-07-20,,0,
Henderson,Hendersonville,16000.0,,2022-07-21,1935548.5389206794,0,1112303686.99315
Henderson,Hendersonville,16000.0,,2022-07-22,,0,
Henderson,Hendersonville,16000.0,,2022-07-23,,0,
Henderson,Hendersonville,16000.0,,2022-07-24,,0,
Henderson,Hendersonville,16000.0,,2022-07-25,,0,
Henderson,Hendersonville,16000.0,,2022-07-26,,0,
Henderson,Hendersonville,16000.0,,2022-07-27,1486910.242155693,0,854484251.52899
Henderson,Hendersonville,16000.0,,2022-07-28,2299436.68125094,0,1321419663.28003
Henderson,Hendersonville,16000.0,,2022-07-29,,0,
Henderson,Hendersonville,16000.0,,2022-07-30,,0,
Henderson,Hendersonville,16000.0,,2022-07-31,,0,
Henderson,Hendersonville,16000.0,,2022-08-01,,0,
Henderson,Hendersonville,16000.0,,2022-08-02,2892802.978147831,0,1662410088.7353
Henderson,Hendersonville,16000.0,,2022-08-03,,0,
Henderson,Hendersonville,16000.0,,2022-08-04,1594639.4637505326,0,916393115.071962
Henderson,Hendersonville,16000.0,,2022-08-05,,0,
Henderson,Hendersonville,16000.0,,2022-08-06,,0,
Henderson,Hendersonville,16000.0,,2022-08-07,,0,
Henderson,Hendersonville,16000.0,,2022-08-08,1265452.1763892884,0,727218715.11227
Henderson,Hendersonville,16000.0,,2022-08-09,,0,
Henderson,Hendersonville,16000.0,,2022-08-10,1535695.37199228,0,672880360.976906
Henderson,Hendersonville,16000.0,,2022-08-11,,0,
Henderson,Hendersonville,16000.0,,2022-08-12,,0,
Henderson,Hendersonville,16000.0,,2022-08-13,,0,
Henderson,Hendersonville,16000.0,,2022-08-14,,0,
Henderson,Hendersonville,16000.0,,2022-08-15,,0,
Henderson,Hendersonville,16000.0,,2022-08-16,1029657.0316944106,0,426063366.242518
Henderson,Hendersonville,16000.0,,2022-08-17,,0,
Henderson,Hendersonville,16000.0,,2022-08-18,1706039.395108638,0,744289285.899648
Henderson,Hendersonville,16000.0,,2022-08-19,,0,
Henderson,Hendersonville,16000.0,,2022-08-20,,0,
Henderson,Hendersonville,16000.0,,2022-08-21,,0,
Henderson,Hendersonville,16000.0,,2022-08-22,,0,
Henderson,Hendersonville,16000.0,,2022-08-23,1233987.9116151622,0,568127139.866386
Henderson,Hendersonville,16000.0,,2022-08-24,,0,
Henderson,Hendersonville,16000.0,,2022-08-25,476807.410088887,0,219183365.900147
Henderson,Hendersonville,16000.0,,2022-08-26,,0,
Henderson,Hendersonville,16000.0,,2022-08-27,,0,
Henderson,Hendersonville,16000.0,,2022-08-28,,0,
Henderson,Hendersonville,16000.0,,2022-08-29,,0,
Henderson,Hendersonville,16000.0,,2022-08-30,,0,
Henderson,Hendersonville,16000.0,,2022-08-31,1229718.321005061,0,516120434.322372
Henderson,Hendersonville,16000.0,,2022-09-01,1065970.9537091998,0,442855127.686746
Henderson,Hendersonville,16000.0,,2022-09-02,,0,
Henderson,Hendersonville,16000.0,,2022-09-03,,0,
Henderson,Hendersonville,16000.0,,2022-09-04,,0,
Henderson,Hendersonville,16000.0,,2022-09-05,,0,
Henderson,Hendersonville,16000.0,,2022-09-06,,0,
Henderson,Hendersonville,16000.0,,2022-09-07,,0,
Henderson,Hendersonville,16000.0,,2022-09-08,,0,
Henderson,Hendersonville,16000.0,,2022-09-09,,0,
Henderson,Hendersonville,16000.0,,2022-09-10,,0,
Henderson,Hendersonville,16000.0,,2022-09-11,,0,
Henderson,Hendersonville,16000.0,,2022-09-12,,0,
Henderson,Hendersonville,16000.0,,2022-09-13,939013.4081970829,0,502523284.118154
Henderson,Hendersonville,16000.0,,2022-09-14,1547764.2747001008,0,734926632.443609
Henderson,Hendersonville,16000.0,,2022-09-15,,0,
Henderson,Hendersonville,16000.0,,2022-09-16,,0,
Henderson,Hendersonville,16000.0,,2022-09-17,,0,
Henderson,Hendersonville,16000.0,,2022-09-18,,0,
Henderson,Hendersonville,16000.0,,2022-09-19,,0,
Henderson,Hendersonville,16000.0,,2022-09-20,,0,
Henderson,Hendersonville,16000.0,,2022-09-21,,0,
Henderson,Hendersonville,16000.0,,2022-09-22,,0,
Henderson,Hendersonville,16000.0,,2022-09-23,,0,
Henderson,Hendersonville,16000.0,,2022-09-24,,0,
Henderson,Hendersonville,16000.0,,2022-09-25,,0,
Henderson,Hendersonville,16000.0,,2022-09-26,,0,
Henderson,Hendersonville,16000.0,,2022-09-27,667930.128930093,0,276383834.992555
Henderson,Hendersonville,16000.0,,2022-09-28,,0,
Henderson,Hendersonville,16000.0,,2022-09-29,825507.481531545,0,328697896.415758
Henderson,Hendersonville,16000.0,,2022-09-30,,0,
Henderson,Hendersonville,16000.0,,2022-10-01,,0,
Henderson,Hendersonville,16000.0,,2022-10-02,,0,
Henderson,Hendersonville,16000.0,,2022-10-03,,0,
Henderson,Hendersonville,16000.0,,2022-10-04,,0,
Henderson,Hendersonville,16000.0,,2022-10-05,743115.8060800537,0,296067257.738304
Henderson,Hendersonville,16000.0,,2022-10-06,887476.7425563752,0,362611115.913643
Henderson,Hendersonville,16000.0,,2022-10-07,,0,
Henderson,Hendersonville,16000.0,,2022-10-08,,0,
Henderson,Hendersonville,16000.0,,2022-10-09,,0,
Henderson,Hendersonville,16000.0,,2022-10-10,,0,
Henderson,Hendersonville,16000.0,,2022-10-11,,0,
Henderson,Hendersonville,16000.0,,2022-10-12,1022126.6556108667,0,407712549.766492
Henderson,Hendersonville,16000.0,,2022-10-13,862870.6406631405,0,336838272.701519
Henderson,Hendersonville,16000.0,,2022-10-14,,0,
Henderson,Hendersonville,16000.0,,2022-10-15,,0,
Henderson,Hendersonville,16000.0,,2022-10-16,,0,
Henderson,Hendersonville,16000.0,,2022-10-17,,0,
Henderson,Hendersonville,16000.0,,2022-10-18,1132204.5956211477,0,423495283.985866
Henderson,Hendersonville,16000.0,,2022-10-19,,0,
Henderson,Hendersonville,16000.0,,2022-10-20,611149.5393065485,0,223247487.477782
Henderson,Hendersonville,16000.0,,2022-10-21,,0,
Henderson,Hendersonville,16000.0,,2022-10-22,,0,
Henderson,Hendersonville,16000.0,,2022-10-23,,0,
Henderson,Hendersonville,16000.0,,2022-10-24,395506.9453773974,0,137457267.176588
Henderson,Hendersonville,16000.0,,2022-10-25,,0,
Henderson,Hendersonville,16000.0,,2022-10-26,669361.5089950982,0,259239520.557351
Henderson,Hendersonville,16000.0,,2022-10-27,,0,
Henderson,Hendersonville,16000.0,,2022-10-28,,0,
Henderson,Hendersonville,16000.0,,2022-10-29,,0,
Henderson,Hendersonville,16000.0,,2022-10-30,,0,
Henderson,Hendersonville,16000.0,,2022-10-31,,0,
Henderson,Hendersonville,16000.0,,2022-11-01,998139.8486755289,0,449152376.575088
Henderson,Hendersonville,16000.0,,2022-11-02,,0,
Henderson,Hendersonville,16000.0,,2022-11-03,841935.5919609587,0,319104681.854628
Henderson,Hendersonville,16000.0,,2022-11-04,,0,
Henderson,Hendersonville,16000.0,,2022-11-05,,0,
Henderson,Hendersonville,16000.0,,2022-11-06,,0,
Henderson,Hendersonville,16000.0,,2022-11-07,,0,
Henderson,Hendersonville,16000.0,,2022-11-08,,0,
Henderson,Hendersonville,16000.0,,2022-11-09,894092.550636057,0,351776254.76116
Henderson,Hendersonville,16000.0,,2022-11-10,659346.5093635775,0,255204780.776714
Henderson,Hendersonville,16000.0,,2022-11-11,,0,
Henderson,Hendersonville,16000.0,,2022-11-12,,0,
Henderson,Hendersonville,16000.0,,2022-11-13,,0,
Henderson,Hendersonville,16000.0,,2022-11-14,,0,
Henderson,Hendersonville,16000.0,,2022-11-15,615594.5429908661,0,287934182.479086
Henderson,Hendersonville,16000.0,,2022-11-16,,0,
Henderson,Hendersonville,16000.0,,2022-11-17,744959.1737823572,0,382281973.875569
Henderson,Hendersonville,16000.0,,2022-11-18,,0,
Henderson,Hendersonville,16000.0,,2022-11-19,,0,
Henderson,Hendersonville,16000.0,,2022-11-20,,0,
Henderson,Hendersonville,16000.0,,2022-11-21,,0,
Henderson,Hendersonville,16000.0,,2022-11-22,1187845.4548558344,0,499670249.28715307
Henderson,Hendersonville,16000.0,,2022-11-23,,0,
Henderson,Hendersonville,16000.0,,2022-11-24,,0,
Henderson,Hendersonville,16000.0,,2022-11-25,,0,
Henderson,Hendersonville,16000.0,,2022-11-26,,0,
Henderson,Hendersonville,16000.0,,2022-11-27,,0,
Henderson,Hendersonville,16000.0,,2022-11-28,,0,
Henderson,Hendersonville,16000.0,,2022-11-29,,0,
Henderson,Hendersonville,16000.0,,2022-11-30,874205.6813423723,0,468254373.34071
Henderson,Hendersonville,16000.0,,2022-12-01,,0,
Henderson,Hendersonville,16000.0,,2022-12-02,,0,
Henderson,Hendersonville,16000.0,,2022-12-03,,0,
Henderson,Hendersonville,16000.0,,2022-12-04,,0,
Henderson,Hendersonville,16000.0,,2022-12-05,,0,
Henderson,Hendersonville,16000.0,,2022-12-06,592148.5334328495,0,311431054.184328
Henderson,Hendersonville,16000.0,,2022-12-07,,0,
Henderson,Hendersonville,16000.0,,2022-12-08,2269252.399673528,0,1232132146.08731
Henderson,Hendersonville,16000.0,,2022-12-09,,0,
Henderson,Hendersonville,16000.0,,2022-12-10,,0,
Henderson,Hendersonville,16000.0,,2022-12-11,,0,
Henderson,Hendersonville,16000.0,,2022-12-12,,0,
Henderson,Hendersonville,16000.0,,2022-12-13,,0,
Henderson,Hendersonville,16000.0,,2022-12-14,1026641.6923382662,0,482866495.675526
Henderson,Hendersonville,16000.0,,2022-12-15,1250424.6651276122,0,1458761622.96759
Henderson,Hendersonville,16000.0,,2022-12-16,,0,
Henderson,Hendersonville,16000.0,,2022-12-17,,0,
Henderson,Hendersonville,16000.0,,2022-12-18,,0,
Henderson,Hendersonville,16000.0,,2022-12-19,2184727.7949256,0,1006880851.43045
Henderson,Hendersonville,16000.0,,2022-12-20,,0,
Henderson,Hendersonville,16000.0,,2022-12-21,,0,
Henderson,Hendersonville,16000.0,,2022-12-22,,0,
Henderson,Hendersonville,16000.0,,2022-12-23,,0,
Henderson,Hendersonville,16000.0,,2022-12-24,,0,
Henderson,Hendersonville,16000.0,,2022-12-25,,0,
Henderson,Hendersonville,16000.0,,2022-12-26,,0,
Henderson,Hendersonville,16000.0,,2022-12-27,,0,
Henderson,Hendersonville,16000.0,,2022-12-28,,0,
Henderson,Hendersonville,16000.0,,2022-12-29,,0,
Henderson,Hendersonville,16000.0,,2022-12-30,,0,
Henderson,Hendersonville,16000.0,,2022-12-31,,0,
Henderson,Hendersonville,16000.0,,2023-01-01,,0,
Henderson,Hendersonville,16000.0,,2023-01-02,,0,
Henderson,Hendersonville,16000.0,,2023-01-03,1964309.2873995972,0,862076048.653068
Henderson,Hendersonville,16000.0,,2023-01-04,,0,
Henderson,Hendersonville,16000.0,,2023-01-05,,0,
Henderson,Hendersonville,16000.0,,2023-01-06,,0,
Henderson,Hendersonville,16000.0,,2023-01-07,,0,
Henderson,Hendersonville,16000.0,,2023-01-08,,0,
Henderson,Hendersonville,16000.0,,2023-01-09,,0,
Henderson,Hendersonville,16000.0,,2023-01-10,1008644.9769864824,0,496356210.465002
Henderson,Hendersonville,16000.0,,2023-01-11,,0,
Henderson,Hendersonville,16000.0,,2023-01-12,,0,
Henderson,Hendersonville,16000.0,,2023-01-13,,0,
Henderson,Hendersonville,16000.0,,2023-01-14,,0,
Henderson,Hendersonville,16000.0,,2023-01-15,,0,
Henderson,Hendersonville,16000.0,,2023-01-16,,0,
Henderson,Hendersonville,16000.0,,2023-01-17,,0,
Henderson,Hendersonville,16000.0,,2023-01-18,1123006.1536540769,0,500027108.986709
Henderson,Hendersonville,16000.0,,2023-01-19,1702442.7451610107,0,780581192.217375
Henderson,Hendersonville,16000.0,,2023-01-20,,0,
Henderson,Hendersonville,16000.0,,2023-01-21,,0,
Henderson,Hendersonville,16000.0,,2023-01-22,,0,
Henderson,Hendersonville,16000.0,,2023-01-23,,0,
Henderson,Hendersonville,16000.0,,2023-01-24,818494.5788010673,0,396779806.046137
Henderson,Hendersonville,16000.0,,2023-01-25,,0,
Henderson,Hendersonville,16000.0,,2023-01-26,696764.4286950352,0,1023856979.79511
Henderson,Hendersonville,16000.0,,2023-01-27,,0,
Henderson,Hendersonville,16000.0,,2023-01-28,,0,
Henderson,Hendersonville,16000.0,,2023-01-29,,0,
Henderson,Hendersonville,16000.0,,2023-01-30,,0,
Henderson,Hendersonville,16000.0,,2023-01-31,2018451.305236594,0,1030532071.36739
Henderson,Hendersonville,16000.0,,2023-02-01,,0,
Henderson,Hendersonville,16000.0,,2023-02-02,,0,
Henderson,Hendersonville,16000.0,,2023-02-03,,0,
Henderson,Hendersonville,16000.0,,2023-02-04,,0,
Henderson,Hendersonville,16000.0,,2023-02-05,,0,
Henderson,Hendersonville,16000.0,,2023-02-06,,0,
Henderson,Hendersonville,16000.0,,2023-02-07,1288965.191060375,0,624543850.782712
Henderson,Hendersonville,16000.0,,2023-02-08,,0,
Henderson,Hendersonville,16000.0,,2023-02-09,3122705.7446882054,0,1474631118.16135
Henderson,Hendersonville,16000.0,,2023-02-10,,0,
Henderson,Hendersonville,16000.0,,2023-02-11,,0,
Henderson,Hendersonville,16000.0,,2023-02-12,,0,
Henderson,Hendersonville,16000.0,,2023-02-13,,0,
Henderson,Hendersonville,16000.0,,2023-02-14,,0,
Henderson,Hendersonville,16000.0,,2023-02-15,943385.8394283378,0,476294496.407795
Henderson,Hendersonville,16000.0,,2023-02-16,1297453.550909472,0,628656725.966429
Henderson,Hendersonville,16000.0,,2023-02-17,,0,
Henderson,Hendersonville,16000.0,,2023-02-18,,0,
Henderson,Hendersonville,16000.0,,2023-02-19,,0,
Henderson,Hendersonville,16000.0,,2023-02-20,,0,
Henderson,Hendersonville,16000.0,,2023-02-21,588099.7434143402,0,311110439.428709
Henderson,Hendersonville,16000.0,,2023-02-22,,0,
Henderson,Hendersonville,16000.0,,2023-02-23,323086.21728329227,0,155169465.675967
Henderson,Hendersonville,43633.0,0.45999999999999996,2023-03-04,16504.908360848316,0,2908169.69499448
Henderson,Hendersonville,43633.0,1.1500000000000001,2023-03-05,,0,
Henderson,Hendersonville,43633.0,0.45999999999999996,2023-03-06,,0,
Henderson,Hendersonville,43633.0,0.45999999999999996,2023-03-07,,0,
Henderson,Hendersonville,43633.0,0.45999999999999996,2023-03-08,15131.662169107547,0,2798791.46413428
Henderson,Hendersonville,43633.0,0.45999999999999996,2023-03-09,,0,
Henderson,Hendersonville,43633.0,0.45999999999999996,2023-03-10,45264.06521734435,0,7681023.78655204
Henderson,Hendersonville,43633.0,1.1500000000000001,2023-03-11,,0,
Henderson,Hendersonville,43633.0,1.1500000000000001,2023-03-12,,0,
Henderson,Hendersonville,43633.0,0.45999999999999996,2023-03-13,,0,
Henderson,Hendersonville,43633.0,0.45999999999999996,2023-03-14,98745.96093005533,0,17716036.9977671
Henderson,Hendersonville,43633.0,0.45999999999999996,2023-03-15,,0,
Henderson,Hendersonville,43633.0,0.45999999999999996,2023-03-16,,0,
Henderson,Hendersonville,43633.0,0.45999999999999996,2023-03-17,27309.07541459435,0,4340394.15360645
Henderson,Hendersonville,43633.0,0.45999999999999996,2023-03-18,,0,
Henderson,Hendersonville,43633.0,0.45999999999999996,2023-03-19,,0,
Henderson,Hendersonville,43633.0,0.45999999999999996,2023-03-20,,0,
Henderson,Hendersonville,43633.0,1.6,2023-03-21,35448.97177634355,0,5228164.7880203
Henderson,Hendersonville,43633.0,0.45999999999999996,2023-03-22,,0,
Henderson,Hendersonville,43633.0,0.45999999999999996,2023-03-23,,0,
Henderson,Hendersonville,43633.0,1.1500000000000001,2023-03-24,20509.509989270824,0,3467878.13288081
Henderson,Hendersonville,43633.0,0.45999999999999996,2023-03-25,,0,
Henderson,Hendersonville,43633.0,,2023-03-26,,0,
Henderson,Hendersonville,43633.0,0.45999999999999996,2023-03-27,,0,
Henderson,Hendersonville,43633.0,1.3800000000000001,2023-03-28,65614.78491925437,0,9705609.11811824
Henderson,Hendersonville,43633.0,,2023-03-29,,0,
Henderson,Hendersonville,43633.0,0.45999999999999996,2023-03-30,,0,
Henderson,Hendersonville,43633.0,0.45999999999999996,2023-03-31,9661.366362994424,0,1504526.0361128
Henderson,Hendersonville,43633.0,,2023-04-01,,0,
Henderson,Hendersonville,43633.0,0.45999999999999996,2023-04-02,,0,
Henderson,Hendersonville,43633.0,0.45999999999999996,2023-04-03,,0,
Henderson,Hendersonville,43633.0,0.45999999999999996,2023-04-04,15705.31120353877,0,2182758.87098894
Henderson,Hendersonville,43633.0,0.45999999999999996,2023-04-05,,0,
Henderson,Hendersonville,43633.0,0.45999999999999996,2023-04-06,,0,
Henderson,Hendersonville,43633.0,0.45999999999999996,2023-04-07,37971.48930447691,0,5929619.69389451
Henderson,Hendersonville,43633.0,0.45999999999999996,2023-04-08,,0,
Henderson,Hendersonville,43633.0,0.45999999999999996,2023-04-09,,0,
Henderson,Hendersonville,43633.0,0.45999999999999996,2023-04-10,,0,
Henderson,Hendersonville,43633.0,0.45999999999999996,2023-04-11,10026.524821691717,0,2128536.52226291
Henderson,Hendersonville,43633.0,0.45999999999999996,2023-04-12,,0,
Henderson,Hendersonville,43633.0,0.45999999999999996,2023-04-13,,0,
Henderson,Hendersonville,43633.0,0.45999999999999996,2023-04-14,7499.973333285934,0,1374851.90578114
Henderson,Hendersonville,43633.0,0.45999999999999996,2023-04-15,,0,
Henderson,Hendersonville,43633.0,0.45999999999999996,2023-04-16,,0,
Henderson,Hendersonville,43633.0,0.45999999999999996,2023-04-17,,0,
Henderson,Hendersonville,43633.0,0.45999999999999996,2023-04-18,,0,
Henderson,Hendersonville,43633.0,1.1500000000000001,2023-04-19,0.0,0,711677.085501801
Henderson,Hendersonville,43633.0,0.45999999999999996,2023-04-20,,0,
Henderson,Hendersonville,43633.0,0.45999999999999996,2023-04-21,15609.971172298814,0,2602868.2632627
Henderson,Hendersonville,43633.0,0.45999999999999996,2023-04-22,,0,
Henderson,Hendersonville,43633.0,0.45999999999999996,2023-04-23,,0,
Henderson,Hendersonville,43633.0,0.45999999999999996,2023-04-24,,0,
Henderson,Hendersonville,43633.0,1.3800000000000001,2023-04-25,,0,
Henderson,Hendersonville,43633.0,0.45999999999999996,2023-04-26,0.0,0,749061.571090635
Henderson,Hendersonville,43633.0,,2023-04-27,,0,
Henderson,Hendersonville,43633.0,0.45999999999999996,2023-04-28,24865.268950888127,0,4368324.4998178
Henderson,Hendersonville,43633.0,,2023-04-29,,0,
Henderson,Hendersonville,43633.0,0.45999999999999996,2023-04-30,,0,
Henderson,Hendersonville,43633.0,0.45999999999999996,2023-05-01,,0,
Henderson,Hendersonville,43633.0,,2023-05-02,23363.34736291012,0,4224054.22235818
Henderson,Hendersonville,43633.0,0.45999999999999996,2023-05-03,,0,
Henderson,Hendersonville,43633.0,0.45999999999999996,2023-05-04,,0,
Henderson,Hendersonville,43633.0,,2023-05-05,0.0,0,546160.448440166
Henderson,Hendersonville,43633.0,0.45999999999999996,2023-05-06,,0,
Henderson,Hendersonville,43633.0,0.45999999999999996,2023-05-07,,0,
Henderson,Hendersonville,43633.0,0.45999999999999996,2023-05-08,,0,
Henderson,Hendersonville,43633.0,0.45999999999999996,2023-05-09,32643.76203809851,0,8238357.391115061
Henderson,Hendersonville,43633.0,0.45999999999999996,2023-05-10,,0,
Henderson,Hendersonville,43633.0,1.1500000000000001,2023-05-11,,0,
Henderson,Hendersonville,43633.0,0.45999999999999996,2023-05-12,19728.720181501903,0,4908793.51114211
Henderson,Hendersonville,43633.0,0.45999999999999996,2023-05-13,,0,
Henderson,Hendersonville,43633.0,0.45999999999999996,2023-05-14,,0,
Henderson,Hendersonville,43633.0,0.45999999999999996,2023-05-15,,0,
Henderson,Hendersonville,43633.0,0.45999999999999996,2023-05-16,37098.787042166245,0,7563525.517455301
Henderson,Hendersonville,43633.0,0.45999999999999996,2023-05-17,,0,
Henderson,Hendersonville,43633.0,0.45999999999999996,2023-05-18,,0,
Henderson,Hendersonville,43633.0,0.45999999999999996,2023-05-19,7540.689623635229,0,1686516.84093172
Henderson,Hendersonville,43633.0,1.1500000000000001,2023-05-20,,0,
Henderson,Hendersonville,43633.0,0.45999999999999996,2023-05-21,,0,
Henderson,Hendersonville,43633.0,0.45999999999999996,2023-05-22,,0,
Henderson,Hendersonville,43633.0,0.45999999999999996,2023-05-23,24626.765926527965,0,5255804.39016722
Henderson,Hendersonville,43633.0,,2023-05-24,,0,
Henderson,Hendersonville,43633.0,,2023-05-25,,0,
Henderson,Hendersonville,43633.0,,2023-05-26,17757.229513637536,0,3973042.8944556
Henderson,Hendersonville,43633.0,,2023-05-27,,0,
Henderson,Hendersonville,43633.0,,2023-05-28,,0,
Henderson,Hendersonville,43633.0,,2023-05-29,,0,
Henderson,Hendersonville,43633.0,,2023-05-30,21166.99317333477,0,4645969.93043347
Henderson,Hendersonville,43633.0,,2023-05-31,,0,
Henderson,Hendersonville,43633.0,,2023-06-01,,0,
Henderson,Hendersonville,43633.0,,2023-06-02,13038.404810405304,0,2930816.15937656
Henderson,Hendersonville,43633.0,,2023-06-03,,0,
Henderson,Hendersonville,43633.0,,2023-06-04,,0,
Henderson,Hendersonville,43633.0,,2023-06-05,,0,
Henderson,Hendersonville,43633.0,,2023-06-06,0.0,0,814788.357724882
Henderson,Hendersonville,43633.0,,2023-06-07,,0,
Henderson,Hendersonville,43633.0,,2023-06-08,,0,
Henderson,Hendersonville,43633.0,,2023-06-09,0.0,0,918848.4349202908
Henderson,Hendersonville,43633.0,,2023-06-10,,0,
Henderson,Hendersonville,43633.0,,2023-06-11,,0,
Henderson,Hendersonville,43633.0,,2023-06-12,,0,
Henderson,Hendersonville,43633.0,,2023-06-13,17140.00000000002,0,3815611.71351958
Henderson,Hendersonville,43633.0,,2023-06-14,,0,
Henderson,Hendersonville,43633.0,,2023-06-15,,0,
Henderson,Hendersonville,43633.0,,2023-06-16,0.0,0,473229.75779401
Henderson,Hendersonville,43633.0,,2023-06-17,,0,
Henderson,Hendersonville,43633.0,,2023-06-18,,0,
Henderson,Hendersonville,43633.0,,2023-06-19,,0,
Henderson,Hendersonville,43633.0,,2023-06-20,17475.697410976198,0,4310305.76987015
Henderson,Hendersonville,43633.0,,2023-06-21,,0,
Henderson,Hendersonville,43633.0,,2023-06-22,,0,
Henderson,Hendersonville,43633.0,,2023-06-23,11789.215410704843,0,4133048.0782749495
Henderson,Hendersonville,43633.0,,2023-06-24,,0,
Henderson,Hendersonville,43633.0,,2023-06-25,,0,
Henderson,Hendersonville,43633.0,,2023-06-26,,0,
Henderson,Hendersonville,43633.0,,2023-06-27,19028.084506854597,0,4138530.01416964
Henderson,Hendersonville,43633.0,,2023-06-28,,0,
Henderson,Hendersonville,43633.0,,2023-06-29,,0,
Henderson,Hendersonville,43633.0,,2023-06-30,25711.258234477737,0,6004752.19468685
Henderson,Hendersonville,43633.0,,2023-07-01,,0,
Henderson,Hendersonville,43633.0,,2023-07-02,,0,
Henderson,Hendersonville,43633.0,,2023-07-03,,0,
Henderson,Hendersonville,43633.0,,2023-07-04,15834.809755724908,0,3339600.46278502
Henderson,Hendersonville,43633.0,,2023-07-05,,0,
Henderson,Hendersonville,43633.0,,2023-07-06,,0,
Henderson,Hendersonville,43633.0,,2023-07-07,23276.855457728823,0,5159551.0989377
Henderson,Hendersonville,43633.0,,2023-07-08,,0,
Henderson,Hendersonville,43633.0,,2023-07-09,,0,
Henderson,Hendersonville,43633.0,,2023-07-10,,0,
Henderson,Hendersonville,43633.0,,2023-07-11,86970.78130038852,0,18432894.7056301
Henderson,Hendersonville,43633.0,,2023-07-12,,0,
Henderson,Hendersonville,43633.0,,2023-07-13,,0,
Henderson,Hendersonville,43633.0,,2023-07-14,,0,
Henderson,Hendersonville,43633.0,,2023-07-15,,0,
Henderson,Hendersonville,43633.0,,2023-07-16,,0,
Henderson,Hendersonville,43633.0,,2023-07-17,,0,
Henderson,Hendersonville,43633.0,,2023-07-18,86399.99999999996,0,18019590.1780761
Henderson,Hendersonville,43633.0,,2023-07-19,,0,
Henderson,Hendersonville,43633.0,,2023-07-20,,0,
Henderson,Hendersonville,43633.0,,2023-07-21,31231.98360655307,0,7337446.231417
Henderson,Hendersonville,43633.0,,2023-07-22,,0,
Henderson,Hendersonville,43633.0,,2023-07-23,,0,
Henderson,Hendersonville,43633.0,,2023-07-24,,0,
Henderson,Hendersonville,43633.0,,2023-07-25,12436.237373096423,0,2572124.33153466
Henderson,Hendersonville,43633.0,,2023-07-26,,0,
Henderson,Hendersonville,43633.0,,2023-07-27,,0,
Henderson,Hendersonville,43633.0,,2023-07-28,38514.57905780613,0,8443589.3080424
Henderson,Hendersonville,43633.0,,2023-07-29,,0,
Henderson,Hendersonville,43633.0,,2023-07-30,,0,
Henderson,Hendersonville,43633.0,,2023-07-31,,0,
Henderson,Hendersonville,43633.0,,2023-08-01,16271.041761362432,0,3322909.56597226
Henderson,Hendersonville,43633.0,,2023-08-02,,0,
Henderson,Hendersonville,43633.0,,2023-08-03,,0,
Henderson,Hendersonville,43633.0,,2023-08-04,18710.446280086453,0,3942832.83784852
Henderson,Hendersonville,43633.0,,2023-08-05,,0,
Henderson,Hendersonville,43633.0,,2023-08-06,,0,
Henderson,Hendersonville,43633.0,,2023-08-07,,0,
Henderson,Hendersonville,43633.0,,2023-08-08,21307.275752662517,0,4375451.63953847
Henderson,Hendersonville,43633.0,,2023-08-09,,0,
Henderson,Hendersonville,43633.0,,2023-08-10,,0,
Henderson,Hendersonville,43633.0,,2023-08-11,20703.912673695268,0,4344952.16266769
Henderson,Hendersonville,43633.0,,2023-08-12,,0,
Henderson,Hendersonville,43633.0,,2023-08-13,,0,
Henderson,Hendersonville,43633.0,,2023-08-14,,0,
Henderson,Hendersonville,43633.0,,2023-08-15,52062.062963351746,0,12167901.0171916
Henderson,Hendersonville,43633.0,,2023-08-16,,0,
Henderson,Hendersonville,43633.0,,2023-08-17,,0,
Henderson,Hendersonville,43633.0,,2023-08-18,,0,
Henderson,Hendersonville,43633.0,,2023-08-19,,0,
Henderson,Hendersonville,43633.0,,2023-08-20,,0,
Henderson,Hendersonville,43633.0,,2023-08-21,,0,
Henderson,Hendersonville,43633.0,,2023-08-22,35020.00000000004,0,7218704.79242773
Henderson,Hendersonville,43633.0,,2023-08-23,,0,
Henderson,Hendersonville,43633.0,,2023-08-24,,0,
Henderson,Hendersonville,43633.0,,2023-08-25,59675.33158684584,0,12642623.4836284
Henderson,Hendersonville,43633.0,,2023-08-26,,0,
Henderson,Hendersonville,43633.0,,2023-08-27,,0,
Henderson,Hendersonville,43633.0,,2023-08-28,,0,
Henderson,Hendersonville,43633.0,,2023-08-29,58693.42722997185,0,12587359.6087048
Henderson,Hendersonville,43633.0,,2023-08-30,,0,
Henderson,Hendersonville,43633.0,,2023-08-31,,0,
Henderson,Hendersonville,43633.0,,2023-09-01,41104.3306720837,0,9282360.95725373
Henderson,Hendersonville,43633.0,,2023-09-02,,0,
Henderson,Hendersonville,43633.0,,2023-09-03,,0,
Henderson,Hendersonville,43633.0,,2023-09-04,,0,
Henderson,Hendersonville,43633.0,,2023-09-05,,0,
Henderson,Hendersonville,43633.0,,2023-09-06,64282.54506473746,0,13206005.2239478
Henderson,Hendersonville,43633.0,,2023-09-07,,0,
Henderson,Hendersonville,43633.0,,2023-09-08,39027.2161446343,0,8224164.56996261
Henderson,Hendersonville,43633.0,,2023-09-09,,0,
Henderson,Hendersonville,43633.0,,2023-09-10,,0,
Henderson,Hendersonville,43633.0,,2023-09-11,,0,
Henderson,Hendersonville,43633.0,,2023-09-12,63947.80371521764,0,12798820.0063147
Henderson,Hendersonville,43633.0,,2023-09-13,,0,
Henderson,Hendersonville,43633.0,,2023-09-14,,0,
Henderson,Hendersonville,43633.0,,2023-09-15,67627.07150246872,0,14233381.2239627
Henderson,Hendersonville,43633.0,,2023-09-16,,0,
Henderson,Hendersonville,43633.0,,2023-09-17,,0,
Henderson,Hendersonville,43633.0,,2023-09-18,,0,
Henderson,Hendersonville,43633.0,,2023-09-19,11496.086290559942,0,2326812.87118277
Henderson,Hendersonville,43633.0,,2023-09-20,,0,
Henderson,Hendersonville,43633.0,,2023-09-21,,0,
Henderson,Hendersonville,43633.0,,2023-09-22,28098.427002236276,0,5545747.76388176
Henderson,Hendersonville,43633.0,,2023-09-23,,0,
Henderson,Hendersonville,43633.0,,2023-09-24,,0,
Henderson,Hendersonville,43633.0,,2023-09-25,,0,
Henderson,Hendersonville,43633.0,,2023-09-26,63514.23462500361,0,12337349.4560333
Henderson,Hendersonville,43633.0,,2023-09-27,,0,
Henderson,Hendersonville,43633.0,,2023-09-28,,0,
Henderson,Hendersonville,43633.0,,2023-09-29,17933.912010490087,0,3449351.33208435
Henderson,Hendersonville,43633.0,,2023-09-30,,0,
Henderson,Hendersonville,43633.0,,2023-10-01,,0,
Henderson,Hendersonville,43633.0,,2023-10-02,,0,
Henderson,Hendersonville,43633.0,,2023-10-03,22673.570517234384,0,4217367.05118265
Henderson,Hendersonville,43633.0,,2023-10-04,,0,
Henderson,Hendersonville,43633.0,,2023-10-05,,0,
Henderson,Hendersonville,43633.0,,2023-10-06,30020.00000000002,0,6018764.31114065
Henderson,Hendersonville,43633.0,,2023-10-07,,0,
Henderson,Hendersonville,43633.0,,2023-10-08,,0,
Henderson,Hendersonville,43633.0,,2023-10-09,,0,
Henderson,Hendersonville,43633.0,,2023-10-10,35427.39053331476,0,6718712.01285343
Henderson,Hendersonville,43633.0,,2023-10-11,,0,
Henderson,Hendersonville,43633.0,,2023-10-12,,0,
Henderson,Hendersonville,43633.0,,2023-10-13,15869.34151122849,0,3151384.55896379
Henderson,Hendersonville,43633.0,,2023-10-14,,0,
Henderson,Hendersonville,43633.0,,2023-10-15,,0,
Henderson,Hendersonville,43633.0,,2023-10-16,,0,
Henderson,Hendersonville,43633.0,,2023-10-17,38659.705120448096,0,6956070.78725612
Henderson,Hendersonville,43633.0,,2023-10-18,,0,
Henderson,Hendersonville,43633.0,,2023-10-19,,0,
Henderson,Hendersonville,43633.0,,2023-10-20,26922.347594517083,0,5168815.67151061
Henderson,Hendersonville,43633.0,,2023-10-21,,0,
Henderson,Hendersonville,43633.0,,2023-10-22,,0,
Henderson,Hendersonville,43633.0,,2023-10-23,,0,
Henderson,Hendersonville,43633.0,,2023-10-24,41459.18474837637,0,8060450.55343696
Henderson,Hendersonville,43633.0,,2023-10-25,,0,
Henderson,Hendersonville,43633.0,,2023-10-26,,0,
Henderson,Hendersonville,43633.0,,2023-10-27,39380.0,0,7540059.07831225
Henderson,Hendersonville,43633.0,,2023-10-28,,0,
Henderson,Hendersonville,43633.0,,2023-10-29,,0,
Henderson,Hendersonville,43633.0,,2023-10-30,,0,
Henderson,Hendersonville,43633.0,,2023-10-31,31287.12834377744,0,5871092.55501966
Henderson,Hendersonville,43633.0,,2023-11-01,,0,
Henderson,Hendersonville,43633.0,,2023-11-02,,0,
Henderson,Hendersonville,43633.0,,2023-11-03,13900.41725992427,0,2666326.21926135
Henderson,Hendersonville,43633.0,,2023-11-04,,0,
Henderson,Hendersonville,43633.0,,2023-11-05,,0,
Henderson,Hendersonville,43633.0,,2023-11-06,,0,
Henderson,Hendersonville,43633.0,,2023-11-07,12336.806718109841,0,2237966.06658223
Henderson,Hendersonville,43633.0,,2023-11-08,,0,
Henderson,Hendersonville,43633.0,,2023-11-09,,0,
Henderson,Hendersonville,43633.0,,2023-11-10,50043.277270778286,0,9672920.83807281
Henderson,Hendersonville,43633.0,,2023-11-11,,0,
Henderson,Hendersonville,43633.0,,2023-11-12,,0,
Henderson,Hendersonville,43633.0,,2023-11-13,,0,
Henderson,Hendersonville,43633.0,,2023-11-14,47833.46945392946,0,7909544.6544208
Henderson,Hendersonville,43633.0,,2023-11-15,,0,
Henderson,Hendersonville,43633.0,,2023-11-16,,0,
Henderson,Hendersonville,43633.0,,2023-11-17,,0,
Henderson,Hendersonville,43633.0,,2023-11-18,,0,
Henderson,Hendersonville,43633.0,,2023-11-19,,0,
Henderson,Hendersonville,43633.0,,2023-11-20,,0,
Henderson,Hendersonville,43633.0,,2023-11-21,,0,
Henderson,Hendersonville,43633.0,,2023-11-22,,0,
Henderson,Hendersonville,43633.0,,2023-11-23,,0,
Henderson,Hendersonville,43633.0,,2023-11-24,,0,
Henderson,Hendersonville,43633.0,,2023-11-25,,0,
Henderson,Hendersonville,43633.0,,2023-11-26,,0,
Henderson,Hendersonville,43633.0,,2023-11-27,,0,
Henderson,Hendersonville,43633.0,,2023-11-28,82376.4456625801,0,13928732.3162352
Henderson,Hendersonville,43633.0,,2023-11-29,,0,
Henderson,Hendersonville,43633.0,,2023-11-30,,0,
Henderson,Hendersonville,43633.0,,2023-12-01,44066.42259135637,0,7913613.65663724
Henderson,Hendersonville,43633.0,,2023-12-02,,0,
Henderson,Hendersonville,43633.0,,2023-12-03,,0,
Henderson,Hendersonville,43633.0,,2023-12-04,,0,
Henderson,Hendersonville,43633.0,,2023-12-05,16000.000000000011,0,2871951.99963329
Henderson,Hendersonville,43633.0,,2023-12-06,,0,
Henderson,Hendersonville,43633.0,,2023-12-07,,0,
Henderson,Hendersonville,43633.0,,2023-12-08,51996.9499105476,0,9820486.4752515
Henderson,Hendersonville,43633.0,,2023-12-09,,0,
Henderson,Hendersonville,43633.0,,2023-12-10,,0,
Henderson,Hendersonville,43633.0,,2023-12-11,,0,
Henderson,Hendersonville,43633.0,,2023-12-12,107683.59020760769,0,43356857.6735013
Henderson,Hendersonville,43633.0,,2023-12-13,,0,
Henderson,Hendersonville,43633.0,,2023-12-14,,0,
Henderson,Hendersonville,43633.0,,2023-12-15,63144.63397629294,0,12922933.0619864
Henderson,Hendersonville,43633.0,,2023-12-16,,0,
Henderson,Hendersonville,43633.0,,2023-12-17,,0,
Henderson,Hendersonville,43633.0,,2023-12-18,,0,
Henderson,Hendersonville,43633.0,,2023-12-19,163619.8545409449,0,33230289.1037729
Henderson,Hendersonville,43633.0,,2023-12-20,,0,
Henderson,Hendersonville,43633.0,,2023-12-21,,0,
Henderson,Hendersonville,43633.0,,2023-12-22,,0,
Henderson,Hendersonville,43633.0,,2023-12-23,,0,
Henderson,Hendersonville,43633.0,,2023-12-24,,0,
Henderson,Hendersonville,43633.0,,2023-12-25,,0,
Henderson,Hendersonville,43633.0,,2023-12-26,,0,
Henderson,Hendersonville,43633.0,,2023-12-27,,0,
Henderson,Hendersonville,43633.0,,2023-12-28,,0,
Henderson,Hendersonville,43633.0,,2023-12-29,88586.29690872063,0,47579958.11561
Henderson,Hendersonville,43633.0,,2023-12-30,,0,
Henderson,Hendersonville,43633.0,,2023-12-31,,0,
Henderson,Hendersonville,43633.0,,2024-01-01,,0,
Henderson,Hendersonville,43633.0,,2024-01-02,,0,
Henderson,Hendersonville,43633.0,,2024-01-03,,0,
Henderson,Hendersonville,43633.0,,2024-01-04,,0,
Henderson,Hendersonville,43633.0,,2024-01-05,66727.89521631874,0,14611455.5260668
Henderson,Hendersonville,43633.0,,2024-01-06,,0,
Henderson,Hendersonville,43633.0,,2024-01-07,,0,
Henderson,Hendersonville,43633.0,,2024-01-08,,0,
Henderson,Hendersonville,43633.0,,2024-01-09,153983.9628013255,0,37819176.2538265
Henderson,Hendersonville,43633.0,,2024-01-10,,0,
Henderson,Hendersonville,43633.0,,2024-01-11,,0,
Henderson,Hendersonville,43633.0,,2024-01-12,62447.75096030279,0,35187844.2594119
Henderson,Hendersonville,43633.0,,2024-01-13,,0,
Henderson,Hendersonville,43633.0,,2024-01-14,,0,
Henderson,Hendersonville,43633.0,,2024-01-15,,0,
Henderson,Hendersonville,43633.0,,2024-01-16,,0,
Henderson,Hendersonville,43633.0,,2024-01-17,,0,
Henderson,Hendersonville,43633.0,,2024-01-18,,0,
Henderson,Hendersonville,43633.0,,2024-01-19,37734.38749999795,0,9961757.39913607
Henderson,Hendersonville,43633.0,,2024-01-20,,0,
Henderson,Hendersonville,43633.0,,2024-01-21,,0,
Henderson,Hendersonville,43633.0,,2024-01-22,,0,
Henderson,Hendersonville,43633.0,,2024-01-23,62309.3187252116,0,15049391.4047882
Henderson,Hendersonville,43633.0,,2024-01-24,,0,
Henderson,Hendersonville,43633.0,,2024-01-25,,0,
Henderson,Hendersonville,43633.0,,2024-01-26,72003.04715774188,0,20264151.5779848
Henderson,Hendersonville,43633.0,,2024-01-27,,0,
Henderson,Hendersonville,43633.0,,2024-01-28,,0,
Henderson,Hendersonville,43633.0,,2024-01-29,,0,
Henderson,Hendersonville,43633.0,,2024-01-30,35720.58230208462,0,17282870.5946801
Henderson,Hendersonville,43633.0,,2024-01-31,,0,
Henderson,Hendersonville,43633.0,,2024-02-01,,0,
Henderson,Hendersonville,43633.0,,2024-02-02,67775.27867888112,0,17968894.7807422
Henderson,Hendersonville,43633.0,,2024-02-03,,0,
Henderson,Hendersonville,43633.0,,2024-02-04,,0,
Henderson,Hendersonville,43633.0,,2024-02-05,,0,
Henderson,Hendersonville,43633.0,,2024-02-06,190560.1952140056,0,46108119.1782385
Henderson,Hendersonville,43633.0,,2024-02-07,,0,
Henderson,Hendersonville,43633.0,,2024-02-08,,0,
Henderson,Hendersonville,43633.0,,2024-02-09,72721.06434864657,0,16731329.4214285
Henderson,Hendersonville,43633.0,,2024-02-10,,0,
Henderson,Hendersonville,43633.0,,2024-02-11,,0,
Henderson,Hendersonville,43633.0,,2024-02-12,,0,
Henderson,Hendersonville,43633.0,,2024-02-13,121773.8888267924,0,27573467.6409252
Henderson,Hendersonville,43633.0,,2024-02-14,,0,
Henderson,Hendersonville,43633.0,,2024-02-15,,0,
Henderson,Hendersonville,43633.0,,2024-02-16,30483.4446872397,0,7188035.24096098
Henderson,Hendersonville,43633.0,,2024-02-17,,0,
Henderson,Hendersonville,43633.0,,2024-02-18,,0,
Henderson,Hendersonville,43633.0,,2024-02-19,,0,
Henderson,Hendersonville,43633.0,,2024-02-20,88820.52690679108,0,19926846.2292753
Henderson,Hendersonville,43633.0,,2024-02-21,,0,
Henderson,Hendersonville,43633.0,,2024-02-22,,0,
Henderson,Hendersonville,43633.0,,2024-02-23,73819.60715148791,0,15722439.4136799
Henderson,Hendersonville,43633.0,,2024-02-24,,0,
Henderson,Hendersonville,43633.0,,2024-02-25,,0,
Henderson,Hendersonville,43633.0,,2024-02-26,,0,
Henderson,Hendersonville,43633.0,,2024-02-27,9520.000000000013,0,1938414.91018265
Henderson,Hendersonville,43633.0,,2024-02-28,,0,
Henderson,Hendersonville,43633.0,,2024-02-29,,0,
Henderson,Hendersonville,43633.0,,2024-03-01,50329.47049194944,0,10863491.803666
Henderson,Hendersonville,43633.0,,2024-03-02,,0,
Henderson,Hendersonville,43633.0,,2024-03-03,,0,
Henderson,Hendersonville,43633.0,,2024-03-04,,0,
Henderson,Hendersonville,43633.0,,2024-03-05,38606.36216998436,0,9702956.39009179
Henderson,Hendersonville,43633.0,,2024-03-06,,0,
Henderson,Hendersonville,43633.0,,2024-03-07,,0,
Henderson,Hendersonville,43633.0,,2024-03-08,27637.221278558398,0,22940994.7816954
Henderson,Hendersonville,43633.0,,2024-03-09,,0,
Henderson,Hendersonville,43633.0,,2024-03-10,,0,
Henderson,Hendersonville,43633.0,,2024-03-11,,0,
Henderson,Hendersonville,43633.0,,2024-03-12,42326.72914365105,0,12819209.9866343
Henderson,Hendersonville,43633.0,,2024-03-13,,0,
Henderson,Hendersonville,43633.0,,2024-03-14,,0,
Henderson,Hendersonville,43633.0,,2024-03-15,21198.56598923618,0,5392214.41504502
Henderson,Hendersonville,43633.0,,2024-03-16,,0,
Henderson,Hendersonville,43633.0,,2024-03-17,,0,
Henderson,Hendersonville,43633.0,,2024-03-18,,0,
Henderson,Hendersonville,43633.0,,2024-03-19,22382.761223763275,0,5192443.36615916
Henderson,Hendersonville,43633.0,,2024-03-20,,0,
Henderson,Hendersonville,43633.0,,2024-03-21,,0,
Henderson,Hendersonville,43633.0,,2024-03-22,10305.862409328009,0,2366655.17407978
Henderson,Hendersonville,43633.0,,2024-03-23,,0,
Henderson,Hendersonville,43633.0,,2024-03-24,,0,
Henderson,Hendersonville,43633.0,,2024-03-25,,0,
Henderson,Hendersonville,43633.0,,2024-03-26,36154.983059047336,0,9469520.29426616
Henderson,Hendersonville,43633.0,,2024-03-27,,0,
Henderson,Hendersonville,43633.0,,2024-03-28,,0,
Henderson,Hendersonville,43633.0,,2024-03-29,10622.240818207796,0,3113874.02421952
Henderson,Hendersonville,43633.0,,2024-03-30,,0,
Henderson,Hendersonville,43633.0,,2024-03-31,,0,
Henderson,Hendersonville,43633.0,,2024-04-01,,0,
Henderson,Hendersonville,43633.0,,2024-04-02,31877.452846800683,0,7422715.70730533
Henderson,Hendersonville,43633.0,,2024-04-03,,0,
Henderson,Hendersonville,43633.0,,2024-04-04,,0,
Henderson,Hendersonville,43633.0,,2024-04-05,20875.05688615005,0,5440318.17138046
Henderson,Hendersonville,43633.0,,2024-04-06,,0,
Henderson,Hendersonville,43633.0,,2024-04-07,,0,
Henderson,Hendersonville,43633.0,,2024-04-08,,0,
Henderson,Hendersonville,43633.0,,2024-04-09,29800.61744326786,0,6372926.20653916
Henderson,Hendersonville,43633.0,,2024-04-10,,0,
Henderson,Hendersonville,43633.0,,2024-04-11,,0,
Henderson,Hendersonville,43633.0,,2024-04-12,0.0,0,920688.9818656511
Henderson,Hendersonville,43633.0,,2024-04-13,,0,
Henderson,Hendersonville,43633.0,,2024-04-14,,0,
Henderson,Hendersonville,43633.0,,2024-04-15,,0,
Henderson,Hendersonville,43633.0,,2024-04-16,11637.937961683772,0,2744240.65452544
Henderson,Hendersonville,43633.0,,2024-04-17,,0,
Henderson,Hendersonville,43633.0,,2024-04-18,,0,
Henderson,Hendersonville,43633.0,,2024-04-19,22910.25971044413,0,5473821.76415093
Henderson,Hendersonville,43633.0,,2024-04-20,,0,
Henderson,Hendersonville,43633.0,,2024-04-21,,0,
Henderson,Hendersonville,43633.0,,2024-04-22,,0,
Henderson,Hendersonville,43633.0,,2024-04-23,21211.317733700544,0,5088145.11361583
Henderson,Hendersonville,43633.0,,2024-04-24,,0,
Henderson,Hendersonville,43633.0,,2024-04-25,,0,
Henderson,Hendersonville,43633.0,,2024-04-26,,0,
Henderson,Hendersonville,43633.0,,2024-04-27,,0,
Henderson,Hendersonville,43633.0,,2024-04-28,,0,
Henderson,Hendersonville,43633.0,,2024-04-29,,0,
Henderson,Hendersonville,43633.0,,2024-04-30,18628.58019281128,0,3854471.5352268694
Henderson,Hendersonville,43633.0,,2024-05-01,,0,
Henderson,Hendersonville,43633.0,,2024-05-02,,0,
Henderson,Hendersonville,43633.0,,2024-05-03,0.0,0,820721.169535991
Henderson,Hendersonville,43633.0,,2024-05-04,,0,
Henderson,Hendersonville,43633.0,,2024-05-05,,0,
Henderson,Hendersonville,43633.0,,2024-05-06,,0,
Henderson,Hendersonville,43633.0,,2024-05-07,4900.000000000007,0,1225993.1391378
Henderson,Hendersonville,43633.0,,2024-05-08,,0,
Henderson,Hendersonville,43633.0,,2024-05-09,,0,
Henderson,Hendersonville,43633.0,,2024-05-10,0.0,0,1046177.14787096
Henderson,Hendersonville,43633.0,,2024-05-11,,0,
Henderson,Hendersonville,43633.0,,2024-05-12,,0,
Henderson,Hendersonville,43633.0,,2024-05-13,,0,
Henderson,Hendersonville,43633.0,,2024-05-14,5934.981044620115,0,1418012.22781664
Henderson,Hendersonville,43633.0,,2024-05-15,,0,
Jackson,Tuckaseigee,13296.0,1.5,2021-01-03,,0,
Jackson,Tuckaseigee,13296.0,1.5,2021-01-04,42988.496600835,0,8934410.21163842
Jackson,Tuckaseigee,13296.0,4.510000000000001,2021-01-05,,0,
Jackson,Tuckaseigee,13296.0,1.5,2021-01-06,,0,
Jackson,Tuckaseigee,13296.0,5.260000000000001,2021-01-07,,0,
Jackson,Tuckaseigee,13296.0,1.5,2021-01-08,,0,
Jackson,Tuckaseigee,13296.0,1.5,2021-01-09,,0,
Jackson,Tuckaseigee,13296.0,1.5,2021-01-10,,0,
Jackson,Tuckaseigee,13296.0,1.5,2021-01-11,32801.933144252376,0,8124739.83304
Jackson,Tuckaseigee,13296.0,4.510000000000001,2021-01-12,,0,
Jackson,Tuckaseigee,13296.0,1.5,2021-01-13,,0,
Jackson,Tuckaseigee,13296.0,1.5,2021-01-14,,0,
Jackson,Tuckaseigee,13296.0,4.510000000000001,2021-01-15,,0,
Jackson,Tuckaseigee,13296.0,1.5,2021-01-16,,0,
Jackson,Tuckaseigee,13296.0,1.5,2021-01-17,,0,
Jackson,Tuckaseigee,13296.0,1.5,2021-01-18,46636.24701881573,0,12348019.7053604
Jackson,Tuckaseigee,13296.0,1.5,2021-01-19,,0,
Jackson,Tuckaseigee,13296.0,1.5,2021-01-20,,0,
Jackson,Tuckaseigee,13296.0,4.510000000000001,2021-01-21,,0,
Jackson,Tuckaseigee,13296.0,1.5,2021-01-22,,0,
Jackson,Tuckaseigee,13296.0,1.5,2021-01-23,,0,
Jackson,Tuckaseigee,13296.0,1.5,2021-01-24,,0,
Jackson,Tuckaseigee,13296.0,1.5,2021-01-25,14909.551301095573,0,3523168.68689745
Jackson,Tuckaseigee,13296.0,4.510000000000001,2021-01-26,,0,
Jackson,Tuckaseigee,13296.0,1.5,2021-01-27,,0,
Jackson,Tuckaseigee,13296.0,1.5,2021-01-28,,0,
Jackson,Tuckaseigee,13296.0,1.5,2021-01-29,,0,
Jackson,Tuckaseigee,13296.0,1.5,2021-01-30,,0,
Jackson,Tuckaseigee,13296.0,1.5,2021-01-31,,0,
Jackson,Tuckaseigee,13296.0,1.5,2021-02-01,12779.554374077374,0,4475191.1783234
Jackson,Tuckaseigee,13296.0,1.5,2021-02-02,,0,
Jackson,Tuckaseigee,13296.0,1.5,2021-02-03,,0,
Jackson,Tuckaseigee,13296.0,1.5,2021-02-04,,0,
Jackson,Tuckaseigee,13296.0,,2021-02-05,,0,
Jackson,Tuckaseigee,13296.0,1.5,2021-02-06,,0,
Jackson,Tuckaseigee,13296.0,,2021-02-07,,0,
Jackson,Tuckaseigee,13296.0,1.5,2021-02-08,9614.904055683572,0,3038496.25238769
Jackson,Tuckaseigee,13296.0,1.5,2021-02-09,,0,
Jackson,Tuckaseigee,13296.0,,2021-02-10,,0,
Jackson,Tuckaseigee,13296.0,1.5,2021-02-11,,0,
Jackson,Tuckaseigee,13296.0,1.5,2021-02-12,,0,
Jackson,Tuckaseigee,13296.0,1.5,2021-02-13,,0,
Jackson,Tuckaseigee,13296.0,1.5,2021-02-14,,0,
Jackson,Tuckaseigee,13296.0,1.5,2021-02-15,10196.0,0,3251162.07942238
Jackson,Tuckaseigee,13296.0,1.5,2021-02-16,,0,
Jackson,Tuckaseigee,13296.0,1.5,2021-02-17,,0,
Jackson,Tuckaseigee,13296.0,1.5,2021-02-18,,0,
Jackson,Tuckaseigee,13296.0,1.5,2021-02-19,,0,
Jackson,Tuckaseigee,13296.0,4.510000000000001,2021-02-20,,0,
Jackson,Tuckaseigee,13296.0,,2021-02-21,,0,
Jackson,Tuckaseigee,13296.0,1.5,2021-02-22,7739.4930066510215,0,2467864.47402692
Jackson,Tuckaseigee,13296.0,,2021-02-23,,0,
Jackson,Tuckaseigee,13296.0,3.7600000000000002,2021-02-24,,0,
Jackson,Tuckaseigee,13296.0,1.5,2021-02-25,,0,
Jackson,Tuckaseigee,13296.0,4.510000000000001,2021-02-26,,0,
Jackson,Tuckaseigee,13296.0,1.5,2021-02-27,,0,
Jackson,Tuckaseigee,13296.0,1.5,2021-02-28,,0,
Jackson,Tuckaseigee,13296.0,4.510000000000001,2021-03-01,7247.719158466332,0,2207882.23748726
Jackson,Tuckaseigee,13296.0,1.5,2021-03-02,,0,
Jackson,Tuckaseigee,13296.0,1.5,2021-03-03,,0,
Jackson,Tuckaseigee,13296.0,,2021-03-04,,0,
Jackson,Tuckaseigee,13296.0,1.5,2021-03-05,,0,
Jackson,Tuckaseigee,13296.0,1.5,2021-03-06,,0,
Jackson,Tuckaseigee,13296.0,1.5,2021-03-07,,0,
Jackson,Tuckaseigee,13296.0,1.5,2021-03-08,1807.0000000000002,0,292428.982851985
Jackson,Tuckaseigee,13296.0,,2021-03-09,,0,
Jackson,Tuckaseigee,13296.0,1.5,2021-03-10,,0,
Jackson,Tuckaseigee,13296.0,1.5,2021-03-11,,0,
Jackson,Tuckaseigee,13296.0,1.5,2021-03-12,,0,
Jackson,Tuckaseigee,13296.0,1.5,2021-03-13,,0,
Jackson,Tuckaseigee,13296.0,1.5,2021-03-14,,0,
Jackson,Tuckaseigee,13296.0,,2021-03-15,1796.424782728182,0,538263.519561525
Jackson,Tuckaseigee,13296.0,5.260000000000001,2021-03-16,,0,
Jackson,Tuckaseigee,13296.0,1.5,2021-03-17,,0,
Jackson,Tuckaseigee,13296.0,5.260000000000001,2021-03-18,,0,
Jackson,Tuckaseigee,13296.0,3.7600000000000002,2021-03-19,,0,
Jackson,Tuckaseigee,13296.0,,2021-03-20,,0,
Jackson,Tuckaseigee,13296.0,,2021-03-21,,0,
Jackson,Tuckaseigee,13296.0,1.5,2021-03-22,2603.2272278846494,0,894420.324909747
Jackson,Tuckaseigee,13296.0,1.5,2021-03-23,,0,
Jackson,Tuckaseigee,13296.0,,2021-03-24,,0,
Jackson,Tuckaseigee,13296.0,1.5,2021-03-25,,0,
Jackson,Tuckaseigee,13296.0,,2021-03-26,,0,
Jackson,Tuckaseigee,13296.0,1.5,2021-03-27,,0,
Jackson,Tuckaseigee,13296.0,,2021-03-28,,0,
Jackson,Tuckaseigee,13296.0,1.5,2021-03-29,2372.9367880329214,0,1008659.78287727
Jackson,Tuckaseigee,13296.0,1.5,2021-03-30,,0,
Jackson,Tuckaseigee,13296.0,1.5,2021-03-31,,0,
Jackson,Tuckaseigee,13296.0,,2021-04-29,,0,
Jackson,Tuckaseigee,13296.0,1.5,2021-04-30,,0,
Jackson,Tuckaseigee,13296.0,,2021-05-01,,0,
Jackson,Tuckaseigee,13296.0,,2021-05-02,,0,
Jackson,Tuckaseigee,13296.0,,2021-05-03,6525.519596170113,0,1867118.71154775
Jackson,Tuckaseigee,13296.0,,2021-05-04,,0,
Jackson,Tuckaseigee,13296.0,,2021-05-05,,0,
Jackson,Tuckaseigee,13296.0,1.5,2021-05-06,,0,
Jackson,Tuckaseigee,13296.0,,2021-05-07,,0,
Jackson,Tuckaseigee,13296.0,,2021-05-08,,0,
Jackson,Tuckaseigee,13296.0,,2021-05-09,,0,
Jackson,Tuckaseigee,13296.0,,2021-05-10,2786.000358937519,0,745867.110881358
Jackson,Tuckaseigee,13296.0,,2021-05-11,,0,
Jackson,Tuckaseigee,13296.0,,2021-05-12,,0,
Jackson,Tuckaseigee,13296.0,,2021-05-13,,0,
Jackson,Tuckaseigee,13296.0,1.5,2021-05-14,,0,
Jackson,Tuckaseigee,13296.0,,2021-05-15,,0,
Jackson,Tuckaseigee,13296.0,,2021-05-16,,0,
Jackson,Tuckaseigee,13296.0,,2021-05-17,1667.0000000000002,0,575984.486989867
Jackson,Tuckaseigee,13296.0,,2021-05-18,,0,
Jackson,Tuckaseigee,13296.0,1.5,2021-05-19,,0,
Jackson,Tuckaseigee,13296.0,,2021-05-20,,0,
Jackson,Tuckaseigee,13296.0,,2021-05-21,,0,
Jackson,Tuckaseigee,13296.0,,2021-05-22,,0,
Jackson,Tuckaseigee,13296.0,,2021-05-23,,0,
Jackson,Tuckaseigee,13296.0,,2021-05-24,1932.6800045532634,0,381667.027417791
Jackson,Tuckaseigee,13296.0,,2021-05-25,,0,
Jackson,Tuckaseigee,13296.0,,2021-05-26,,0,
Jackson,Tuckaseigee,13296.0,,2021-05-27,,0,
Jackson,Tuckaseigee,13296.0,,2021-05-28,,0,
Jackson,Tuckaseigee,13296.0,,2021-05-29,,0,
Jackson,Tuckaseigee,13296.0,1.5,2021-05-30,,0,
Jackson,Tuckaseigee,13296.0,,2021-05-31,,0,
Jackson,Tuckaseigee,13296.0,,2021-06-01,1624.0858967431502,0,311766.810355234
Jackson,Tuckaseigee,13296.0,,2021-06-02,,0,
Jackson,Tuckaseigee,13296.0,,2021-06-03,,0,
Jackson,Tuckaseigee,13296.0,,2021-06-04,,0,
Jackson,Tuckaseigee,13296.0,,2021-06-05,,0,
Jackson,Tuckaseigee,13296.0,,2021-06-06,,0,
Jackson,Tuckaseigee,13296.0,,2021-06-07,1617.9999999999995,0,518355.335716347
Jackson,Tuckaseigee,13296.0,1.5,2021-06-08,,0,
Jackson,Tuckaseigee,13296.0,,2021-06-09,,0,
Jackson,Tuckaseigee,13296.0,,2021-06-10,,0,
Jackson,Tuckaseigee,13296.0,,2021-06-11,,0,
Jackson,Tuckaseigee,13296.0,,2021-06-12,,0,
Jackson,Tuckaseigee,13296.0,1.5,2021-06-13,,0,
Jackson,Tuckaseigee,13296.0,,2021-06-14,1347.1113539718972,0,616241.424377913
Jackson,Tuckaseigee,13296.0,,2021-06-15,,0,
Jackson,Tuckaseigee,13296.0,,2021-06-16,,0,
Jackson,Tuckaseigee,13296.0,1.5,2021-06-17,,0,
Jackson,Tuckaseigee,13296.0,,2021-06-18,,0,
Jackson,Tuckaseigee,13296.0,,2021-06-19,,0,
Jackson,Tuckaseigee,13296.0,,2021-06-20,,0,
Jackson,Tuckaseigee,13296.0,,2021-06-21,0.0,0,763657.0300072212
Jackson,Tuckaseigee,13296.0,,2021-07-10,,0,
Jackson,Tuckaseigee,13296.0,,2021-07-11,,0,
Jackson,Tuckaseigee,13296.0,,2021-07-12,1486.9999999999998,0,443622.452002707
Jackson,Tuckaseigee,13296.0,,2021-07-13,,0,
Jackson,Tuckaseigee,13296.0,,2021-07-14,,0,
Jackson,Tuckaseigee,13296.0,,2021-07-15,,0,
Jackson,Tuckaseigee,13296.0,,2021-07-16,,0,
Jackson,Tuckaseigee,13296.0,,2021-07-17,,0,
Jackson,Tuckaseigee,13296.0,,2021-07-18,,0,
Jackson,Tuckaseigee,13296.0,1.5,2021-07-19,17404.15140131803,0,3988774.67999489
Jackson,Tuckaseigee,13296.0,1.5,2021-07-20,,0,
Jackson,Tuckaseigee,13296.0,,2021-07-21,,0,
Jackson,Tuckaseigee,13296.0,,2021-07-22,,0,
Jackson,Tuckaseigee,13296.0,1.5,2021-07-23,,0,
Jackson,Tuckaseigee,13296.0,1.5,2021-07-24,,0,
Jackson,Tuckaseigee,13296.0,,2021-07-25,,0,
Jackson,Tuckaseigee,13296.0,1.5,2021-07-26,7275.468782147315,0,2440040.54782745
Jackson,Tuckaseigee,13296.0,1.5,2021-07-27,,0,
Jackson,Tuckaseigee,13296.0,1.5,2021-07-28,,0,
Jackson,Tuckaseigee,13296.0,,2021-07-29,,0,
Jackson,Tuckaseigee,13296.0,,2021-07-30,,0,
Jackson,Tuckaseigee,13296.0,1.5,2021-07-31,,0,
Jackson,Tuckaseigee,13296.0,,2021-08-01,,0,
Jackson,Tuckaseigee,13296.0,1.5,2021-08-02,16456.415660403534,0,2984457.8663243
Jackson,Tuckaseigee,13296.0,1.5,2021-08-03,,0,
Jackson,Tuckaseigee,13296.0,,2021-08-04,,0,
Jackson,Tuckaseigee,13296.0,1.5,2021-08-05,,0,
Jackson,Tuckaseigee,13296.0,1.5,2021-08-06,5252.000000000008,0,1505722.5666065
Jackson,Tuckaseigee,13296.0,1.5,2021-08-07,,0,
Jackson,Tuckaseigee,13296.0,1.5,2021-08-08,,0,
Jackson,Tuckaseigee,13296.0,1.5,2021-08-09,25823.2927196452,0,5087547.58157144
Jackson,Tuckaseigee,13296.0,5.260000000000001,2021-08-10,,0,
Jackson,Tuckaseigee,13296.0,1.5,2021-08-11,,0,
Jackson,Tuckaseigee,13296.0,6.7700000000000005,2021-08-12,,0,
Jackson,Tuckaseigee,13296.0,3.7600000000000002,2021-08-13,34647.281194446485,0,9449861.45213992
Jackson,Tuckaseigee,13296.0,3.7600000000000002,2021-08-14,,0,
Jackson,Tuckaseigee,13296.0,1.5,2021-08-15,,0,
Jackson,Tuckaseigee,13296.0,1.5,2021-08-16,24238.26482524194,0,10951389.4713785
Jackson,Tuckaseigee,13296.0,5.260000000000001,2021-08-17,,0,
Jackson,Tuckaseigee,13296.0,1.5,2021-08-18,,0,
Jackson,Tuckaseigee,13296.0,6.0200000000000005,2021-08-19,,0,
Jackson,Tuckaseigee,13296.0,4.510000000000001,2021-08-20,25884.119363038037,0,12829890.1027035
Jackson,Tuckaseigee,13296.0,1.5,2021-08-21,,0,
Jackson,Tuckaseigee,13296.0,1.5,2021-08-22,,0,
Jackson,Tuckaseigee,13296.0,1.5,2021-08-23,26445.38237500075,0,7754929.373916791
Jackson,Tuckaseigee,13296.0,3.7600000000000002,2021-08-24,,0,
Jackson,Tuckaseigee,13296.0,6.0200000000000005,2021-08-25,,0,
Jackson,Tuckaseigee,13296.0,4.510000000000001,2021-08-26,,0,
Jackson,Tuckaseigee,13296.0,6.0200000000000005,2021-08-27,92603.3354457604,0,30688126.8967951
Jackson,Tuckaseigee,13296.0,9.03,2021-08-28,,0,
Jackson,Tuckaseigee,13296.0,1.5,2021-08-29,,0,
Jackson,Tuckaseigee,13296.0,1.5,2021-08-30,35454.65990247263,0,9861856.04649063
Jackson,Tuckaseigee,13296.0,8.270000000000001,2021-08-31,,0,
Jackson,Tuckaseigee,13296.0,6.7700000000000005,2021-09-01,,0,
Jackson,Tuckaseigee,13296.0,6.0200000000000005,2021-09-02,,0,
Jackson,Tuckaseigee,13296.0,6.0200000000000005,2021-09-03,63619.12652276834,0,26263129.5300816
Jackson,Tuckaseigee,13296.0,1.5,2021-09-04,,0,
Jackson,Tuckaseigee,13296.0,1.5,2021-09-05,,0,
Jackson,Tuckaseigee,13296.0,1.5,2021-09-06,,0,
Jackson,Tuckaseigee,13296.0,1.5,2021-09-07,65898.27867372567,0,21894533.5856501
Jackson,Tuckaseigee,13296.0,7.5200000000000005,2021-09-08,,0,
Jackson,Tuckaseigee,13296.0,6.7700000000000005,2021-09-09,,0,
Jackson,Tuckaseigee,13296.0,13.540000000000001,2021-09-10,239105.82269112577,0,81280291.0928619
Jackson,Tuckaseigee,13296.0,9.03,2021-09-11,,0,
Jackson,Tuckaseigee,13296.0,1.5,2021-09-12,,0,
Jackson,Tuckaseigee,13296.0,1.5,2021-09-13,196544.06627156163,0,38218304.1126025
Jackson,Tuckaseigee,13296.0,4.510000000000001,2021-09-14,,0,
Jackson,Tuckaseigee,13296.0,1.5,2021-09-15,,0,
Jackson,Tuckaseigee,13296.0,4.510000000000001,2021-09-16,,0,
Jackson,Tuckaseigee,13296.0,6.0200000000000005,2021-09-17,76224.27835381587,0,24804491.2071037
Jackson,Tuckaseigee,13296.0,1.5,2021-09-18,,0,
Jackson,Tuckaseigee,13296.0,1.5,2021-09-19,,0,
Jackson,Tuckaseigee,13296.0,1.5,2021-09-20,162902.90209127642,0,42575746.738798
Jackson,Tuckaseigee,13296.0,7.5200000000000005,2021-09-21,,0,
Jackson,Tuckaseigee,13296.0,1.5,2021-09-22,,0,
Jackson,Tuckaseigee,13296.0,4.510000000000001,2021-09-23,,0,
Jackson,Tuckaseigee,13296.0,5.260000000000001,2021-09-24,48343.75469075609,0,17906406.7507002
Jackson,Tuckaseigee,13296.0,6.0200000000000005,2021-09-25,,0,
Jackson,Tuckaseigee,13296.0,5.260000000000001,2021-09-26,,0,
Jackson,Tuckaseigee,13296.0,1.5,2021-09-27,26555.11087530985,0,7129360.62387758
Jackson,Tuckaseigee,13296.0,4.510000000000001,2021-09-28,,0,
Jackson,Tuckaseigee,13296.0,3.7600000000000002,2021-09-29,,0,
Jackson,Tuckaseigee,13296.0,5.260000000000001,2021-09-30,,0,
Jackson,Tuckaseigee,13296.0,1.5,2021-10-01,,0,
Jackson,Tuckaseigee,13296.0,6.7700000000000005,2021-10-02,,0,
Jackson,Tuckaseigee,13296.0,1.5,2021-10-03,,0,
Jackson,Tuckaseigee,13296.0,1.5,2021-10-04,18569.231359428963,0,4239933.71293335
Jackson,Tuckaseigee,13296.0,3.7600000000000002,2021-10-05,,0,
Jackson,Tuckaseigee,13296.0,1.5,2021-10-06,,0,
Jackson,Tuckaseigee,13296.0,4.510000000000001,2021-10-07,,0,
Jackson,Tuckaseigee,13296.0,3.7600000000000002,2021-10-08,,0,
Jackson,Tuckaseigee,13296.0,1.5,2021-10-09,60974.71822321119,0,46575898.9700384
Jackson,Tuckaseigee,13296.0,1.5,2021-10-10,,0,
Jackson,Tuckaseigee,13296.0,1.5,2021-10-11,,0,
Jackson,Tuckaseigee,13296.0,3.7600000000000002,2021-10-12,,0,
Jackson,Tuckaseigee,13296.0,1.5,2021-10-13,54765.49668833473,0,18694634.7838193
Jackson,Tuckaseigee,13296.0,1.5,2021-10-14,,0,
Jackson,Tuckaseigee,13296.0,1.5,2021-10-15,,0,
Jackson,Tuckaseigee,13296.0,1.5,2021-10-16,24201.791034549504,0,8943612.42458441
Jackson,Tuckaseigee,13296.0,,2021-10-17,,0,
Jackson,Tuckaseigee,13296.0,1.5,2021-10-18,24413.059849187288,0,6220653.66230719
Jackson,Tuckaseigee,13296.0,1.5,2021-10-19,,0,
Jackson,Tuckaseigee,13296.0,1.5,2021-10-20,,0,
Jackson,Tuckaseigee,13296.0,1.5,2021-10-21,,0,
Jackson,Tuckaseigee,13296.0,,2021-10-22,,0,
Jackson,Tuckaseigee,13296.0,,2021-10-23,7968.963797131975,0,2280125.16060857
Jackson,Tuckaseigee,13296.0,1.5,2021-10-24,,0,
Jackson,Tuckaseigee,13296.0,3.7600000000000002,2021-10-25,5937.434220267195,0,994008.24903484
Jackson,Tuckaseigee,13296.0,1.5,2021-10-26,,0,
Jackson,Tuckaseigee,13296.0,,2021-10-27,,0,
Jackson,Tuckaseigee,13296.0,1.5,2021-10-28,,0,
Jackson,Tuckaseigee,13296.0,1.5,2021-10-29,,0,
Jackson,Tuckaseigee,13296.0,,2021-10-30,25415.011626989246,0,7959279.7468476
Jackson,Tuckaseigee,13296.0,1.5,2021-10-31,,0,
Jackson,Tuckaseigee,13296.0,,2021-11-01,,0,
Jackson,Tuckaseigee,13296.0,1.5,2021-11-02,77410.43376083109,0,14237141.136359
Jackson,Tuckaseigee,13296.0,,2021-11-03,,0,
Jackson,Tuckaseigee,13296.0,1.5,2021-11-04,,0,
Jackson,Tuckaseigee,13296.0,,2021-11-05,,0,
Jackson,Tuckaseigee,13296.0,1.5,2021-11-06,,0,
Jackson,Tuckaseigee,13296.0,1.5,2021-11-07,,0,
Jackson,Tuckaseigee,13296.0,1.5,2021-11-08,6791.482665810174,0,2014758.91843038
Jackson,Tuckaseigee,13296.0,1.5,2021-11-09,,0,
Jackson,Tuckaseigee,13296.0,,2021-11-10,,0,
Jackson,Tuckaseigee,13296.0,1.5,2021-11-11,,0,
Jackson,Tuckaseigee,13296.0,1.5,2021-11-12,23004.70184983929,0,7047249.5682493
Jackson,Tuckaseigee,13296.0,1.5,2021-11-13,,0,
Jackson,Tuckaseigee,13296.0,1.5,2021-11-14,,0,
Jackson,Tuckaseigee,13296.0,1.5,2021-11-15,34889.635072898054,0,7429999.69949619
Jackson,Tuckaseigee,13296.0,3.7600000000000002,2021-11-16,,0,
Jackson,Tuckaseigee,13296.0,,2021-11-17,,0,
Jackson,Tuckaseigee,13296.0,1.5,2021-11-18,,0,
Jackson,Tuckaseigee,13296.0,1.5,2021-11-19,,0,
Jackson,Tuckaseigee,13296.0,1.5,2021-11-20,0.0,0,714785.557256317
Jackson,Tuckaseigee,13296.0,1.5,2021-11-21,,0,
Jackson,Tuckaseigee,13296.0,,2021-11-22,17925.79563422501,0,4302261.32875822
Jackson,Tuckaseigee,13296.0,,2021-11-23,,0,
Jackson,Tuckaseigee,13296.0,,2021-11-24,,0,
Jackson,Tuckaseigee,13296.0,1.5,2021-11-25,,0,
Jackson,Tuckaseigee,13296.0,,2021-11-26,,0,
Jackson,Tuckaseigee,13296.0,1.5,2021-11-27,,0,
Jackson,Tuckaseigee,13296.0,1.5,2021-11-28,,0,
Jackson,Tuckaseigee,13296.0,,2021-11-29,49874.384902873746,0,1258062.0035924
Jackson,Tuckaseigee,13296.0,3.7600000000000002,2021-11-30,,0,
Jackson,Tuckaseigee,13296.0,1.5,2021-12-01,,0,
Jackson,Tuckaseigee,13296.0,1.5,2021-12-02,,0,
Jackson,Tuckaseigee,13296.0,4.510000000000001,2021-12-03,5607.042885514608,0,1204389.6585183
Jackson,Tuckaseigee,13296.0,1.5,2021-12-04,,0,
Jackson,Tuckaseigee,13296.0,,2021-12-05,,0,
Jackson,Tuckaseigee,13296.0,1.5,2021-12-06,6962.070496626707,0,1428180.65408203
Jackson,Tuckaseigee,13296.0,3.7600000000000002,2021-12-07,,0,
Jackson,Tuckaseigee,13296.0,1.5,2021-12-08,,0,
Jackson,Tuckaseigee,13296.0,,2021-12-09,,0,
Jackson,Tuckaseigee,13296.0,1.5,2021-12-10,,0,
Jackson,Tuckaseigee,13296.0,1.5,2021-12-11,14353.543551332548,0,3759566.14459063
Jackson,Tuckaseigee,13296.0,1.5,2021-12-12,,0,
Jackson,Tuckaseigee,13296.0,1.5,2021-12-13,4198.399999999999,0,706418.502238266
Jackson,Tuckaseigee,13296.0,1.5,2021-12-14,,0,
Jackson,Tuckaseigee,13296.0,,2021-12-15,,0,
Jackson,Tuckaseigee,13296.0,,2021-12-16,,0,
Jackson,Tuckaseigee,13296.0,1.5,2021-12-17,,0,
Jackson,Tuckaseigee,13296.0,1.5,2021-12-18,190511.63275348808,0,50116904.8430768
Jackson,Tuckaseigee,13296.0,1.5,2021-12-19,,0,
Jackson,Tuckaseigee,13296.0,1.5,2021-12-20,,0,
Jackson,Tuckaseigee,13296.0,1.5,2021-12-21,82266.06901997936,0,21243144.5355809
Jackson,Tuckaseigee,13296.0,3.7600000000000002,2021-12-22,,0,
Jackson,Tuckaseigee,13296.0,1.5,2021-12-23,,0,
Jackson,Tuckaseigee,13296.0,1.5,2021-12-24,142255.2311845155,0,38920857.9266663
Jackson,Tuckaseigee,13296.0,,2021-12-25,,0,
Jackson,Tuckaseigee,13296.0,1.5,2021-12-26,,0,
Jackson,Tuckaseigee,13296.0,3.7600000000000002,2021-12-27,441228.6327173252,0,75873723.4685657
Jackson,Tuckaseigee,13296.0,5.260000000000001,2021-12-28,,0,
Jackson,Tuckaseigee,13296.0,7.5200000000000005,2021-12-29,,0,
Jackson,Tuckaseigee,13296.0,6.0200000000000005,2021-12-30,,0,
Jackson,Tuckaseigee,13296.0,6.0200000000000005,2021-12-31,,0,
Jackson,Tuckaseigee,13296.0,4.510000000000001,2022-01-01,691542.8288763035,0,209287417.010179
Jackson,Tuckaseigee,13296.0,1.5,2022-01-02,,0,
Jackson,Tuckaseigee,13296.0,10.530000000000001,2022-01-03,,0,
Jackson,Tuckaseigee,13296.0,16.55,2022-01-04,395189.7488808129,0,106323251.749826
Jackson,Tuckaseigee,13296.0,6.7700000000000005,2022-01-18,,0,
Jackson,Tuckaseigee,13296.0,26.32,2022-01-19,392725.2838039336,0,124108810.253886
Jackson,Tuckaseigee,13296.0,28.580000000000002,2022-01-20,,0,
Jackson,Tuckaseigee,13296.0,22.560000000000002,2022-01-21,337016.88384435594,0,107559318.687504
Jackson,Tuckaseigee,13296.0,10.530000000000001,2022-01-22,,0,
Jackson,Tuckaseigee,13296.0,12.030000000000001,2022-01-23,,0,
Jackson,Tuckaseigee,13296.0,6.7700000000000005,2022-01-24,286956.70229496254,0,76060088.2752335
Jackson,Tuckaseigee,13296.0,27.830000000000002,2022-01-25,,0,
Jackson,Tuckaseigee,13296.0,23.32,2022-01-26,,0,
Jackson,Tuckaseigee,13296.0,14.290000000000001,2022-01-27,,0,
Jackson,Tuckaseigee,13296.0,28.580000000000002,2022-01-28,,0,
Jackson,Tuckaseigee,13296.0,6.7700000000000005,2022-01-29,305182.2986300484,0,112517449.596741
Jackson,Tuckaseigee,13296.0,1.5,2022-01-30,,0,
Jackson,Tuckaseigee,13296.0,6.0200000000000005,2022-01-31,,0,
Jackson,Tuckaseigee,13296.0,11.280000000000001,2022-02-01,253119.6967482382,0,72207853.3898106
Jackson,Tuckaseigee,13296.0,7.5200000000000005,2022-02-02,,0,
Jackson,Tuckaseigee,13296.0,6.0200000000000005,2022-02-03,,0,
Jackson,Tuckaseigee,13296.0,5.260000000000001,2022-02-04,,0,
Jackson,Tuckaseigee,13296.0,5.260000000000001,2022-02-05,,0,
Jackson,Tuckaseigee,13296.0,1.5,2022-02-06,22721.7270329524,0,13274233.9009945
Jackson,Tuckaseigee,13296.0,1.5,2022-02-07,,0,
Jackson,Tuckaseigee,13296.0,11.280000000000001,2022-02-08,98928.55600037849,0,25771134.3737745
Jackson,Tuckaseigee,13296.0,4.510000000000001,2022-02-09,,0,
Jackson,Tuckaseigee,13296.0,4.510000000000001,2022-02-10,,0,
Jackson,Tuckaseigee,13296.0,6.0200000000000005,2022-02-11,,0,
Jackson,Tuckaseigee,13296.0,1.5,2022-02-12,62299.67897188563,0,22525804.00653
Jackson,Tuckaseigee,13296.0,1.5,2022-02-13,,0,
Jackson,Tuckaseigee,13296.0,1.5,2022-02-14,,0,
Jackson,Tuckaseigee,13296.0,1.5,2022-02-15,63737.74391990987,0,16513109.116225
Jackson,Tuckaseigee,13296.0,9.03,2022-02-16,,0,
Jackson,Tuckaseigee,13296.0,4.510000000000001,2022-02-17,,0,
Jackson,Tuckaseigee,13296.0,3.7600000000000002,2022-02-18,,0,
Jackson,Tuckaseigee,13296.0,4.510000000000001,2022-02-19,7132.671308843559,0,3025723.58747139
Jackson,Tuckaseigee,13296.0,1.5,2022-02-20,,0,
Jackson,Tuckaseigee,13296.0,1.5,2022-02-21,,0,
Jackson,Tuckaseigee,13296.0,6.0200000000000005,2022-02-22,5477.225575051671,0,1840066.02258759
Jackson,Tuckaseigee,13296.0,1.5,2022-02-23,,0,
Jackson,Tuckaseigee,13296.0,4.510000000000001,2022-02-24,,0,
Jackson,Tuckaseigee,13296.0,1.5,2022-02-25,,0,
Jackson,Tuckaseigee,13296.0,3.7600000000000002,2022-02-26,26610.618181470385,0,11212628.9421573
Jackson,Tuckaseigee,13296.0,1.5,2022-02-27,,0,
Jackson,Tuckaseigee,13296.0,1.5,2022-02-28,,0,
Jackson,Tuckaseigee,13296.0,4.510000000000001,2022-03-01,6864.765108872999,0,2345296.19522814
Jackson,Tuckaseigee,13296.0,1.5,2022-03-02,,0,
Jackson,Tuckaseigee,13296.0,1.5,2022-03-03,,0,
Jackson,Tuckaseigee,13296.0,1.5,2022-03-04,,0,
Jackson,Tuckaseigee,13296.0,1.5,2022-03-05,0.0,0,117577.557662586
Jackson,Tuckaseigee,13296.0,,2022-03-06,,0,
Jackson,Tuckaseigee,13296.0,,2022-03-07,,0,
Jackson,Tuckaseigee,13296.0,,2022-03-08,0.0,0,65132.8916548139
Jackson,Tuckaseigee,13296.0,1.5,2022-03-09,,0,
Jackson,Tuckaseigee,13296.0,1.5,2022-03-10,,0,
Jackson,Tuckaseigee,13296.0,,2022-03-11,,0,
Jackson,Tuckaseigee,13296.0,,2022-03-12,0.0,0,96430.5149175168
Jackson,Tuckaseigee,13296.0,,2022-03-13,,0,
Jackson,Tuckaseigee,13296.0,1.5,2022-03-14,,0,
Jackson,Tuckaseigee,13296.0,,2022-03-15,0.0,0,82896.4075606723
Jackson,Tuckaseigee,13296.0,1.5,2022-03-16,,0,
Jackson,Tuckaseigee,13296.0,,2022-03-17,,0,
Jackson,Tuckaseigee,13296.0,,2022-03-18,,0,
Jackson,Tuckaseigee,13296.0,,2022-03-19,0.0,0,249311.575199946
Jackson,Tuckaseigee,13296.0,,2022-03-20,,0,
Jackson,Tuckaseigee,13296.0,,2022-03-21,,0,
Jackson,Tuckaseigee,13296.0,1.5,2022-03-22,0.0,0,62595.2465254056
Jackson,Tuckaseigee,13296.0,1.5,2022-03-23,,0,
Jackson,Tuckaseigee,13296.0,,2022-03-24,,0,
Jackson,Tuckaseigee,13296.0,1.5,2022-03-25,,0,
Jackson,Tuckaseigee,13296.0,1.5,2022-03-26,0.0,0,115885.79424298
Jackson,Tuckaseigee,13296.0,,2022-03-27,,0,
Jackson,Tuckaseigee,13296.0,1.5,2022-03-28,,0,
Jackson,Tuckaseigee,13296.0,1.5,2022-03-29,0.0,0,299625.698174988
Jackson,Tuckaseigee,13296.0,,2022-03-30,,0,
Jackson,Tuckaseigee,13296.0,,2022-03-31,,0,
Jackson,Tuckaseigee,13296.0,,2022-04-01,,0,
Jackson,Tuckaseigee,13296.0,,2022-04-02,0.0,0,409194.904547461
Jackson,Tuckaseigee,13296.0,,2022-04-03,,0,
Jackson,Tuckaseigee,13296.0,,2022-04-04,,0,
Jackson,Tuckaseigee,13296.0,,2022-04-05,0.0,0,442180.261399778
Jackson,Tuckaseigee,13296.0,1.5,2022-04-06,,0,
Jackson,Tuckaseigee,13296.0,,2022-04-07,,0,
Jackson,Tuckaseigee,13296.0,1.5,2022-04-08,,0,
Jackson,Tuckaseigee,13296.0,1.5,2022-04-09,2250.0000000000005,0,813536.439530688
Jackson,Tuckaseigee,13296.0,1.5,2022-04-10,,0,
Jackson,Tuckaseigee,13296.0,,2022-04-11,,0,
Jackson,Tuckaseigee,13296.0,,2022-04-12,0.0,0,58365.8379763918
Jackson,Tuckaseigee,13296.0,,2022-04-13,,0,
Jackson,Tuckaseigee,13296.0,1.5,2022-04-14,,0,
Jackson,Tuckaseigee,13296.0,,2022-04-15,,0,
Jackson,Tuckaseigee,13296.0,,2022-04-16,0.0,0,91355.2246587
Jackson,Tuckaseigee,13296.0,,2022-04-17,,0,
Jackson,Tuckaseigee,13296.0,1.5,2022-04-18,,0,
Jackson,Tuckaseigee,13296.0,1.5,2022-04-19,,0,
Jackson,Tuckaseigee,13296.0,1.5,2022-04-20,0.0,0,71054.0636234335
Jackson,Tuckaseigee,13296.0,1.5,2022-04-21,,0,
Jackson,Tuckaseigee,13296.0,1.5,2022-04-22,,0,
Jackson,Tuckaseigee,13296.0,1.5,2022-04-23,2371.708245126283,0,729248.91263456
Jackson,Tuckaseigee,13296.0,1.5,2022-04-24,,0,
Jackson,Tuckaseigee,13296.0,,2022-04-25,,0,
Jackson,Tuckaseigee,13296.0,,2022-04-26,,0,
Jackson,Tuckaseigee,13296.0,1.5,2022-04-27,13247.641299491783,0,3432185.27762766
Jackson,Tuckaseigee,13296.0,,2022-04-28,,0,
Jackson,Tuckaseigee,13296.0,1.5,2022-04-29,,0,
Jackson,Tuckaseigee,13296.0,,2022-04-30,12869.53767623377,0,3334226.57993756
Jackson,Tuckaseigee,13296.0,,2022-05-01,,0,
Jackson,Tuckaseigee,13296.0,,2022-05-02,,0,
Jackson,Tuckaseigee,13296.0,1.5,2022-05-03,63737.74391990987,0,11250689.7275379
Jackson,Tuckaseigee,13296.0,1.5,2022-05-04,,0,
Jackson,Tuckaseigee,13296.0,1.5,2022-05-05,,0,
Jackson,Tuckaseigee,13296.0,1.5,2022-05-06,,0,
Jackson,Tuckaseigee,13296.0,1.5,2022-05-07,32478.839264973743,0,9709135.68451513
Jackson,Tuckaseigee,13296.0,1.5,2022-05-08,,0,
Jackson,Tuckaseigee,13296.0,,2022-05-09,,0,
Jackson,Tuckaseigee,13296.0,,2022-05-10,22776.08394786076,0,5252364.35189138
Jackson,Tuckaseigee,13296.0,1.5,2022-05-11,,0,
Jackson,Tuckaseigee,13296.0,1.5,2022-05-12,,0,
Jackson,Tuckaseigee,13296.0,1.5,2022-05-13,,0,
Jackson,Tuckaseigee,13296.0,1.5,2022-05-14,18751.666592599202,0,3737048.06736894
Jackson,Tuckaseigee,13296.0,,2022-05-15,,0,
Jackson,Tuckaseigee,13296.0,,2022-05-16,,0,
Jackson,Tuckaseigee,13296.0,1.5,2022-05-17,14348.344852281753,0,2982053.54699112
Jackson,Tuckaseigee,13296.0,,2022-05-18,,0,
Jackson,Tuckaseigee,13296.0,,2022-05-19,,0,
Jackson,Tuckaseigee,13296.0,1.5,2022-05-20,,0,
Jackson,Tuckaseigee,13296.0,,2022-05-21,48198.80703917891,0,11663959.0509319
Jackson,Tuckaseigee,13296.0,1.5,2022-05-22,,0,
Jackson,Tuckaseigee,13296.0,,2022-05-23,,0,
Jackson,Tuckaseigee,13296.0,1.5,2022-05-24,19956.20204347514,0,3749838.80581713
Jackson,Tuckaseigee,13296.0,1.5,2022-05-25,,0,
Jackson,Tuckaseigee,13296.0,1.5,2022-05-26,,0,
Jackson,Tuckaseigee,13296.0,1.5,2022-05-27,,0,
Jackson,Tuckaseigee,13296.0,1.5,2022-05-28,6123.724356957951,0,5892819.05018055
Jackson,Tuckaseigee,13296.0,1.5,2022-05-29,,0,
Jackson,Tuckaseigee,13296.0,1.5,2022-05-30,,0,
Jackson,Tuckaseigee,13296.0,,2022-05-31,10816.653826391983,0,3141115.26942784
Jackson,Tuckaseigee,13296.0,1.5,2022-06-01,,0,
Jackson,Tuckaseigee,13296.0,1.5,2022-06-02,,0,
Jackson,Tuckaseigee,13296.0,1.5,2022-06-03,,0,
Jackson,Tuckaseigee,13296.0,1.5,2022-06-04,15198.684153570679,0,4154014.36786472
Jackson,Tuckaseigee,13296.0,1.5,2022-06-05,,0,
Jackson,Tuckaseigee,13296.0,1.5,2022-06-06,,0,
Jackson,Tuckaseigee,13296.0,1.5,2022-06-07,68465.31968814574,0,11500412.6411724
Jackson,Tuckaseigee,13296.0,,2022-06-08,,0,
Jackson,Tuckaseigee,13296.0,1.5,2022-06-09,,0,
Jackson,Tuckaseigee,13296.0,1.5,2022-06-10,,0,
Jackson,Tuckaseigee,13296.0,1.5,2022-06-11,4242.6406871192885,0,1159573.43371995
Jackson,Tuckaseigee,13296.0,,2022-06-12,,0,
Jackson,Tuckaseigee,13296.0,1.5,2022-06-13,,0,
Jackson,Tuckaseigee,13296.0,1.5,2022-06-14,11472.793905583763,0,2025124.15095683
Jackson,Tuckaseigee,13296.0,1.5,2022-06-15,,0,
Jackson,Tuckaseigee,13296.0,5.260000000000001,2022-06-16,,0,
Jackson,Tuckaseigee,13296.0,1.5,2022-06-17,,0,
Jackson,Tuckaseigee,13296.0,1.5,2022-06-18,26825.82710747239,0,6339017.99970514
Jackson,Tuckaseigee,13296.0,,2022-06-19,,0,
Jackson,Tuckaseigee,13296.0,1.5,2022-06-20,,0,
Jackson,Tuckaseigee,13296.0,1.5,2022-06-21,7071.06781186548,0,1288414.9263555
Jackson,Tuckaseigee,13296.0,1.5,2022-06-22,,0,
Jackson,Tuckaseigee,13296.0,1.5,2022-06-23,,0,
Jackson,Tuckaseigee,13296.0,1.5,2022-06-24,,0,
Jackson,Tuckaseigee,13296.0,4.510000000000001,2022-06-25,19863.597357981293,0,5033136.18235732
Jackson,Tuckaseigee,13296.0,1.5,2022-06-26,,0,
Jackson,Tuckaseigee,13296.0,1.5,2022-06-27,,0,
Jackson,Tuckaseigee,13296.0,1.5,2022-06-28,13878.940881782017,0,2884496.10816375
Jackson,Tuckaseigee,13296.0,1.5,2022-06-29,,0,
Jackson,Tuckaseigee,13296.0,1.5,2022-06-30,,0,
Jackson,Tuckaseigee,13296.0,1.5,2022-07-01,,0,
Jackson,Tuckaseigee,13296.0,1.5,2022-07-02,11736.694594305496,0,2840243.01742565
Jackson,Tuckaseigee,13296.0,,2022-07-03,,0,
Jackson,Tuckaseigee,13296.0,1.5,2022-07-04,,0,
Jackson,Tuckaseigee,13296.0,,2022-07-05,21964.459929622662,0,5252796.62746532
Jackson,Tuckaseigee,13296.0,6.0200000000000005,2022-07-06,,0,
Jackson,Tuckaseigee,13296.0,3.7600000000000002,2022-07-07,,0,
Jackson,Tuckaseigee,13296.0,3.7600000000000002,2022-07-08,,0,
Jackson,Tuckaseigee,13296.0,1.5,2022-07-09,38362.57942318275,0,10485033.0793152
Jackson,Tuckaseigee,13296.0,1.5,2022-07-10,,0,
Jackson,Tuckaseigee,13296.0,1.5,2022-07-11,,0,
Jackson,Tuckaseigee,13296.0,1.5,2022-07-12,22449.944320643648,0,4985407.26537787
Jackson,Tuckaseigee,13296.0,1.5,2022-07-13,,0,
Jackson,Tuckaseigee,13296.0,1.5,2022-07-14,,0,
Jackson,Tuckaseigee,13296.0,1.5,2022-07-15,,0,
Jackson,Tuckaseigee,13296.0,1.5,2022-07-16,6637.959023675882,0,1360685.7448496
Jackson,Tuckaseigee,13296.0,1.5,2022-07-17,,0,
Jackson,Tuckaseigee,13296.0,,2022-07-18,,0,
Jackson,Tuckaseigee,13296.0,3.7600000000000002,2022-07-19,39051.2483795333,0,8116121.75087215
Jackson,Tuckaseigee,13296.0,1.5,2022-07-20,,0,
Jackson,Tuckaseigee,13296.0,1.5,2022-07-21,,0,
Jackson,Tuckaseigee,13296.0,3.7600000000000002,2022-07-22,,0,
Jackson,Tuckaseigee,13296.0,1.5,2022-07-23,17435.595774162717,0,4219359.10100694
Jackson,Tuckaseigee,13296.0,,2022-07-24,,0,
Jackson,Tuckaseigee,13296.0,,2022-07-25,,0,
Jackson,Tuckaseigee,13296.0,1.5,2022-07-26,7866.0663612761455,0,1791588.90517296
Jackson,Tuckaseigee,13296.0,1.5,2022-07-27,,0,
Jackson,Tuckaseigee,13296.0,3.7600000000000002,2022-07-28,,0,
Jackson,Tuckaseigee,13296.0,1.5,2022-07-29,,0,
Jackson,Tuckaseigee,13296.0,1.5,2022-07-30,34095.45424246466,0,8736344.70821925
Jackson,Tuckaseigee,13296.0,1.5,2022-07-31,,0,
Jackson,Tuckaseigee,13296.0,1.5,2022-08-01,,0,
Jackson,Tuckaseigee,13296.0,4.510000000000001,2022-08-02,76034.53162872783,0,14936565.1368002
Jackson,Tuckaseigee,13296.0,1.5,2022-08-03,,0,
Jackson,Tuckaseigee,13296.0,3.7600000000000002,2022-08-04,,0,
Jackson,Tuckaseigee,13296.0,1.5,2022-08-05,,0,
Jackson,Tuckaseigee,13296.0,1.5,2022-08-06,64635.39568224214,0,16377635.0681293
Jackson,Tuckaseigee,13296.0,1.5,2022-08-07,,0,
Jackson,Tuckaseigee,13296.0,1.5,2022-08-08,,0,
Jackson,Tuckaseigee,13296.0,1.5,2022-08-09,25897.936693875832,0,6046022.91215537
Jackson,Tuckaseigee,13296.0,1.5,2022-08-10,,0,
Jackson,Tuckaseigee,13296.0,1.5,2022-08-11,,0,
Jackson,Tuckaseigee,13296.0,1.5,2022-08-12,,0,
Jackson,Tuckaseigee,13296.0,,2022-08-13,20054.612935681405,0,4910248.89844963
Jackson,Tuckaseigee,13296.0,1.5,2022-08-14,,0,
Jackson,Tuckaseigee,13296.0,,2022-08-15,,0,
Jackson,Tuckaseigee,13296.0,1.5,2022-08-16,52867.75955154527,0,12492799.4972418
Jackson,Tuckaseigee,13296.0,1.5,2022-08-17,,0,
Jackson,Tuckaseigee,13296.0,1.5,2022-08-18,,0,
Jackson,Tuckaseigee,13296.0,1.5,2022-08-19,,0,
Jackson,Tuckaseigee,13296.0,1.5,2022-08-20,49295.030175464955,0,14595777.9418812
Jackson,Tuckaseigee,13296.0,1.5,2022-08-21,,0,
Jackson,Tuckaseigee,13296.0,1.5,2022-08-22,,0,
Jackson,Tuckaseigee,13296.0,10.530000000000001,2022-08-23,61770.74550302922,0,18289715.6459275
Jackson,Tuckaseigee,13296.0,4.510000000000001,2022-08-24,,0,
Jackson,Tuckaseigee,13296.0,10.530000000000001,2022-08-25,,0,
Jackson,Tuckaseigee,13296.0,4.510000000000001,2022-08-26,,0,
Jackson,Tuckaseigee,13296.0,6.7700000000000005,2022-08-27,93874.916777593,0,36347893.3182209
Jackson,Tuckaseigee,13296.0,1.5,2022-08-28,,0,
Jackson,Tuckaseigee,13296.0,4.510000000000001,2022-08-29,,0,
Jackson,Tuckaseigee,13296.0,13.540000000000001,2022-08-30,150831.03128998366,0,44230178.9576155
Jackson,Tuckaseigee,13296.0,6.7700000000000005,2022-08-31,,0,
Jackson,Tuckaseigee,13296.0,6.0200000000000005,2022-09-01,,0,
Jackson,Tuckaseigee,13296.0,1.5,2022-09-02,,0,
Jackson,Tuckaseigee,13296.0,1.5,2022-09-03,44665.42286825461,0,13479323.1971284
Jackson,Tuckaseigee,13296.0,1.5,2022-09-04,,0,
Jackson,Tuckaseigee,13296.0,,2022-09-05,,0,
Jackson,Tuckaseigee,13296.0,1.5,2022-09-06,29371.542349696265,0,8863870.23128555
Jackson,Tuckaseigee,13296.0,5.260000000000001,2022-09-07,,0,
Jackson,Tuckaseigee,13296.0,1.5,2022-09-08,,0,
Jackson,Tuckaseigee,13296.0,1.5,2022-09-09,,0,
Jackson,Tuckaseigee,13296.0,6.7700000000000005,2022-09-10,7158.910531638179,0,2262354.6418753
Jackson,Tuckaseigee,13296.0,,2022-09-11,,0,
Jackson,Tuckaseigee,13296.0,1.5,2022-09-12,,0,
Jackson,Tuckaseigee,13296.0,1.5,2022-09-13,8306.623862918068,0,2199369.84000765
Jackson,Tuckaseigee,13296.0,1.5,2022-09-14,,0,
Jackson,Tuckaseigee,13296.0,1.5,2022-09-15,,0,
Jackson,Tuckaseigee,13296.0,1.5,2022-09-16,,0,
Jackson,Tuckaseigee,13296.0,1.5,2022-09-17,13205.112646244277,0,4248262.31607514
Jackson,Tuckaseigee,13296.0,,2022-09-18,,0,
Jackson,Tuckaseigee,13296.0,1.5,2022-09-19,,0,
Jackson,Tuckaseigee,13296.0,5.260000000000001,2022-09-20,19329.38178007772,0,5448085.69287026
Jackson,Tuckaseigee,13296.0,1.5,2022-09-21,,0,
Jackson,Tuckaseigee,13296.0,1.5,2022-09-22,,0,
Jackson,Tuckaseigee,13296.0,1.5,2022-09-23,,0,
Jackson,Tuckaseigee,13296.0,,2022-09-24,10862.780491200227,0,3154510.27803979
Jackson,Tuckaseigee,13296.0,1.5,2022-09-25,,0,
Jackson,Tuckaseigee,13296.0,,2022-09-26,,0,
Jackson,Tuckaseigee,13296.0,1.5,2022-09-27,7115.124735378863,0,1559782.39646836
Jackson,Tuckaseigee,13296.0,,2022-09-28,,0,
Jackson,Tuckaseigee,13296.0,,2022-09-29,,0,
Jackson,Tuckaseigee,13296.0,,2022-09-30,,0,
Jackson,Tuckaseigee,13296.0,1.5,2022-10-01,0.0,0,87971.697819489
Jackson,Tuckaseigee,13296.0,1.5,2022-10-02,,0,
Jackson,Tuckaseigee,13296.0,1.5,2022-10-03,,0,
Jackson,Tuckaseigee,13296.0,,2022-10-04,,0,
Jackson,Tuckaseigee,13296.0,1.5,2022-10-05,0.0,0,226490.9293342
Jackson,Tuckaseigee,13296.0,1.5,2022-10-06,,0,
Jackson,Tuckaseigee,13296.0,1.5,2022-10-07,,0,
Jackson,Tuckaseigee,13296.0,1.5,2022-10-08,10010.837000201615,0,2964111.2572041
Jackson,Tuckaseigee,13296.0,1.5,2022-10-09,,0,
Jackson,Tuckaseigee,13296.0,,2022-10-10,,0,
Jackson,Tuckaseigee,13296.0,1.5,2022-10-11,6476.522978674749,0,1548859.30130259
Jackson,Tuckaseigee,13296.0,1.5,2022-10-12,,0,
Jackson,Tuckaseigee,13296.0,1.5,2022-10-13,,0,
Jackson,Tuckaseigee,13296.0,,2022-10-14,,0,
Jackson,Tuckaseigee,13296.0,1.5,2022-10-15,14282.856857085708,0,4025696.68196029
Jackson,Tuckaseigee,13296.0,1.5,2022-10-16,,0,
Jackson,Tuckaseigee,13296.0,,2022-10-17,,0,
Jackson,Tuckaseigee,13296.0,1.5,2022-10-18,11581.234821900493,0,1879405.50451628
Jackson,Tuckaseigee,13296.0,1.5,2022-10-19,,0,
Jackson,Tuckaseigee,13296.0,,2022-10-20,,0,
Jackson,Tuckaseigee,13296.0,,2022-10-21,,0,
Jackson,Tuckaseigee,13296.0,,2022-10-22,13228.75655532296,0,2485728.72612686
Jackson,Tuckaseigee,13296.0,1.5,2022-10-23,,0,
Jackson,Tuckaseigee,13296.0,,2022-10-24,,0,
Jackson,Tuckaseigee,13296.0,1.5,2022-10-25,18201.991649267395,0,3109287.86954588
Jackson,Tuckaseigee,13296.0,1.5,2022-10-26,,0,
Jackson,Tuckaseigee,13296.0,,2022-10-27,,0,
Jackson,Tuckaseigee,13296.0,1.5,2022-10-28,,0,
Jackson,Tuckaseigee,13296.0,1.5,2022-10-29,20365.41185441631,0,4986346.10627169
Jackson,Tuckaseigee,13296.0,,2022-10-30,,0,
Jackson,Tuckaseigee,13296.0,,2022-10-31,,0,
Jackson,Tuckaseigee,13296.0,1.5,2022-11-01,16770.509831248426,0,3437712.34197875
Jackson,Tuckaseigee,13296.0,,2022-11-02,,0,
Jackson,Tuckaseigee,13296.0,1.5,2022-11-03,,0,
Jackson,Tuckaseigee,13296.0,3.7600000000000002,2022-11-04,,0,
Jackson,Tuckaseigee,13296.0,1.5,2022-11-05,12051.970793193956,0,3088099.97115679
Jackson,Tuckaseigee,13296.0,,2022-11-06,,0,
Jackson,Tuckaseigee,13296.0,,2022-11-07,,0,
Jackson,Tuckaseigee,13296.0,,2022-11-08,27276.3633939717,0,5591260.61326031
Jackson,Tuckaseigee,13296.0,,2022-11-09,,0,
Jackson,Tuckaseigee,13296.0,1.5,2022-11-10,,0,
Jackson,Tuckaseigee,13296.0,1.5,2022-11-11,,0,
Jackson,Tuckaseigee,13296.0,1.5,2022-11-12,7677.07626639205,0,2360534.6614549
Jackson,Tuckaseigee,13296.0,,2022-11-13,,0,
Jackson,Tuckaseigee,13296.0,,2022-11-14,,0,
Jackson,Tuckaseigee,13296.0,,2022-11-15,4993.74608885955,0,1066297.74620763
Jackson,Tuckaseigee,13296.0,1.5,2022-11-16,,0,
Jackson,Tuckaseigee,13296.0,,2022-11-17,,0,
Jackson,Tuckaseigee,13296.0,,2022-11-18,,0,
Jackson,Tuckaseigee,13296.0,1.5,2022-11-19,9695.359714832657,0,2981113.10451938
Jackson,Tuckaseigee,13296.0,,2022-11-20,,0,
Jackson,Tuckaseigee,13296.0,,2022-11-21,,0,
Jackson,Tuckaseigee,13296.0,1.5,2022-11-22,6363.961030678928,0,1431348.45724806
Jackson,Tuckaseigee,13296.0,,2022-11-23,,0,
Jackson,Tuckaseigee,13296.0,1.5,2022-11-24,,0,
Jackson,Tuckaseigee,13296.0,,2022-11-25,,0,
Jackson,Tuckaseigee,13296.0,,2022-11-26,,0,
Jackson,Tuckaseigee,13296.0,,2022-11-27,,0,
Jackson,Tuckaseigee,13296.0,,2022-11-28,,0,
Jackson,Tuckaseigee,13296.0,1.5,2022-11-29,5338.539126015651,0,1048726.62043152
Jackson,Tuckaseigee,13296.0,1.5,2022-11-30,,0,
Jackson,Tuckaseigee,13296.0,1.5,2022-12-01,,0,
Jackson,Tuckaseigee,13296.0,,2022-12-02,,0,
Jackson,Tuckaseigee,13296.0,1.5,2022-12-03,28145.825622994293,0,9375417.69904786
Jackson,Tuckaseigee,13296.0,,2022-12-04,,0,
Jackson,Tuckaseigee,13296.0,,2022-12-05,,0,
Jackson,Tuckaseigee,13296.0,1.5,2022-12-06,20386.883037875155,0,5630064.06739058
Jackson,Tuckaseigee,13296.0,1.5,2022-12-07,,0,
Jackson,Tuckaseigee,13296.0,1.5,2022-12-08,,0,
Jackson,Tuckaseigee,13296.0,,2022-12-09,,0,
Jackson,Tuckaseigee,13296.0,1.5,2022-12-10,3872.98334620742,0,1587811.31683034
Jackson,Tuckaseigee,13296.0,,2022-12-11,,0,
Jackson,Tuckaseigee,13296.0,,2022-12-12,,0,
Jackson,Tuckaseigee,13296.0,1.5,2022-12-13,14750.000000000018,0,4955241.20036101
Jackson,Tuckaseigee,13296.0,1.5,2022-12-14,,0,
Jackson,Tuckaseigee,13296.0,1.5,2022-12-15,,0,
Jackson,Tuckaseigee,13296.0,1.5,2022-12-16,,0,
Jackson,Tuckaseigee,13296.0,,2022-12-17,3092.329219213249,0,1470256.02091639
Jackson,Tuckaseigee,13296.0,1.5,2022-12-18,,0,
Jackson,Tuckaseigee,13296.0,,2022-12-19,,0,
Jackson,Tuckaseigee,13296.0,1.5,2022-12-20,32474.99037721186,0,7119189.07956536
Jackson,Tuckaseigee,13296.0,,2022-12-21,,0,
Jackson,Tuckaseigee,13296.0,,2022-12-22,,0,
Jackson,Tuckaseigee,13296.0,1.5,2022-12-23,,0,
Jackson,Tuckaseigee,13296.0,,2022-12-24,34031.2356519713,0,9010552.84870516
Jackson,Tuckaseigee,13296.0,1.5,2022-12-25,,0,
Jackson,Tuckaseigee,13296.0,,2022-12-26,,0,
Jackson,Tuckaseigee,13296.0,1.5,2022-12-27,19250.000000000007,0,4603634.02527075
Jackson,Tuckaseigee,13296.0,1.5,2022-12-28,,0,
Jackson,Tuckaseigee,13296.0,,2022-12-29,,0,
Jackson,Tuckaseigee,13296.0,1.5,2022-12-30,,0,
Jackson,Tuckaseigee,13296.0,1.5,2022-12-31,126144.75811542867,0,27653538.1223684
Jackson,Tuckaseigee,13296.0,1.5,2023-01-01,,0,
Jackson,Tuckaseigee,13296.0,,2023-01-02,,0,
Jackson,Tuckaseigee,13296.0,,2023-01-03,92195.44457292891,0,74545009.4703126
Jackson,Tuckaseigee,13296.0,1.5,2023-01-04,,0,
Jackson,Tuckaseigee,13296.0,1.5,2023-01-05,,0,
Jackson,Tuckaseigee,13296.0,,2023-01-06,,0,
Jackson,Tuckaseigee,13296.0,,2023-01-07,21433.03524935283,0,6407133.13887973
Jackson,Tuckaseigee,13296.0,,2023-01-08,,0,
Jackson,Tuckaseigee,13296.0,1.5,2023-01-09,,0,
Jackson,Tuckaseigee,13296.0,1.5,2023-01-10,14866.068747318528,0,3216625.4996567094
Jackson,Tuckaseigee,13296.0,,2023-01-11,,0,
Jackson,Tuckaseigee,13296.0,1.5,2023-01-12,,0,
Jackson,Tuckaseigee,13296.0,1.5,2023-01-13,,0,
Jackson,Tuckaseigee,13296.0,,2023-01-14,5700.877125495694,0,1898970.91733574
Jackson,Tuckaseigee,13296.0,1.5,2023-01-15,,0,
Jackson,Tuckaseigee,13296.0,,2023-01-16,,0,
Jackson,Tuckaseigee,13296.0,,2023-01-17,9633.924433998855,0,2797655.13714714
Jackson,Tuckaseigee,13296.0,1.5,2023-01-18,,0,
Jackson,Tuckaseigee,13296.0,,2023-01-19,,0,
Jackson,Tuckaseigee,13296.0,1.5,2023-01-20,,0,
Jackson,Tuckaseigee,13296.0,1.5,2023-01-21,11090.536506409415,0,3725849.72411306
Jackson,Tuckaseigee,13296.0,,2023-01-22,,0,
Jackson,Tuckaseigee,13296.0,,2023-01-23,,0,
Jackson,Tuckaseigee,13296.0,1.5,2023-01-24,38598.089330950104,0,11538407.6204157
Jackson,Tuckaseigee,13296.0,1.5,2023-01-25,,0,
Jackson,Tuckaseigee,13296.0,1.5,2023-01-26,,0,
Jackson,Tuckaseigee,13296.0,1.5,2023-01-27,,0,
Jackson,Tuckaseigee,13296.0,,2023-01-28,,0,
Jackson,Tuckaseigee,13296.0,1.5,2023-01-29,,0,
Jackson,Tuckaseigee,13296.0,1.5,2023-01-30,,0,
Jackson,Tuckaseigee,13296.0,1.5,2023-01-31,,0,
Jackson,Tuckaseigee,13296.0,1.5,2023-02-01,,0,
Jackson,Tuckaseigee,13296.0,1.5,2023-02-02,,0,
Jackson,Tuckaseigee,13296.0,1.5,2023-02-03,,0,
Jackson,Tuckaseigee,13296.0,1.5,2023-02-04,13638.181696985876,0,4092492.14331692
Jackson,Tuckaseigee,13296.0,,2023-02-05,,0,
Jackson,Tuckaseigee,13296.0,,2023-02-06,,0,
Jackson,Tuckaseigee,13296.0,1.5,2023-02-07,8031.189202104518,0,1984679.36294382
Jackson,Tuckaseigee,13296.0,1.5,2023-02-08,,0,
Jackson,Tuckaseigee,13296.0,1.5,2023-02-09,,0,
Jackson,Tuckaseigee,13296.0,1.5,2023-02-10,,0,
Jackson,Tuckaseigee,13296.0,1.5,2023-02-11,27504.545078950174,0,8292609.170684981
Jackson,Tuckaseigee,13296.0,1.5,2023-02-12,,0,
Jackson,Tuckaseigee,13296.0,1.5,2023-02-13,,0,
Jackson,Tuckaseigee,13296.0,,2023-02-14,20062.402647738912,0,5546167.01506101
Jackson,Tuckaseigee,13296.0,1.5,2023-02-15,,0,
Jackson,Tuckaseigee,13296.0,1.5,2023-02-16,,0,
Jackson,Tuckaseigee,13296.0,1.5,2023-02-17,,0,
Jackson,Tuckaseigee,13296.0,1.5,2023-02-18,48605.55523805892,0,14848288.6597783
Jackson,Tuckaseigee,13296.0,1.5,2023-02-19,,0,
Jackson,Tuckaseigee,13296.0,,2023-02-20,,0,
Jackson,Tuckaseigee,13296.0,1.5,2023-02-21,20671.53840428912,0,6344279.83684508
Jackson,Tuckaseigee,13296.0,1.5,2023-02-22,,0,
Jackson,Tuckaseigee,13296.0,,2023-02-23,,0,
Jackson,Tuckaseigee,13296.0,1.5,2023-02-24,,0,
Jackson,Tuckaseigee,13296.0,1.5,2023-02-25,10988.630487917955,0,3566475.06827764
Jackson,Tuckaseigee,13296.0,1.5,2023-02-26,,0,
Jackson,Tuckaseigee,13296.0,,2023-02-27,,0,
Jackson,Tuckaseigee,13296.0,1.5,2023-02-28,0.0,0,424881.928585776
Jackson,Tuckaseigee,13296.0,,2023-03-01,,0,
Jackson,Tuckaseigee,13296.0,1.5,2023-03-02,,0,
Jackson,Tuckaseigee,13296.0,3.7600000000000002,2023-03-03,,0,
Jackson,Tuckaseigee,13296.0,1.5,2023-03-04,7512.489600658358,0,3529056.40204934
Jackson,Tuckaseigee,13296.0,,2023-03-05,,0,
Jackson,Tuckaseigee,13296.0,1.5,2023-03-06,,0,
Jackson,Tuckaseigee,13296.0,1.5,2023-03-07,12116.620816052648,0,3656605.88322132
Jackson,Tuckaseigee,13296.0,1.5,2023-03-08,,0,
Jackson,Tuckaseigee,13296.0,,2023-03-09,,0,
Jackson,Tuckaseigee,13296.0,,2023-03-10,,0,
Jackson,Tuckaseigee,13296.0,1.5,2023-03-11,13713.588151902477,0,3709073.83880122
Jackson,Tuckaseigee,13296.0,,2023-03-12,,0,
Jackson,Tuckaseigee,13296.0,,2023-03-13,,0,
Jackson,Tuckaseigee,13296.0,1.5,2023-03-14,0.0,0,462929.267653138
Jackson,Tuckaseigee,13296.0,1.5,2023-03-15,,0,
Jackson,Tuckaseigee,13296.0,1.5,2023-03-16,,0,
Jackson,Tuckaseigee,13296.0,1.5,2023-03-17,,0,
Jackson,Tuckaseigee,13296.0,1.5,2023-03-18,22771.68605714123,0,7001800.21305343
Jackson,Tuckaseigee,13296.0,1.5,2023-03-19,,0,
Jackson,Tuckaseigee,13296.0,,2023-03-20,,0,
Jackson,Tuckaseigee,13296.0,1.5,2023-03-21,0.0,0,267155.596765244
Jackson,Tuckaseigee,13296.0,1.5,2023-03-22,,0,
Jackson,Tuckaseigee,13296.0,1.5,2023-03-23,,0,
Jackson,Tuckaseigee,13296.0,1.5,2023-03-24,,0,
Jackson,Tuckaseigee,13296.0,,2023-03-25,31038.727409721556,0,9543736.35948411
Jackson,Tuckaseigee,13296.0,,2023-03-26,,0,
Jackson,Tuckaseigee,13296.0,,2023-03-27,,0,
Jackson,Tuckaseigee,13296.0,1.5,2023-03-28,6675.947799002032,0,1824630.52695611
Jackson,Tuckaseigee,13296.0,1.5,2023-03-29,,0,
Jackson,Tuckaseigee,13296.0,,2023-03-30,,0,
Jackson,Tuckaseigee,13296.0,,2023-03-31,,0,
Jackson,Tuckaseigee,13296.0,,2023-04-01,12237.4164368955,0,4285343.32894673
Jackson,Tuckaseigee,13296.0,,2023-04-02,,0,
Jackson,Tuckaseigee,13296.0,,2023-04-03,,0,
Jackson,Tuckaseigee,13296.0,1.5,2023-04-04,20958.789224094027,0,4952620.53286514
Jackson,Tuckaseigee,13296.0,1.5,2023-04-05,,0,
Jackson,Tuckaseigee,13296.0,1.5,2023-04-06,,0,
Jackson,Tuckaseigee,13296.0,,2023-04-07,,0,
Jackson,Tuckaseigee,13296.0,1.5,2023-04-08,13865.57153077362,0,3987033.8310256
Jackson,Tuckaseigee,13296.0,,2023-04-09,,0,
Jackson,Tuckaseigee,13296.0,,2023-04-10,,0,
Jackson,Tuckaseigee,13296.0,1.5,2023-04-11,3270.448335435071,0,912481.650599937
Jackson,Tuckaseigee,13296.0,1.5,2023-04-12,,0,
Jackson,Tuckaseigee,13296.0,1.5,2023-04-13,,0,
Jackson,Tuckaseigee,13296.0,1.5,2023-04-14,,0,
Jackson,Tuckaseigee,13296.0,1.5,2023-04-15,16770.974926938507,0,5557789.08247112
Jackson,Tuckaseigee,13296.0,,2023-04-16,,0,
Jackson,Tuckaseigee,13296.0,4.510000000000001,2023-04-17,,0,
Jackson,Tuckaseigee,13296.0,7.5200000000000005,2023-04-18,7218.310051528687,0,2065343.84953384
Jackson,Tuckaseigee,13296.0,1.5,2023-04-19,,0,
Jackson,Tuckaseigee,13296.0,1.5,2023-04-20,,0,
Jackson,Tuckaseigee,13296.0,1.5,2023-04-21,,0,
Jackson,Tuckaseigee,13296.0,1.5,2023-04-22,72708.66248254059,0,20327708.0538585
Jackson,Tuckaseigee,13296.0,,2023-04-23,,0,
Jackson,Tuckaseigee,13296.0,1.5,2023-04-24,,0,
Jackson,Tuckaseigee,13296.0,1.5,2023-04-25,17063.434589788798,0,4226457.20575226
Jackson,Tuckaseigee,13296.0,1.5,2023-04-26,,0,
Jackson,Tuckaseigee,13296.0,,2023-04-27,,0,
Jackson,Tuckaseigee,13296.0,1.5,2023-04-28,,0,
Jackson,Tuckaseigee,13296.0,,2023-04-29,0.0,0,883484.701124218
Jackson,Tuckaseigee,13296.0,1.5,2023-04-30,,0,
Jackson,Tuckaseigee,13296.0,1.5,2023-05-01,,0,
Jackson,Tuckaseigee,13296.0,1.5,2023-05-02,0.0,0,541853.931426042
Jackson,Tuckaseigee,13296.0,,2023-05-03,,0,
Jackson,Tuckaseigee,13296.0,1.5,2023-05-04,,0,
Jackson,Tuckaseigee,13296.0,,2023-05-05,,0,
Jackson,Tuckaseigee,13296.0,,2023-05-06,25303.478021805597,0,7513725.06686252
Jackson,Tuckaseigee,13296.0,,2023-05-07,,0,
Jackson,Tuckaseigee,13296.0,1.5,2023-05-08,,0,
Jackson,Tuckaseigee,13296.0,1.5,2023-05-09,34732.900829041086,0,11757464.6666005
Jackson,Tuckaseigee,13296.0,1.5,2023-05-10,,0,
Jackson,Tuckaseigee,13296.0,,2023-05-11,,0,
Jackson,Tuckaseigee,13296.0,,2023-05-12,,0,
Jackson,Tuckaseigee,13296.0,,2023-05-13,23923.854204538206,0,7287955.230540701
Jackson,Tuckaseigee,13296.0,,2023-05-14,,0,
Jackson,Tuckaseigee,13296.0,,2023-05-15,,0,
Jackson,Tuckaseigee,13296.0,,2023-05-16,0.0,0,707308.85720704
Jackson,Tuckaseigee,13296.0,,2023-05-17,,0,
Jackson,Tuckaseigee,13296.0,1.5,2023-05-18,,0,
Jackson,Tuckaseigee,13296.0,,2023-05-19,,0,
Jackson,Tuckaseigee,13296.0,,2023-05-20,27640.000000000007,0,6381895.14259928
Jackson,Tuckaseigee,13296.0,,2023-05-21,,0,
Jackson,Tuckaseigee,13296.0,,2023-05-22,,0,
Jackson,Tuckaseigee,13296.0,,2023-05-23,0.0,0,436111.074138512
Jackson,Tuckaseigee,13296.0,,2023-05-24,,0,
Jackson,Tuckaseigee,13296.0,,2023-05-25,,0,
Jackson,Tuckaseigee,13296.0,,2023-05-26,,0,
Jackson,Tuckaseigee,13296.0,,2023-05-27,21129.694744600547,0,4854645.57869827
Jackson,Tuckaseigee,13296.0,,2023-05-28,,0,
Jackson,Tuckaseigee,13296.0,,2023-05-29,,0,
Jackson,Tuckaseigee,13296.0,,2023-05-30,15180.00000000002,0,3863670.3194945706
Jackson,Tuckaseigee,13296.0,,2023-05-31,,0,
Jackson,Tuckaseigee,13296.0,,2023-06-01,,0,
Jackson,Tuckaseigee,13296.0,,2023-06-02,,0,
Jackson,Tuckaseigee,13296.0,,2023-06-03,7971.047609944386,0,1958470.21106917
Jackson,Tuckaseigee,13296.0,,2023-06-04,,0,
Jackson,Tuckaseigee,13296.0,,2023-06-05,,0,
Jackson,Tuckaseigee,13296.0,,2023-06-06,0.0,0,399820.626075335
Jackson,Tuckaseigee,13296.0,,2023-06-07,,0,
Jackson,Tuckaseigee,13296.0,,2023-06-08,,0,
Jackson,Tuckaseigee,13296.0,,2023-06-09,,0,
Jackson,Tuckaseigee,13296.0,,2023-06-10,9393.487105436405,0,2267845.51469639
Jackson,Tuckaseigee,13296.0,,2023-06-11,,0,
Jackson,Tuckaseigee,13296.0,,2023-06-12,,0,
Jackson,Tuckaseigee,13296.0,,2023-06-13,6294.886813914938,0,1017951.3734795
Jackson,Tuckaseigee,13296.0,,2023-06-14,,0,
Jackson,Tuckaseigee,13296.0,,2023-06-15,,0,
Jackson,Tuckaseigee,13296.0,,2023-06-16,,0,
Jackson,Tuckaseigee,13296.0,,2023-06-17,0.0,0,525585.799535653
Jackson,Tuckaseigee,13296.0,,2023-06-18,,0,
Jackson,Tuckaseigee,13296.0,,2023-06-19,,0,
Jackson,Tuckaseigee,13296.0,,2023-06-20,0.0,0,404826.205118534
Jackson,Tuckaseigee,13296.0,,2023-06-21,,0,
Jackson,Tuckaseigee,13296.0,,2023-06-22,,0,
Jackson,Tuckaseigee,13296.0,,2023-06-23,,0,
Jackson,Tuckaseigee,13296.0,,2023-06-24,0.0,0,594412.511379607
Jackson,Tuckaseigee,13296.0,,2023-06-25,,0,
Jackson,Tuckaseigee,13296.0,,2023-06-26,,0,
Jackson,Tuckaseigee,13296.0,,2023-06-27,0.0,0,596289.603520807
Jackson,Tuckaseigee,13296.0,,2023-06-28,,0,
Jackson,Tuckaseigee,13296.0,,2023-06-29,,0,
Jackson,Tuckaseigee,13296.0,,2023-06-30,,0,
Jackson,Tuckaseigee,13296.0,,2023-07-01,0.0,0,1049920.2043105
Jackson,Tuckaseigee,13296.0,,2023-07-02,,0,
Jackson,Tuckaseigee,13296.0,,2023-07-03,,0,
Jackson,Tuckaseigee,13296.0,,2023-07-04,0.0,0,431105.495095316
Jackson,Tuckaseigee,13296.0,,2023-07-05,,0,
Jackson,Tuckaseigee,13296.0,,2023-07-06,,0,
Jackson,Tuckaseigee,13296.0,,2023-07-07,,0,
Jackson,Tuckaseigee,13296.0,,2023-07-08,8420.1662691422,0,2123954.26385054
Jackson,Tuckaseigee,13296.0,,2023-07-09,,0,
Jackson,Tuckaseigee,13296.0,,2023-07-10,,0,
Jackson,Tuckaseigee,13296.0,,2023-07-11,5453.329258352193,0,1224981.40052142
Jackson,Tuckaseigee,13296.0,,2023-07-12,,0,
Jackson,Tuckaseigee,13296.0,,2023-07-13,,0,
Jackson,Tuckaseigee,13296.0,,2023-07-14,,0,
Jackson,Tuckaseigee,13296.0,,2023-07-15,8896.651055312885,0,2388520.76408009
Jackson,Tuckaseigee,13296.0,,2023-07-16,,0,
Jackson,Tuckaseigee,13296.0,,2023-07-17,,0,
Jackson,Tuckaseigee,13296.0,,2023-07-18,8013.912901947462,0,1679241.67431464
Jackson,Tuckaseigee,13296.0,,2023-07-19,,0,
Jackson,Tuckaseigee,13296.0,,2023-07-20,,0,
Jackson,Tuckaseigee,13296.0,,2023-07-21,,0,
Jackson,Tuckaseigee,13296.0,,2023-07-22,12996.938100952855,0,3944473.35390432
Jackson,Tuckaseigee,13296.0,,2023-07-23,,0,
Jackson,Tuckaseigee,13296.0,,2023-07-24,,0,
Jackson,Tuckaseigee,13296.0,,2023-07-25,8329.705877160372,0,1674268.6259737
Jackson,Tuckaseigee,13296.0,,2023-07-26,,0,
Jackson,Tuckaseigee,13296.0,,2023-07-27,,0,
Jackson,Tuckaseigee,13296.0,,2023-07-28,,0,
Jackson,Tuckaseigee,13296.0,,2023-07-29,6457.46080127476,0,1820068.54662861
Jackson,Tuckaseigee,13296.0,,2023-07-30,,0,
Jackson,Tuckaseigee,13296.0,,2023-07-31,,0,
Jackson,Tuckaseigee,13296.0,,2023-08-01,11977.37867815825,0,2356300.08653546
Jackson,Tuckaseigee,13296.0,,2023-08-02,,0,
Jackson,Tuckaseigee,13296.0,,2023-08-03,,0,
Jackson,Tuckaseigee,13296.0,,2023-08-04,,0,
Jackson,Tuckaseigee,13296.0,,2023-08-05,17856.203403859396,0,4270307.82089156
Jackson,Tuckaseigee,13296.0,,2023-08-06,,0,
Jackson,Tuckaseigee,13296.0,,2023-08-07,,0,
Jackson,Tuckaseigee,13296.0,,2023-08-08,19000.210525149432,0,4798138.76878204
Jackson,Tuckaseigee,13296.0,,2023-08-09,,0,
Jackson,Tuckaseigee,13296.0,,2023-08-10,,0,
Jackson,Tuckaseigee,13296.0,,2023-08-11,,0,
Jackson,Tuckaseigee,13296.0,,2023-08-12,,0,
Jackson,Tuckaseigee,13296.0,,2023-08-13,,0,
Jackson,Tuckaseigee,13296.0,,2023-08-14,,0,
Jackson,Tuckaseigee,13296.0,,2023-08-15,48327.383541838884,0,10140317.240891
Jackson,Tuckaseigee,13296.0,,2023-08-16,,0,
Jackson,Tuckaseigee,13296.0,,2023-08-17,,0,
Jackson,Tuckaseigee,13296.0,,2023-08-18,,0,
Jackson,Tuckaseigee,13296.0,,2023-08-19,30648.810743648773,0,8856669.54812297
Jackson,Tuckaseigee,13296.0,,2023-08-20,,0,
Jackson,Tuckaseigee,13296.0,,2023-08-21,,0,
Jackson,Tuckaseigee,13296.0,,2023-08-22,40778.719940674964,0,9740613.72313616
Jackson,Tuckaseigee,13296.0,,2023-08-23,,0,
Jackson,Tuckaseigee,13296.0,,2023-08-24,,0,
Jackson,Tuckaseigee,13296.0,,2023-08-25,,0,
Jackson,Tuckaseigee,13296.0,,2023-08-26,25566.775314849554,0,6776671.0859454
Jackson,Tuckaseigee,13296.0,,2023-08-27,,0,
Jackson,Tuckaseigee,13296.0,,2023-08-28,,0,
Jackson,Tuckaseigee,13296.0,,2023-08-29,22203.261021750855,0,5512187.99375403
Jackson,Tuckaseigee,13296.0,,2023-08-30,,0,
Jackson,Tuckaseigee,13296.0,,2023-08-31,,0,
Jackson,Tuckaseigee,13296.0,,2023-09-01,,0,
Jackson,Tuckaseigee,13296.0,,2023-09-02,21414.68654918863,0,6682101.18018768
Jackson,Tuckaseigee,13296.0,,2023-09-03,,0,
Jackson,Tuckaseigee,13296.0,,2023-09-04,,0,
Jackson,Tuckaseigee,13296.0,,2023-09-05,108135.77761314703,0,27492335.6732166
Jackson,Tuckaseigee,13296.0,,2023-09-06,,0,
Jackson,Tuckaseigee,13296.0,,2023-09-07,,0,
Jackson,Tuckaseigee,13296.0,,2023-09-08,,0,
Jackson,Tuckaseigee,13296.0,,2023-09-09,118591.80747420958,0,38017525.8681179
Jackson,Tuckaseigee,13296.0,,2023-09-10,,0,
Jackson,Tuckaseigee,13296.0,,2023-09-11,,0,
Jackson,Tuckaseigee,13296.0,,2023-09-12,72332.60675518344,0,18966383.0845213
Jackson,Tuckaseigee,13296.0,,2023-09-13,,0,
Jackson,Tuckaseigee,13296.0,,2023-09-14,,0,
Jackson,Tuckaseigee,13296.0,,2023-09-15,,0,
Jackson,Tuckaseigee,13296.0,,2023-09-16,17204.94115072762,0,4981554.84084743
Jackson,Tuckaseigee,13296.0,,2023-09-17,,0,
Jackson,Tuckaseigee,13296.0,,2023-09-18,,0,
Jackson,Tuckaseigee,13296.0,,2023-09-19,0.0,0,1296600.63224448
Jackson,Tuckaseigee,13296.0,,2023-09-20,,0,
Jackson,Tuckaseigee,13296.0,,2023-09-21,,0,
Jackson,Tuckaseigee,13296.0,,2023-09-22,,0,
Jackson,Tuckaseigee,13296.0,,2023-09-23,17647.93472336069,0,5361040.39354925
Jackson,Tuckaseigee,13296.0,,2023-09-24,,0,
Jackson,Tuckaseigee,13296.0,,2023-09-25,,0,
Jackson,Tuckaseigee,13296.0,,2023-09-26,9393.487105436405,0,2658300.04906629
Jackson,Tuckaseigee,13296.0,,2023-09-27,,0,
Jackson,Tuckaseigee,13296.0,,2023-09-28,,0,
Jackson,Tuckaseigee,13296.0,,2023-09-29,,0,
Jackson,Tuckaseigee,13296.0,,2023-09-30,12816.94191295257,0,4054051.35981572
Jackson,Tuckaseigee,13296.0,,2023-10-01,,0,
Jackson,Tuckaseigee,13296.0,,2023-10-02,,0,
Jackson,Tuckaseigee,13296.0,,2023-10-03,8950.083798490377,0,2571041.21808835
Jackson,Tuckaseigee,13296.0,,2023-10-04,,0,
Jackson,Tuckaseigee,13296.0,,2023-10-05,,0,
Jackson,Tuckaseigee,13296.0,,2023-10-06,,0,
Jackson,Tuckaseigee,13296.0,,2023-10-07,0.0,0,840311.890254905
Jackson,Tuckaseigee,13296.0,,2023-10-08,,0,
Jackson,Tuckaseigee,13296.0,,2023-10-09,,0,
Jackson,Tuckaseigee,13296.0,,2023-10-10,0.0,0,842219.522241861
Jackson,Tuckaseigee,13296.0,,2023-10-11,,0,
Jackson,Tuckaseigee,13296.0,,2023-10-12,,0,
Jackson,Tuckaseigee,13296.0,,2023-10-13,,0,
Jackson,Tuckaseigee,13296.0,,2023-10-14,86441.01804120548,0,24708384.853486095
Jackson,Tuckaseigee,13296.0,,2023-10-15,,0,
Jackson,Tuckaseigee,13296.0,,2023-10-16,,0,
Jackson,Tuckaseigee,13296.0,,2023-10-17,12482.563839211894,0,2761312.67230386
Jackson,Tuckaseigee,13296.0,,2023-10-18,,0,
Jackson,Tuckaseigee,13296.0,,2023-10-19,,0,
Jackson,Tuckaseigee,13296.0,,2023-10-20,,0,
Jackson,Tuckaseigee,13296.0,,2023-10-21,16788.091017146635,0,3780668.24845207
Jackson,Tuckaseigee,13296.0,,2023-10-22,,0,
Jackson,Tuckaseigee,13296.0,,2023-10-23,,0,
Jackson,Tuckaseigee,13296.0,,2023-10-24,28126.41463109016,0,7054740.6799887
Jackson,Tuckaseigee,13296.0,,2023-10-25,,0,
Jackson,Tuckaseigee,13296.0,,2023-10-26,,0,
Jackson,Tuckaseigee,13296.0,,2023-10-27,,0,
Jackson,Tuckaseigee,13296.0,,2023-10-28,11936.699711394263,0,3782423.9452768294
Jackson,Tuckaseigee,13296.0,,2023-10-29,,0,
Jackson,Tuckaseigee,13296.0,,2023-10-30,,0,
Jackson,Tuckaseigee,13296.0,,2023-10-31,8445.685288950815,0,2313133.70963208
Jackson,Tuckaseigee,13296.0,,2023-11-01,,0,
Jackson,Tuckaseigee,13296.0,,2023-11-02,,0,
Jackson,Tuckaseigee,13296.0,,2023-11-03,,0,
Jackson,Tuckaseigee,13296.0,,2023-11-04,11455.129855222087,0,3003657.56003271
Jackson,Tuckaseigee,13296.0,,2023-11-05,,0,
Jackson,Tuckaseigee,13296.0,,2023-11-06,,0,
Jackson,Tuckaseigee,13296.0,,2023-11-07,31488.05487800096,0,8256504.752053629
Jackson,Tuckaseigee,13296.0,,2023-11-08,,0,
Jackson,Tuckaseigee,13296.0,,2023-11-09,,0,
Jackson,Tuckaseigee,13296.0,,2023-11-10,,0,
Jackson,Tuckaseigee,13296.0,,2023-11-11,21115.22673333157,0,5855250.46744644
Jackson,Tuckaseigee,13296.0,,2023-11-12,,0,
Jackson,Tuckaseigee,13296.0,,2023-11-13,,0,
Jackson,Tuckaseigee,13296.0,,2023-11-14,11166.73631819075,0,3462142.28523762
Jackson,Tuckaseigee,13296.0,,2023-11-15,,0,
Jackson,Tuckaseigee,13296.0,,2023-11-16,,0,
Jackson,Tuckaseigee,13296.0,,2023-11-17,,0,
Jackson,Tuckaseigee,13296.0,,2023-11-18,0.0,0,1052374.77495189
Jackson,Tuckaseigee,13296.0,,2023-11-19,,0,
Jackson,Tuckaseigee,13296.0,,2023-11-20,,0,
Jackson,Tuckaseigee,13296.0,,2023-11-21,23131.277526327867,0,7092610.22639664
Jackson,Tuckaseigee,13296.0,,2023-11-22,,0,
Jackson,Tuckaseigee,13296.0,,2023-11-23,,0,
Jackson,Tuckaseigee,13296.0,,2023-11-24,,0,
Jackson,Tuckaseigee,13296.0,,2023-11-25,17868.68769663851,0,3576339.62665608
Jackson,Tuckaseigee,13296.0,,2023-11-26,,0,
Jackson,Tuckaseigee,13296.0,,2023-11-27,,0,
Jackson,Tuckaseigee,13296.0,,2023-11-28,24421.531483508574,0,7008485.81527488
Jackson,Tuckaseigee,13296.0,,2023-11-29,,0,
Jackson,Tuckaseigee,13296.0,,2023-11-30,,0,
Jackson,Tuckaseigee,13296.0,,2023-12-01,,0,
Jackson,Tuckaseigee,13296.0,,2023-12-02,,0,
Jackson,Tuckaseigee,13296.0,,2023-12-03,,0,
Jackson,Tuckaseigee,13296.0,,2023-12-04,,0,
Jackson,Tuckaseigee,13296.0,,2023-12-05,55218.92429231127,0,20390068.7178776
Jackson,Tuckaseigee,13296.0,,2023-12-06,,0,
Jackson,Tuckaseigee,13296.0,,2023-12-07,,0,
Jackson,Tuckaseigee,13296.0,,2023-12-08,,0,
Jackson,Tuckaseigee,13296.0,,2023-12-09,37405.17611240453,0,11245697.4022733
Jackson,Tuckaseigee,13296.0,,2023-12-10,,0,
Jackson,Tuckaseigee,13296.0,,2023-12-11,,0,
Jackson,Tuckaseigee,13296.0,,2023-12-12,53969.324620565705,0,25321822.6066485
Jackson,Tuckaseigee,13296.0,,2023-12-13,,0,
Jackson,Tuckaseigee,13296.0,,2023-12-14,,0,
Jackson,Tuckaseigee,13296.0,,2023-12-15,,0,
Jackson,Tuckaseigee,13296.0,,2023-12-16,74839.76215889525,0,21775797.3271029
Jackson,Tuckaseigee,13296.0,,2023-12-17,,0,
Jackson,Tuckaseigee,13296.0,,2023-12-18,,0,
Jackson,Tuckaseigee,13296.0,,2023-12-19,45743.03444241545,0,10835253.302133
Jackson,Tuckaseigee,13296.0,,2023-12-20,,0,
Jackson,Tuckaseigee,13296.0,,2023-12-21,,0,
Jackson,Tuckaseigee,13296.0,,2023-12-22,,0,
Jackson,Tuckaseigee,13296.0,,2023-12-23,122590.52818223766,0,30050440.2536911
Jackson,Tuckaseigee,13296.0,,2023-12-24,,0,
Jackson,Tuckaseigee,13296.0,,2023-12-25,,0,
Jackson,Tuckaseigee,13296.0,,2023-12-26,62586.500141803706,0,14112261.6281838
Jackson,Tuckaseigee,13296.0,,2023-12-27,,0,
Jackson,Tuckaseigee,13296.0,,2023-12-28,,0,
Jackson,Tuckaseigee,13296.0,,2023-12-29,,0,
Jackson,Tuckaseigee,13296.0,,2023-12-30,41926.96507022661,0,9991016.03518436
Jackson,Tuckaseigee,13296.0,,2023-12-31,,0,
Jackson,Tuckaseigee,13296.0,,2024-01-01,,0,
Jackson,Tuckaseigee,13296.0,,2024-01-02,67165.39585232864,0,14494577.3322976
Jackson,Tuckaseigee,13296.0,,2024-01-03,,0,
Jackson,Tuckaseigee,13296.0,,2024-01-04,,0,
Jackson,Tuckaseigee,13296.0,,2024-01-05,,0,
Jackson,Tuckaseigee,13296.0,,2024-01-06,139427.64718663227,0,32986838.478767294
Jackson,Tuckaseigee,13296.0,,2024-01-07,,0,
Jackson,Tuckaseigee,13296.0,,2024-01-08,,0,
Jackson,Tuckaseigee,13296.0,,2024-01-09,301640.84604045254,0,79007578.0620794
Jackson,Tuckaseigee,13296.0,,2024-01-10,,0,
Jackson,Tuckaseigee,13296.0,,2024-01-11,,0,
Jackson,Tuckaseigee,13296.0,,2024-01-12,,0,
Jackson,Tuckaseigee,13296.0,,2024-01-13,27200.00000000001,0,8889995.95667869
Jackson,Tuckaseigee,13296.0,,2024-01-14,,0,
Jackson,Tuckaseigee,13296.0,,2024-01-15,,0,
Jackson,Tuckaseigee,13296.0,,2024-01-16,71618.02845652761,0,21735535.1477147
Jackson,Tuckaseigee,13296.0,,2024-01-17,,0,
Jackson,Tuckaseigee,13296.0,,2024-01-18,,0,
Jackson,Tuckaseigee,13296.0,,2024-01-19,,0,
Jackson,Tuckaseigee,13296.0,,2024-01-20,85126.23567385078,0,29955230.875035
Jackson,Tuckaseigee,13296.0,,2024-01-21,,0,
Jackson,Tuckaseigee,13296.0,,2024-01-22,,0,
Jackson,Tuckaseigee,13296.0,,2024-01-23,241077.41495212715,0,88814029.3207248
Jackson,Tuckaseigee,13296.0,,2024-01-24,,0,
Jackson,Tuckaseigee,13296.0,,2024-01-25,,0,
Jackson,Tuckaseigee,13296.0,,2024-01-26,,0,
Jackson,Tuckaseigee,13296.0,,2024-01-27,120725.07941600207,0,68328934.9169082
Jackson,Tuckaseigee,13296.0,,2024-01-28,,0,
Jackson,Tuckaseigee,13296.0,,2024-01-29,,0,
Jackson,Tuckaseigee,13296.0,,2024-01-30,146335.02929920808,0,61451302.2236838
Jackson,Tuckaseigee,13296.0,,2024-01-31,,0,
Jackson,Tuckaseigee,13296.0,,2024-02-01,,0,
Jackson,Tuckaseigee,13296.0,,2024-02-02,,0,
Jackson,Tuckaseigee,13296.0,,2024-02-03,155837.12523015816,0,54615982.7079364
Jackson,Tuckaseigee,13296.0,,2024-02-04,,0,
Jackson,Tuckaseigee,13296.0,,2024-02-05,,0,
Jackson,Tuckaseigee,13296.0,,2024-02-06,138839.98271391436,0,46050171.0445635
Jackson,Tuckaseigee,13296.0,,2024-02-07,,0,
Jackson,Tuckaseigee,13296.0,,2024-02-08,,0,
Jackson,Tuckaseigee,13296.0,,2024-02-09,,0,
Jackson,Tuckaseigee,13296.0,,2024-02-10,86162.17267455593,0,27449693.499315105
Jackson,Tuckaseigee,13296.0,,2024-02-11,,0,
Jackson,Tuckaseigee,13296.0,,2024-02-12,,0,
Jackson,Tuckaseigee,13296.0,,2024-02-13,54694.91384031976,0,21442314.1301164
Jackson,Tuckaseigee,13296.0,,2024-02-14,,0,
Jackson,Tuckaseigee,13296.0,,2024-02-15,,0,
Jackson,Tuckaseigee,13296.0,,2024-02-16,,0,
Jackson,Tuckaseigee,13296.0,,2024-02-17,101765.49513464776,0,35752505.4090588
Jackson,Tuckaseigee,13296.0,,2024-02-18,,0,
Jackson,Tuckaseigee,13296.0,,2024-02-19,,0,
Jackson,Tuckaseigee,13296.0,,2024-02-20,42188.14999499265,0,13176130.2813761
Jackson,Tuckaseigee,13296.0,,2024-02-21,,0,
Jackson,Tuckaseigee,13296.0,,2024-02-22,,0,
Jackson,Tuckaseigee,13296.0,,2024-02-23,,0,
Jackson,Tuckaseigee,13296.0,,2024-02-24,181093.25111665548,0,61044246.7695511
Jackson,Tuckaseigee,13296.0,,2024-02-25,,0,
Jackson,Tuckaseigee,13296.0,,2024-02-26,,0,
Jackson,Tuckaseigee,13296.0,,2024-02-27,132884.52882107836,0,45020690.6983437
Jackson,Tuckaseigee,13296.0,,2024-02-28,,0,
Jackson,Tuckaseigee,13296.0,,2024-02-29,,0,
Jackson,Tuckaseigee,13296.0,,2024-03-01,,0,
Jackson,Tuckaseigee,13296.0,,2024-03-02,82898.2412358671,0,27542727.4195811
Jackson,Tuckaseigee,13296.0,,2024-03-03,,0,
Jackson,Tuckaseigee,13296.0,,2024-03-04,,0,
Jackson,Tuckaseigee,13296.0,,2024-03-05,18987.237819124723,0,5832758.64573671
Jackson,Tuckaseigee,13296.0,,2024-03-06,,0,
Jackson,Tuckaseigee,13296.0,,2024-03-07,,0,
Jackson,Tuckaseigee,13296.0,,2024-03-08,,0,
Jackson,Tuckaseigee,13296.0,,2024-03-09,30750.739828498474,0,11249920.8748973
Jackson,Tuckaseigee,13296.0,,2024-03-10,,0,
Jackson,Tuckaseigee,13296.0,,2024-03-11,,0,
Jackson,Tuckaseigee,13296.0,,2024-03-12,8703.263755626398,0,3206322.42772181
Jackson,Tuckaseigee,13296.0,,2024-03-13,,0,
Jackson,Tuckaseigee,13296.0,,2024-03-14,,0,
Jackson,Tuckaseigee,13296.0,,2024-03-15,,0,
Jackson,Tuckaseigee,13296.0,,2024-03-16,13520.902336752533,0,4557725.33599301
Jackson,Tuckaseigee,13296.0,,2024-03-17,,0,
Jackson,Tuckaseigee,13296.0,,2024-03-18,,0,
Jackson,Tuckaseigee,13296.0,,2024-03-19,9205.69389019645,0,3456942.02669385
Jackson,Tuckaseigee,13296.0,,2024-03-20,,0,
Jackson,Tuckaseigee,13296.0,,2024-03-21,,0,
Jackson,Tuckaseigee,13296.0,,2024-03-22,,0,
Jackson,Tuckaseigee,13296.0,,2024-03-23,6997.1422738143565,0,2362632.45208107
Jackson,Tuckaseigee,13296.0,,2024-03-24,,0,
Jackson,Tuckaseigee,13296.0,,2024-03-25,,0,
Jackson,Tuckaseigee,13296.0,,2024-03-26,9125.568475443055,0,2881258.64469003
Jackson,Tuckaseigee,13296.0,,2024-03-27,,0,
Jackson,Tuckaseigee,13296.0,,2024-03-28,,0,
Jackson,Tuckaseigee,13296.0,,2024-03-29,,0,
Jackson,Tuckaseigee,13296.0,,2024-03-30,,0,
Jackson,Tuckaseigee,13296.0,,2024-03-31,,0,
Jackson,Tuckaseigee,13296.0,,2024-04-01,,0,
Jackson,Tuckaseigee,13296.0,,2024-04-02,16949.34807005863,0,4738656.81897418
Jackson,Tuckaseigee,13296.0,,2024-04-03,,0,
Jackson,Tuckaseigee,13296.0,,2024-04-04,,0,
Jackson,Tuckaseigee,13296.0,,2024-04-05,,0,
Jackson,Tuckaseigee,13296.0,,2024-04-06,53145.32905157329,0,17203481.1679381
Jackson,Tuckaseigee,13296.0,,2024-04-07,,0,
Jackson,Tuckaseigee,13296.0,,2024-04-08,,0,
Jackson,Tuckaseigee,13296.0,,2024-04-09,16268.546339485883,0,4844748.13913284
Jackson,Tuckaseigee,13296.0,,2024-04-10,,0,
Jackson,Tuckaseigee,13296.0,,2024-04-11,,0,
Jackson,Tuckaseigee,13296.0,,2024-04-12,,0,
Jackson,Tuckaseigee,13296.0,,2024-04-13,,0,
Jackson,Tuckaseigee,13296.0,,2024-04-14,0.0,0,1413199.73552431
Jackson,Tuckaseigee,13296.0,,2024-04-15,,0,
Jackson,Tuckaseigee,13296.0,,2024-04-16,0.0,0,682635.84201595
Jackson,Tuckaseigee,13296.0,,2024-04-17,,0,
Jackson,Tuckaseigee,13296.0,,2024-04-18,,0,
Jackson,Tuckaseigee,13296.0,,2024-04-19,,0,
Jackson,Tuckaseigee,13296.0,,2024-04-20,5964.696136434788,0,2024208.99667519
Jackson,Tuckaseigee,13296.0,,2024-04-21,,0,
Jackson,Tuckaseigee,13296.0,,2024-04-22,,0,
Jackson,Tuckaseigee,13296.0,,2024-04-23,0.0,0,1167241.3640175
Jackson,Tuckaseigee,13296.0,,2024-04-24,,0,
Jackson,Tuckaseigee,13296.0,,2024-04-25,,0,
Jackson,Tuckaseigee,13296.0,,2024-04-26,,0,
Jackson,Tuckaseigee,13296.0,,2024-04-27,0.0,0,1052085.2642582
Jackson,Tuckaseigee,13296.0,,2024-04-28,,0,
Jackson,Tuckaseigee,13296.0,,2024-04-29,,0,
Jackson,Tuckaseigee,13296.0,,2024-04-30,0.0,0,970804.371446587
Jackson,Tuckaseigee,13296.0,,2024-05-01,,0,
Jackson,Tuckaseigee,13296.0,,2024-05-02,,0,
Jackson,Tuckaseigee,13296.0,,2024-05-03,,0,
Jackson,Tuckaseigee,13296.0,,2024-05-04,34362.39805368653,0,10722221.8761505
Jackson,Tuckaseigee,13296.0,,2024-05-05,,0,
Jackson,Tuckaseigee,13296.0,,2024-05-06,,0,
Jackson,Tuckaseigee,13296.0,,2024-05-07,15408.724801228696,0,4667658.75615039
Jackson,Tuckaseigee,13296.0,,2024-05-08,,0,
Jackson,Tuckaseigee,13296.0,,2024-05-09,,0,
Jackson,Tuckaseigee,13296.0,,2024-05-10,,0,
Jackson,Tuckaseigee,13296.0,,2024-05-11,0.0,0,1996404.85040662
Jackson,Tuckaseigee,13296.0,,2024-05-12,,0,
Jackson,Tuckaseigee,13296.0,,2024-05-13,,0,
Jackson,Tuckaseigee,13296.0,,2024-05-14,21497.02304971553,0,7075007.8742905
Jackson,Tuckaseigee,13296.0,,2024-05-15,,0,
Lincoln,Killian Creek,15042.0,3.99,2023-01-06,74448.00000000003,0,41461083.0481053
Lincoln,Killian Creek,15042.0,3.3200000000000003,2023-01-07,,0,
Lincoln,Killian Creek,15042.0,1.33,2023-01-08,,0,
Lincoln,Killian Creek,15042.0,1.33,2023-01-09,,0,
Lincoln,Killian Creek,15042.0,5.98,2023-01-10,,0,
Lincoln,Killian Creek,15042.0,3.99,2023-01-11,15510.000000000002,0,1623720.67969685
Lincoln,Killian Creek,15042.0,4.65,2023-01-12,,0,
Lincoln,Killian Creek,15042.0,1.33,2023-01-13,54802.00000000001,0,19169792.0630235
Lincoln,Killian Creek,15042.0,3.99,2023-01-14,,0,
Lincoln,Killian Creek,15042.0,3.3200000000000003,2023-01-15,,0,
Lincoln,Killian Creek,15042.0,1.33,2023-01-16,,0,
Lincoln,Killian Creek,15042.0,4.65,2023-01-17,,0,
Lincoln,Killian Creek,15042.0,3.3200000000000003,2023-01-18,155100.00000000015,0,54644445.9513363
Lincoln,Killian Creek,15042.0,3.3200000000000003,2023-01-19,,0,
Lincoln,Killian Creek,15042.0,5.98,2023-01-20,89957.99999999997,0,36674229.5827681
Lincoln,Killian Creek,15042.0,1.33,2023-01-21,,0,
Lincoln,Killian Creek,15042.0,1.33,2023-01-22,,0,
Lincoln,Killian Creek,15042.0,1.33,2023-01-23,,0,
Lincoln,Killian Creek,15042.0,4.65,2023-01-24,,0,
Lincoln,Killian Creek,15042.0,3.3200000000000003,2023-01-25,53768.00000000005,0,17860927.4766653
Lincoln,Killian Creek,15042.0,3.3200000000000003,2023-01-26,,0,
Lincoln,Killian Creek,15042.0,1.33,2023-01-27,27917.999999999993,0,23634503.508895
Lincoln,Killian Creek,15042.0,1.33,2023-01-28,,0,
Lincoln,Killian Creek,15042.0,1.33,2023-01-29,,0,
Lincoln,Killian Creek,15042.0,1.33,2023-01-30,,0,
Lincoln,Killian Creek,15042.0,1.33,2023-01-31,,0,
Lincoln,Killian Creek,15042.0,3.3200000000000003,2023-02-01,25849.999999999996,0,28480164.8065417
Lincoln,Killian Creek,15042.0,1.33,2023-02-02,,0,
Lincoln,Killian Creek,15042.0,4.65,2023-02-03,51183.00000000001,0,39349855.8470283
Lincoln,Killian Creek,15042.0,1.33,2023-02-04,,0,
Lincoln,Killian Creek,15042.0,1.33,2023-02-05,,0,
Lincoln,Killian Creek,15042.0,1.33,2023-02-06,,0,
Lincoln,Killian Creek,15042.0,1.33,2023-02-07,,0,
Lincoln,Killian Creek,15042.0,1.33,2023-02-08,37224.000000000015,0,4918000.13562027
Lincoln,Killian Creek,15042.0,1.33,2023-02-09,,0,
Lincoln,Killian Creek,15042.0,,2023-02-10,94610.99999999999,0,14666569.2933386
Lincoln,Killian Creek,15042.0,1.33,2023-02-11,,0,
Lincoln,Killian Creek,15042.0,1.33,2023-02-12,,0,
Lincoln,Killian Creek,15042.0,1.33,2023-02-13,,0,
Lincoln,Killian Creek,15042.0,3.3200000000000003,2023-02-14,,0,
Lincoln,Killian Creek,15042.0,1.33,2023-02-15,61599.99999999997,0,73525845.9992024
Lincoln,Killian Creek,15042.0,1.33,2023-02-16,,0,
Lincoln,Killian Creek,15042.0,1.33,2023-02-17,109999.99999999994,0,12595351.0171519
Lincoln,Killian Creek,15042.0,1.33,2023-02-18,,0,
Lincoln,Killian Creek,15042.0,1.33,2023-02-19,,0,
Lincoln,Killian Creek,15042.0,1.33,2023-02-20,,0,
Lincoln,Killian Creek,15042.0,1.33,2023-02-21,,0,
Lincoln,Killian Creek,15042.0,1.33,2023-02-22,68200.00000000001,0,7208416.2744316
Lincoln,Killian Creek,15042.0,1.33,2023-02-23,,0,
Lincoln,Killian Creek,15042.0,1.33,2023-02-24,313500.0000000003,0,32425416.2943758
Lincoln,Killian Creek,15042.0,,2023-02-25,,0,
Lincoln,Killian Creek,15042.0,,2023-02-26,,0,
Lincoln,Killian Creek,15042.0,,2023-02-27,,0,
Lincoln,Killian Creek,15042.0,1.33,2023-02-28,,0,
Lincoln,Killian Creek,15042.0,,2023-03-01,68200.00000000001,0,75739859.5692063
Lincoln,Killian Creek,15042.0,1.33,2023-03-02,,0,
Lincoln,Killian Creek,15042.0,1.33,2023-03-03,85800.0,0,45235303.5101715
Lincoln,Killian Creek,15042.0,1.33,2023-03-04,,0,
Lincoln,Killian Creek,15042.0,,2023-03-05,,0,
Lincoln,Killian Creek,15042.0,1.33,2023-03-06,,0,
Lincoln,Killian Creek,15042.0,1.33,2023-03-07,,0,
Lincoln,Killian Creek,15042.0,,2023-03-08,67100.00000000001,0,13238682.7921819
Lincoln,Killian Creek,15042.0,1.33,2023-03-09,,0,
Lincoln,Killian Creek,15042.0,1.33,2023-03-10,72600.00000000004,0,16845105.4966095
Lincoln,Killian Creek,15042.0,1.33,2023-03-11,,0,
Lincoln,Killian Creek,15042.0,,2023-03-12,,0,
Lincoln,Killian Creek,15042.0,,2023-03-13,,0,
Lincoln,Killian Creek,15042.0,1.33,2023-03-14,,0,
Lincoln,Killian Creek,15042.0,1.33,2023-03-15,86900.0,0,15439408.958915
Lincoln,Killian Creek,15042.0,1.33,2023-03-16,,0,
Lincoln,Killian Creek,15042.0,1.33,2023-03-17,138600.0,0,38785930.1475867
Lincoln,Killian Creek,15042.0,3.3200000000000003,2023-03-18,,0,
Lincoln,Killian Creek,15042.0,1.33,2023-03-19,,0,
Lincoln,Killian Creek,15042.0,,2023-03-20,,0,
Lincoln,Killian Creek,15042.0,1.33,2023-03-21,,0,
Lincoln,Killian Creek,15042.0,1.33,2023-03-22,104499.99999999999,0,27744374.8504189
Lincoln,Killian Creek,15042.0,1.33,2023-03-23,,0,
Lincoln,Killian Creek,15042.0,1.33,2023-03-24,790900.0,0,185499900.64619
Lincoln,Killian Creek,15042.0,,2023-03-25,,0,
Lincoln,Killian Creek,15042.0,,2023-03-26,,0,
Lincoln,Killian Creek,15042.0,1.33,2023-03-27,,0,
Lincoln,Killian Creek,15042.0,1.33,2023-03-28,,0,
Lincoln,Killian Creek,15042.0,1.33,2023-03-29,97900.00000000006,0,26016735.6043078
Lincoln,Killian Creek,15042.0,,2023-03-30,,0,
Lincoln,Killian Creek,15042.0,,2023-03-31,105600.00000000007,0,29072838.3566016
Lincoln,Killian Creek,15042.0,1.33,2023-04-01,,0,
Lincoln,Killian Creek,15042.0,1.33,2023-04-02,,0,
Lincoln,Killian Creek,15042.0,,2023-04-03,,0,
Lincoln,Killian Creek,15042.0,1.33,2023-04-04,,0,
Lincoln,Killian Creek,15042.0,,2023-04-05,9239.999999999998,0,2497367.44475468
Lincoln,Killian Creek,15042.0,1.33,2023-04-06,,0,
Lincoln,Killian Creek,15042.0,1.33,2023-04-07,88000.00000000006,0,26286912.8041483
Lincoln,Killian Creek,15042.0,1.33,2023-04-08,,0,
Lincoln,Killian Creek,15042.0,,2023-04-09,,0,
Lincoln,Killian Creek,15042.0,,2023-04-10,,0,
Lincoln,Killian Creek,15042.0,1.33,2023-04-11,,0,
Lincoln,Killian Creek,15042.0,1.33,2023-04-12,103399.99999999999,0,24876233.4902273
Lincoln,Killian Creek,15042.0,1.33,2023-04-13,,0,
Lincoln,Killian Creek,15042.0,1.33,2023-04-14,6600.000000000005,0,7987390.29118467
Lincoln,Killian Creek,15042.0,1.33,2023-04-15,,0,
Lincoln,Killian Creek,15042.0,1.33,2023-04-16,,0,
Lincoln,Killian Creek,15042.0,1.33,2023-04-17,,0,
Lincoln,Killian Creek,15042.0,,2023-04-18,,0,
Lincoln,Killian Creek,15042.0,1.33,2023-04-19,0.0,0,1358913.80534503
Lincoln,Killian Creek,15042.0,1.33,2023-04-20,,0,
Lincoln,Killian Creek,15042.0,,2023-04-21,89100.00000000003,0,32467769.8923016
Lincoln,Killian Creek,15042.0,,2023-04-22,,0,
Lincoln,Killian Creek,15042.0,,2023-04-23,,0,
Lincoln,Killian Creek,15042.0,1.33,2023-04-24,,0,
Lincoln,Killian Creek,15042.0,,2023-04-25,,0,
Lincoln,Killian Creek,15042.0,,2023-04-26,97900.00000000006,0,29170279.313921
Lincoln,Killian Creek,15042.0,1.33,2023-04-27,,0,
Lincoln,Killian Creek,15042.0,,2023-04-28,28600.00000000002,0,8874324.45951335
Lincoln,Killian Creek,15042.0,,2023-04-29,,0,
Lincoln,Killian Creek,15042.0,1.33,2023-04-30,,0,
Lincoln,Killian Creek,15042.0,1.33,2023-05-01,,0,
Lincoln,Killian Creek,15042.0,,2023-05-02,,0,
Lincoln,Killian Creek,15042.0,,2023-05-03,29700.000000000033,0,7227516.91663344
Lincoln,Killian Creek,15042.0,1.33,2023-05-04,,0,
Lincoln,Killian Creek,15042.0,,2023-05-05,67100.00000000001,0,4289063.04746709
Lincoln,Killian Creek,15042.0,1.33,2023-05-06,,0,
Lincoln,Killian Creek,15042.0,,2023-05-07,,0,
Lincoln,Killian Creek,15042.0,,2023-05-08,,0,
Lincoln,Killian Creek,15042.0,1.33,2023-05-09,,0,
Lincoln,Killian Creek,15042.0,1.33,2023-05-10,12100.000000000015,0,10401822.1938572
Lincoln,Killian Creek,15042.0,1.33,2023-05-11,,0,
Lincoln,Killian Creek,15042.0,1.33,2023-05-12,46200.00000000003,0,42983088.6557638
Lincoln,Killian Creek,15042.0,1.33,2023-05-13,,0,
Lincoln,Killian Creek,15042.0,,2023-05-14,,0,
Lincoln,Killian Creek,15042.0,1.33,2023-05-15,,0,
Lincoln,Killian Creek,15042.0,1.33,2023-05-16,,0,
Lincoln,Killian Creek,15042.0,1.33,2023-05-17,70399.99999999997,0,35982288.0574392
Lincoln,Killian Creek,15042.0,,2023-05-18,,0,
Lincoln,Killian Creek,15042.0,1.33,2023-05-19,91299.99999999996,0,14153299.0506581
Lincoln,Killian Creek,15042.0,,2023-05-20,,0,
Lincoln,Killian Creek,15042.0,,2023-05-21,,0,
Lincoln,Killian Creek,15042.0,,2023-05-22,,0,
Lincoln,Killian Creek,15042.0,,2023-05-23,,0,
Lincoln,Killian Creek,15042.0,,2023-05-24,23540.000000000015,0,3548456.40765856
Lincoln,Killian Creek,15042.0,,2023-05-25,,0,
Lincoln,Killian Creek,15042.0,,2023-05-26,40700.000000000015,0,3738466.27443159
Lincoln,Killian Creek,15042.0,,2023-05-27,,0,
Lincoln,Killian Creek,15042.0,,2023-05-28,,0,
Lincoln,Killian Creek,15042.0,,2023-05-29,,0,
Lincoln,Killian Creek,15042.0,,2023-05-30,,0,
Lincoln,Killian Creek,15042.0,,2023-05-31,32999.99999999999,0,23194823.3346629
Lincoln,Killian Creek,15042.0,,2023-06-01,,0,
Lincoln,Killian Creek,15042.0,,2023-06-02,142999.99999999997,0,84568785.4008776
Lincoln,Killian Creek,15042.0,,2023-06-03,,0,
Lincoln,Killian Creek,15042.0,,2023-06-04,,0,
Lincoln,Killian Creek,15042.0,,2023-06-05,,0,
Lincoln,Killian Creek,15042.0,,2023-06-06,,0,
Lincoln,Killian Creek,15042.0,,2023-06-07,138600.0,0,149423493.482249
Lincoln,Killian Creek,15042.0,,2023-06-08,,0,
Lincoln,Killian Creek,15042.0,,2023-06-09,44000.00000000003,0,47070626.0869563
Lincoln,Killian Creek,15042.0,,2023-06-10,,0,
Lincoln,Killian Creek,15042.0,,2023-06-11,,0,
Lincoln,Killian Creek,15042.0,,2023-06-12,,0,
Lincoln,Killian Creek,15042.0,,2023-06-13,,0,
Lincoln,Killian Creek,15042.0,,2023-06-14,212300.00000000017,0,62615780.6302352
Lincoln,Killian Creek,15042.0,,2023-06-15,,0,
Lincoln,Killian Creek,15042.0,,2023-06-16,148500.00000000003,0,54561399.6808934
Lincoln,Killian Creek,15042.0,,2023-06-17,,0,
Lincoln,Killian Creek,15042.0,,2023-06-18,,0,
Lincoln,Killian Creek,15042.0,,2023-06-19,,0,
Lincoln,Killian Creek,15042.0,,2023-06-20,,0,
Lincoln,Killian Creek,15042.0,,2023-06-21,123199.99999999994,0,142618128.440367
Lincoln,Killian Creek,15042.0,,2023-06-22,,0,
Lincoln,Killian Creek,15042.0,,2023-06-23,141899.99999999997,0,31281869.150379
Lincoln,Killian Creek,15042.0,,2023-06-24,,0,
Lincoln,Killian Creek,15042.0,,2023-06-25,,0,
Lincoln,Killian Creek,15042.0,,2023-06-26,,0,
Lincoln,Killian Creek,15042.0,,2023-06-27,,0,
Lincoln,Killian Creek,15042.0,,2023-06-28,65999.99999999999,0,14749017.6306342
Lincoln,Killian Creek,15042.0,,2023-06-29,,0,
Lincoln,Killian Creek,15042.0,,2023-06-30,127599.99999999997,0,56290976.6733148
Lincoln,Killian Creek,15042.0,,2023-07-01,,0,
Lincoln,Killian Creek,15042.0,,2023-07-02,,0,
Lincoln,Killian Creek,15042.0,,2023-07-03,,0,
Lincoln,Killian Creek,15042.0,,2023-07-04,,0,
Lincoln,Killian Creek,15042.0,,2023-07-05,,0,
Lincoln,Killian Creek,15042.0,,2023-07-06,79200.0,0,79863937.3593936
Lincoln,Killian Creek,15042.0,,2023-07-07,123199.99999999994,0,27531499.5771839
Lincoln,Killian Creek,15042.0,,2023-07-08,,0,
Lincoln,Killian Creek,15042.0,,2023-07-09,,0,
Lincoln,Killian Creek,15042.0,,2023-07-10,,0,
Lincoln,Killian Creek,15042.0,,2023-07-11,,0,
Lincoln,Killian Creek,15042.0,,2023-07-12,72600.00000000004,0,16096028.1372157
Lincoln,Killian Creek,15042.0,,2023-07-13,,0,
Lincoln,Killian Creek,15042.0,,2023-07-14,75900.00000000003,0,3552719.44954127
Lincoln,Killian Creek,15042.0,,2023-07-15,,0,
Lincoln,Killian Creek,15042.0,,2023-07-16,,0,
Lincoln,Killian Creek,15042.0,,2023-07-17,,0,
Lincoln,Killian Creek,15042.0,,2023-07-18,,0,
Lincoln,Killian Creek,15042.0,,2023-07-19,63799.999999999985,0,5603408.68767452
Lincoln,Killian Creek,15042.0,,2023-07-20,,0,
Lincoln,Killian Creek,15042.0,,2023-07-21,100100.00000000006,0,16474719.1304347
Lincoln,Killian Creek,15042.0,,2023-07-22,,0,
Lincoln,Killian Creek,15042.0,,2023-07-23,,0,
Lincoln,Killian Creek,15042.0,,2023-07-24,,0,
Lincoln,Killian Creek,15042.0,,2023-07-25,,0,
Lincoln,Killian Creek,15042.0,,2023-07-26,25409.99999999999,0,2781634.82848025
Lincoln,Killian Creek,15042.0,,2023-07-27,,0,
Lincoln,Killian Creek,15042.0,,2023-07-28,91299.99999999996,0,8248432.40127643
Lincoln,Killian Creek,15042.0,,2023-07-29,,0,
Lincoln,Killian Creek,15042.0,,2023-07-30,,0,
Lincoln,Killian Creek,15042.0,,2023-07-31,,0,
Lincoln,Killian Creek,15042.0,,2023-08-01,,0,
Lincoln,Killian Creek,15042.0,,2023-08-02,339900.0000000001,0,55941628.6956523
Lincoln,Killian Creek,15042.0,,2023-08-03,,0,
Lincoln,Killian Creek,15042.0,,2023-08-04,147757.99999999994,0,34581206.8791383
Lincoln,Killian Creek,15042.0,,2023-08-05,,0,
Lincoln,Killian Creek,15042.0,,2023-08-06,,0,
Lincoln,Killian Creek,15042.0,,2023-08-07,,0,
Lincoln,Killian Creek,15042.0,,2023-08-08,,0,
Lincoln,Killian Creek,15042.0,,2023-08-09,257354.0000000001,0,302644577.65369
Lincoln,Killian Creek,15042.0,,2023-08-10,,0,
Lincoln,Killian Creek,15042.0,,2023-08-11,302130.6062020198,0,173168677.28556
Lincoln,Killian Creek,15042.0,,2023-08-12,,0,
Lincoln,Killian Creek,15042.0,,2023-08-13,,0,
Lincoln,Killian Creek,15042.0,,2023-08-14,,0,
Lincoln,Killian Creek,15042.0,,2023-08-15,,0,
Lincoln,Killian Creek,15042.0,,2023-08-16,197033.4564027135,0,44996205.9995612
Lincoln,Killian Creek,15042.0,,2023-08-17,,0,
Lincoln,Killian Creek,15042.0,,2023-08-18,302130.6062020198,0,21322572.849621095
Lincoln,Killian Creek,15042.0,,2023-08-19,,0,
Lincoln,Killian Creek,15042.0,,2023-08-20,,0,
Lincoln,Killian Creek,15042.0,,2023-08-21,,0,
Lincoln,Killian Creek,15042.0,,2023-08-22,,0,
Lincoln,Killian Creek,15042.0,,2023-08-23,197033.4564027135,0,149247858.169924
Lincoln,Killian Creek,15042.0,,2023-08-24,,0,
Lincoln,Killian Creek,15042.0,,2023-08-25,156297.00000000003,0,17149178.6608695
Lincoln,Killian Creek,15042.0,,2023-08-26,,0,
Lincoln,Killian Creek,15042.0,,2023-08-27,,0,
Lincoln,Killian Creek,15042.0,,2023-08-28,,0,
Lincoln,Killian Creek,15042.0,,2023-08-29,,0,
Lincoln,Killian Creek,15042.0,,2023-08-30,211540.00000000017,0,36040214.0893497
Lincoln,Killian Creek,15042.0,,2023-08-31,,0,
Lincoln,Killian Creek,15042.0,,2023-09-01,323552.99999999994,0,386356160.206023
Lincoln,Killian Creek,15042.0,,2023-09-02,,0,
Lincoln,Killian Creek,15042.0,,2023-09-03,,0,
Lincoln,Killian Creek,15042.0,,2023-09-04,,0,
Lincoln,Killian Creek,15042.0,,2023-09-05,,0,
Lincoln,Killian Creek,15042.0,,2023-09-06,109569.00000000006,0,15827261.7173514
Lincoln,Killian Creek,15042.0,,2023-09-07,,0,
Lincoln,Killian Creek,15042.0,,2023-09-08,358530.00000000035,0,63428876.597926
Lincoln,Killian Creek,15042.0,,2023-09-09,,0,
Lincoln,Killian Creek,15042.0,,2023-09-10,,0,
Lincoln,Killian Creek,15042.0,,2023-09-11,,0,
Lincoln,Killian Creek,15042.0,,2023-09-12,,0,
Lincoln,Killian Creek,15042.0,,2023-09-13,136529.00000000015,0,65864775.458197
Lincoln,Killian Creek,15042.0,,2023-09-14,,0,
Lincoln,Killian Creek,15042.0,,2023-09-15,147290.00000000017,0,31506370.9014759
Lincoln,Killian Creek,15042.0,,2023-09-16,,0,
Lincoln,Killian Creek,15042.0,,2023-09-17,,0,
Lincoln,Killian Creek,15042.0,,2023-09-18,,0,
Lincoln,Killian Creek,15042.0,,2023-09-19,,0,
Lincoln,Killian Creek,15042.0,,2023-09-20,256299.99999999985,0,55533871.5077783
Lincoln,Killian Creek,15042.0,,2023-09-21,,0,
Lincoln,Killian Creek,15042.0,,2023-09-22,224619.99999999988,0,8479024.21220582
Lincoln,Killian Creek,15042.0,,2023-09-23,,0,
Lincoln,Killian Creek,15042.0,,2023-09-24,,0,
Lincoln,Killian Creek,15042.0,,2023-09-25,,0,
Lincoln,Killian Creek,15042.0,,2023-09-26,,0,
Lincoln,Killian Creek,15042.0,,2023-09-27,347600.0,0,34027932.4930194
Lincoln,Killian Creek,15042.0,,2023-09-28,,0,
Lincoln,Killian Creek,15042.0,,2023-09-29,184140.00000000015,0,21316316.6972477
Lincoln,Killian Creek,15042.0,,2023-09-30,,0,
Lincoln,Killian Creek,15042.0,,2023-10-01,,0,
Lincoln,Killian Creek,15042.0,,2023-10-02,,0,
Lincoln,Killian Creek,15042.0,,2023-10-03,,0,
Lincoln,Killian Creek,15042.0,,2023-10-04,74030.00000000006,0,42476506.4060629
Lincoln,Killian Creek,15042.0,,2023-10-05,,0,
Lincoln,Killian Creek,15042.0,,2023-10-06,123310.00000000009,0,30690275.2018348
Lincoln,Killian Creek,15042.0,,2023-10-07,,0,
Lincoln,Killian Creek,15042.0,,2023-10-08,,0,
Lincoln,Killian Creek,15042.0,,2023-10-09,,0,
Lincoln,Killian Creek,15042.0,,2023-10-10,,0,
Lincoln,Killian Creek,15042.0,,2023-10-11,,0,
Lincoln,Killian Creek,15042.0,,2023-10-12,62919.99999999998,0,26918064.4595133
Lincoln,Killian Creek,15042.0,,2023-10-13,91850.00000000003,0,20086539.8424411
Lincoln,Killian Creek,15042.0,,2023-10-14,,0,
Lincoln,Killian Creek,15042.0,,2023-10-15,,0,
Lincoln,Killian Creek,15042.0,,2023-10-16,,0,
Lincoln,Killian Creek,15042.0,,2023-10-17,,0,
Lincoln,Killian Creek,15042.0,,2023-10-18,80960.00000000001,0,63159456.880734
Lincoln,Killian Creek,15042.0,,2023-10-19,,0,
Lincoln,Killian Creek,15042.0,,2023-10-20,165110.00000000006,0,7312943.84682888
Lincoln,Killian Creek,15042.0,,2023-10-21,,0,
Lincoln,Killian Creek,15042.0,,2023-10-22,,0,
Lincoln,Killian Creek,15042.0,,2023-10-23,,0,
Lincoln,Killian Creek,15042.0,,2023-10-24,,0,
Lincoln,Killian Creek,15042.0,,2023-10-25,87230.00000000003,0,12732100.542481
Lincoln,Killian Creek,15042.0,,2023-10-26,,0,
Lincoln,Killian Creek,15042.0,,2023-10-27,13189.000000000007,0,1559968.82608695
Lincoln,Killian Creek,15042.0,,2023-10-28,,0,
Lincoln,Killian Creek,15042.0,,2023-10-29,,0,
Lincoln,Killian Creek,15042.0,,2023-10-30,,0,
Lincoln,Killian Creek,15042.0,,2023-10-31,,0,
Lincoln,Killian Creek,15042.0,,2023-11-01,14795.000000000011,0,1154204.74870363
Lincoln,Killian Creek,15042.0,,2023-11-02,,0,
Lincoln,Killian Creek,15042.0,,2023-11-03,168740.0000000001,0,188541608.711608
Lincoln,Killian Creek,15042.0,,2023-11-04,,0,
Lincoln,Killian Creek,15042.0,,2023-11-05,,0,
Lincoln,Killian Creek,15042.0,,2023-11-06,,0,
Lincoln,Killian Creek,15042.0,,2023-11-07,,0,
Lincoln,Killian Creek,15042.0,,2023-11-08,42350.00000000005,0,19609992.6605504
Lincoln,Killian Creek,15042.0,,2023-11-09,,0,
Lincoln,Killian Creek,15042.0,,2023-11-10,125180.00000000009,0,38747728.8631831
Lincoln,Killian Creek,15042.0,,2023-11-11,,0,
Lincoln,Killian Creek,15042.0,,2023-11-12,,0,
Lincoln,Killian Creek,15042.0,,2023-11-13,,0,
Lincoln,Killian Creek,15042.0,,2023-11-14,,0,
Lincoln,Killian Creek,15042.0,,2023-11-15,12496.000000000002,0,597490.233745511
Lincoln,Killian Creek,15042.0,,2023-11-16,,0,
Lincoln,Killian Creek,15042.0,,2023-11-17,,0,
Lincoln,Killian Creek,15042.0,,2023-11-18,,0,
Lincoln,Killian Creek,15042.0,,2023-11-19,,0,
Lincoln,Killian Creek,15042.0,,2023-11-20,,0,
Lincoln,Killian Creek,15042.0,,2023-11-21,,0,
Lincoln,Killian Creek,15042.0,,2023-11-22,,0,
Lincoln,Killian Creek,15042.0,,2023-11-23,,0,
Lincoln,Killian Creek,15042.0,,2023-11-24,,0,
Lincoln,Killian Creek,15042.0,,2023-11-25,,0,
Lincoln,Killian Creek,15042.0,,2023-11-26,,0,
Lincoln,Killian Creek,15042.0,,2023-11-27,,0,
Lincoln,Killian Creek,15042.0,,2023-11-28,,0,
Lincoln,Killian Creek,15042.0,,2023-11-29,301400.00000000006,0,159282746.709214
Lincoln,Killian Creek,15042.0,,2023-11-30,,0,
Lincoln,Killian Creek,15042.0,,2023-12-01,269500.00000000006,0,129538340.845632
Lincoln,Killian Creek,15042.0,,2023-12-02,,0,
Lincoln,Killian Creek,15042.0,,2023-12-03,,0,
Lincoln,Killian Creek,15042.0,,2023-12-04,,0,
Lincoln,Killian Creek,15042.0,,2023-12-05,,0,
Lincoln,Killian Creek,15042.0,,2023-12-06,219999.99999999988,0,106299226.166733
Lincoln,Killian Creek,15042.0,,2023-12-07,,0,
Lincoln,Killian Creek,15042.0,,2023-12-08,328900.0000000001,0,182920483.486238
Lincoln,Killian Creek,15042.0,,2023-12-09,,0,
Lincoln,Killian Creek,15042.0,,2023-12-10,,0,
Lincoln,Killian Creek,15042.0,,2023-12-11,,0,
Lincoln,Killian Creek,15042.0,,2023-12-12,,0,
Lincoln,Killian Creek,15042.0,,2023-12-13,221870.00000000006,0,29034083.4303949
Lincoln,Killian Creek,15042.0,,2023-12-14,,0,
Lincoln,Killian Creek,15042.0,,2023-12-15,1289200.0000000002,0,817573923.254886
Lincoln,Killian Creek,15042.0,,2023-12-16,,0,
Lincoln,Killian Creek,15042.0,,2023-12-17,,0,
Lincoln,Killian Creek,15042.0,,2023-12-18,,0,
Lincoln,Killian Creek,15042.0,,2023-12-19,,0,
Lincoln,Killian Creek,15042.0,,2023-12-20,531300.0000000001,0,430528475.229359
Lincoln,Killian Creek,15042.0,,2023-12-21,,0,
Lincoln,Killian Creek,15042.0,,2023-12-22,,0,
Lincoln,Killian Creek,15042.0,,2023-12-23,,0,
Lincoln,Killian Creek,15042.0,,2023-12-24,,0,
Lincoln,Killian Creek,15042.0,,2023-12-25,,0,
Lincoln,Killian Creek,15042.0,,2023-12-26,,0,
Lincoln,Killian Creek,15042.0,,2023-12-27,,0,
Lincoln,Killian Creek,15042.0,,2023-12-28,,0,
Lincoln,Killian Creek,15042.0,,2023-12-29,740299.9999999999,0,219834550.698045
Lincoln,Killian Creek,15042.0,,2023-12-30,,0,
Lincoln,Killian Creek,15042.0,,2023-12-31,,0,
Lincoln,Killian Creek,15042.0,,2024-01-01,,0,
Lincoln,Killian Creek,15042.0,,2024-01-02,,0,
Lincoln,Killian Creek,15042.0,,2024-01-03,398200.00000000006,0,30062749.9002792
Lincoln,Killian Creek,15042.0,,2024-01-04,,0,
Lincoln,Killian Creek,15042.0,,2024-01-05,472999.99999999977,0,59516493.8173115
Lincoln,Killian Creek,15042.0,,2024-01-06,,0,
Lincoln,Killian Creek,15042.0,,2024-01-07,,0,
Lincoln,Killian Creek,15042.0,,2024-01-08,,0,
Lincoln,Killian Creek,15042.0,,2024-01-09,,0,
Lincoln,Killian Creek,15042.0,,2024-01-10,309100.0000000001,0,80120273.5141604
Lincoln,Killian Creek,15042.0,,2024-01-11,,0,
Lincoln,Killian Creek,15042.0,,2024-01-12,1041699.9999999997,0,146803660.470682
Lincoln,Killian Creek,15042.0,,2024-01-13,,0,
Lincoln,Killian Creek,15042.0,,2024-01-14,,0,
Lincoln,Killian Creek,15042.0,,2024-01-15,,0,
Lincoln,Killian Creek,15042.0,,2024-01-16,,0,
Lincoln,Killian Creek,15042.0,,2024-01-17,284900.0000000001,0,84602003.9090547
Lincoln,Killian Creek,15042.0,,2024-01-18,,0,
Lincoln,Killian Creek,15042.0,,2024-01-19,319000.00000000023,0,20872295.9712804
Lincoln,Killian Creek,15042.0,,2024-01-20,,0,
Lincoln,Killian Creek,15042.0,,2024-01-21,,0,
Lincoln,Killian Creek,15042.0,,2024-01-22,,0,
Lincoln,Killian Creek,15042.0,,2024-01-23,,0,
Lincoln,Killian Creek,15042.0,,2024-01-24,320100.00000000006,0,126471165.25728
Lincoln,Killian Creek,15042.0,,2024-01-25,,0,
Lincoln,Killian Creek,15042.0,,2024-01-26,362999.9999999999,0,145247927.004387
Lincoln,Killian Creek,15042.0,,2024-01-27,,0,
Lincoln,Killian Creek,15042.0,,2024-01-28,,0,
Lincoln,Killian Creek,15042.0,,2024-01-29,,0,
Lincoln,Killian Creek,15042.0,,2024-01-30,,0,
Lincoln,Killian Creek,15042.0,,2024-01-31,349800.0000000003,0,140846474.670921
Lincoln,Killian Creek,15042.0,,2024-02-01,,0,
Lincoln,Killian Creek,15042.0,,2024-02-02,,0,
Lincoln,Killian Creek,15042.0,,2024-02-03,280500.0000000001,0,141884553.051455
Lincoln,Killian Creek,15042.0,,2024-02-04,,0,
Lincoln,Killian Creek,15042.0,,2024-02-05,,0,
Lincoln,Killian Creek,15042.0,,2024-02-06,,0,
Lincoln,Killian Creek,15042.0,,2024-02-07,230999.9999999999,0,63945628.2409254
Lincoln,Killian Creek,15042.0,,2024-02-08,,0,
Lincoln,Killian Creek,15042.0,,2024-02-09,338799.99999999977,0,184163409.333865
Lincoln,Killian Creek,15042.0,,2024-02-10,,0,
Lincoln,Killian Creek,15042.0,,2024-02-11,,0,
Lincoln,Killian Creek,15042.0,,2024-02-12,,0,
Lincoln,Killian Creek,15042.0,,2024-02-13,,0,
Lincoln,Killian Creek,15042.0,,2024-02-14,160050.00000000003,0,24972013.522138
Lincoln,Killian Creek,15042.0,,2024-02-15,,0,
Lincoln,Killian Creek,15042.0,,2024-02-16,300299.99999999994,0,98243737.9337854
Lincoln,Killian Creek,15042.0,,2024-02-17,,0,
Lincoln,Killian Creek,15042.0,,2024-02-18,,0,
Lincoln,Killian Creek,15042.0,,2024-02-19,,0,
Lincoln,Killian Creek,15042.0,,2024-02-20,,0,
Lincoln,Killian Creek,15042.0,,2024-02-21,239910.00000000017,0,59287895.1168728
Lincoln,Killian Creek,15042.0,,2024-02-22,,0,
Lincoln,Killian Creek,15042.0,,2024-02-23,352000.00000000023,0,47834651.7750299
Lincoln,Killian Creek,15042.0,,2024-02-24,,0,
Lincoln,Killian Creek,15042.0,,2024-02-25,,0,
Lincoln,Killian Creek,15042.0,,2024-02-26,,0,
Lincoln,Killian Creek,15042.0,,2024-02-27,,0,
Lincoln,Killian Creek,15042.0,,2024-02-28,266199.9999999998,0,36844861.986438
Lincoln,Killian Creek,15042.0,,2024-02-29,,0,
Lincoln,Killian Creek,15042.0,,2024-03-01,259600.0000000001,0,77742381.9704827
Lincoln,Killian Creek,15042.0,,2024-03-02,,0,
Lincoln,Killian Creek,15042.0,,2024-03-03,,0,
Lincoln,Killian Creek,15042.0,,2024-03-04,,0,
Lincoln,Killian Creek,15042.0,,2024-03-05,,0,
Lincoln,Killian Creek,15042.0,,2024-03-06,249700.00000000003,0,22621804.0686078
Lincoln,Killian Creek,15042.0,,2024-03-07,,0,
Lincoln,Killian Creek,15042.0,,2024-03-08,169840.0,0,47015261.9066614
Lincoln,Killian Creek,15042.0,,2024-03-09,,0,
Lincoln,Killian Creek,15042.0,,2024-03-10,,0,
Lincoln,Killian Creek,15042.0,,2024-03-11,,0,
Lincoln,Killian Creek,15042.0,,2024-03-12,,0,
Lincoln,Killian Creek,15042.0,,2024-03-13,32890.000000000044,0,4055703.0275229295
Lincoln,Killian Creek,15042.0,,2024-03-14,,0,
Lincoln,Killian Creek,15042.0,,2024-03-15,77495.00000000003,0,7800813.00358996
Lincoln,Killian Creek,15042.0,,2024-03-16,,0,
Lincoln,Killian Creek,15042.0,,2024-03-17,,0,
Lincoln,Killian Creek,15042.0,,2024-03-18,,0,
Lincoln,Killian Creek,15042.0,,2024-03-19,,0,
Lincoln,Killian Creek,15042.0,,2024-03-20,105379.99999999994,0,58501889.849222
Lincoln,Killian Creek,15042.0,,2024-03-21,,0,
Lincoln,Killian Creek,15042.0,,2024-03-22,112199.99999999994,0,32753449.0626246
Lincoln,Killian Creek,15042.0,,2024-03-23,,0,
Lincoln,Killian Creek,15042.0,,2024-03-24,,0,
Lincoln,Killian Creek,15042.0,,2024-03-25,,0,
Lincoln,Killian Creek,15042.0,,2024-03-26,,0,
Lincoln,Killian Creek,15042.0,,2024-03-27,101859.99999999999,0,12816807.7383326
Lincoln,Killian Creek,15042.0,,2024-03-28,,0,
Lincoln,Killian Creek,15042.0,,2024-03-29,4455.000000000006,0,538139.832469087
Lincoln,Killian Creek,15042.0,,2024-03-30,,0,
Lincoln,Killian Creek,15042.0,,2024-03-31,,0,
Lincoln,Killian Creek,15042.0,,2024-04-01,,0,
Lincoln,Killian Creek,15042.0,,2024-04-02,,0,
Lincoln,Killian Creek,15042.0,,2024-04-03,2783.0000000000005,0,126064.23853211
Lincoln,Killian Creek,15042.0,,2024-04-04,,0,
Lincoln,Killian Creek,15042.0,,2024-04-05,111649.99999999997,0,5057517.86996411
Lincoln,Killian Creek,15042.0,,2024-04-06,,0,
Lincoln,Killian Creek,15042.0,,2024-04-07,,0,
Lincoln,Killian Creek,15042.0,,2024-04-08,,0,
Lincoln,Killian Creek,15042.0,,2024-04-09,,0,
Lincoln,Killian Creek,15042.0,,2024-04-10,69850.00000000006,0,9843751.25648186
Lincoln,Killian Creek,15042.0,,2024-04-11,,0,
Lincoln,Killian Creek,15042.0,,2024-04-12,38148.000000000015,0,4992077.40885521
Lincoln,Killian Creek,15042.0,,2024-04-13,,0,
Lincoln,Killian Creek,15042.0,,2024-04-14,,0,
Lincoln,Killian Creek,15042.0,,2024-04-15,,0,
Lincoln,Killian Creek,15042.0,,2024-04-16,,0,
Lincoln,Killian Creek,15042.0,,2024-04-17,,0,
Lincoln,Killian Creek,15042.0,,2024-04-18,,0,
Lincoln,Killian Creek,15042.0,,2024-04-19,88660.00000000003,0,32842917.577981506
Lincoln,Killian Creek,15042.0,,2024-04-20,,0,
Lincoln,Killian Creek,15042.0,,2024-04-21,,0,
Lincoln,Killian Creek,15042.0,,2024-04-22,,0,
Lincoln,Killian Creek,15042.0,,2024-04-23,,0,
Lincoln,Killian Creek,15042.0,,2024-04-24,68640.00000000006,0,11918800.7339449
Lincoln,Killian Creek,15042.0,,2024-04-25,,0,
Lincoln,Killian Creek,15042.0,,2024-04-26,8931.999999999998,0,1775750.7187874
Lincoln,Killian Creek,15042.0,,2024-04-27,,0,
Lincoln,Killian Creek,15042.0,,2024-04-28,,0,
Lincoln,Killian Creek,15042.0,,2024-04-29,,0,
Lincoln,Killian Creek,15042.0,,2024-04-30,,0,
Lincoln,Killian Creek,15042.0,,2024-05-01,27170.00000000003,0,5264856.72516952
Lincoln,Killian Creek,15042.0,,2024-05-02,,0,
Lincoln,Killian Creek,15042.0,,2024-05-03,7887.000000000005,0,1329819.92859991
Lincoln,Killian Creek,15042.0,,2024-05-04,,0,
Lincoln,Killian Creek,15042.0,,2024-05-05,,0,
Lincoln,Killian Creek,15042.0,,2024-05-06,,0,
Lincoln,Killian Creek,15042.0,,2024-05-07,,0,
Lincoln,Killian Creek,15042.0,,2024-05-08,16676.0,0,11624595.4798564
Lincoln,Killian Creek,15042.0,,2024-05-09,,0,
Lincoln,Killian Creek,15042.0,,2024-05-10,,0,
Lincoln,Killian Creek,15042.0,,2024-05-11,,0,
Lincoln,Killian Creek,15042.0,,2024-05-12,,0,
Lincoln,Killian Creek,15042.0,,2024-05-13,,0,
Lincoln,Killian Creek,15042.0,,2024-05-14,,0,
Lincoln,Killian Creek,15042.0,,2024-05-15,,0,
Lincoln,Lincolnton,11000.0,,2023-04-01,38500.000000000015,0,26338813.2
Lincoln,Lincolnton,11000.0,,2023-04-02,,0,
Lincoln,Lincolnton,11000.0,,2023-04-03,,0,
Lincoln,Lincolnton,11000.0,1.82,2023-04-04,48400.00000000006,0,29913744.9599999
Lincoln,Lincolnton,11000.0,,2023-04-05,,0,
Lincoln,Lincolnton,11000.0,,2023-04-06,,0,
Lincoln,Lincolnton,11000.0,,2023-04-07,38500.000000000015,0,27464969.7
Lincoln,Lincolnton,11000.0,,2023-04-08,,0,
Lincoln,Lincolnton,11000.0,,2023-04-09,,0,
Lincoln,Lincolnton,11000.0,,2023-04-10,,0,
Lincoln,Lincolnton,11000.0,,2023-04-11,35199.999999999985,0,30852524.16
Lincoln,Lincolnton,11000.0,,2023-04-12,,0,
Lincoln,Lincolnton,11000.0,,2023-04-13,,0,
Lincoln,Lincolnton,11000.0,,2023-04-14,,0,
Lincoln,Lincolnton,11000.0,,2023-04-15,19800.0,0,16032683.16
Lincoln,Lincolnton,11000.0,,2023-04-16,,0,
Lincoln,Lincolnton,11000.0,,2023-04-17,,0,
Lincoln,Lincolnton,11000.0,1.82,2023-04-18,0.0,0,738152.9999999988
Lincoln,Lincolnton,11000.0,,2023-04-19,,0,
Lincoln,Lincolnton,11000.0,,2023-04-20,,0,
Lincoln,Lincolnton,11000.0,,2023-04-21,,0,
Lincoln,Lincolnton,11000.0,,2023-04-22,38500.000000000015,0,28432139.4
Lincoln,Lincolnton,11000.0,,2023-04-23,,0,
Lincoln,Lincolnton,11000.0,,2023-04-24,,0,
Lincoln,Lincolnton,11000.0,1.82,2023-04-25,12210.000000000007,0,7403561.027999969
Lincoln,Lincolnton,11000.0,,2023-04-26,,0,
Lincoln,Lincolnton,11000.0,,2023-04-27,,0,
Lincoln,Lincolnton,11000.0,,2023-04-28,,0,
Lincoln,Lincolnton,11000.0,,2023-04-29,12100.000000000015,0,22947473.3399999
Lincoln,Lincolnton,11000.0,1.82,2023-04-30,,0,
Lincoln,Lincolnton,11000.0,,2023-05-01,,0,
Lincoln,Lincolnton,11000.0,,2023-05-02,7260.000000000011,0,5356492.416
Lincoln,Lincolnton,11000.0,,2023-05-03,,0,
Lincoln,Lincolnton,11000.0,,2023-05-04,,0,
Lincoln,Lincolnton,11000.0,1.82,2023-05-05,,0,
Lincoln,Lincolnton,11000.0,1.82,2023-05-06,4840.000000000003,0,3431086.56
Lincoln,Lincolnton,11000.0,,2023-05-07,,0,
Lincoln,Lincolnton,11000.0,,2023-05-08,,0,
Lincoln,Lincolnton,11000.0,1.82,2023-05-09,4510.0000000000055,0,2660151.99599999
Lincoln,Lincolnton,11000.0,,2023-05-10,,0,
Lincoln,Lincolnton,11000.0,,2023-05-11,,0,
Lincoln,Lincolnton,11000.0,1.82,2023-05-12,,0,
Lincoln,Lincolnton,11000.0,,2023-05-13,14300.00000000001,0,10368589.1399999
Lincoln,Lincolnton,11000.0,1.82,2023-05-14,,0,
Lincoln,Lincolnton,11000.0,1.82,2023-05-15,,0,
Lincoln,Lincolnton,11000.0,,2023-05-16,5170.000000000005,0,2981835.28799999
Lincoln,Lincolnton,11000.0,,2023-05-17,,0,
Lincoln,Lincolnton,11000.0,,2023-05-18,,0,
Lincoln,Lincolnton,11000.0,,2023-05-19,,0,
Lincoln,Lincolnton,11000.0,1.82,2023-05-20,1649.9999999999995,0,843765.659999999
Lincoln,Lincolnton,11000.0,,2023-05-21,,0,
Lincoln,Lincolnton,11000.0,,2023-05-22,,0,
Lincoln,Lincolnton,11000.0,,2023-05-23,10560.0,0,6028779.456
Lincoln,Lincolnton,11000.0,,2023-05-24,,0,
Lincoln,Lincolnton,11000.0,,2023-05-25,,0,
Lincoln,Lincolnton,11000.0,,2023-05-26,,0,
Lincoln,Lincolnton,11000.0,,2023-05-27,2530.0000000000005,0,1686433.554
Lincoln,Lincolnton,11000.0,,2023-05-28,,0,
Lincoln,Lincolnton,11000.0,,2023-05-29,,0,
Lincoln,Lincolnton,11000.0,,2023-05-30,,0,
Lincoln,Lincolnton,11000.0,,2023-05-31,2640.0,0,1904207.616
Lincoln,Lincolnton,11000.0,,2023-06-01,,0,
Lincoln,Lincolnton,11000.0,,2023-06-02,,0,
Lincoln,Lincolnton,11000.0,,2023-06-03,13200.00000000001,0,9184894.56000001
Lincoln,Lincolnton,11000.0,,2023-06-04,,0,
Lincoln,Lincolnton,11000.0,,2023-06-05,,0,
Lincoln,Lincolnton,11000.0,,2023-06-06,5719.999999999999,0,3497861.016
Lincoln,Lincolnton,11000.0,,2023-06-07,,0,
Lincoln,Lincolnton,11000.0,,2023-06-08,,0,
Lincoln,Lincolnton,11000.0,,2023-06-09,,0,
Lincoln,Lincolnton,11000.0,,2023-06-10,15949.999999999996,0,10933749.3599999
Lincoln,Lincolnton,11000.0,,2023-06-11,,0,
Lincoln,Lincolnton,11000.0,,2023-06-12,,0,
Lincoln,Lincolnton,11000.0,,2023-06-13,6380.000000000005,0,4015628.0279999906
Lincoln,Lincolnton,11000.0,,2023-06-14,,0,
Lincoln,Lincolnton,11000.0,,2023-06-15,,0,
Lincoln,Lincolnton,11000.0,,2023-06-16,,0,
Lincoln,Lincolnton,11000.0,,2023-06-17,1320.0,0,726418.2599999991
Lincoln,Lincolnton,11000.0,,2023-06-18,,0,
Lincoln,Lincolnton,11000.0,,2023-06-19,,0,
Lincoln,Lincolnton,11000.0,,2023-06-20,2199.999999999999,0,1226469.59999999
Lincoln,Lincolnton,11000.0,,2023-06-21,,0,
Lincoln,Lincolnton,11000.0,,2023-06-22,,0,
Lincoln,Lincolnton,11000.0,,2023-06-23,,0,
Lincoln,Lincolnton,11000.0,,2023-06-24,13640.000000000015,0,11579841.432
Lincoln,Lincolnton,11000.0,,2023-06-25,,0,
Lincoln,Lincolnton,11000.0,,2023-06-26,,0,
Lincoln,Lincolnton,11000.0,,2023-06-27,0.0,0,625726.619999998
Lincoln,Lincolnton,11000.0,,2023-06-28,,0,
Lincoln,Lincolnton,11000.0,,2023-06-29,,0,
Lincoln,Lincolnton,11000.0,,2023-06-30,,0,
Lincoln,Lincolnton,11000.0,,2023-07-01,21340.0,0,12946900.788
Lincoln,Lincolnton,11000.0,,2023-07-02,,0,
Lincoln,Lincolnton,11000.0,,2023-07-03,,0,
Lincoln,Lincolnton,11000.0,,2023-07-04,8690.00000000001,0,4916326.10399998
Lincoln,Lincolnton,11000.0,,2023-07-05,,0,
Lincoln,Lincolnton,11000.0,,2023-07-06,,0,
Lincoln,Lincolnton,11000.0,,2023-07-07,,0,
Lincoln,Lincolnton,11000.0,,2023-07-08,25520.00000000002,0,16001037.216
Lincoln,Lincolnton,11000.0,,2023-07-09,,0,
Lincoln,Lincolnton,11000.0,,2023-07-10,,0,
Lincoln,Lincolnton,11000.0,,2023-07-11,25300.000000000025,0,14043455.46
Lincoln,Lincolnton,11000.0,,2023-07-12,,0,
Lincoln,Lincolnton,11000.0,,2023-07-13,,0,
Lincoln,Lincolnton,11000.0,,2023-07-14,,0,
Lincoln,Lincolnton,11000.0,,2023-07-15,36300.00000000002,0,24321573.54
Lincoln,Lincolnton,11000.0,,2023-07-16,,0,
Lincoln,Lincolnton,11000.0,,2023-07-17,,0,
Lincoln,Lincolnton,11000.0,,2023-07-18,8470.000000000004,0,4838498.27999999
Lincoln,Lincolnton,11000.0,,2023-07-19,,0,
Lincoln,Lincolnton,11000.0,,2023-07-20,,0,
Lincoln,Lincolnton,11000.0,,2023-07-21,,0,
Lincoln,Lincolnton,11000.0,,2023-07-22,12210.000000000007,0,8533843.614
Lincoln,Lincolnton,11000.0,,2023-07-23,,0,
Lincoln,Lincolnton,11000.0,,2023-07-24,,0,
Lincoln,Lincolnton,11000.0,,2023-07-25,5170.000000000005,0,2983614.42599999
Lincoln,Lincolnton,11000.0,,2023-07-26,,0,
Lincoln,Lincolnton,11000.0,,2023-07-27,,0,
Lincoln,Lincolnton,11000.0,,2023-07-28,,0,
Lincoln,Lincolnton,11000.0,,2023-07-29,39600.0,0,25633214.64
Lincoln,Lincolnton,11000.0,,2023-07-30,,0,
Lincoln,Lincolnton,11000.0,,2023-07-31,,0,
Lincoln,Lincolnton,11000.0,,2023-08-01,25300.000000000025,0,14295941.6399999
Lincoln,Lincolnton,11000.0,,2023-08-02,,0,
Lincoln,Lincolnton,11000.0,,2023-08-03,,0,
Lincoln,Lincolnton,11000.0,,2023-08-04,,0,
Lincoln,Lincolnton,11000.0,,2023-08-05,40681.00000000001,0,40206396.2229818
Lincoln,Lincolnton,11000.0,,2023-08-06,,0,
Lincoln,Lincolnton,11000.0,,2023-08-07,,0,
Lincoln,Lincolnton,11000.0,,2023-08-08,96912.00000000003,0,65632922.5169455
Lincoln,Lincolnton,11000.0,,2023-08-09,,0,
Lincoln,Lincolnton,11000.0,,2023-08-10,,0,
Lincoln,Lincolnton,11000.0,,2023-08-11,,0,
Lincoln,Lincolnton,11000.0,,2023-08-12,80655.78182622748,0,57573954.2357999
Lincoln,Lincolnton,11000.0,,2023-08-13,,0,
Lincoln,Lincolnton,11000.0,,2023-08-14,,0,
Lincoln,Lincolnton,11000.0,,2023-08-15,68238.75344699668,0,33911355.860509
Lincoln,Lincolnton,11000.0,,2023-08-16,,0,
Lincoln,Lincolnton,11000.0,,2023-08-17,,0,
Lincoln,Lincolnton,11000.0,,2023-08-18,,0,
Lincoln,Lincolnton,11000.0,,2023-08-19,80655.78182622748,0,58670843.0553818
Lincoln,Lincolnton,11000.0,,2023-08-20,,0,
Lincoln,Lincolnton,11000.0,,2023-08-21,,0,
Lincoln,Lincolnton,11000.0,,2023-08-22,68238.75344699668,0,38830027.536
Lincoln,Lincolnton,11000.0,,2023-08-23,,0,
Lincoln,Lincolnton,11000.0,,2023-08-24,,0,
Lincoln,Lincolnton,11000.0,,2023-08-25,,0,
Lincoln,Lincolnton,11000.0,,2023-08-26,42000.0,0,24975380.9454545
Lincoln,Lincolnton,11000.0,,2023-08-27,,0,
Lincoln,Lincolnton,11000.0,,2023-08-28,,0,
Lincoln,Lincolnton,11000.0,,2023-08-29,145332.0000000001,0,77769755.9640002
Lincoln,Lincolnton,11000.0,,2023-08-30,,0,
Lincoln,Lincolnton,11000.0,,2023-08-31,,0,
Lincoln,Lincolnton,11000.0,,2023-09-01,,0,
Lincoln,Lincolnton,11000.0,,2023-09-02,48521.00000000004,0,28001538.7937999
Lincoln,Lincolnton,11000.0,,2023-09-03,,0,
Lincoln,Lincolnton,11000.0,,2023-09-04,,0,
Lincoln,Lincolnton,11000.0,,2023-09-05,,0,
Lincoln,Lincolnton,11000.0,,2023-09-06,64446.0,0,35284603.3131273
Lincoln,Lincolnton,11000.0,,2023-09-07,,0,
Lincoln,Lincolnton,11000.0,,2023-09-08,,0,
Lincoln,Lincolnton,11000.0,,2023-09-09,60500.000000000015,0,39245134.4999999
Lincoln,Lincolnton,11000.0,,2023-09-10,,0,
Lincoln,Lincolnton,11000.0,,2023-09-11,,0,
Lincoln,Lincolnton,11000.0,,2023-09-12,46831.99999999997,0,31104205.0821817
Lincoln,Lincolnton,11000.0,,2023-09-13,,0,
Lincoln,Lincolnton,11000.0,,2023-09-14,,0,
Lincoln,Lincolnton,11000.0,,2023-09-15,,0,
Lincoln,Lincolnton,11000.0,,2023-09-16,587400.0,0,376587490.67999893
Lincoln,Lincolnton,11000.0,,2023-09-17,,0,
Lincoln,Lincolnton,11000.0,,2023-09-18,,0,
Lincoln,Lincolnton,11000.0,,2023-09-19,128149.99999999993,0,73205850.5999999
Lincoln,Lincolnton,11000.0,,2023-09-20,,0,
Lincoln,Lincolnton,11000.0,,2023-09-21,,0,
Lincoln,Lincolnton,11000.0,,2023-09-22,,0,
Lincoln,Lincolnton,11000.0,,2023-09-23,226820.0000000002,0,138547532.699999
Lincoln,Lincolnton,11000.0,,2023-09-24,,0,
Lincoln,Lincolnton,11000.0,,2023-09-25,,0,
Lincoln,Lincolnton,11000.0,,2023-09-26,95809.99999999997,0,47247205.1219998
Lincoln,Lincolnton,11000.0,,2023-09-27,,0,
Lincoln,Lincolnton,11000.0,,2023-09-28,,0,
Lincoln,Lincolnton,11000.0,,2023-09-29,,0,
Lincoln,Lincolnton,11000.0,,2023-09-30,92400.00000000006,0,54596067.12
Lincoln,Lincolnton,11000.0,,2023-10-01,,0,
Lincoln,Lincolnton,11000.0,,2023-10-02,,0,
Lincoln,Lincolnton,11000.0,,2023-10-03,303600.0000000001,0,149088736.079999
Lincoln,Lincolnton,11000.0,,2023-10-04,,0,
Lincoln,Lincolnton,11000.0,,2023-10-05,,0,
Lincoln,Lincolnton,11000.0,,2023-10-06,,0,
Lincoln,Lincolnton,11000.0,,2023-10-07,175669.99999999997,0,95031861.3359998
Lincoln,Lincolnton,11000.0,,2023-10-08,,0,
Lincoln,Lincolnton,11000.0,,2023-10-09,,0,
Lincoln,Lincolnton,11000.0,,2023-10-10,158290.0000000001,0,69124848.7140001
Lincoln,Lincolnton,11000.0,,2023-10-11,,0,
Lincoln,Lincolnton,11000.0,,2023-10-12,,0,
Lincoln,Lincolnton,11000.0,,2023-10-13,,0,
Lincoln,Lincolnton,11000.0,,2023-10-14,32670.000000000004,0,18449168.958
Lincoln,Lincolnton,11000.0,,2023-10-15,,0,
Lincoln,Lincolnton,11000.0,,2023-10-16,,0,
Lincoln,Lincolnton,11000.0,,2023-10-17,33550.00000000001,0,16706295.09
Lincoln,Lincolnton,11000.0,,2023-10-18,,0,
Lincoln,Lincolnton,11000.0,,2023-10-19,,0,
Lincoln,Lincolnton,11000.0,,2023-10-20,,0,
Lincoln,Lincolnton,11000.0,,2023-10-21,28380.000000000022,0,16827390.0359999
Lincoln,Lincolnton,11000.0,,2023-10-22,,0,
Lincoln,Lincolnton,11000.0,,2023-10-23,,0,
Lincoln,Lincolnton,11000.0,,2023-10-24,205040.00000000006,0,95396925.3119997
Lincoln,Lincolnton,11000.0,,2023-10-25,,0,
Lincoln,Lincolnton,11000.0,,2023-10-26,,0,
Lincoln,Lincolnton,11000.0,,2023-10-27,,0,
Lincoln,Lincolnton,11000.0,,2023-10-28,5808.000000000004,0,3177919.00799999
Lincoln,Lincolnton,11000.0,,2023-10-29,,0,
Lincoln,Lincolnton,11000.0,,2023-10-30,,0,
Lincoln,Lincolnton,11000.0,,2023-10-31,5445.000000000005,0,2627029.74599999
Lincoln,Lincolnton,11000.0,,2023-11-01,,0,
Lincoln,Lincolnton,11000.0,,2023-11-02,,0,
Lincoln,Lincolnton,11000.0,,2023-11-03,,0,
Lincoln,Lincolnton,11000.0,,2023-11-04,33220.00000000003,0,19137013.991999906
Lincoln,Lincolnton,11000.0,,2023-11-05,,0,
Lincoln,Lincolnton,11000.0,,2023-11-06,,0,
Lincoln,Lincolnton,11000.0,,2023-11-07,133100.00000000015,0,66964483.08
Lincoln,Lincolnton,11000.0,,2023-11-08,,0,
Lincoln,Lincolnton,11000.0,,2023-11-09,,0,
Lincoln,Lincolnton,11000.0,,2023-11-10,99330.00000000006,0,64091553.7499999
Lincoln,Lincolnton,11000.0,,2023-11-11,,0,
Lincoln,Lincolnton,11000.0,,2023-11-12,,0,
Lincoln,Lincolnton,11000.0,,2023-11-13,,0,
Lincoln,Lincolnton,11000.0,,2023-11-14,12496.000000000002,0,6983548.1856
Lincoln,Lincolnton,11000.0,,2023-11-15,,0,
Lincoln,Lincolnton,11000.0,,2023-11-16,,0,
Lincoln,Lincolnton,11000.0,,2023-11-17,,0,
Lincoln,Lincolnton,11000.0,,2023-11-18,,0,
Lincoln,Lincolnton,11000.0,,2023-11-19,,0,
Lincoln,Lincolnton,11000.0,,2023-11-20,,0,
Lincoln,Lincolnton,11000.0,,2023-11-21,,0,
Lincoln,Lincolnton,11000.0,,2023-11-22,,0,
Lincoln,Lincolnton,11000.0,,2023-11-23,,0,
Lincoln,Lincolnton,11000.0,,2023-11-24,,0,
Lincoln,Lincolnton,11000.0,,2023-11-25,,0,
Lincoln,Lincolnton,11000.0,,2023-11-26,,0,
Lincoln,Lincolnton,11000.0,,2023-11-27,,0,
Lincoln,Lincolnton,11000.0,,2023-11-28,72600.00000000004,0,40248644.0399999
Lincoln,Lincolnton,11000.0,,2023-11-29,,0,
Lincoln,Lincolnton,11000.0,,2023-11-30,,0,
Lincoln,Lincolnton,11000.0,,2023-12-01,,0,
Lincoln,Lincolnton,11000.0,,2023-12-02,83929.99999999999,0,59238216.702
Lincoln,Lincolnton,11000.0,,2023-12-03,,0,
Lincoln,Lincolnton,11000.0,,2023-12-04,,0,
Lincoln,Lincolnton,11000.0,,2023-12-05,81729.99999999999,0,45113337.2879999
Lincoln,Lincolnton,11000.0,,2023-12-06,,0,
Lincoln,Lincolnton,11000.0,,2023-12-07,,0,
Lincoln,Lincolnton,11000.0,,2023-12-08,,0,
Lincoln,Lincolnton,11000.0,,2023-12-09,66440.00000000006,0,42755335.9199999
Lincoln,Lincolnton,11000.0,,2023-12-10,,0,
Lincoln,Lincolnton,11000.0,,2023-12-11,,0,
Lincoln,Lincolnton,11000.0,,2023-12-12,88110.00000000003,0,103698004.68
Lincoln,Lincolnton,11000.0,,2023-12-13,,0,
Lincoln,Lincolnton,11000.0,,2023-12-14,,0,
Lincoln,Lincolnton,11000.0,,2023-12-15,,0,
Lincoln,Lincolnton,11000.0,,2023-12-16,68750.00000000003,0,83799292.49999991
Lincoln,Lincolnton,11000.0,,2023-12-17,,0,
Lincoln,Lincolnton,11000.0,,2023-12-18,,0,
Lincoln,Lincolnton,11000.0,,2023-12-19,414700.00000000035,0,347497827.299999
Lincoln,Lincolnton,11000.0,,2023-12-20,,0,
Lincoln,Lincolnton,11000.0,,2023-12-21,,0,
Lincoln,Lincolnton,11000.0,,2023-12-22,,0,
Lincoln,Lincolnton,11000.0,,2023-12-23,,0,
Lincoln,Lincolnton,11000.0,,2023-12-24,,0,
Lincoln,Lincolnton,11000.0,,2023-12-25,,0,
Lincoln,Lincolnton,11000.0,,2023-12-26,,0,
Lincoln,Lincolnton,11000.0,,2023-12-27,,0,
Lincoln,Lincolnton,11000.0,,2023-12-28,,0,
Lincoln,Lincolnton,11000.0,,2023-12-29,,0,
Lincoln,Lincolnton,11000.0,,2023-12-30,167309.9999999999,0,118145816.568
Lincoln,Lincolnton,11000.0,,2023-12-31,,0,
Lincoln,Lincolnton,11000.0,,2024-01-01,,0,
Lincoln,Lincolnton,11000.0,,2024-01-02,,0,
Lincoln,Lincolnton,11000.0,,2024-01-03,,0,
Lincoln,Lincolnton,11000.0,,2024-01-04,,0,
Lincoln,Lincolnton,11000.0,,2024-01-05,,0,
Lincoln,Lincolnton,11000.0,,2024-01-06,239800.00000000015,0,416404599.12
Lincoln,Lincolnton,11000.0,,2024-01-07,,0,
Lincoln,Lincolnton,11000.0,,2024-01-08,,0,
Lincoln,Lincolnton,11000.0,,2024-01-09,74030.00000000006,0,63638403.5159997
Lincoln,Lincolnton,11000.0,,2024-01-10,,0,
Lincoln,Lincolnton,11000.0,,2024-01-11,,0,
Lincoln,Lincolnton,11000.0,,2024-01-12,,0,
Lincoln,Lincolnton,11000.0,,2024-01-13,157850.00000000003,0,303542898.119999
Lincoln,Lincolnton,11000.0,,2024-01-14,,0,
Lincoln,Lincolnton,11000.0,,2024-01-15,,0,
Lincoln,Lincolnton,11000.0,,2024-01-16,,0,
Lincoln,Lincolnton,11000.0,,2024-01-17,,0,
Lincoln,Lincolnton,11000.0,,2024-01-18,,0,
Lincoln,Lincolnton,11000.0,,2024-01-19,,0,
Lincoln,Lincolnton,11000.0,,2024-01-20,224399.99999999988,0,315684190.08
Lincoln,Lincolnton,11000.0,,2024-01-21,,0,
Lincoln,Lincolnton,11000.0,,2024-01-22,,0,
Lincoln,Lincolnton,11000.0,,2024-01-23,91960.0,0,310383418.751999
Lincoln,Lincolnton,11000.0,,2024-01-24,,0,
Lincoln,Lincolnton,11000.0,,2024-01-25,,0,
Lincoln,Lincolnton,11000.0,,2024-01-26,,0,
Lincoln,Lincolnton,11000.0,,2024-01-27,114400.00000000007,0,191250521.279999
Lincoln,Lincolnton,11000.0,,2024-01-28,,0,
Lincoln,Lincolnton,11000.0,,2024-01-29,,0,
Lincoln,Lincolnton,11000.0,,2024-01-30,106369.99999999996,0,110546550.359999
Lincoln,Lincolnton,11000.0,,2024-01-31,,0,
Lincoln,Lincolnton,11000.0,,2024-02-01,,0,
Lincoln,Lincolnton,11000.0,,2024-02-02,,0,
Lincoln,Lincolnton,11000.0,,2024-02-03,121770.0000000001,0,116829405.863999
Lincoln,Lincolnton,11000.0,,2024-02-04,,0,
Lincoln,Lincolnton,11000.0,,2024-02-05,,0,
Lincoln,Lincolnton,11000.0,,2024-02-06,152900.0000000001,0,119282875.019999
Lincoln,Lincolnton,11000.0,,2024-02-07,,0,
Lincoln,Lincolnton,11000.0,,2024-02-08,,0,
Lincoln,Lincolnton,11000.0,,2024-02-09,,0,
Lincoln,Lincolnton,11000.0,,2024-02-10,121110.00000000006,0,97066324.5659999
Lincoln,Lincolnton,11000.0,,2024-02-11,,0,
Lincoln,Lincolnton,11000.0,,2024-02-12,,0,
Lincoln,Lincolnton,11000.0,,2024-02-13,41580.00000000001,0,24539612.58
Lincoln,Lincolnton,11000.0,,2024-02-14,,0,
Lincoln,Lincolnton,11000.0,,2024-02-15,,0,
Lincoln,Lincolnton,11000.0,,2024-02-16,,0,
Lincoln,Lincolnton,11000.0,,2024-02-17,132769.99999999997,0,90191621.7719998
Lincoln,Lincolnton,11000.0,,2024-02-18,,0,
Lincoln,Lincolnton,11000.0,,2024-02-19,,0,
Lincoln,Lincolnton,11000.0,,2024-02-20,58189.999999999985,0,92013799.7699996
Lincoln,Lincolnton,11000.0,,2024-02-21,,0,
Lincoln,Lincolnton,11000.0,,2024-02-22,,0,
Lincoln,Lincolnton,11000.0,,2024-02-23,,0,
Lincoln,Lincolnton,11000.0,,2024-02-24,306900.0000000002,0,176584367.519999
Lincoln,Lincolnton,11000.0,,2024-02-25,,0,
Lincoln,Lincolnton,11000.0,,2024-02-26,,0,
Lincoln,Lincolnton,11000.0,,2024-02-27,32339.999999999993,0,30159795.9599999
Lincoln,Lincolnton,11000.0,,2024-02-28,,0,
Lincoln,Lincolnton,11000.0,,2024-02-29,,0,
Lincoln,Lincolnton,11000.0,,2024-03-01,,0,
Lincoln,Lincolnton,11000.0,,2024-03-02,99880.00000000012,0,67264892.4239999
Lincoln,Lincolnton,11000.0,,2024-03-03,,0,
Lincoln,Lincolnton,11000.0,,2024-03-04,,0,
Lincoln,Lincolnton,11000.0,,2024-03-05,68750.00000000003,0,39935969.9999999
Lincoln,Lincolnton,11000.0,,2024-03-06,,0,
Lincoln,Lincolnton,11000.0,,2024-03-07,,0,
Lincoln,Lincolnton,11000.0,,2024-03-08,,0,
Lincoln,Lincolnton,11000.0,,2024-03-09,12155.000000000005,0,8917872.44399999
Lincoln,Lincolnton,11000.0,,2024-03-10,,0,
Lincoln,Lincolnton,11000.0,,2024-03-11,,0,
Lincoln,Lincolnton,11000.0,,2024-03-12,13288.0,0,12739718.2751999
Lincoln,Lincolnton,11000.0,,2024-03-13,,0,
Lincoln,Lincolnton,11000.0,,2024-03-14,,0,
Lincoln,Lincolnton,11000.0,,2024-03-15,,0,
Lincoln,Lincolnton,11000.0,,2024-03-16,7260.000000000011,0,4489560.108
Lincoln,Lincolnton,11000.0,,2024-03-17,,0,
Lincoln,Lincolnton,11000.0,,2024-03-18,,0,
Lincoln,Lincolnton,11000.0,,2024-03-19,37730.000000000015,0,21358551.6899999
Lincoln,Lincolnton,11000.0,,2024-03-20,,0,
Lincoln,Lincolnton,11000.0,,2024-03-21,,0,
Lincoln,Lincolnton,11000.0,,2024-03-22,,0,
Lincoln,Lincolnton,11000.0,,2024-03-23,56870.00000000004,0,34209265.464
Lincoln,Lincolnton,11000.0,,2024-03-24,,0,
Lincoln,Lincolnton,11000.0,,2024-03-25,,0,
Lincoln,Lincolnton,11000.0,,2024-03-26,42350.00000000005,0,29307891.69
Lincoln,Lincolnton,11000.0,,2024-03-27,,0,
Lincoln,Lincolnton,11000.0,,2024-03-28,,0,
Lincoln,Lincolnton,11000.0,,2024-03-29,,0,
Lincoln,Lincolnton,11000.0,,2024-03-30,,0,
Lincoln,Lincolnton,11000.0,,2024-03-31,,0,
Lincoln,Lincolnton,11000.0,,2024-04-01,,0,
Lincoln,Lincolnton,11000.0,,2024-04-02,0.0,0,525034.979999999
Lincoln,Lincolnton,11000.0,,2024-04-03,,0,
Lincoln,Lincolnton,11000.0,,2024-04-04,,0,
Lincoln,Lincolnton,11000.0,,2024-04-05,,0,
Lincoln,Lincolnton,11000.0,,2024-04-06,25190.00000000003,0,15811464.384
Lincoln,Lincolnton,11000.0,,2024-04-07,,0,
Lincoln,Lincolnton,11000.0,,2024-04-08,,0,
Lincoln,Lincolnton,11000.0,,2024-04-09,0.0,0,602257.139999999
Lincoln,Lincolnton,11000.0,,2024-04-10,,0,
Lincoln,Lincolnton,11000.0,,2024-04-11,,0,
Lincoln,Lincolnton,11000.0,,2024-04-12,,0,
Lincoln,Lincolnton,11000.0,,2024-04-13,17611.000000000022,0,16126791.9894
Lincoln,Lincolnton,11000.0,,2024-04-14,,0,
Lincoln,Lincolnton,11000.0,,2024-04-15,,0,
Lincoln,Lincolnton,11000.0,,2024-04-16,3168.0000000000005,0,1828257.35039999
Lincoln,Lincolnton,11000.0,,2024-04-17,,0,
Lincoln,Lincolnton,11000.0,,2024-04-18,,0,
Lincoln,Lincolnton,11000.0,,2024-04-19,,0,
Lincoln,Lincolnton,11000.0,,2024-04-20,23606.000000000015,0,13809896.2799999
Lincoln,Lincolnton,11000.0,,2024-04-21,,0,
Lincoln,Lincolnton,11000.0,,2024-04-22,,0,
Lincoln,Lincolnton,11000.0,,2024-04-23,126280.00000000015,0,73832410.0079996
Lincoln,Lincolnton,11000.0,,2024-04-24,,0,
Lincoln,Lincolnton,11000.0,,2024-04-25,,0,
Lincoln,Lincolnton,11000.0,,2024-04-26,,0,
Lincoln,Lincolnton,11000.0,,2024-04-27,5126.000000000007,0,2979389.9196
Lincoln,Lincolnton,11000.0,,2024-04-28,,0,
Lincoln,Lincolnton,11000.0,,2024-04-29,,0,
Lincoln,Lincolnton,11000.0,,2024-04-30,0.0,0,575002.259999999
Lincoln,Lincolnton,11000.0,,2024-05-01,,0,
Lincoln,Lincolnton,11000.0,,2024-05-02,,0,
Lincoln,Lincolnton,11000.0,,2024-05-03,,0,
Lincoln,Lincolnton,11000.0,,2024-05-04,8272.0,0,4844948.6016
Lincoln,Lincolnton,11000.0,,2024-05-05,,0,
Lincoln,Lincolnton,11000.0,,2024-05-06,,0,
Lincoln,Lincolnton,11000.0,,2024-05-07,9658.00000000001,0,7375026.68279998
Lincoln,Lincolnton,11000.0,,2024-05-08,,0,
Lincoln,Lincolnton,11000.0,,2024-05-09,,0,
Lincoln,Lincolnton,11000.0,,2024-05-10,,0,
Lincoln,Lincolnton,11000.0,,2024-05-11,,0,
Lincoln,Lincolnton,11000.0,,2024-05-12,,0,
Lincoln,Lincolnton,11000.0,,2024-05-13,,0,
Lincoln,Lincolnton,11000.0,,2024-05-14,,0,
Lincoln,Lincolnton,11000.0,,2024-05-15,,0,
Mcdowell,Marion,8459.0,2.3600000000000003,2021-06-17,4242.6406871192885,0,892332.813193051
Mcdowell,Marion,8459.0,,2021-06-18,,0,
Mcdowell,Marion,8459.0,2.3600000000000003,2021-06-19,,0,
Mcdowell,Marion,8459.0,,2021-06-20,,0,
Mcdowell,Marion,8459.0,2.3600000000000003,2021-06-21,,0,
Mcdowell,Marion,8459.0,2.3600000000000003,2021-06-22,17370.95276604023,0,3731278.18988922
Mcdowell,Marion,8459.0,,2021-07-10,,0,
Mcdowell,Marion,8459.0,,2021-07-11,,0,
Mcdowell,Marion,8459.0,,2021-07-12,,0,
Mcdowell,Marion,8459.0,,2021-07-13,2499.999999999999,0,850249.438467901
Mcdowell,Marion,8459.0,,2021-07-14,,0,
Mcdowell,Marion,8459.0,2.3600000000000003,2021-07-15,0.0,0,101047.415087938
Mcdowell,Marion,8459.0,,2021-07-16,,0,
Mcdowell,Marion,8459.0,,2021-07-17,,0,
Mcdowell,Marion,8459.0,2.3600000000000003,2021-07-18,,0,
Mcdowell,Marion,8459.0,,2021-07-19,,0,
Mcdowell,Marion,8459.0,2.3600000000000003,2021-07-20,0.0,0,168855.548896949
Mcdowell,Marion,8459.0,2.3600000000000003,2021-07-21,,0,
Mcdowell,Marion,8459.0,2.3600000000000003,2021-07-22,0.0,0,123650.126357608
Mcdowell,Marion,8459.0,,2021-07-23,,0,
Mcdowell,Marion,8459.0,2.3600000000000003,2021-07-24,,0,
Mcdowell,Marion,8459.0,2.3600000000000003,2021-07-25,,0,
Mcdowell,Marion,8459.0,2.3600000000000003,2021-07-26,,0,
Mcdowell,Marion,8459.0,2.3600000000000003,2021-07-27,129397.64294607523,0,57905406.975774
Mcdowell,Marion,8459.0,2.3600000000000003,2021-07-28,,0,
Mcdowell,Marion,8459.0,2.3600000000000003,2021-07-29,5868.347297152759,0,2652344.51793691
Mcdowell,Marion,8459.0,2.3600000000000003,2021-07-30,,0,
Mcdowell,Marion,8459.0,2.3600000000000003,2021-07-31,,0,
Mcdowell,Marion,8459.0,,2021-08-01,,0,
Mcdowell,Marion,8459.0,2.3600000000000003,2021-08-02,,0,
Mcdowell,Marion,8459.0,7.090000000000001,2021-08-03,10368.220676663866,0,3711820.5508399
Mcdowell,Marion,8459.0,2.3600000000000003,2021-08-04,,0,
Mcdowell,Marion,8459.0,2.3600000000000003,2021-08-05,8645.808232895291,0,4139826.3930414906
Mcdowell,Marion,8459.0,2.3600000000000003,2021-08-06,,0,
Mcdowell,Marion,8459.0,2.3600000000000003,2021-08-07,,0,
Mcdowell,Marion,8459.0,2.3600000000000003,2021-08-08,,0,
Mcdowell,Marion,8459.0,7.090000000000001,2021-08-09,,0,
Mcdowell,Marion,8459.0,8.28,2021-08-10,76239.75340988454,0,45034792.5967922
Mcdowell,Marion,8459.0,2.3600000000000003,2021-08-11,,0,
Mcdowell,Marion,8459.0,7.090000000000001,2021-08-12,47341.84195825081,0,23092151.7103856
Mcdowell,Marion,8459.0,2.3600000000000003,2021-08-13,,0,
Mcdowell,Marion,8459.0,20.1,2021-08-14,,0,
Mcdowell,Marion,8459.0,2.3600000000000003,2021-08-15,,0,
Mcdowell,Marion,8459.0,10.64,2021-08-16,,0,
Mcdowell,Marion,8459.0,26.010000000000005,2021-08-17,74958.32175282469,0,58701696.9541908
Mcdowell,Marion,8459.0,14.190000000000001,2021-08-18,,0,
Mcdowell,Marion,8459.0,2.3600000000000003,2021-08-19,10606.601717798212,0,19128198.070042495
Mcdowell,Marion,8459.0,8.28,2021-08-20,,0,
Mcdowell,Marion,8459.0,7.090000000000001,2021-08-21,,0,
Mcdowell,Marion,8459.0,2.3600000000000003,2021-08-22,,0,
Mcdowell,Marion,8459.0,2.3600000000000003,2021-08-23,,0,
Mcdowell,Marion,8459.0,8.28,2021-08-24,30199.337741083,0,13919620.5553432
Mcdowell,Marion,8459.0,8.28,2021-08-25,,0,
Mcdowell,Marion,8459.0,10.64,2021-08-26,53781.96723809949,0,22142021.288622
Mcdowell,Marion,8459.0,10.64,2021-08-27,,0,
Mcdowell,Marion,8459.0,26.010000000000005,2021-08-28,,0,
Mcdowell,Marion,8459.0,5.91,2021-08-29,,0,
Mcdowell,Marion,8459.0,11.82,2021-08-30,,0,
Mcdowell,Marion,8459.0,21.28,2021-08-31,111663.5571706364,0,38976138.8893139
Mcdowell,Marion,8459.0,10.64,2021-09-01,,0,
Mcdowell,Marion,8459.0,9.459999999999999,2021-09-02,164240.67705656844,0,83787326.0645613
Mcdowell,Marion,8459.0,16.55,2021-09-03,,0,
Mcdowell,Marion,8459.0,10.64,2021-09-04,,0,
Mcdowell,Marion,8459.0,8.28,2021-09-05,,0,
Mcdowell,Marion,8459.0,8.28,2021-09-06,,0,
Mcdowell,Marion,8459.0,10.64,2021-09-07,82158.38362577505,0,26839072.2455628
Mcdowell,Marion,8459.0,17.73,2021-09-08,,0,
Mcdowell,Marion,8459.0,20.1,2021-09-09,45205.77949775899,0,14969883.9940896
Mcdowell,Marion,8459.0,7.090000000000001,2021-09-10,,0,
Mcdowell,Marion,8459.0,15.37,2021-09-11,,0,
Mcdowell,Marion,8459.0,8.28,2021-09-12,,0,
Mcdowell,Marion,8459.0,8.28,2021-09-13,,0,
Mcdowell,Marion,8459.0,11.82,2021-09-14,40123.24762528576,0,17955141.454162
Mcdowell,Marion,8459.0,21.28,2021-09-15,,0,
Mcdowell,Marion,8459.0,9.459999999999999,2021-09-16,34819.1757513012,0,15581570.8581363
Mcdowell,Marion,8459.0,20.1,2021-09-17,,0,
Mcdowell,Marion,8459.0,5.91,2021-09-18,,0,
Mcdowell,Marion,8459.0,8.28,2021-09-19,,0,
Mcdowell,Marion,8459.0,8.28,2021-09-20,,0,
Mcdowell,Marion,8459.0,10.64,2021-09-21,67082.0393249937,0,28218041.2059559
Mcdowell,Marion,8459.0,5.91,2021-09-22,,0,
Mcdowell,Marion,8459.0,2.3600000000000003,2021-09-23,46135.66949768915,0,28903977.8511848
Mcdowell,Marion,8459.0,14.190000000000001,2021-09-24,,0,
Mcdowell,Marion,8459.0,2.3600000000000003,2021-09-25,,0,
Mcdowell,Marion,8459.0,14.190000000000001,2021-09-26,,0,
Mcdowell,Marion,8459.0,2.3600000000000003,2021-09-27,,0,
Mcdowell,Marion,8459.0,7.090000000000001,2021-09-28,39439.82758583008,0,14472435.1745583
Mcdowell,Marion,8459.0,5.91,2021-09-29,,0,
Mcdowell,Marion,8459.0,7.090000000000001,2021-09-30,16522.711641858303,0,6284822.29007293
Mcdowell,Marion,8459.0,7.090000000000001,2021-10-01,,0,
Mcdowell,Marion,8459.0,2.3600000000000003,2021-10-02,,0,
Mcdowell,Marion,8459.0,2.3600000000000003,2021-10-03,,0,
Mcdowell,Marion,8459.0,2.3600000000000003,2021-10-04,,0,
Mcdowell,Marion,8459.0,7.090000000000001,2021-10-05,11472.793905583763,0,4004576.06799308
Mcdowell,Marion,8459.0,2.3600000000000003,2021-10-06,,0,
Mcdowell,Marion,8459.0,9.459999999999999,2021-10-07,9539.392014169467,0,3841987.59633447
Mcdowell,Marion,8459.0,2.3600000000000003,2021-10-08,,0,
Mcdowell,Marion,8459.0,2.3600000000000003,2021-10-09,,0,
Mcdowell,Marion,8459.0,2.3600000000000003,2021-10-10,,0,
Mcdowell,Marion,8459.0,7.090000000000001,2021-10-11,,0,
Mcdowell,Marion,8459.0,5.91,2021-10-12,6538.348415311013,0,3423313.51068002
Mcdowell,Marion,8459.0,,2021-10-13,,0,
Mcdowell,Marion,8459.0,2.3600000000000003,2021-10-14,13322.912594474232,0,8346799.227943221
Mcdowell,Marion,8459.0,2.3600000000000003,2021-10-15,,0,
Mcdowell,Marion,8459.0,2.3600000000000003,2021-10-16,,0,
Mcdowell,Marion,8459.0,2.3600000000000003,2021-10-17,,0,
Mcdowell,Marion,8459.0,,2021-10-18,,0,
Mcdowell,Marion,8459.0,2.3600000000000003,2021-10-19,29843.340965783344,0,10283262.4218872
Mcdowell,Marion,8459.0,2.3600000000000003,2021-10-20,,0,
Mcdowell,Marion,8459.0,,2021-10-21,4723.610906922803,0,1733327.87754979
Mcdowell,Marion,8459.0,2.3600000000000003,2021-10-22,,0,
Mcdowell,Marion,8459.0,,2021-10-23,,0,
Mcdowell,Marion,8459.0,2.3600000000000003,2021-10-24,,0,
Mcdowell,Marion,8459.0,2.3600000000000003,2021-10-25,,0,
Mcdowell,Marion,8459.0,,2021-10-26,0.0,0,98388.2725856239
Mcdowell,Marion,8459.0,2.3600000000000003,2021-10-27,,0,
Mcdowell,Marion,8459.0,,2021-10-28,0.0,0,99717.843836781
Mcdowell,Marion,8459.0,2.3600000000000003,2021-10-29,,0,
Mcdowell,Marion,8459.0,2.3600000000000003,2021-10-30,,0,
Mcdowell,Marion,8459.0,,2021-10-31,,0,
Mcdowell,Marion,8459.0,2.3600000000000003,2021-11-01,,0,
Mcdowell,Marion,8459.0,,2021-11-02,0.0,0,189907.283406007
Mcdowell,Marion,8459.0,,2021-11-03,,0,
Mcdowell,Marion,8459.0,,2021-11-04,4415.880433163923,0,1462317.83968046
Mcdowell,Marion,8459.0,2.3600000000000003,2021-11-05,,0,
Mcdowell,Marion,8459.0,,2021-11-06,,0,
Mcdowell,Marion,8459.0,,2021-11-07,,0,
Mcdowell,Marion,8459.0,,2021-11-08,,0,
Mcdowell,Marion,8459.0,,2021-11-09,2622.0221204253767,0,844814.969258058
Mcdowell,Marion,8459.0,,2021-11-10,,0,
Mcdowell,Marion,8459.0,,2021-11-11,4062.0192023179775,0,1163361.53122246
Mcdowell,Marion,8459.0,2.3600000000000003,2021-11-12,,0,
Mcdowell,Marion,8459.0,2.3600000000000003,2021-11-13,,0,
Mcdowell,Marion,8459.0,2.3600000000000003,2021-11-14,,0,
Mcdowell,Marion,8459.0,,2021-11-15,,0,
Mcdowell,Marion,8459.0,2.3600000000000003,2021-11-16,13488.420960216214,0,4345966.36316558
Mcdowell,Marion,8459.0,,2021-11-17,,0,
Mcdowell,Marion,8459.0,,2021-11-18,9708.243919473804,0,3214882.85072163
Mcdowell,Marion,8459.0,,2021-11-19,,0,
Mcdowell,Marion,8459.0,2.3600000000000003,2021-11-20,,0,
Mcdowell,Marion,8459.0,2.3600000000000003,2021-11-21,,0,
Mcdowell,Marion,8459.0,,2021-11-22,,0,
Mcdowell,Marion,8459.0,2.3600000000000003,2021-11-23,9117.291264405241,0,2896789.45385015
Mcdowell,Marion,8459.0,,2021-11-24,,0,
Mcdowell,Marion,8459.0,2.3600000000000003,2021-11-25,,0,
Mcdowell,Marion,8459.0,,2021-11-26,,0,
Mcdowell,Marion,8459.0,,2021-11-27,,0,
Mcdowell,Marion,8459.0,2.3600000000000003,2021-11-28,,0,
Mcdowell,Marion,8459.0,2.3600000000000003,2021-11-29,,0,
Mcdowell,Marion,8459.0,2.3600000000000003,2021-11-30,0.0,0,214244.310005932
Mcdowell,Marion,8459.0,,2021-12-01,,0,
Mcdowell,Marion,8459.0,,2021-12-02,9130.99118387485,0,2615114.1479561906
Mcdowell,Marion,8459.0,2.3600000000000003,2021-12-03,,0,
Mcdowell,Marion,8459.0,2.3600000000000003,2021-12-04,,0,
Mcdowell,Marion,8459.0,2.3600000000000003,2021-12-05,,0,
Mcdowell,Marion,8459.0,2.3600000000000003,2021-12-06,,0,
Mcdowell,Marion,8459.0,2.3600000000000003,2021-12-07,13774.977313955911,0,4253365.81105704
Mcdowell,Marion,8459.0,2.3600000000000003,2021-12-08,,0,
Mcdowell,Marion,8459.0,2.3600000000000003,2021-12-09,18614.5104689863,0,5497792.03609627
Mcdowell,Marion,8459.0,5.91,2021-12-10,,0,
Mcdowell,Marion,8459.0,2.3600000000000003,2021-12-11,,0,
Mcdowell,Marion,8459.0,2.3600000000000003,2021-12-12,,0,
Mcdowell,Marion,8459.0,2.3600000000000003,2021-12-13,,0,
Mcdowell,Marion,8459.0,2.3600000000000003,2021-12-14,15835.087622113137,0,4606028.07011296
Mcdowell,Marion,8459.0,2.3600000000000003,2021-12-15,,0,
Mcdowell,Marion,8459.0,,2021-12-16,17170.10483369278,0,5455367.95538445
Mcdowell,Marion,8459.0,2.3600000000000003,2021-12-17,,0,
Mcdowell,Marion,8459.0,,2021-12-18,,0,
Mcdowell,Marion,8459.0,5.91,2021-12-19,,0,
Mcdowell,Marion,8459.0,,2021-12-20,,0,
Mcdowell,Marion,8459.0,2.3600000000000003,2021-12-21,22912.878474779183,0,5536893.42668775
Mcdowell,Marion,8459.0,2.3600000000000003,2021-12-22,,0,
Mcdowell,Marion,8459.0,8.28,2021-12-23,19006.57780874823,0,5698643.4279404
Mcdowell,Marion,8459.0,2.3600000000000003,2021-12-24,,0,
Mcdowell,Marion,8459.0,2.3600000000000003,2021-12-25,,0,
Mcdowell,Marion,8459.0,,2021-12-26,,0,
Mcdowell,Marion,8459.0,2.3600000000000003,2021-12-27,,0,
Mcdowell,Marion,8459.0,17.73,2021-12-28,,0,
Mcdowell,Marion,8459.0,15.37,2021-12-29,,0,
Mcdowell,Marion,8459.0,10.64,2021-12-30,313797.30719048565,0,150253896.382974
Mcdowell,Marion,8459.0,16.55,2021-12-31,,0,
Mcdowell,Marion,8459.0,2.3600000000000003,2022-01-01,,0,
Mcdowell,Marion,8459.0,2.3600000000000003,2022-01-02,,0,
Mcdowell,Marion,8459.0,8.28,2022-01-03,,0,
Mcdowell,Marion,8459.0,17.73,2022-01-04,,0,
Mcdowell,Marion,8459.0,9.459999999999999,2022-01-18,,0,
Mcdowell,Marion,8459.0,14.190000000000001,2022-01-19,,0,
Mcdowell,Marion,8459.0,44.92,2022-01-20,1027116.7168340698,0,363111197.508443
Mcdowell,Marion,8459.0,30.74,2022-01-21,,0,
Mcdowell,Marion,8459.0,30.74,2022-01-22,,0,
Mcdowell,Marion,8459.0,2.3600000000000003,2022-01-23,,0,
Mcdowell,Marion,8459.0,9.459999999999999,2022-01-24,,0,
Mcdowell,Marion,8459.0,35.47,2022-01-25,259699.34539771185,0,89485842.8410855
Mcdowell,Marion,8459.0,29.55,2022-01-26,,0,
Mcdowell,Marion,8459.0,24.830000000000002,2022-01-27,303108.8913245533,0,127502670.928805
Mcdowell,Marion,8459.0,22.46,2022-01-28,,0,
Mcdowell,Marion,8459.0,21.28,2022-01-29,,0,
Mcdowell,Marion,8459.0,5.91,2022-01-30,,0,
Mcdowell,Marion,8459.0,2.3600000000000003,2022-01-31,,0,
Mcdowell,Marion,8459.0,21.28,2022-02-01,42822.307270860576,0,14755486.7828583
Mcdowell,Marion,8459.0,16.55,2022-02-02,,0,
Mcdowell,Marion,8459.0,11.82,2022-02-03,79372.5393319377,0,24153047.7672585
Mcdowell,Marion,8459.0,18.91,2022-02-04,,0,
Mcdowell,Marion,8459.0,8.28,2022-02-05,,0,
Mcdowell,Marion,8459.0,9.459999999999999,2022-02-06,,0,
Mcdowell,Marion,8459.0,7.090000000000001,2022-02-07,,0,
Mcdowell,Marion,8459.0,21.28,2022-02-08,96985.82370635407,0,36022935.7794263
Mcdowell,Marion,8459.0,11.82,2022-02-09,,0,
Mcdowell,Marion,8459.0,8.28,2022-02-10,47203.01897124808,0,12674002.223461
Mcdowell,Marion,8459.0,13.0,2022-02-11,,0,
Mcdowell,Marion,8459.0,10.64,2022-02-12,,0,
Mcdowell,Marion,8459.0,2.3600000000000003,2022-02-13,,0,
Mcdowell,Marion,8459.0,2.3600000000000003,2022-02-14,,0,
Mcdowell,Marion,8459.0,11.82,2022-02-15,47749.34554525331,0,11324943.5503382
Mcdowell,Marion,8459.0,2.3600000000000003,2022-02-16,,0,
Mcdowell,Marion,8459.0,9.459999999999999,2022-02-17,60386.256714586976,0,19186210.743451
Mcdowell,Marion,8459.0,11.82,2022-02-18,,0,
Mcdowell,Marion,8459.0,2.3600000000000003,2022-02-19,,0,
Mcdowell,Marion,8459.0,2.3600000000000003,2022-02-20,,0,
Mcdowell,Marion,8459.0,2.3600000000000003,2022-02-21,,0,
Mcdowell,Marion,8459.0,2.3600000000000003,2022-02-22,56904.52530335352,0,17825330.7788532
Mcdowell,Marion,8459.0,2.3600000000000003,2022-02-23,,0,
Mcdowell,Marion,8459.0,7.090000000000001,2022-02-24,,0,
Mcdowell,Marion,8459.0,7.090000000000001,2022-02-25,,0,
Mcdowell,Marion,8459.0,2.3600000000000003,2022-02-26,,0,
Mcdowell,Marion,8459.0,,2022-02-27,,0,
Mcdowell,Marion,8459.0,2.3600000000000003,2022-02-28,,0,
Mcdowell,Marion,8459.0,2.3600000000000003,2022-03-01,10908.712114635724,0,5955607.44571051
Mcdowell,Marion,8459.0,2.3600000000000003,2022-03-02,,0,
Mcdowell,Marion,8459.0,2.3600000000000003,2022-03-03,9185.586535436922,0,3946125.36947548
Mcdowell,Marion,8459.0,2.3600000000000003,2022-03-04,,0,
Mcdowell,Marion,8459.0,2.3600000000000003,2022-03-05,,0,
Mcdowell,Marion,8459.0,2.3600000000000003,2022-03-06,,0,
Mcdowell,Marion,8459.0,,2022-03-07,,0,
Mcdowell,Marion,8459.0,,2022-03-08,0.0,0,357099.086248589
Mcdowell,Marion,8459.0,,2022-03-09,,0,
Mcdowell,Marion,8459.0,,2022-03-10,0.0,0,563566.7617109
Mcdowell,Marion,8459.0,2.3600000000000003,2022-03-11,,0,
Mcdowell,Marion,8459.0,,2022-03-12,,0,
Mcdowell,Marion,8459.0,,2022-03-13,,0,
Mcdowell,Marion,8459.0,,2022-03-14,,0,
Mcdowell,Marion,8459.0,,2022-03-15,0.0,0,372625.133476788
Mcdowell,Marion,8459.0,,2022-03-16,,0,
Mcdowell,Marion,8459.0,2.3600000000000003,2022-03-17,0.0,0,235677.749087887
Mcdowell,Marion,8459.0,,2022-03-18,,0,
Mcdowell,Marion,8459.0,,2022-03-19,,0,
Mcdowell,Marion,8459.0,,2022-03-20,,0,
Mcdowell,Marion,8459.0,,2022-03-21,,0,
Mcdowell,Marion,8459.0,,2022-03-22,0.0,0,91740.4163298386
Mcdowell,Marion,8459.0,,2022-03-23,,0,
Mcdowell,Marion,8459.0,,2022-03-24,0.0,0,107695.271343723
Mcdowell,Marion,8459.0,,2022-03-25,,0,
Mcdowell,Marion,8459.0,,2022-03-26,,0,
Mcdowell,Marion,8459.0,,2022-03-27,,0,
Mcdowell,Marion,8459.0,,2022-03-28,,0,
Mcdowell,Marion,8459.0,,2022-03-29,5623.610939600999,0,1056956.97804959
Mcdowell,Marion,8459.0,,2022-03-30,,0,
Mcdowell,Marion,8459.0,,2022-03-31,0.0,0,111683.985097194
Mcdowell,Marion,8459.0,,2022-04-01,,0,
Mcdowell,Marion,8459.0,,2022-04-02,,0,
Mcdowell,Marion,8459.0,,2022-04-03,,0,
Mcdowell,Marion,8459.0,,2022-04-04,,0,
Mcdowell,Marion,8459.0,,2022-04-05,0.0,0,111683.985097194
Mcdowell,Marion,8459.0,,2022-04-06,,0,
Mcdowell,Marion,8459.0,2.3600000000000003,2022-04-07,0.0,0,130297.982613393
Mcdowell,Marion,8459.0,,2022-04-08,,0,
Mcdowell,Marion,8459.0,,2022-04-09,,0,
Mcdowell,Marion,8459.0,2.3600000000000003,2022-04-10,,0,
Mcdowell,Marion,8459.0,,2022-04-11,,0,
Mcdowell,Marion,8459.0,,2022-04-12,0.0,0,93069.9875809956
Mcdowell,Marion,8459.0,,2022-04-13,,0,
Mcdowell,Marion,8459.0,,2022-04-14,0.0,0,114343.127599508
Mcdowell,Marion,8459.0,,2022-04-15,,0,
Mcdowell,Marion,8459.0,,2022-04-16,,0,
Mcdowell,Marion,8459.0,,2022-04-17,,0,
Mcdowell,Marion,8459.0,,2022-04-18,,0,
Mcdowell,Marion,8459.0,2.3600000000000003,2022-04-19,8500.000000000011,0,3575522.63860976
Mcdowell,Marion,8459.0,2.3600000000000003,2022-04-20,,0,
Mcdowell,Marion,8459.0,2.3600000000000003,2022-04-21,0.0,0,252922.462435781
Mcdowell,Marion,8459.0,2.3600000000000003,2022-04-22,,0,
Mcdowell,Marion,8459.0,,2022-04-23,,0,
Mcdowell,Marion,8459.0,2.3600000000000003,2022-04-24,,0,
Mcdowell,Marion,8459.0,,2022-04-25,,0,
Mcdowell,Marion,8459.0,,2022-04-26,3708.099243547835,0,1161561.32090887
Mcdowell,Marion,8459.0,,2022-04-27,,0,
Mcdowell,Marion,8459.0,,2022-04-28,3491.060010942236,0,1234176.17527868
Mcdowell,Marion,8459.0,2.3600000000000003,2022-04-29,,0,
Mcdowell,Marion,8459.0,,2022-04-30,,0,
Mcdowell,Marion,8459.0,2.3600000000000003,2022-05-01,,0,
Mcdowell,Marion,8459.0,,2022-05-02,,0,
Mcdowell,Marion,8459.0,2.3600000000000003,2022-05-03,10954.451150103321,0,5588409.56345965
Mcdowell,Marion,8459.0,,2022-05-04,,0,
Mcdowell,Marion,8459.0,2.3600000000000003,2022-05-05,16056.54072333142,0,7831973.978835289
Mcdowell,Marion,8459.0,2.3600000000000003,2022-05-06,,0,
Mcdowell,Marion,8459.0,2.3600000000000003,2022-05-07,,0,
Mcdowell,Marion,8459.0,2.3600000000000003,2022-05-08,,0,
Mcdowell,Marion,8459.0,2.3600000000000003,2022-05-09,,0,
Mcdowell,Marion,8459.0,2.3600000000000003,2022-05-10,16007.81059358215,0,4799538.64145096
Mcdowell,Marion,8459.0,,2022-05-11,,0,
Mcdowell,Marion,8459.0,2.3600000000000003,2022-05-12,22065.244163616233,0,6516965.55971022
Mcdowell,Marion,8459.0,2.3600000000000003,2022-05-13,,0,
Mcdowell,Marion,8459.0,,2022-05-14,,0,
Mcdowell,Marion,8459.0,2.3600000000000003,2022-05-15,,0,
Mcdowell,Marion,8459.0,2.3600000000000003,2022-05-16,,0,
Mcdowell,Marion,8459.0,2.3600000000000003,2022-05-17,18754.99933351104,0,6546428.19389013
Mcdowell,Marion,8459.0,2.3600000000000003,2022-05-18,,0,
Mcdowell,Marion,8459.0,2.3600000000000003,2022-05-19,13242.922638149037,0,4326128.89570256
Mcdowell,Marion,8459.0,2.3600000000000003,2022-05-20,,0,
Mcdowell,Marion,8459.0,2.3600000000000003,2022-05-21,,0,
Mcdowell,Marion,8459.0,2.3600000000000003,2022-05-22,,0,
Mcdowell,Marion,8459.0,2.3600000000000003,2022-05-23,,0,
Mcdowell,Marion,8459.0,2.3600000000000003,2022-05-24,33833.23070591991,0,10901059.7340366
Mcdowell,Marion,8459.0,2.3600000000000003,2022-05-25,,0,
Mcdowell,Marion,8459.0,2.3600000000000003,2022-05-26,13991.06857963323,0,6323609.04496476
Mcdowell,Marion,8459.0,2.3600000000000003,2022-05-27,,0,
Mcdowell,Marion,8459.0,2.3600000000000003,2022-05-28,,0,
Mcdowell,Marion,8459.0,2.3600000000000003,2022-05-29,,0,
Mcdowell,Marion,8459.0,2.3600000000000003,2022-05-30,,0,
Mcdowell,Marion,8459.0,2.3600000000000003,2022-05-31,9000.00000000001,0,3262272.84549
Mcdowell,Marion,8459.0,2.3600000000000003,2022-06-01,,0,
Mcdowell,Marion,8459.0,5.91,2022-06-02,23198.868506890576,0,6436521.81635062
Mcdowell,Marion,8459.0,2.3600000000000003,2022-06-03,,0,
Mcdowell,Marion,8459.0,2.3600000000000003,2022-06-04,,0,
Mcdowell,Marion,8459.0,2.3600000000000003,2022-06-05,,0,
Mcdowell,Marion,8459.0,2.3600000000000003,2022-06-06,,0,
Mcdowell,Marion,8459.0,,2022-06-07,14247.80684877503,0,4590640.33486867
Mcdowell,Marion,8459.0,2.3600000000000003,2022-06-08,,0,
Mcdowell,Marion,8459.0,2.3600000000000003,2022-06-09,0.0,0,606426.372612239
Mcdowell,Marion,8459.0,2.3600000000000003,2022-06-10,,0,
Mcdowell,Marion,8459.0,2.3600000000000003,2022-06-11,,0,
Mcdowell,Marion,8459.0,2.3600000000000003,2022-06-12,,0,
Mcdowell,Marion,8459.0,2.3600000000000003,2022-06-13,,0,
Mcdowell,Marion,8459.0,7.090000000000001,2022-06-14,20486.27589387591,0,8617546.26345395
Mcdowell,Marion,8459.0,2.3600000000000003,2022-06-15,,0,
Mcdowell,Marion,8459.0,2.3600000000000003,2022-06-16,25685.599078082625,0,11034526.076388
Mcdowell,Marion,8459.0,5.91,2022-06-17,,0,
Mcdowell,Marion,8459.0,2.3600000000000003,2022-06-18,,0,
Mcdowell,Marion,8459.0,2.3600000000000003,2022-06-19,,0,
Mcdowell,Marion,8459.0,2.3600000000000003,2022-06-20,,0,
Mcdowell,Marion,8459.0,8.28,2022-06-21,24244.84481286694,0,6943718.96854957
Mcdowell,Marion,8459.0,2.3600000000000003,2022-06-22,,0,
Mcdowell,Marion,8459.0,2.3600000000000003,2022-06-23,14309.08802125419,0,7619942.0660634
Mcdowell,Marion,8459.0,2.3600000000000003,2022-06-24,,0,
Mcdowell,Marion,8459.0,5.91,2022-06-25,,0,
Mcdowell,Marion,8459.0,2.3600000000000003,2022-06-26,,0,
Mcdowell,Marion,8459.0,2.3600000000000003,2022-06-27,,0,
Mcdowell,Marion,8459.0,5.91,2022-06-28,,0,
Mcdowell,Marion,8459.0,2.3600000000000003,2022-06-29,23874.672772626654,0,8760805.3879975
Mcdowell,Marion,8459.0,5.91,2022-06-30,25439.880109780377,0,19581062.7885338
Mcdowell,Marion,8459.0,7.090000000000001,2022-07-01,,0,
Mcdowell,Marion,8459.0,2.3600000000000003,2022-07-02,,0,
Mcdowell,Marion,8459.0,2.3600000000000003,2022-07-03,,0,
Mcdowell,Marion,8459.0,2.3600000000000003,2022-07-04,,0,
Mcdowell,Marion,8459.0,2.3600000000000003,2022-07-05,41420.103814452195,0,15940516.4253618
Mcdowell,Marion,8459.0,20.1,2022-07-06,,0,
Mcdowell,Marion,8459.0,2.3600000000000003,2022-07-07,16431.676725154997,0,6470790.02084802
Mcdowell,Marion,8459.0,7.090000000000001,2022-07-08,,0,
Mcdowell,Marion,8459.0,9.459999999999999,2022-07-09,,0,
Mcdowell,Marion,8459.0,2.3600000000000003,2022-07-10,,0,
Mcdowell,Marion,8459.0,8.28,2022-07-11,,0,
Mcdowell,Marion,8459.0,9.459999999999999,2022-07-12,20171.14275394431,0,9477909.44199312
Mcdowell,Marion,8459.0,2.3600000000000003,2022-07-13,,0,
Mcdowell,Marion,8459.0,5.91,2022-07-14,33448.654681466636,0,12124293.0983912
Mcdowell,Marion,8459.0,2.3600000000000003,2022-07-15,,0,
Mcdowell,Marion,8459.0,2.3600000000000003,2022-07-16,,0,
Mcdowell,Marion,8459.0,5.91,2022-07-17,,0,
Mcdowell,Marion,8459.0,2.3600000000000003,2022-07-18,,0,
Mcdowell,Marion,8459.0,7.090000000000001,2022-07-19,3741.6573867739435,0,1741366.1977503
Mcdowell,Marion,8459.0,2.3600000000000003,2022-07-20,,0,
Mcdowell,Marion,8459.0,2.3600000000000003,2022-07-21,10517.841983981325,0,4424327.30859357
Mcdowell,Marion,8459.0,2.3600000000000003,2022-07-22,,0,
Mcdowell,Marion,8459.0,2.3600000000000003,2022-07-23,,0,
Mcdowell,Marion,8459.0,2.3600000000000003,2022-07-24,,0,
Mcdowell,Marion,8459.0,5.91,2022-07-25,,0,
Mcdowell,Marion,8459.0,15.37,2022-07-26,19735.754355990564,0,9096696.56878372
Mcdowell,Marion,8459.0,2.3600000000000003,2022-07-27,,0,
Mcdowell,Marion,8459.0,2.3600000000000003,2022-07-28,29294.837429144398,0,12978336.7807353
Mcdowell,Marion,8459.0,2.3600000000000003,2022-07-29,,0,
Mcdowell,Marion,8459.0,2.3600000000000003,2022-07-30,,0,
Mcdowell,Marion,8459.0,,2022-07-31,,0,
Mcdowell,Marion,8459.0,2.3600000000000003,2022-08-01,,0,
Mcdowell,Marion,8459.0,2.3600000000000003,2022-08-02,19880.895352071042,0,11476736.2847607
Mcdowell,Marion,8459.0,5.91,2022-08-03,,0,
Mcdowell,Marion,8459.0,2.3600000000000003,2022-08-04,28404.857639143316,0,10296043.9729096
Mcdowell,Marion,8459.0,2.3600000000000003,2022-08-05,,0,
Mcdowell,Marion,8459.0,2.3600000000000003,2022-08-06,,0,
Mcdowell,Marion,8459.0,2.3600000000000003,2022-08-07,,0,
Mcdowell,Marion,8459.0,2.3600000000000003,2022-08-08,,0,
Mcdowell,Marion,8459.0,2.3600000000000003,2022-08-09,13905.372163304382,0,3733589.96006423
Mcdowell,Marion,8459.0,10.64,2022-08-10,,0,
Mcdowell,Marion,8459.0,2.3600000000000003,2022-08-11,50793.700396801185,0,16593021.1185598
Mcdowell,Marion,8459.0,2.3600000000000003,2022-08-12,,0,
Mcdowell,Marion,8459.0,8.28,2022-08-13,,0,
Mcdowell,Marion,8459.0,,2022-08-14,,0,
Mcdowell,Marion,8459.0,7.090000000000001,2022-08-15,,0,
Mcdowell,Marion,8459.0,5.91,2022-08-16,27577.164466275353,0,7774686.95750116
Mcdowell,Marion,8459.0,7.090000000000001,2022-08-17,,0,
Mcdowell,Marion,8459.0,,2022-08-18,25823.923017233454,0,7280404.68841994
Mcdowell,Marion,8459.0,2.3600000000000003,2022-08-19,,0,
Mcdowell,Marion,8459.0,2.3600000000000003,2022-08-20,,0,
Mcdowell,Marion,8459.0,2.3600000000000003,2022-08-21,,0,
Mcdowell,Marion,8459.0,2.3600000000000003,2022-08-22,,0,
Mcdowell,Marion,8459.0,2.3600000000000003,2022-08-23,128816.73027988247,0,35740178.2121894
Mcdowell,Marion,8459.0,2.3600000000000003,2022-08-24,,0,
Mcdowell,Marion,8459.0,2.3600000000000003,2022-08-25,20766.559657295187,0,5129752.1786916
Mcdowell,Marion,8459.0,5.91,2022-08-26,,0,
Mcdowell,Marion,8459.0,2.3600000000000003,2022-08-27,,0,
Mcdowell,Marion,8459.0,2.3600000000000003,2022-08-28,,0,
Mcdowell,Marion,8459.0,,2022-08-29,,0,
Mcdowell,Marion,8459.0,2.3600000000000003,2022-08-30,19442.222095223588,0,4619906.3686874
Mcdowell,Marion,8459.0,2.3600000000000003,2022-08-31,,0,
Mcdowell,Marion,8459.0,2.3600000000000003,2022-09-01,21505.813167606553,0,8372745.181848021
Mcdowell,Marion,8459.0,,2022-09-02,,0,
Mcdowell,Marion,8459.0,2.3600000000000003,2022-09-03,,0,
Mcdowell,Marion,8459.0,2.3600000000000003,2022-09-04,,0,
Mcdowell,Marion,8459.0,2.3600000000000003,2022-09-05,,0,
Mcdowell,Marion,8459.0,2.3600000000000003,2022-09-06,23055.6392234091,0,11865000.4993186
Mcdowell,Marion,8459.0,11.82,2022-09-07,,0,
Mcdowell,Marion,8459.0,8.28,2022-09-08,15288.88485142069,0,6978606.88153434
Mcdowell,Marion,8459.0,2.3600000000000003,2022-09-09,,0,
Mcdowell,Marion,8459.0,2.3600000000000003,2022-09-10,,0,
Mcdowell,Marion,8459.0,2.3600000000000003,2022-09-11,,0,
Mcdowell,Marion,8459.0,8.28,2022-09-12,,0,
Mcdowell,Marion,8459.0,15.37,2022-09-13,24998.74996874848,0,9732631.90383959
Mcdowell,Marion,8459.0,2.3600000000000003,2022-09-14,,0,
Mcdowell,Marion,8459.0,5.91,2022-09-15,40204.16645075488,0,15832390.2920871
Mcdowell,Marion,8459.0,2.3600000000000003,2022-09-16,,0,
Mcdowell,Marion,8459.0,2.3600000000000003,2022-09-17,,0,
Mcdowell,Marion,8459.0,,2022-09-18,,0,
Mcdowell,Marion,8459.0,2.3600000000000003,2022-09-19,,0,
Mcdowell,Marion,8459.0,7.090000000000001,2022-09-20,13624.426593438711,0,3536217.5868951
Mcdowell,Marion,8459.0,2.3600000000000003,2022-09-21,,0,
Mcdowell,Marion,8459.0,2.3600000000000003,2022-09-22,16658.331248957686,0,5590948.73298891
Mcdowell,Marion,8459.0,2.3600000000000003,2022-09-23,,0,
Mcdowell,Marion,8459.0,2.3600000000000003,2022-09-24,,0,
Mcdowell,Marion,8459.0,,2022-09-25,,0,
Mcdowell,Marion,8459.0,,2022-09-26,,0,
Mcdowell,Marion,8459.0,2.3600000000000003,2022-09-27,16085.70794214543,0,5974630.12657332
Mcdowell,Marion,8459.0,2.3600000000000003,2022-09-28,,0,
Mcdowell,Marion,8459.0,,2022-09-29,23055.6392234091,0,7944391.63867423
Mcdowell,Marion,8459.0,,2022-09-30,,0,
Mcdowell,Marion,8459.0,2.3600000000000003,2022-10-01,,0,
Mcdowell,Marion,8459.0,2.3600000000000003,2022-10-02,,0,
Mcdowell,Marion,8459.0,2.3600000000000003,2022-10-03,,0,
Mcdowell,Marion,8459.0,2.3600000000000003,2022-10-04,18748.33325925269,0,5956810.25072683
Mcdowell,Marion,8459.0,,2022-10-05,,0,
Mcdowell,Marion,8459.0,2.3600000000000003,2022-10-06,24483.041080523544,0,9970099.81944135
Mcdowell,Marion,8459.0,2.3600000000000003,2022-10-07,,0,
Mcdowell,Marion,8459.0,2.3600000000000003,2022-10-08,,0,
Mcdowell,Marion,8459.0,,2022-10-09,,0,
Mcdowell,Marion,8459.0,,2022-10-10,,0,
Mcdowell,Marion,8459.0,,2022-10-11,35892.22019519248,0,13813111.8194961
Mcdowell,Marion,8459.0,2.3600000000000003,2022-10-12,,0,
Mcdowell,Marion,8459.0,,2022-10-13,0.0,0,1066121.9096697
Mcdowell,Marion,8459.0,2.3600000000000003,2022-10-14,,0,
Mcdowell,Marion,8459.0,2.3600000000000003,2022-10-15,,0,
Mcdowell,Marion,8459.0,2.3600000000000003,2022-10-16,,0,
Mcdowell,Marion,8459.0,,2022-10-17,,0,
Mcdowell,Marion,8459.0,2.3600000000000003,2022-10-18,23785.499784532607,0,8195883.175430249
Mcdowell,Marion,8459.0,5.91,2022-10-19,,0,
Mcdowell,Marion,8459.0,2.3600000000000003,2022-10-20,23418.742493994014,0,8488703.07929772
Mcdowell,Marion,8459.0,,2022-10-21,,0,
Mcdowell,Marion,8459.0,,2022-10-22,,0,
Mcdowell,Marion,8459.0,2.3600000000000003,2022-10-23,,0,
Mcdowell,Marion,8459.0,2.3600000000000003,2022-10-24,,0,
Mcdowell,Marion,8459.0,2.3600000000000003,2022-10-25,0.0,0,869187.5127907649
Mcdowell,Marion,8459.0,2.3600000000000003,2022-10-26,,0,
Mcdowell,Marion,8459.0,2.3600000000000003,2022-10-27,0.0,0,520759.455361895
Mcdowell,Marion,8459.0,,2022-10-28,,0,
Mcdowell,Marion,8459.0,2.3600000000000003,2022-10-29,,0,
Mcdowell,Marion,8459.0,2.3600000000000003,2022-10-30,,0,
Mcdowell,Marion,8459.0,,2022-10-31,,0,
Mcdowell,Marion,8459.0,,2022-11-01,3570.714214271427,0,1997366.94448265
Mcdowell,Marion,8459.0,2.3600000000000003,2022-11-02,,0,
Mcdowell,Marion,8459.0,,2022-11-03,3354.1019662496888,0,750479.819307336
Mcdowell,Marion,8459.0,2.3600000000000003,2022-11-04,,0,
Mcdowell,Marion,8459.0,2.3600000000000003,2022-11-05,,0,
Mcdowell,Marion,8459.0,,2022-11-06,,0,
Mcdowell,Marion,8459.0,2.3600000000000003,2022-11-07,,0,
Mcdowell,Marion,8459.0,2.3600000000000003,2022-11-08,13779.51377952068,0,4008113.42353096
Mcdowell,Marion,8459.0,2.3600000000000003,2022-11-09,,0,
Mcdowell,Marion,8459.0,2.3600000000000003,2022-11-10,0.0,0,793939.707083515
Mcdowell,Marion,8459.0,2.3600000000000003,2022-11-11,,0,
Mcdowell,Marion,8459.0,,2022-11-12,,0,
Mcdowell,Marion,8459.0,2.3600000000000003,2022-11-13,,0,
Mcdowell,Marion,8459.0,2.3600000000000003,2022-11-14,,0,
Mcdowell,Marion,8459.0,2.3600000000000003,2022-11-15,,0,
Mcdowell,Marion,8459.0,2.3600000000000003,2022-11-16,,0,
Mcdowell,Marion,8459.0,2.3600000000000003,2022-11-17,10781.929326423913,0,5307401.20575358
Mcdowell,Marion,8459.0,2.3600000000000003,2022-11-18,,0,
Mcdowell,Marion,8459.0,2.3600000000000003,2022-11-19,,0,
Mcdowell,Marion,8459.0,2.3600000000000003,2022-11-20,,0,
Mcdowell,Marion,8459.0,,2022-11-21,,0,
Mcdowell,Marion,8459.0,2.3600000000000003,2022-11-22,368527.4752308163,0,130283589.637498
Mcdowell,Marion,8459.0,2.3600000000000003,2022-11-23,,0,
Mcdowell,Marion,8459.0,2.3600000000000003,2022-11-24,236220.23622035456,0,86680958.4341641
Mcdowell,Marion,8459.0,,2022-11-25,,0,
Mcdowell,Marion,8459.0,,2022-11-26,,0,
Mcdowell,Marion,8459.0,2.3600000000000003,2022-11-27,,0,
Mcdowell,Marion,8459.0,,2022-11-28,,0,
Mcdowell,Marion,8459.0,2.3600000000000003,2022-11-29,157678.4703122149,0,56448855.0911321
Mcdowell,Marion,8459.0,2.3600000000000003,2022-11-30,,0,
Mcdowell,Marion,8459.0,2.3600000000000003,2022-12-01,25495.097567963927,0,23959002.1161978
Mcdowell,Marion,8459.0,2.3600000000000003,2022-12-02,,0,
Mcdowell,Marion,8459.0,2.3600000000000003,2022-12-03,,0,
Mcdowell,Marion,8459.0,2.3600000000000003,2022-12-04,,0,
Mcdowell,Marion,8459.0,2.3600000000000003,2022-12-05,,0,
Mcdowell,Marion,8459.0,2.3600000000000003,2022-12-06,51472.07981032049,0,17044967.9721421
Mcdowell,Marion,8459.0,2.3600000000000003,2022-12-07,,0,
Mcdowell,Marion,8459.0,,2022-12-08,19445.4364826301,0,7570589.558738929
Mcdowell,Marion,8459.0,2.3600000000000003,2022-12-09,,0,
Mcdowell,Marion,8459.0,2.3600000000000003,2022-12-10,,0,
Mcdowell,Marion,8459.0,2.3600000000000003,2022-12-11,,0,
Mcdowell,Marion,8459.0,2.3600000000000003,2022-12-12,,0,
Mcdowell,Marion,8459.0,2.3600000000000003,2022-12-13,64807.40698407861,0,13050582.9623937
Mcdowell,Marion,8459.0,,2022-12-14,,0,
Mcdowell,Marion,8459.0,2.3600000000000003,2022-12-15,19798.98987322336,0,7176634.11461645
Mcdowell,Marion,8459.0,2.3600000000000003,2022-12-16,,0,
Mcdowell,Marion,8459.0,2.3600000000000003,2022-12-17,,0,
Mcdowell,Marion,8459.0,2.3600000000000003,2022-12-18,,0,
Mcdowell,Marion,8459.0,2.3600000000000003,2022-12-19,,0,
Mcdowell,Marion,8459.0,5.91,2022-12-20,83666.00265340765,0,26208358.0223366
Mcdowell,Marion,8459.0,5.91,2022-12-21,,0,
Mcdowell,Marion,8459.0,2.3600000000000003,2022-12-22,57445.626465380345,0,25192762.848281
Mcdowell,Marion,8459.0,2.3600000000000003,2022-12-23,,0,
Mcdowell,Marion,8459.0,2.3600000000000003,2022-12-24,,0,
Mcdowell,Marion,8459.0,2.3600000000000003,2022-12-25,,0,
Mcdowell,Marion,8459.0,2.3600000000000003,2022-12-26,,0,
Mcdowell,Marion,8459.0,5.91,2022-12-27,,0,
Mcdowell,Marion,8459.0,2.3600000000000003,2022-12-28,,0,
Mcdowell,Marion,8459.0,2.3600000000000003,2022-12-29,23949.16491237222,0,7823588.28079967
Mcdowell,Marion,8459.0,8.28,2022-12-30,,0,
Mcdowell,Marion,8459.0,2.3600000000000003,2022-12-31,,0,
Mcdowell,Marion,8459.0,2.3600000000000003,2023-01-01,,0,
Mcdowell,Marion,8459.0,2.3600000000000003,2023-01-02,,0,
Mcdowell,Marion,8459.0,2.3600000000000003,2023-01-03,,0,
Mcdowell,Marion,8459.0,2.3600000000000003,2023-01-04,,0,
Mcdowell,Marion,8459.0,2.3600000000000003,2023-01-05,27260.31914706795,0,14272812.1712015
Mcdowell,Marion,8459.0,2.3600000000000003,2023-01-06,,0,
Mcdowell,Marion,8459.0,5.91,2023-01-07,,0,
Mcdowell,Marion,8459.0,2.3600000000000003,2023-01-08,,0,
Mcdowell,Marion,8459.0,2.3600000000000003,2023-01-09,,0,
Mcdowell,Marion,8459.0,2.3600000000000003,2023-01-10,19352.00248036364,0,5629010.00389638
Mcdowell,Marion,8459.0,2.3600000000000003,2023-01-11,,0,
Mcdowell,Marion,8459.0,2.3600000000000003,2023-01-12,6623.820649745891,0,2964157.78313607
Mcdowell,Marion,8459.0,2.3600000000000003,2023-01-13,,0,
Mcdowell,Marion,8459.0,2.3600000000000003,2023-01-14,,0,
Mcdowell,Marion,8459.0,2.3600000000000003,2023-01-15,,0,
Mcdowell,Marion,8459.0,2.3600000000000003,2023-01-16,,0,
Mcdowell,Marion,8459.0,2.3600000000000003,2023-01-17,,0,
Mcdowell,Marion,8459.0,,2023-01-18,,0,
Mcdowell,Marion,8459.0,5.91,2023-01-19,13228.75655532296,0,6985440.28562867
Mcdowell,Marion,8459.0,2.3600000000000003,2023-01-20,,0,
Mcdowell,Marion,8459.0,,2023-01-21,,0,
Mcdowell,Marion,8459.0,2.3600000000000003,2023-01-22,,0,
Mcdowell,Marion,8459.0,2.3600000000000003,2023-01-23,,0,
Mcdowell,Marion,8459.0,2.3600000000000003,2023-01-24,41503.011938894335,0,13000809.9037052
Mcdowell,Marion,8459.0,2.3600000000000003,2023-01-25,,0,
Mcdowell,Marion,8459.0,2.3600000000000003,2023-01-26,,0,
Mcdowell,Marion,8459.0,2.3600000000000003,2023-01-27,,0,
Mcdowell,Marion,8459.0,2.3600000000000003,2023-01-28,,0,
Mcdowell,Marion,8459.0,2.3600000000000003,2023-01-29,,0,
Mcdowell,Marion,8459.0,2.3600000000000003,2023-01-30,,0,
Mcdowell,Marion,8459.0,2.3600000000000003,2023-01-31,,0,
Mcdowell,Marion,8459.0,5.91,2023-02-01,,0,
Mcdowell,Marion,8459.0,,2023-02-02,8767.838958375107,0,3841209.63040304
Mcdowell,Marion,8459.0,2.3600000000000003,2023-02-03,,0,
Mcdowell,Marion,8459.0,2.3600000000000003,2023-02-04,,0,
Mcdowell,Marion,8459.0,2.3600000000000003,2023-02-05,,0,
Mcdowell,Marion,8459.0,2.3600000000000003,2023-02-06,,0,
Mcdowell,Marion,8459.0,2.3600000000000003,2023-02-07,12747.548783981963,0,4398188.24561634
Mcdowell,Marion,8459.0,,2023-02-08,,0,
Mcdowell,Marion,8459.0,2.3600000000000003,2023-02-09,8124.0384046359695,0,3504626.6128076906
Mcdowell,Marion,8459.0,2.3600000000000003,2023-02-10,,0,
Mcdowell,Marion,8459.0,2.3600000000000003,2023-02-11,,0,
Mcdowell,Marion,8459.0,2.3600000000000003,2023-02-12,,0,
Mcdowell,Marion,8459.0,2.3600000000000003,2023-02-13,,0,
Mcdowell,Marion,8459.0,2.3600000000000003,2023-02-14,14137.715515598695,0,10065658.012245
Mcdowell,Marion,8459.0,,2023-02-15,,0,
Mcdowell,Marion,8459.0,2.3600000000000003,2023-02-16,6600.189391222057,0,2767507.08540907
Mcdowell,Marion,8459.0,,2023-02-17,,0,
Mcdowell,Marion,8459.0,2.3600000000000003,2023-02-18,,0,
Mcdowell,Marion,8459.0,,2023-02-19,,0,
Mcdowell,Marion,8459.0,2.3600000000000003,2023-02-20,,0,
Mcdowell,Marion,8459.0,,2023-02-21,11224.972160321824,0,2340798.02351435
Mcdowell,Marion,8459.0,,2023-02-22,,0,
Mcdowell,Marion,8459.0,2.3600000000000003,2023-02-23,28314.086600135997,0,11783607.2085381
Mcdowell,Marion,8459.0,2.3600000000000003,2023-02-24,,0,
Mcdowell,Marion,8459.0,,2023-02-25,,0,
Mcdowell,Marion,8459.0,,2023-02-26,,0,
Mcdowell,Marion,8459.0,,2023-02-27,,0,
Mcdowell,Marion,8459.0,,2023-02-28,17656.44358300958,0,5372852.23390526
Mcdowell,Marion,8459.0,,2023-03-01,,0,
Mcdowell,Marion,8459.0,,2023-03-02,4373.213921133976,0,1232917.52045728
Mcdowell,Marion,8459.0,2.3600000000000003,2023-03-03,,0,
Mcdowell,Marion,8459.0,2.3600000000000003,2023-03-04,,0,
Mcdowell,Marion,8459.0,,2023-03-05,,0,
Mcdowell,Marion,8459.0,,2023-03-06,,0,
Mcdowell,Marion,8459.0,,2023-03-07,5771.698190307601,0,2014609.92281363
Mcdowell,Marion,8459.0,2.3600000000000003,2023-03-08,,0,
Mcdowell,Marion,8459.0,2.3600000000000003,2023-03-09,2121.3203435596424,0,920811.519997084
Mcdowell,Marion,8459.0,,2023-03-10,,0,
Mcdowell,Marion,8459.0,,2023-03-11,,0,
Mcdowell,Marion,8459.0,,2023-03-12,,0,
Mcdowell,Marion,8459.0,,2023-03-13,,0,
Mcdowell,Marion,8459.0,,2023-03-14,0.0,0,147582.408878435
Mcdowell,Marion,8459.0,,2023-03-15,,0,
Mcdowell,Marion,8459.0,2.3600000000000003,2023-03-16,0.0,0,475233.510986218
Mcdowell,Marion,8459.0,,2023-03-17,,0,
Mcdowell,Marion,8459.0,,2023-03-18,,0,
Mcdowell,Marion,8459.0,,2023-03-19,,0,
Mcdowell,Marion,8459.0,,2023-03-20,,0,
Mcdowell,Marion,8459.0,,2023-03-21,3148.433310751559,0,788996.866595412
Mcdowell,Marion,8459.0,2.3600000000000003,2023-03-22,,0,
Mcdowell,Marion,8459.0,2.3600000000000003,2023-03-23,0.0,0,78444.7038182676
Mcdowell,Marion,8459.0,,2023-03-24,,0,
Mcdowell,Marion,8459.0,2.3600000000000003,2023-03-25,,0,
Mcdowell,Marion,8459.0,,2023-03-26,,0,
Mcdowell,Marion,8459.0,,2023-03-27,,0,
Mcdowell,Marion,8459.0,,2023-03-28,13385.85058158427,0,4013410.00003836
Mcdowell,Marion,8459.0,,2023-03-29,,0,
Mcdowell,Marion,8459.0,2.3600000000000003,2023-03-30,5323.20539257129,0,2000991.58554829
Mcdowell,Marion,8459.0,,2023-03-31,,0,
Mcdowell,Marion,8459.0,,2023-04-01,,0,
Mcdowell,Marion,8459.0,,2023-04-02,,0,
Mcdowell,Marion,8459.0,,2023-04-03,,0,
Mcdowell,Marion,8459.0,,2023-04-04,26242.94609242645,0,12800644.5762756
Mcdowell,Marion,8459.0,,2023-04-05,,0,
Mcdowell,Marion,8459.0,,2023-04-06,0.0,0,111683.985097194
Mcdowell,Marion,8459.0,,2023-04-07,,0,
Mcdowell,Marion,8459.0,2.3600000000000003,2023-04-08,,0,
Mcdowell,Marion,8459.0,,2023-04-09,,0,
Mcdowell,Marion,8459.0,,2023-04-10,,0,
Mcdowell,Marion,8459.0,,2023-04-11,8252.378012730635,0,2363479.50192811
Mcdowell,Marion,8459.0,2.3600000000000003,2023-04-12,,0,
Mcdowell,Marion,8459.0,,2023-04-13,0.0,0,829075.13981977
Mcdowell,Marion,8459.0,2.3600000000000003,2023-04-14,,0,
Mcdowell,Marion,8459.0,2.3600000000000003,2023-04-15,,0,
Mcdowell,Marion,8459.0,,2023-04-16,,0,
Mcdowell,Marion,8459.0,7.090000000000001,2023-04-17,,0,
Mcdowell,Marion,8459.0,2.3600000000000003,2023-04-18,14069.641075734671,0,5949871.41092815
Mcdowell,Marion,8459.0,2.3600000000000003,2023-04-19,,0,
Mcdowell,Marion,8459.0,,2023-04-20,10394.267650969945,0,4335134.34612776
Mcdowell,Marion,8459.0,,2023-04-21,,0,
Mcdowell,Marion,8459.0,,2023-04-22,,0,
Mcdowell,Marion,8459.0,,2023-04-23,,0,
Mcdowell,Marion,8459.0,2.3600000000000003,2023-04-24,,0,
Mcdowell,Marion,8459.0,,2023-04-25,30688.81229373336,0,9009001.78711361
Mcdowell,Marion,8459.0,2.3600000000000003,2023-04-26,,0,
Mcdowell,Marion,8459.0,,2023-04-27,0.0,0,2438317.44097051
Mcdowell,Marion,8459.0,,2023-04-28,,0,
Mcdowell,Marion,8459.0,,2023-04-29,,0,
Mcdowell,Marion,8459.0,,2023-04-30,,0,
Mcdowell,Marion,8459.0,,2023-05-01,,0,
Mcdowell,Marion,8459.0,2.3600000000000003,2023-05-02,15198.684153570679,0,6087258.9668352
Mcdowell,Marion,8459.0,,2023-05-03,,0,
Mcdowell,Marion,8459.0,,2023-05-04,13331.346518637953,0,5619758.75672965
Mcdowell,Marion,8459.0,2.3600000000000003,2023-05-05,,0,
Mcdowell,Marion,8459.0,,2023-05-06,,0,
Mcdowell,Marion,8459.0,,2023-05-07,,0,
Mcdowell,Marion,8459.0,2.3600000000000003,2023-05-08,,0,
Mcdowell,Marion,8459.0,2.3600000000000003,2023-05-09,8415.343130259176,0,2391323.36294535
Mcdowell,Marion,8459.0,,2023-05-10,,0,
Mcdowell,Marion,8459.0,2.3600000000000003,2023-05-11,14076.206875433465,0,5398327.34305115
Mcdowell,Marion,8459.0,,2023-05-12,,0,
Mcdowell,Marion,8459.0,2.3600000000000003,2023-05-13,,0,
Mcdowell,Marion,8459.0,,2023-05-14,,0,
Mcdowell,Marion,8459.0,,2023-05-15,,0,
Mcdowell,Marion,8459.0,,2023-05-16,37043.71471653458,0,12830637.7740263
Mcdowell,Marion,8459.0,,2023-05-17,,0,
Mcdowell,Marion,8459.0,,2023-05-18,8162.156577767906,0,3747529.2853445
Mcdowell,Marion,8459.0,2.3600000000000003,2023-05-19,,0,
Mcdowell,Marion,8459.0,,2023-05-20,,0,
Mcdowell,Marion,8459.0,,2023-05-21,,0,
Mcdowell,Marion,8459.0,2.3600000000000003,2023-05-22,,0,
Mcdowell,Marion,8459.0,,2023-05-23,20409.70357452554,0,7882069.24213272
Mcdowell,Marion,8459.0,,2023-05-24,,0,
Mcdowell,Marion,8459.0,,2023-05-25,0.0,0,558617.650554721
Mcdowell,Marion,8459.0,,2023-05-26,,0,
Mcdowell,Marion,8459.0,,2023-05-27,,0,
Mcdowell,Marion,8459.0,,2023-05-28,,0,
Mcdowell,Marion,8459.0,,2023-05-29,,0,
Mcdowell,Marion,8459.0,,2023-05-30,17754.42480059549,0,17654011.8690704
Mcdowell,Marion,8459.0,,2023-05-31,,0,
Mcdowell,Marion,8459.0,,2023-06-01,15431.914981621718,0,6470713.41768892
Mcdowell,Marion,8459.0,,2023-06-02,,0,
Mcdowell,Marion,8459.0,,2023-06-03,,0,
Mcdowell,Marion,8459.0,,2023-06-04,,0,
Mcdowell,Marion,8459.0,,2023-06-05,,0,
Mcdowell,Marion,8459.0,,2023-06-06,8214.523723259917,0,2999613.50174428
Mcdowell,Marion,8459.0,,2023-06-07,,0,
Mcdowell,Marion,8459.0,,2023-06-08,0.0,0,1273410.82523291
Mcdowell,Marion,8459.0,,2023-06-09,,0,
Mcdowell,Marion,8459.0,,2023-06-10,,0,
Mcdowell,Marion,8459.0,,2023-06-11,,0,
Mcdowell,Marion,8459.0,,2023-06-12,,0,
Mcdowell,Marion,8459.0,,2023-06-13,13013.224043256945,0,3715338.07674121
Mcdowell,Marion,8459.0,,2023-06-14,,0,
Mcdowell,Marion,8459.0,,2023-06-15,0.0,0,753347.042825556
Mcdowell,Marion,8459.0,,2023-06-16,,0,
Mcdowell,Marion,8459.0,,2023-06-17,,0,
Mcdowell,Marion,8459.0,,2023-06-18,,0,
Mcdowell,Marion,8459.0,,2023-06-19,,0,
Mcdowell,Marion,8459.0,,2023-06-20,0.0,0,1036141.14619263
Mcdowell,Marion,8459.0,,2023-06-21,,0,
Mcdowell,Marion,8459.0,,2023-06-22,0.0,0,1396544.1263868
Mcdowell,Marion,8459.0,,2023-06-23,,0,
Mcdowell,Marion,8459.0,,2023-06-24,,0,
Mcdowell,Marion,8459.0,,2023-06-25,,0,
Mcdowell,Marion,8459.0,,2023-06-26,,0,
Mcdowell,Marion,8459.0,,2023-06-27,10498.799931420755,0,2969268.63560383
Mcdowell,Marion,8459.0,,2023-06-28,,0,
Mcdowell,Marion,8459.0,,2023-06-29,0.0,0,1292337.0882523
Mcdowell,Marion,8459.0,,2023-06-30,,0,
Mcdowell,Marion,8459.0,,2023-07-01,,0,
Mcdowell,Marion,8459.0,,2023-07-02,,0,
Mcdowell,Marion,8459.0,,2023-07-03,,0,
Mcdowell,Marion,8459.0,,2023-07-04,0.0,0,454368.581965283
Mcdowell,Marion,8459.0,,2023-07-05,,0,
Mcdowell,Marion,8459.0,,2023-07-06,0.0,0,747446.152150681
Mcdowell,Marion,8459.0,,2023-07-07,,0,
Mcdowell,Marion,8459.0,,2023-07-08,,0,
Mcdowell,Marion,8459.0,,2023-07-09,,0,
Mcdowell,Marion,8459.0,,2023-07-10,,0,
Mcdowell,Marion,8459.0,,2023-07-11,26128.582051079604,0,4677013.09829326
Mcdowell,Marion,8459.0,,2023-07-12,,0,
Mcdowell,Marion,8459.0,,2023-07-13,0.0,0,807438.540678566
Mcdowell,Marion,8459.0,,2023-07-14,,0,
Mcdowell,Marion,8459.0,,2023-07-15,,0,
Mcdowell,Marion,8459.0,,2023-07-16,,0,
Mcdowell,Marion,8459.0,,2023-07-17,,0,
Mcdowell,Marion,8459.0,,2023-07-18,0.0,0,1300162.91203052
Mcdowell,Marion,8459.0,,2023-07-19,,0,
Mcdowell,Marion,8459.0,,2023-07-20,46785.16431519723,0,29248077.0440063
Mcdowell,Marion,8459.0,,2023-07-21,,0,
Mcdowell,Marion,8459.0,,2023-07-22,,0,
Mcdowell,Marion,8459.0,,2023-07-23,,0,
Mcdowell,Marion,8459.0,,2023-07-24,,0,
Mcdowell,Marion,8459.0,,2023-07-25,0.0,0,980531.3338081979
Mcdowell,Marion,8459.0,,2023-07-26,,0,
Mcdowell,Marion,8459.0,,2023-07-27,10864.455807816612,0,4497202.70585066
Mcdowell,Marion,8459.0,,2023-07-28,,0,
Mcdowell,Marion,8459.0,,2023-07-29,,0,
Mcdowell,Marion,8459.0,,2023-07-30,,0,
Mcdowell,Marion,8459.0,,2023-07-31,,0,
Mcdowell,Marion,8459.0,,2023-08-01,45897.23738962952,0,11666152.0949936
Mcdowell,Marion,8459.0,,2023-08-02,,0,
Mcdowell,Marion,8459.0,,2023-08-03,11397.999824530612,0,4508931.77274239
Mcdowell,Marion,8459.0,,2023-08-04,,0,
Mcdowell,Marion,8459.0,,2023-08-05,,0,
Mcdowell,Marion,8459.0,,2023-08-06,,0,
Mcdowell,Marion,8459.0,,2023-08-07,,0,
Mcdowell,Marion,8459.0,,2023-08-08,8445.685288950815,0,2755212.97796986
Mcdowell,Marion,8459.0,,2023-08-09,,0,
Mcdowell,Marion,8459.0,,2023-08-10,4870.154001671815,0,2074781.63753965
Mcdowell,Marion,8459.0,,2023-08-11,,0,
Mcdowell,Marion,8459.0,,2023-08-12,,0,
Mcdowell,Marion,8459.0,,2023-08-13,,0,
Mcdowell,Marion,8459.0,,2023-08-14,,0,
Mcdowell,Marion,8459.0,,2023-08-15,16320.735277554148,0,5390000.86935856
Mcdowell,Marion,8459.0,,2023-08-16,,0,
Mcdowell,Marion,8459.0,,2023-08-17,14518.04394538051,0,7321916.56245425
Mcdowell,Marion,8459.0,,2023-08-18,,0,
Mcdowell,Marion,8459.0,,2023-08-19,,0,
Mcdowell,Marion,8459.0,,2023-08-20,,0,
Mcdowell,Marion,8459.0,,2023-08-21,,0,
Mcdowell,Marion,8459.0,,2023-08-22,9381.94009786889,0,2561033.40682686
Mcdowell,Marion,8459.0,,2023-08-23,,0,
Mcdowell,Marion,8459.0,,2023-08-24,0.0,0,1079862.9935019
Mcdowell,Marion,8459.0,,2023-08-25,,0,
Mcdowell,Marion,8459.0,,2023-08-26,,0,
Mcdowell,Marion,8459.0,,2023-08-27,,0,
Mcdowell,Marion,8459.0,,2023-08-28,,0,
Mcdowell,Marion,8459.0,,2023-08-29,8100.000000000005,0,2990416.7750325
Mcdowell,Marion,8459.0,,2023-08-30,,0,
Mcdowell,Marion,8459.0,,2023-08-31,18563.016996167426,0,9702511.31570601
Mcdowell,Marion,8459.0,,2023-09-01,,0,
Mcdowell,Marion,8459.0,,2023-09-02,,0,
Mcdowell,Marion,8459.0,,2023-09-03,,0,
Mcdowell,Marion,8459.0,,2023-09-04,,0,
Mcdowell,Marion,8459.0,,2023-09-05,,0,
Mcdowell,Marion,8459.0,,2023-09-06,,0,
Mcdowell,Marion,8459.0,,2023-09-07,74400.58064289563,0,29765048.6371038
Mcdowell,Marion,8459.0,,2023-09-08,,0,
Mcdowell,Marion,8459.0,,2023-09-09,,0,
Mcdowell,Marion,8459.0,,2023-09-10,,0,
Mcdowell,Marion,8459.0,,2023-09-11,,0,
Mcdowell,Marion,8459.0,,2023-09-12,42816.59491365471,0,13316487.430946
Mcdowell,Marion,8459.0,,2023-09-13,,0,
Mcdowell,Marion,8459.0,,2023-09-14,58026.752450917054,0,24201201.6614513
Mcdowell,Marion,8459.0,,2023-09-15,,0,
Mcdowell,Marion,8459.0,,2023-09-16,,0,
Mcdowell,Marion,8459.0,,2023-09-17,,0,
Mcdowell,Marion,8459.0,,2023-09-18,,0,
Mcdowell,Marion,8459.0,,2023-09-19,43735.22607692795,0,14639482.5563445
Mcdowell,Marion,8459.0,,2023-09-20,,0,
Mcdowell,Marion,8459.0,,2023-09-21,31858.838648011013,0,11975729.5386301
Mcdowell,Marion,8459.0,,2023-09-22,,0,
Mcdowell,Marion,8459.0,,2023-09-23,,0,
Mcdowell,Marion,8459.0,,2023-09-24,,0,
Mcdowell,Marion,8459.0,,2023-09-25,,0,
Mcdowell,Marion,8459.0,,2023-09-26,39642.55289458541,0,8745835.13719015
Mcdowell,Marion,8459.0,,2023-09-27,,0,
Mcdowell,Marion,8459.0,,2023-09-28,28626.449308288335,0,16012909.5063828
Mcdowell,Marion,8459.0,,2023-09-29,,0,
Mcdowell,Marion,8459.0,,2023-09-30,,0,
Mcdowell,Marion,8459.0,,2023-10-01,,0,
Mcdowell,Marion,8459.0,,2023-10-02,,0,
Mcdowell,Marion,8459.0,,2023-10-03,21828.330215570757,0,6300470.50156328
Mcdowell,Marion,8459.0,,2023-10-04,,0,
Mcdowell,Marion,8459.0,,2023-10-05,0.0,0,989382.6698205061
Mcdowell,Marion,8459.0,,2023-10-06,,0,
Mcdowell,Marion,8459.0,,2023-10-07,,0,
Mcdowell,Marion,8459.0,,2023-10-08,,0,
Mcdowell,Marion,8459.0,,2023-10-09,,0,
Mcdowell,Marion,8459.0,,2023-10-10,21347.355808155757,0,5932372.89276694
Mcdowell,Marion,8459.0,,2023-10-11,,0,
Mcdowell,Marion,8459.0,,2023-10-12,8428.712831743664,0,2972215.04291127
Mcdowell,Marion,8459.0,,2023-10-13,,0,
Mcdowell,Marion,8459.0,,2023-10-14,,0,
Mcdowell,Marion,8459.0,,2023-10-15,,0,
Mcdowell,Marion,8459.0,,2023-10-16,,0,
Mcdowell,Marion,8459.0,,2023-10-17,34752.46753829143,0,9735376.06428357
Mcdowell,Marion,8459.0,,2023-10-18,,0,
Mcdowell,Marion,8459.0,,2023-10-19,,0,
Mcdowell,Marion,8459.0,,2023-10-20,,0,
Mcdowell,Marion,8459.0,,2023-10-21,,0,
Mcdowell,Marion,8459.0,,2023-10-22,,0,
Mcdowell,Marion,8459.0,,2023-10-23,,0,
Mcdowell,Marion,8459.0,,2023-10-24,,0,
Mcdowell,Marion,8459.0,,2023-10-25,,0,
Mcdowell,Marion,8459.0,,2023-10-26,36628.51348335072,0,9933096.86884552
Mcdowell,Marion,8459.0,,2023-10-27,,0,
Mcdowell,Marion,8459.0,,2023-10-28,,0,
Mcdowell,Marion,8459.0,,2023-10-29,,0,
Mcdowell,Marion,8459.0,,2023-10-30,,0,
Mcdowell,Marion,8459.0,,2023-10-31,19031.41613227984,0,5467627.08672641
Mcdowell,Marion,8459.0,,2023-11-01,,0,
Mcdowell,Marion,8459.0,,2023-11-02,21057.7776605225,0,6737694.73491445
Mcdowell,Marion,8459.0,,2023-11-03,,0,
Mcdowell,Marion,8459.0,,2023-11-04,,0,
Mcdowell,Marion,8459.0,,2023-11-05,,0,
Mcdowell,Marion,8459.0,,2023-11-06,,0,
Mcdowell,Marion,8459.0,,2023-11-07,74494.28434450524,0,23835361.7129386
Mcdowell,Marion,8459.0,,2023-11-08,,0,
Mcdowell,Marion,8459.0,,2023-11-09,15322.66295393851,0,5149522.24467725
Mcdowell,Marion,8459.0,,2023-11-10,,0,
Mcdowell,Marion,8459.0,,2023-11-11,,0,
Mcdowell,Marion,8459.0,,2023-11-12,,0,
Mcdowell,Marion,8459.0,,2023-11-13,,0,
Mcdowell,Marion,8459.0,,2023-11-14,32248.86974763611,0,6739444.97108897
Mcdowell,Marion,8459.0,,2023-11-15,,0,
Mcdowell,Marion,8459.0,,2023-11-16,14642.404174178506,0,4304973.80209651
Mcdowell,Marion,8459.0,,2023-11-17,,0,
Mcdowell,Marion,8459.0,,2023-11-18,,0,
Mcdowell,Marion,8459.0,,2023-11-19,,0,
Mcdowell,Marion,8459.0,,2023-11-20,,0,
Mcdowell,Marion,8459.0,,2023-11-21,131339.73960686856,0,32913717.0082031
Mcdowell,Marion,8459.0,,2023-11-22,,0,
Mcdowell,Marion,8459.0,,2023-11-23,94066.05338803158,0,38895346.7276782
Mcdowell,Marion,8459.0,,2023-11-24,,0,
Mcdowell,Marion,8459.0,,2023-11-25,,0,
Mcdowell,Marion,8459.0,,2023-11-26,,0,
Mcdowell,Marion,8459.0,,2023-11-27,,0,
Mcdowell,Marion,8459.0,,2023-11-28,361310.614291914,0,89735948.1775667
Mcdowell,Marion,8459.0,,2023-11-29,,0,
Mcdowell,Marion,8459.0,,2023-11-30,22844.45665801666,0,9476616.80792393
Mcdowell,Marion,8459.0,,2023-12-01,,0,
Mcdowell,Marion,8459.0,,2023-12-02,,0,
Mcdowell,Marion,8459.0,,2023-12-03,,0,
Mcdowell,Marion,8459.0,,2023-12-04,,0,
Mcdowell,Marion,8459.0,,2023-12-05,227085.53454590635,0,35160765.520114
Mcdowell,Marion,8459.0,,2023-12-06,,0,
Mcdowell,Marion,8459.0,,2023-12-07,110579.64550494813,0,20387555.7771492
Mcdowell,Marion,8459.0,,2023-12-08,,0,
Mcdowell,Marion,8459.0,,2023-12-09,,0,
Mcdowell,Marion,8459.0,,2023-12-10,,0,
Mcdowell,Marion,8459.0,,2023-12-11,,0,
Mcdowell,Marion,8459.0,,2023-12-12,157441.093746201,0,87504914.9076074
Mcdowell,Marion,8459.0,,2023-12-13,,0,
Mcdowell,Marion,8459.0,,2023-12-14,242617.97130468313,0,73611456.9683218
Mcdowell,Marion,8459.0,,2023-12-15,,0,
Mcdowell,Marion,8459.0,,2023-12-16,,0,
Mcdowell,Marion,8459.0,,2023-12-17,,0,
Mcdowell,Marion,8459.0,,2023-12-18,,0,
Mcdowell,Marion,8459.0,,2023-12-19,104291.46082014573,0,40556575.7702181
Mcdowell,Marion,8459.0,,2023-12-20,,0,
Mcdowell,Marion,8459.0,,2023-12-21,239324.9882481977,0,86535072.1002362
Mcdowell,Marion,8459.0,,2023-12-22,,0,
Mcdowell,Marion,8459.0,,2023-12-23,,0,
Mcdowell,Marion,8459.0,,2023-12-24,,0,
Mcdowell,Marion,8459.0,,2023-12-25,,0,
Mcdowell,Marion,8459.0,,2023-12-26,,0,
Mcdowell,Marion,8459.0,,2023-12-27,,0,
Mcdowell,Marion,8459.0,,2023-12-28,10706.633457814849,0,16807583.3008124
Mcdowell,Marion,8459.0,,2023-12-29,,0,
Mcdowell,Marion,8459.0,,2023-12-30,,0,
Mcdowell,Marion,8459.0,,2023-12-31,,0,
Mcdowell,Marion,8459.0,,2024-01-01,,0,
Mcdowell,Marion,8459.0,,2024-01-02,,0,
Mcdowell,Marion,8459.0,,2024-01-03,,0,
Mcdowell,Marion,8459.0,,2024-01-04,84139.17042614576,0,35995554.7273864
Mcdowell,Marion,8459.0,,2024-01-05,,0,
Mcdowell,Marion,8459.0,,2024-01-06,,0,
Mcdowell,Marion,8459.0,,2024-01-07,,0,
Mcdowell,Marion,8459.0,,2024-01-08,,0,
Mcdowell,Marion,8459.0,,2024-01-09,59729.389750775124,0,18095454.644599695
Mcdowell,Marion,8459.0,,2024-01-10,,0,
Mcdowell,Marion,8459.0,,2024-01-11,19104.91036356886,0,22989448.8425454
Mcdowell,Marion,8459.0,,2024-01-12,,0,
Mcdowell,Marion,8459.0,,2024-01-13,,0,
Mcdowell,Marion,8459.0,,2024-01-14,,0,
Mcdowell,Marion,8459.0,,2024-01-15,,0,
Mcdowell,Marion,8459.0,,2024-01-16,,0,
Mcdowell,Marion,8459.0,,2024-01-17,,0,
Mcdowell,Marion,8459.0,,2024-01-18,100221.35500979818,0,39332596.4572451
Mcdowell,Marion,8459.0,,2024-01-19,,0,
Mcdowell,Marion,8459.0,,2024-01-20,,0,
Mcdowell,Marion,8459.0,,2024-01-21,,0,
Mcdowell,Marion,8459.0,,2024-01-22,,0,
Mcdowell,Marion,8459.0,,2024-01-23,506980.9069383185,0,156089178.541851
Mcdowell,Marion,8459.0,,2024-01-24,,0,
Mcdowell,Marion,8459.0,,2024-01-25,115209.63501374371,0,45678861.9706333
Mcdowell,Marion,8459.0,,2024-01-26,,0,
Mcdowell,Marion,8459.0,,2024-01-27,,0,
Mcdowell,Marion,8459.0,,2024-01-28,,0,
Mcdowell,Marion,8459.0,,2024-01-29,,0,
Mcdowell,Marion,8459.0,,2024-01-30,,0,
Mcdowell,Marion,8459.0,,2024-01-31,,0,
Mcdowell,Marion,8459.0,,2024-02-01,92859.15140684845,0,33783762.0050772
Mcdowell,Marion,8459.0,,2024-02-02,,0,
Mcdowell,Marion,8459.0,,2024-02-03,,0,
Mcdowell,Marion,8459.0,,2024-02-04,,0,
Mcdowell,Marion,8459.0,,2024-02-05,,0,
Mcdowell,Marion,8459.0,,2024-02-06,69831.63466510005,0,21437250.2098157
Mcdowell,Marion,8459.0,,2024-02-07,,0,
Mcdowell,Marion,8459.0,,2024-02-08,83094.40414372078,0,28371942.3490984
Mcdowell,Marion,8459.0,,2024-02-09,,0,
Mcdowell,Marion,8459.0,,2024-02-10,,0,
Mcdowell,Marion,8459.0,,2024-02-11,,0,
Mcdowell,Marion,8459.0,,2024-02-12,,0,
Mcdowell,Marion,8459.0,,2024-02-13,115760.13130607622,0,36261837.1831439
Mcdowell,Marion,8459.0,,2024-02-14,,0,
Mcdowell,Marion,8459.0,,2024-02-15,219798.9535916856,0,91179689.1978216
Mcdowell,Marion,8459.0,,2024-02-16,,0,
Mcdowell,Marion,8459.0,,2024-02-17,,0,
Mcdowell,Marion,8459.0,,2024-02-18,,0,
Mcdowell,Marion,8459.0,,2024-02-19,,0,
Mcdowell,Marion,8459.0,,2024-02-20,51033.459612297556,0,15963383.2076435
Mcdowell,Marion,8459.0,,2024-02-21,,0,
Mcdowell,Marion,8459.0,,2024-02-22,30099.102976666927,0,9940372.68861706
Mcdowell,Marion,8459.0,,2024-02-23,,0,
Mcdowell,Marion,8459.0,,2024-02-24,,0,
Mcdowell,Marion,8459.0,,2024-02-25,,0,
Mcdowell,Marion,8459.0,,2024-02-26,,0,
Mcdowell,Marion,8459.0,,2024-02-27,144034.13345453911,0,41122438.1133564
Mcdowell,Marion,8459.0,,2024-02-28,,0,
Mcdowell,Marion,8459.0,,2024-02-29,17597.15886158899,0,6032038.11661765
Mcdowell,Marion,8459.0,,2024-03-01,,0,
Mcdowell,Marion,8459.0,,2024-03-02,,0,
Mcdowell,Marion,8459.0,,2024-03-03,,0,
Mcdowell,Marion,8459.0,,2024-03-04,,0,
Mcdowell,Marion,8459.0,,2024-03-05,,0,
Mcdowell,Marion,8459.0,,2024-03-06,,0,
Mcdowell,Marion,8459.0,,2024-03-07,24782.267854254194,0,9781430.75076313
Mcdowell,Marion,8459.0,,2024-03-08,,0,
Mcdowell,Marion,8459.0,,2024-03-09,,0,
Mcdowell,Marion,8459.0,,2024-03-10,,0,
Mcdowell,Marion,8459.0,,2024-03-11,,0,
Mcdowell,Marion,8459.0,,2024-03-12,55920.6545026076,0,19969532.1376318
Mcdowell,Marion,8459.0,,2024-03-13,,0,
Mcdowell,Marion,8459.0,,2024-03-14,10996.217531496919,0,4222049.91392824
Mcdowell,Marion,8459.0,,2024-03-15,,0,
Mcdowell,Marion,8459.0,,2024-03-16,,0,
Mcdowell,Marion,8459.0,,2024-03-17,,0,
Mcdowell,Marion,8459.0,,2024-03-18,,0,
Mcdowell,Marion,8459.0,,2024-03-19,0.0,0,1147982.57046659
Mcdowell,Marion,8459.0,,2024-03-20,,0,
Mcdowell,Marion,8459.0,,2024-03-21,,0,
Mcdowell,Marion,8459.0,,2024-03-22,,0,
Mcdowell,Marion,8459.0,,2024-03-23,,0,
Mcdowell,Marion,8459.0,,2024-03-24,,0,
Mcdowell,Marion,8459.0,,2024-03-25,,0,
Mcdowell,Marion,8459.0,,2024-03-26,22105.076340062715,0,6231969.5313789
Mcdowell,Marion,8459.0,,2024-03-27,,0,
Mcdowell,Marion,8459.0,,2024-03-28,8333.162664919013,0,3848418.64029335
Mcdowell,Marion,8459.0,,2024-03-29,,0,
Mcdowell,Marion,8459.0,,2024-03-30,,0,
Mcdowell,Marion,8459.0,,2024-03-31,,0,
Mcdowell,Marion,8459.0,,2024-04-01,,0,
Mcdowell,Marion,8459.0,,2024-04-02,25414.26371154595,0,5481725.99095362
Mcdowell,Marion,8459.0,,2024-04-03,,0,
Mcdowell,Marion,8459.0,,2024-04-04,,0,
Mcdowell,Marion,8459.0,,2024-04-05,22327.068773128307,0,8892307.44285159
Mcdowell,Marion,8459.0,,2024-04-06,,0,
Mcdowell,Marion,8459.0,,2024-04-07,,0,
Mcdowell,Marion,8459.0,,2024-04-08,,0,
Mcdowell,Marion,8459.0,,2024-04-09,10463.269087622662,0,2860891.3026858
Mcdowell,Marion,8459.0,,2024-04-10,,0,
Mcdowell,Marion,8459.0,,2024-04-11,4829.906831399554,0,1865272.56209923
Mcdowell,Marion,8459.0,,2024-04-12,,0,
Mcdowell,Marion,8459.0,,2024-04-13,,0,
Mcdowell,Marion,8459.0,,2024-04-14,,0,
Mcdowell,Marion,8459.0,,2024-04-15,,0,
Mcdowell,Marion,8459.0,,2024-04-16,6838.420870347186,0,2142133.92290206
Mcdowell,Marion,8459.0,,2024-04-17,,0,
Mcdowell,Marion,8459.0,,2024-04-18,0.0,0,1168967.58886059
Mcdowell,Marion,8459.0,,2024-04-19,,0,
Mcdowell,Marion,8459.0,,2024-04-20,,0,
Mcdowell,Marion,8459.0,,2024-04-21,,0,
Mcdowell,Marion,8459.0,,2024-04-22,,0,
Mcdowell,Marion,8459.0,,2024-04-23,0.0,0,572386.395462759
Mcdowell,Marion,8459.0,,2024-04-24,,0,
Mcdowell,Marion,8459.0,,2024-04-25,0.0,0,717941.698776313
Mcdowell,Marion,8459.0,,2024-04-26,,0,
Mcdowell,Marion,8459.0,,2024-04-27,,0,
Mcdowell,Marion,8459.0,,2024-04-28,,0,
Mcdowell,Marion,8459.0,,2024-04-29,,0,
Mcdowell,Marion,8459.0,,2024-04-30,0.0,0,500592.225585128
Mcdowell,Marion,8459.0,,2024-05-01,,0,
Mcdowell,Marion,8459.0,,2024-05-02,0.0,0,828091.658040624
Mcdowell,Marion,8459.0,,2024-05-03,,0,
Mcdowell,Marion,8459.0,,2024-05-04,,0,
Mcdowell,Marion,8459.0,,2024-05-05,,0,
Mcdowell,Marion,8459.0,,2024-05-06,,0,
Mcdowell,Marion,8459.0,,2024-05-07,0.0,0,1412279.83485313
Mcdowell,Marion,8459.0,,2024-05-08,,0,
Mcdowell,Marion,8459.0,,2024-05-09,0.0,0,1079862.9935019
Mcdowell,Marion,8459.0,,2024-05-10,,0,
Mcdowell,Marion,8459.0,,2024-05-11,,0,
Mcdowell,Marion,8459.0,,2024-05-12,,0,
Mcdowell,Marion,8459.0,,2024-05-13,,0,
Mcdowell,Marion,8459.0,,2024-05-14,0.0,0,531080.160738642
Mcdowell,Marion,8459.0,,2024-05-15,,0,
Mecklenburg,Charlotte 1,68685.0,,2021-01-03,,0,
Mecklenburg,Charlotte 1,68685.0,,2021-01-04,,0,
Mecklenburg,Charlotte 1,68685.0,,2021-01-05,59966.6574022598,0,16458454.8147915
Mecklenburg,Charlotte 1,68685.0,,2021-01-06,96374.27042525397,0,25494835.6072684
Mecklenburg,Charlotte 1,68685.0,,2021-01-07,,0,
Mecklenburg,Charlotte 1,68685.0,,2021-01-08,,0,
Mecklenburg,Charlotte 1,68685.0,,2021-01-09,,0,
Mecklenburg,Charlotte 1,68685.0,,2021-01-10,,0,
Mecklenburg,Charlotte 1,68685.0,,2021-01-11,41109.60958218895,0,11486856.2668698
Mecklenburg,Charlotte 1,68685.0,,2021-01-12,72327.38070744721,0,19890841.580848105
Mecklenburg,Charlotte 1,68685.0,,2021-01-13,,0,
Mecklenburg,Charlotte 1,68685.0,,2021-01-14,,0,
Mecklenburg,Charlotte 1,68685.0,,2021-01-15,,0,
Mecklenburg,Charlotte 1,68685.0,,2021-01-16,,0,
Mecklenburg,Charlotte 1,68685.0,,2021-01-17,,0,
Mecklenburg,Charlotte 1,68685.0,,2021-01-18,,0,
Mecklenburg,Charlotte 1,68685.0,,2021-01-19,,0,
Mecklenburg,Charlotte 1,68685.0,,2021-01-20,47328.63826479697,0,11789959.6613494
Mecklenburg,Charlotte 1,68685.0,,2021-01-21,,0,
Mecklenburg,Charlotte 1,68685.0,,2021-01-22,,0,
Mecklenburg,Charlotte 1,68685.0,,2021-01-23,,0,
Mecklenburg,Charlotte 1,68685.0,,2021-01-24,,0,
Mecklenburg,Charlotte 1,68685.0,,2021-01-25,42763.88663346683,0,11100638.2985739
Mecklenburg,Charlotte 1,68685.0,,2021-01-26,,0,
Mecklenburg,Charlotte 1,68685.0,,2021-01-27,40527.76825831885,0,13312169.0504716
Mecklenburg,Charlotte 1,68685.0,,2021-01-28,,0,
Mecklenburg,Charlotte 1,68685.0,,2021-01-29,,0,
Mecklenburg,Charlotte 1,68685.0,,2021-01-30,,0,
Mecklenburg,Charlotte 1,68685.0,,2021-01-31,,0,
Mecklenburg,Charlotte 1,68685.0,,2021-02-01,8645.808232895291,0,3178200.61692696
Mecklenburg,Charlotte 1,68685.0,,2021-02-02,,0,
Mecklenburg,Charlotte 1,68685.0,,2021-02-03,51112.62075065219,0,14310069.3035561
Mecklenburg,Charlotte 1,68685.0,,2021-02-04,,0,
Mecklenburg,Charlotte 1,68685.0,,2021-02-05,,0,
Mecklenburg,Charlotte 1,68685.0,,2021-02-06,,0,
Mecklenburg,Charlotte 1,68685.0,,2021-02-07,,0,
Mecklenburg,Charlotte 1,68685.0,,2021-02-08,73739.40601876305,0,25237196.5675864
Mecklenburg,Charlotte 1,68685.0,,2021-02-09,,0,
Mecklenburg,Charlotte 1,68685.0,,2021-02-10,57282.196186948,0,16289930.7170668
Mecklenburg,Charlotte 1,68685.0,,2021-02-11,,0,
Mecklenburg,Charlotte 1,68685.0,,2021-02-12,,0,
Mecklenburg,Charlotte 1,68685.0,,2021-02-13,,0,
Mecklenburg,Charlotte 1,68685.0,,2021-02-14,,0,
Mecklenburg,Charlotte 1,68685.0,,2021-02-15,37533.31853167269,0,13817939.9886179
Mecklenburg,Charlotte 1,68685.0,,2021-02-16,,0,
Mecklenburg,Charlotte 1,68685.0,,2021-02-17,21708.293346092407,0,8482459.44606529
Mecklenburg,Charlotte 1,68685.0,,2021-02-18,,0,
Mecklenburg,Charlotte 1,68685.0,,2021-02-19,,0,
Mecklenburg,Charlotte 1,68685.0,,2021-02-20,,0,
Mecklenburg,Charlotte 1,68685.0,,2021-02-21,,0,
Mecklenburg,Charlotte 1,68685.0,,2021-02-22,18940.696924875836,0,5897857.5364017
Mecklenburg,Charlotte 1,68685.0,,2021-02-23,,0,
Mecklenburg,Charlotte 1,68685.0,,2021-02-24,41079.19181288746,0,12542425.5178614
Mecklenburg,Charlotte 1,68685.0,,2021-02-25,,0,
Mecklenburg,Charlotte 1,68685.0,,2021-02-26,,0,
Mecklenburg,Charlotte 1,68685.0,,2021-02-27,,0,
Mecklenburg,Charlotte 1,68685.0,,2021-02-28,,0,
Mecklenburg,Charlotte 1,68685.0,,2021-03-01,11543.396380615202,0,3677149.79937489
Mecklenburg,Charlotte 1,68685.0,,2021-03-02,,0,
Mecklenburg,Charlotte 1,68685.0,,2021-03-03,25211.60447095742,0,7266947.94440728
Mecklenburg,Charlotte 1,68685.0,,2021-03-04,,0,
Mecklenburg,Charlotte 1,68685.0,,2021-03-05,,0,
Mecklenburg,Charlotte 1,68685.0,,2021-03-06,,0,
Mecklenburg,Charlotte 1,68685.0,,2021-03-07,,0,
Mecklenburg,Charlotte 1,68685.0,,2021-03-08,10237.797614721658,0,2911428.41826249
Mecklenburg,Charlotte 1,68685.0,,2021-03-09,,0,
Mecklenburg,Charlotte 1,68685.0,,2021-03-10,11726.03939955857,0,3270030.03112805
Mecklenburg,Charlotte 1,68685.0,,2021-03-11,,0,
Mecklenburg,Charlotte 1,68685.0,,2021-03-12,,0,
Mecklenburg,Charlotte 1,68685.0,,2021-03-13,,0,
Mecklenburg,Charlotte 1,68685.0,,2021-03-14,,0,
Mecklenburg,Charlotte 1,68685.0,,2021-03-15,23851.10060353612,0,6730204.49690736
Mecklenburg,Charlotte 1,68685.0,,2021-03-16,,0,
Mecklenburg,Charlotte 1,68685.0,,2021-03-17,13164.82054568161,0,4730558.46607588
Mecklenburg,Charlotte 1,68685.0,,2021-03-18,,0,
Mecklenburg,Charlotte 1,68685.0,,2021-03-19,,0,
Mecklenburg,Charlotte 1,68685.0,,2021-03-20,,0,
Mecklenburg,Charlotte 1,68685.0,,2021-03-21,,0,
Mecklenburg,Charlotte 1,68685.0,,2021-03-22,12757.350822173068,0,3986515.27697139
Mecklenburg,Charlotte 1,68685.0,,2021-03-23,,0,
Mecklenburg,Charlotte 1,68685.0,,2021-03-24,30074.906483645147,0,8685312.47370922
Mecklenburg,Charlotte 1,68685.0,,2021-03-25,,0,
Mecklenburg,Charlotte 1,68685.0,,2021-03-26,,0,
Mecklenburg,Charlotte 1,68685.0,,2021-03-27,,0,
Mecklenburg,Charlotte 1,68685.0,,2021-03-28,,0,
Mecklenburg,Charlotte 1,68685.0,,2021-03-29,14361.406616345086,0,5762066.06170389
Mecklenburg,Charlotte 1,68685.0,,2021-03-30,,0,
Mecklenburg,Charlotte 1,68685.0,,2021-03-31,26998.842567784253,0,8808799.56968854
Mecklenburg,Charlotte 1,68685.0,,2021-04-30,,0,
Mecklenburg,Charlotte 1,68685.0,,2021-05-01,,0,
Mecklenburg,Charlotte 1,68685.0,,2021-05-02,,0,
Mecklenburg,Charlotte 1,68685.0,,2021-05-03,11581.234821900473,0,3178586.87265362
Mecklenburg,Charlotte 1,68685.0,,2021-05-04,,0,
Mecklenburg,Charlotte 1,68685.0,,2021-05-05,16635.804759614137,0,5904451.46932459
Mecklenburg,Charlotte 1,68685.0,,2021-05-06,,0,
Mecklenburg,Charlotte 1,68685.0,,2021-05-07,,0,
Mecklenburg,Charlotte 1,68685.0,,2021-05-08,,0,
Mecklenburg,Charlotte 1,68685.0,,2021-05-09,,0,
Mecklenburg,Charlotte 1,68685.0,,2021-05-10,5556.527692723217,0,1515858.12977754
Mecklenburg,Charlotte 1,68685.0,,2021-05-11,,0,
Mecklenburg,Charlotte 1,68685.0,,2021-05-12,0.0,0,415594.022410026
Mecklenburg,Charlotte 1,68685.0,,2021-05-13,,0,
Mecklenburg,Charlotte 1,68685.0,,2021-05-14,,0,
Mecklenburg,Charlotte 1,68685.0,,2021-05-15,,0,
Mecklenburg,Charlotte 1,68685.0,,2021-05-16,,0,
Mecklenburg,Charlotte 1,68685.0,,2021-05-17,3856.8121551353784,0,1043661.96046244
Mecklenburg,Charlotte 1,68685.0,,2021-05-18,,0,
Mecklenburg,Charlotte 1,68685.0,,2021-05-19,6633.249580710797,0,1773037.6264059
Mecklenburg,Charlotte 1,68685.0,,2021-05-20,,0,
Mecklenburg,Charlotte 1,68685.0,,2021-05-21,,0,
Mecklenburg,Charlotte 1,68685.0,,2021-05-22,,0,
Mecklenburg,Charlotte 1,68685.0,,2021-05-23,,0,
Mecklenburg,Charlotte 1,68685.0,,2021-05-24,0.0,0,293869.351466723
Mecklenburg,Charlotte 1,68685.0,,2021-05-25,,0,
Mecklenburg,Charlotte 1,68685.0,,2021-05-26,0.0,0,376261.201797154
Mecklenburg,Charlotte 1,68685.0,,2021-05-27,,0,
Mecklenburg,Charlotte 1,68685.0,,2021-05-28,0.0,0,79088.9607940413
Mecklenburg,Charlotte 1,68685.0,,2021-05-29,,0,
Mecklenburg,Charlotte 1,68685.0,,2021-05-30,,0,
Mecklenburg,Charlotte 1,68685.0,,2021-05-31,,0,
Mecklenburg,Charlotte 1,68685.0,,2021-06-01,,0,
Mecklenburg,Charlotte 1,68685.0,,2021-06-02,,0,
Mecklenburg,Charlotte 1,68685.0,,2021-06-03,,0,
Mecklenburg,Charlotte 1,68685.0,,2021-06-04,3240.370349203928,0,857207.105123497
Mecklenburg,Charlotte 1,68685.0,,2021-06-05,,0,
Mecklenburg,Charlotte 1,68685.0,,2021-06-06,,0,
Mecklenburg,Charlotte 1,68685.0,,2021-06-07,0.0,0,80398.9228775866
Mecklenburg,Charlotte 1,68685.0,,2021-06-08,,0,
Mecklenburg,Charlotte 1,68685.0,,2021-06-09,,0,
Mecklenburg,Charlotte 1,68685.0,,2021-06-10,,0,
Mecklenburg,Charlotte 1,68685.0,,2021-06-11,4541.47553114624,0,1193892.52440294
Mecklenburg,Charlotte 1,68685.0,,2021-06-12,,0,
Mecklenburg,Charlotte 1,68685.0,,2021-06-13,,0,
Mecklenburg,Charlotte 1,68685.0,,2021-06-14,3092.329219213249,0,824861.361983308
Mecklenburg,Charlotte 1,68685.0,,2021-06-15,,0,
Mecklenburg,Charlotte 1,68685.0,,2021-06-16,,0,
Mecklenburg,Charlotte 1,68685.0,,2021-06-17,,0,
Mecklenburg,Charlotte 1,68685.0,,2021-06-18,14991.66435056495,0,3775860.36664647
Mecklenburg,Charlotte 1,68685.0,,2021-06-19,,0,
Mecklenburg,Charlotte 1,68685.0,,2021-06-20,,0,
Mecklenburg,Charlotte 1,68685.0,,2021-06-21,3968.626966596889,0,1047672.79737518
Mecklenburg,Charlotte 1,68685.0,,2021-06-22,,0,
Mecklenburg,Charlotte 1,68685.0,,2021-07-11,,0,
Mecklenburg,Charlotte 1,68685.0,,2021-07-12,,0,
Mecklenburg,Charlotte 1,68685.0,,2021-07-13,16863.42195404007,0,4330933.33604245
Mecklenburg,Charlotte 1,68685.0,,2021-07-14,,0,
Mecklenburg,Charlotte 1,68685.0,,2021-07-15,,0,
Mecklenburg,Charlotte 1,68685.0,,2021-07-16,,0,
Mecklenburg,Charlotte 1,68685.0,,2021-07-17,,0,
Mecklenburg,Charlotte 1,68685.0,,2021-07-18,,0,
Mecklenburg,Charlotte 1,68685.0,,2021-07-19,,0,
Mecklenburg,Charlotte 1,68685.0,,2021-07-20,15378.5564992297,0,6458332.77752119
Mecklenburg,Charlotte 1,68685.0,,2021-07-21,,0,
Mecklenburg,Charlotte 1,68685.0,,2021-07-22,,0,
Mecklenburg,Charlotte 1,68685.0,,2021-07-23,,0,
Mecklenburg,Charlotte 1,68685.0,,2021-07-24,22798.026230356005,0,5943034.68543353
Mecklenburg,Charlotte 1,68685.0,,2021-07-25,,0,
Mecklenburg,Charlotte 1,68685.0,,2021-07-26,,0,
Mecklenburg,Charlotte 1,68685.0,,2021-07-27,50867.47487343949,0,13372371.5057265
Mecklenburg,Charlotte 1,68685.0,,2021-07-28,,0,
Mecklenburg,Charlotte 1,68685.0,,2021-07-29,,0,
Mecklenburg,Charlotte 1,68685.0,,2021-07-30,,0,
Mecklenburg,Charlotte 1,68685.0,,2021-07-31,96176.92030835676,0,24594541.0145967
Mecklenburg,Charlotte 1,68685.0,,2021-08-01,,0,
Mecklenburg,Charlotte 1,68685.0,,2021-08-02,,0,
Mecklenburg,Charlotte 1,68685.0,,2021-08-03,183234.82201808682,0,47261090.5707331
Mecklenburg,Charlotte 1,68685.0,,2021-08-04,,0,
Mecklenburg,Charlotte 1,68685.0,,2021-08-05,,0,
Mecklenburg,Charlotte 1,68685.0,,2021-08-06,,0,
Mecklenburg,Charlotte 1,68685.0,,2021-08-07,58736.7006223537,0,14308090.9498214
Mecklenburg,Charlotte 1,68685.0,,2021-08-08,,0,
Mecklenburg,Charlotte 1,68685.0,,2021-08-09,,0,
Mecklenburg,Charlotte 1,68685.0,,2021-08-10,,0,
Mecklenburg,Charlotte 1,68685.0,,2021-08-11,56579.589959631245,0,14156813.9250589
Mecklenburg,Charlotte 1,68685.0,,2021-08-12,,0,
Mecklenburg,Charlotte 1,68685.0,,2021-08-13,,0,
Mecklenburg,Charlotte 1,68685.0,,2021-08-14,48772.430737046576,0,12257139.2074367
Mecklenburg,Charlotte 1,68685.0,,2021-08-15,,0,
Mecklenburg,Charlotte 1,68685.0,,2021-08-16,,0,
Mecklenburg,Charlotte 1,68685.0,,2021-08-17,61135.09630318753,0,16240055.6874446
Mecklenburg,Charlotte 1,68685.0,,2021-08-18,,0,
Mecklenburg,Charlotte 1,68685.0,,2021-08-19,,0,
Mecklenburg,Charlotte 1,68685.0,,2021-08-20,,0,
Mecklenburg,Charlotte 1,68685.0,,2021-08-21,79647.66161036996,0,20148169.2569398
Mecklenburg,Charlotte 1,68685.0,,2021-08-22,,0,
Mecklenburg,Charlotte 1,68685.0,,2021-08-23,,0,
Mecklenburg,Charlotte 1,68685.0,,2021-08-24,77338.54149129019,0,19819778.9119786
Mecklenburg,Charlotte 1,68685.0,,2021-08-25,,0,
Mecklenburg,Charlotte 1,68685.0,,2021-08-26,,0,
Mecklenburg,Charlotte 1,68685.0,,2021-08-27,,0,
Mecklenburg,Charlotte 1,68685.0,,2021-08-28,44452.22154178574,0,11171415.065512
Mecklenburg,Charlotte 1,68685.0,,2021-08-29,,0,
Mecklenburg,Charlotte 1,68685.0,,2021-08-30,,0,
Mecklenburg,Charlotte 1,68685.0,,2021-08-31,130000.00000000009,0,33602072.9416903
Mecklenburg,Charlotte 1,68685.0,,2021-09-01,,0,
Mecklenburg,Charlotte 1,68685.0,,2021-09-02,,0,
Mecklenburg,Charlotte 1,68685.0,,2021-09-03,,0,
Mecklenburg,Charlotte 1,68685.0,,2021-09-04,135185.0583459578,0,33452217.2844715
Mecklenburg,Charlotte 1,68685.0,,2021-09-05,,0,
Mecklenburg,Charlotte 1,68685.0,,2021-09-06,,0,
Mecklenburg,Charlotte 1,68685.0,,2021-09-07,,0,
Mecklenburg,Charlotte 1,68685.0,,2021-09-08,,0,
Mecklenburg,Charlotte 1,68685.0,,2021-09-09,,0,
Mecklenburg,Charlotte 1,68685.0,,2021-09-10,,0,
Mecklenburg,Charlotte 1,68685.0,,2021-09-11,50225.7404126609,0,12013400.4086786
Mecklenburg,Charlotte 1,68685.0,,2021-09-12,,0,
Mecklenburg,Charlotte 1,68685.0,,2021-09-13,,0,
Mecklenburg,Charlotte 1,68685.0,,2021-09-14,41063.97447885434,0,10070959.9186945
Mecklenburg,Charlotte 1,68685.0,,2021-09-15,,0,
Mecklenburg,Charlotte 1,68685.0,,2021-09-16,,0,
Mecklenburg,Charlotte 1,68685.0,,2021-09-17,,0,
Mecklenburg,Charlotte 1,68685.0,,2021-09-18,,0,
Mecklenburg,Charlotte 1,68685.0,,2021-09-19,,0,
Mecklenburg,Charlotte 1,68685.0,,2021-09-20,,0,
Mecklenburg,Charlotte 1,68685.0,,2021-09-21,59545.150936075406,0,14866011.9534249
Mecklenburg,Charlotte 1,68685.0,,2021-09-22,,0,
Mecklenburg,Charlotte 1,68685.0,,2021-09-23,,0,
Mecklenburg,Charlotte 1,68685.0,,2021-09-24,,0,
Mecklenburg,Charlotte 1,68685.0,,2021-09-25,69520.68037641757,0,16705149.9460791
Mecklenburg,Charlotte 1,68685.0,,2021-09-26,,0,
Mecklenburg,Charlotte 1,68685.0,,2021-09-27,,0,
Mecklenburg,Charlotte 1,68685.0,,2021-09-28,77540.31209635416,0,19401409.0738779
Mecklenburg,Charlotte 1,68685.0,,2021-09-29,,0,
Mecklenburg,Charlotte 1,68685.0,,2021-09-30,,0,
Mecklenburg,Charlotte 1,68685.0,,2021-10-01,,0,
Mecklenburg,Charlotte 1,68685.0,,2021-10-02,92736.18495495705,0,22028066.0991164
Mecklenburg,Charlotte 1,68685.0,,2021-10-03,,0,
Mecklenburg,Charlotte 1,68685.0,,2021-10-04,,0,
Mecklenburg,Charlotte 1,68685.0,,2021-10-05,,0,
Mecklenburg,Charlotte 1,68685.0,,2021-10-06,,0,
Mecklenburg,Charlotte 1,68685.0,,2021-10-07,,0,
Mecklenburg,Charlotte 1,68685.0,,2021-10-08,,0,
Mecklenburg,Charlotte 1,68685.0,,2021-10-09,36204.28151476012,0,8739446.31487751
Mecklenburg,Charlotte 1,68685.0,,2021-10-10,,0,
Mecklenburg,Charlotte 1,68685.0,,2021-10-11,,0,
Mecklenburg,Charlotte 1,68685.0,,2021-10-12,14534.441853748624,0,3572589.29637596
Mecklenburg,Charlotte 1,68685.0,,2021-10-13,,0,
Mecklenburg,Charlotte 1,68685.0,,2021-10-14,,0,
Mecklenburg,Charlotte 1,68685.0,,2021-10-15,,0,
Mecklenburg,Charlotte 1,68685.0,,2021-10-16,11401.754250991387,0,2708312.79514798
Mecklenburg,Charlotte 1,68685.0,,2021-10-17,,0,
Mecklenburg,Charlotte 1,68685.0,,2021-10-18,,0,
Mecklenburg,Charlotte 1,68685.0,,2021-10-19,2598.0762113533146,0,609974.051996011
Mecklenburg,Charlotte 1,68685.0,,2021-10-20,,0,
Mecklenburg,Charlotte 1,68685.0,,2021-10-21,,0,
Mecklenburg,Charlotte 1,68685.0,,2021-10-22,,0,
Mecklenburg,Charlotte 1,68685.0,,2021-10-23,30331.501776206227,0,7104486.9185487
Mecklenburg,Charlotte 1,68685.0,,2021-10-24,,0,
Mecklenburg,Charlotte 1,68685.0,,2021-10-25,,0,
Mecklenburg,Charlotte 1,68685.0,,2021-10-26,17491.0691497118,0,4222214.98198759
Mecklenburg,Charlotte 1,68685.0,,2021-10-27,,0,
Mecklenburg,Charlotte 1,68685.0,,2021-10-28,,0,
Mecklenburg,Charlotte 1,68685.0,,2021-10-29,,0,
Mecklenburg,Charlotte 1,68685.0,,2021-10-30,8261.355820929151,0,2007889.42551131
Mecklenburg,Charlotte 1,68685.0,,2021-10-31,,0,
Mecklenburg,Charlotte 1,68685.0,,2021-11-01,,0,
Mecklenburg,Charlotte 1,68685.0,,2021-11-02,24428.467000612254,0,5856462.22000307
Mecklenburg,Charlotte 1,68685.0,,2021-11-03,,0,
Mecklenburg,Charlotte 1,68685.0,,2021-11-04,,0,
Mecklenburg,Charlotte 1,68685.0,,2021-11-05,,0,
Mecklenburg,Charlotte 1,68685.0,,2021-11-06,34559.7309017301,0,7999622.95250372
Mecklenburg,Charlotte 1,68685.0,,2021-11-07,,0,
Mecklenburg,Charlotte 1,68685.0,,2021-11-08,,0,
Mecklenburg,Charlotte 1,68685.0,,2021-11-09,18998.355191963332,0,4607003.63211902
Mecklenburg,Charlotte 1,68685.0,,2021-11-10,,0,
Mecklenburg,Charlotte 1,68685.0,,2021-11-11,,0,
Mecklenburg,Charlotte 1,68685.0,,2021-11-12,,0,
Mecklenburg,Charlotte 1,68685.0,,2021-11-13,50727.82766884471,0,12357152.5857288
Mecklenburg,Charlotte 1,68685.0,,2021-11-14,,0,
Mecklenburg,Charlotte 1,68685.0,,2021-11-15,,0,
Mecklenburg,Charlotte 1,68685.0,,2021-11-16,16155.494421403513,0,3917624.48517486
Mecklenburg,Charlotte 1,68685.0,,2021-11-17,,0,
Mecklenburg,Charlotte 1,68685.0,,2021-11-18,,0,
Mecklenburg,Charlotte 1,68685.0,,2021-11-19,,0,
Mecklenburg,Charlotte 1,68685.0,,2021-11-20,4123.105625617668,0,979380.845770815
Mecklenburg,Charlotte 1,68685.0,,2021-11-21,,0,
Mecklenburg,Charlotte 1,68685.0,,2021-11-22,,0,
Mecklenburg,Charlotte 1,68685.0,,2021-11-23,0.0,0,72702.8956367586
Mecklenburg,Charlotte 1,68685.0,,2021-11-24,,0,
Mecklenburg,Charlotte 1,68685.0,,2021-11-25,,0,
Mecklenburg,Charlotte 1,68685.0,,2021-11-26,,0,
Mecklenburg,Charlotte 1,68685.0,,2021-11-27,,0,
Mecklenburg,Charlotte 1,68685.0,,2021-11-28,,0,
Mecklenburg,Charlotte 1,68685.0,,2021-11-29,,0,
Mecklenburg,Charlotte 1,68685.0,,2021-11-30,24282.19512317614,0,5968602.80308581
Mecklenburg,Charlotte 1,68685.0,,2021-12-01,,0,
Mecklenburg,Charlotte 1,68685.0,,2021-12-02,,0,
Mecklenburg,Charlotte 1,68685.0,,2021-12-03,,0,
Mecklenburg,Charlotte 1,68685.0,,2021-12-04,83291.65624478835,0,19187909.2173678
Mecklenburg,Charlotte 1,68685.0,,2021-12-05,,0,
Mecklenburg,Charlotte 1,68685.0,,2021-12-06,,0,
Mecklenburg,Charlotte 1,68685.0,,2021-12-07,48733.971724044895,0,12408624.9359627
Mecklenburg,Charlotte 1,68685.0,,2021-12-08,,0,
Mecklenburg,Charlotte 1,68685.0,,2021-12-09,,0,
Mecklenburg,Charlotte 1,68685.0,,2021-12-10,,0,
Mecklenburg,Charlotte 1,68685.0,,2021-12-11,26410.225292488503,0,6244235.49053182
Mecklenburg,Charlotte 1,68685.0,,2021-12-12,,0,
Mecklenburg,Charlotte 1,68685.0,,2021-12-13,,0,
Mecklenburg,Charlotte 1,68685.0,,2021-12-14,27481.812167322616,0,6951970.61457174
Mecklenburg,Charlotte 1,68685.0,,2021-12-15,,0,
Mecklenburg,Charlotte 1,68685.0,,2021-12-16,,0,
Mecklenburg,Charlotte 1,68685.0,,2021-12-17,,0,
Mecklenburg,Charlotte 1,68685.0,,2021-12-18,95262.79441628825,0,22680725.3136545
Mecklenburg,Charlotte 1,68685.0,,2021-12-19,,0,
Mecklenburg,Charlotte 1,68685.0,,2021-12-20,,0,
Mecklenburg,Charlotte 1,68685.0,,2021-12-21,24748.737341529173,0,6219676.03868045
Mecklenburg,Charlotte 1,68685.0,,2021-12-22,,0,
Mecklenburg,Charlotte 1,68685.0,,2021-12-23,,0,
Mecklenburg,Charlotte 1,68685.0,,2021-12-24,,0,
Mecklenburg,Charlotte 1,68685.0,,2021-12-25,,0,
Mecklenburg,Charlotte 1,68685.0,,2021-12-26,,0,
Mecklenburg,Charlotte 1,68685.0,,2021-12-27,,0,
Mecklenburg,Charlotte 1,68685.0,,2021-12-28,,0,
Mecklenburg,Charlotte 1,68685.0,,2021-12-29,,0,
Mecklenburg,Charlotte 1,68685.0,,2021-12-30,,0,
Mecklenburg,Charlotte 1,68685.0,,2021-12-31,,0,
Mecklenburg,Charlotte 1,68685.0,,2022-01-01,,0,
Mecklenburg,Charlotte 1,68685.0,,2022-01-02,,0,
Mecklenburg,Charlotte 1,68685.0,,2022-01-03,,0,
Mecklenburg,Charlotte 1,68685.0,,2022-01-04,64565.857850724875,0,20211620.5632991
Mecklenburg,Charlotte 1,68685.0,,2022-01-05,,0,
Mecklenburg,Charlotte 1,68685.0,,2022-01-18,,0,
Mecklenburg,Charlotte 1,68685.0,,2022-01-19,,0,
Mecklenburg,Charlotte 1,68685.0,,2022-01-20,,0,
Mecklenburg,Charlotte 1,68685.0,,2022-01-21,,0,
Mecklenburg,Charlotte 1,68685.0,,2022-01-22,324749.9037721183,0,89130891.2132215
Mecklenburg,Charlotte 1,68685.0,,2022-01-23,,0,
Mecklenburg,Charlotte 1,68685.0,,2022-01-24,,0,
Mecklenburg,Charlotte 1,68685.0,,2022-01-25,331558.81831132196,0,87527791.7522441
Mecklenburg,Charlotte 1,68685.0,,2022-01-26,,0,
Mecklenburg,Charlotte 1,68685.0,,2022-01-27,,0,
Mecklenburg,Charlotte 1,68685.0,,2022-01-28,,0,
Mecklenburg,Charlotte 1,68685.0,,2022-01-29,219031.961138095,0,56856258.1147266
Mecklenburg,Charlotte 1,68685.0,,2022-01-30,,0,
Mecklenburg,Charlotte 1,68685.0,,2022-01-31,,0,
Mecklenburg,Charlotte 1,68685.0,,2022-02-01,52093.66564180332,0,14498603.4461444
Mecklenburg,Charlotte 1,68685.0,,2022-02-02,,0,
Mecklenburg,Charlotte 1,68685.0,,2022-02-03,,0,
Mecklenburg,Charlotte 1,68685.0,,2022-02-04,,0,
Mecklenburg,Charlotte 1,68685.0,,2022-02-05,122091.15447074795,0,33509150.5211498
Mecklenburg,Charlotte 1,68685.0,,2022-02-06,,0,
Mecklenburg,Charlotte 1,68685.0,,2022-02-07,,0,
Mecklenburg,Charlotte 1,68685.0,,2022-02-08,26689.183202188855,0,7560460.99207871
Mecklenburg,Charlotte 1,68685.0,,2022-02-09,,0,
Mecklenburg,Charlotte 1,68685.0,,2022-02-10,,0,
Mecklenburg,Charlotte 1,68685.0,,2022-02-11,,0,
Mecklenburg,Charlotte 1,68685.0,,2022-02-12,37404.87936085348,0,9874466.64181454
Mecklenburg,Charlotte 1,68685.0,,2022-02-13,,0,
Mecklenburg,Charlotte 1,68685.0,,2022-02-14,,0,
Mecklenburg,Charlotte 1,68685.0,,2022-02-15,12020.815280171333,0,3252859.39190889
Mecklenburg,Charlotte 1,68685.0,,2022-02-16,,0,
Mecklenburg,Charlotte 1,68685.0,,2022-02-17,,0,
Mecklenburg,Charlotte 1,68685.0,,2022-02-18,,0,
Mecklenburg,Charlotte 1,68685.0,,2022-02-19,8131.727983645305,0,2146684.5525733894
Mecklenburg,Charlotte 1,68685.0,,2022-02-20,,0,
Mecklenburg,Charlotte 1,68685.0,,2022-02-21,,0,
Mecklenburg,Charlotte 1,68685.0,,2022-02-22,5062.114182829154,0,1325181.67549664
Mecklenburg,Charlotte 1,68685.0,,2022-02-23,,0,
Mecklenburg,Charlotte 1,68685.0,,2022-02-24,,0,
Mecklenburg,Charlotte 1,68685.0,,2022-02-25,,0,
Mecklenburg,Charlotte 1,68685.0,,2022-02-26,5099.019513592792,0,1348893.88717215
Mecklenburg,Charlotte 1,68685.0,,2022-02-27,,0,
Mecklenburg,Charlotte 1,68685.0,,2022-02-28,,0,
Mecklenburg,Charlotte 1,68685.0,,2022-03-01,4330.127018922194,0,1388908.05266697
Mecklenburg,Charlotte 1,68685.0,,2022-03-02,,0,
Mecklenburg,Charlotte 1,68685.0,,2022-03-03,,0,
Mecklenburg,Charlotte 1,68685.0,,2022-03-04,,0,
Mecklenburg,Charlotte 1,68685.0,,2022-03-05,6708.2039324993775,0,1759799.07389613
Mecklenburg,Charlotte 1,68685.0,,2022-03-06,,0,
Mecklenburg,Charlotte 1,68685.0,,2022-03-07,,0,
Mecklenburg,Charlotte 1,68685.0,,2022-03-08,7964.766161037004,0,2216737.57619926
Mecklenburg,Charlotte 1,68685.0,,2022-03-09,,0,
Mecklenburg,Charlotte 1,68685.0,,2022-03-10,,0,
Mecklenburg,Charlotte 1,68685.0,,2022-03-11,,0,
Mecklenburg,Charlotte 1,68685.0,,2022-03-12,5994.789404140896,0,1810524.32759967
Mecklenburg,Charlotte 1,68685.0,,2022-03-13,,0,
Mecklenburg,Charlotte 1,68685.0,,2022-03-14,,0,
Mecklenburg,Charlotte 1,68685.0,,2022-03-15,0.0,0,348894.271185801
Mecklenburg,Charlotte 1,68685.0,,2022-03-16,,0,
Mecklenburg,Charlotte 1,68685.0,,2022-03-17,,0,
Mecklenburg,Charlotte 1,68685.0,,2022-03-18,,0,
Mecklenburg,Charlotte 1,68685.0,,2022-03-19,8366.600265340756,0,2526849.95226652
Mecklenburg,Charlotte 1,68685.0,,2022-03-20,,0,
Mecklenburg,Charlotte 1,68685.0,,2022-03-21,,0,
Mecklenburg,Charlotte 1,68685.0,,2022-03-22,9791.578013783075,0,2789928.71467053
Mecklenburg,Charlotte 1,68685.0,,2022-03-23,,0,
Mecklenburg,Charlotte 1,68685.0,,2022-03-24,,0,
Mecklenburg,Charlotte 1,68685.0,,2022-03-25,,0,
Mecklenburg,Charlotte 1,68685.0,,2022-03-26,4107.919181288749,0,1170475.44995205
Mecklenburg,Charlotte 1,68685.0,,2022-03-27,,0,
Mecklenburg,Charlotte 1,68685.0,,2022-03-28,,0,
Mecklenburg,Charlotte 1,68685.0,,2022-03-29,11890.121950594115,0,3289575.82458369
Mecklenburg,Charlotte 1,68685.0,,2022-03-30,,0,
Mecklenburg,Charlotte 1,68685.0,,2022-03-31,,0,
Mecklenburg,Charlotte 1,68685.0,,2022-04-01,,0,
Mecklenburg,Charlotte 1,68685.0,,2022-04-02,17825.54346997589,0,5118354.68921883
Mecklenburg,Charlotte 1,68685.0,,2022-04-03,,0,
Mecklenburg,Charlotte 1,68685.0,,2022-04-04,,0,
Mecklenburg,Charlotte 1,68685.0,,2022-04-05,7123.903424387502,0,2006267.3182773
Mecklenburg,Charlotte 1,68685.0,,2022-04-06,,0,
Mecklenburg,Charlotte 1,68685.0,,2022-04-07,,0,
Mecklenburg,Charlotte 1,68685.0,,2022-04-08,,0,
Mecklenburg,Charlotte 1,68685.0,,2022-04-09,10222.524150130448,0,3031030.42728866
Mecklenburg,Charlotte 1,68685.0,,2022-04-10,,0,
Mecklenburg,Charlotte 1,68685.0,,2022-04-11,,0,
Mecklenburg,Charlotte 1,68685.0,,2022-04-12,,0,
Mecklenburg,Charlotte 1,68685.0,,2022-04-13,,0,
Mecklenburg,Charlotte 1,68685.0,,2022-04-14,,0,
Mecklenburg,Charlotte 1,68685.0,,2022-04-15,87500.00000000004,0,22616779.8645992
Mecklenburg,Charlotte 1,68685.0,,2022-04-16,,0,
Mecklenburg,Charlotte 1,68685.0,,2022-04-17,,0,
Mecklenburg,Charlotte 1,68685.0,,2022-04-18,,0,
Mecklenburg,Charlotte 1,68685.0,,2022-04-19,57500.00000000006,0,15527938.4145009
Mecklenburg,Charlotte 1,68685.0,,2022-04-20,,0,
Mecklenburg,Charlotte 1,68685.0,,2022-04-21,,0,
Mecklenburg,Charlotte 1,68685.0,,2022-04-22,,0,
Mecklenburg,Charlotte 1,68685.0,,2022-04-23,45552.16789572152,0,11849524.5305908
Mecklenburg,Charlotte 1,68685.0,,2022-04-24,,0,
Mecklenburg,Charlotte 1,68685.0,,2022-04-25,,0,
Mecklenburg,Charlotte 1,68685.0,,2022-04-26,87464.27842267945,0,25210547.7469685
Mecklenburg,Charlotte 1,68685.0,,2022-04-27,,0,
Mecklenburg,Charlotte 1,68685.0,,2022-04-28,,0,
Mecklenburg,Charlotte 1,68685.0,,2022-04-29,,0,
Mecklenburg,Charlotte 1,68685.0,,2022-04-30,128257.55338380657,0,34211978.3079662
Mecklenburg,Charlotte 1,68685.0,,2022-05-01,,0,
Mecklenburg,Charlotte 1,68685.0,,2022-05-02,,0,
Mecklenburg,Charlotte 1,68685.0,,2022-05-03,109886.30487917965,0,31128383.184636895
Mecklenburg,Charlotte 1,68685.0,,2022-05-04,,0,
Mecklenburg,Charlotte 1,68685.0,,2022-05-05,,0,
Mecklenburg,Charlotte 1,68685.0,,2022-05-06,,0,
Mecklenburg,Charlotte 1,68685.0,,2022-05-07,108426.24221100724,0,28683062.4863452
Mecklenburg,Charlotte 1,68685.0,,2022-05-08,,0,
Mecklenburg,Charlotte 1,68685.0,,2022-05-09,,0,
Mecklenburg,Charlotte 1,68685.0,,2022-05-10,86926.69325356864,0,23474649.3811762
Mecklenburg,Charlotte 1,68685.0,,2022-05-11,,0,
Mecklenburg,Charlotte 1,68685.0,,2022-05-12,,0,
Mecklenburg,Charlotte 1,68685.0,,2022-05-13,,0,
Mecklenburg,Charlotte 1,68685.0,,2022-05-14,89965.27107723296,0,24196056.5075707
Mecklenburg,Charlotte 1,68685.0,,2022-05-15,,0,
Mecklenburg,Charlotte 1,68685.0,,2022-05-16,,0,
Mecklenburg,Charlotte 1,68685.0,,2022-05-17,67453.68781616028,0,18959450.6556365
Mecklenburg,Charlotte 1,68685.0,,2022-05-18,,0,
Mecklenburg,Charlotte 1,68685.0,,2022-05-19,,0,
Mecklenburg,Charlotte 1,68685.0,,2022-05-20,,0,
Mecklenburg,Charlotte 1,68685.0,,2022-05-21,92500.00000000004,0,24367978.597947095
Mecklenburg,Charlotte 1,68685.0,,2022-05-22,,0,
Mecklenburg,Charlotte 1,68685.0,,2022-05-23,,0,
Mecklenburg,Charlotte 1,68685.0,,2022-05-24,84668.47110938045,0,22678162.457771
Mecklenburg,Charlotte 1,68685.0,,2022-05-25,,0,
Mecklenburg,Charlotte 1,68685.0,,2022-05-26,,0,
Mecklenburg,Charlotte 1,68685.0,,2022-05-27,,0,
Mecklenburg,Charlotte 1,68685.0,,2022-05-28,172209.90099294513,0,48498565.4161394
Mecklenburg,Charlotte 1,68685.0,,2022-05-29,,0,
Mecklenburg,Charlotte 1,68685.0,,2022-05-30,,0,
Mecklenburg,Charlotte 1,68685.0,,2022-05-31,,0,
Mecklenburg,Charlotte 1,68685.0,,2022-06-01,,0,
Mecklenburg,Charlotte 1,68685.0,,2022-06-02,,0,
Mecklenburg,Charlotte 1,68685.0,,2022-06-03,,0,
Mecklenburg,Charlotte 1,68685.0,,2022-06-04,69955.34289816621,0,18505976.3271783
Mecklenburg,Charlotte 1,68685.0,,2022-06-05,,0,
Mecklenburg,Charlotte 1,68685.0,,2022-06-06,,0,
Mecklenburg,Charlotte 1,68685.0,,2022-06-07,46997.340350279424,0,12380866.8520653
Mecklenburg,Charlotte 1,68685.0,,2022-06-08,,0,
Mecklenburg,Charlotte 1,68685.0,,2022-06-09,,0,
Mecklenburg,Charlotte 1,68685.0,,2022-06-10,,0,
Mecklenburg,Charlotte 1,68685.0,,2022-06-11,39520.56426722679,0,10280518.3019901
Mecklenburg,Charlotte 1,68685.0,,2022-06-12,,0,
Mecklenburg,Charlotte 1,68685.0,,2022-06-13,,0,
Mecklenburg,Charlotte 1,68685.0,,2022-06-14,21498.546462493694,0,5710919.14239463
Mecklenburg,Charlotte 1,68685.0,,2022-06-15,,0,
Mecklenburg,Charlotte 1,68685.0,,2022-06-16,,0,
Mecklenburg,Charlotte 1,68685.0,,2022-06-17,,0,
Mecklenburg,Charlotte 1,68685.0,,2022-06-18,93541.43466934857,0,24023695.7134113
Mecklenburg,Charlotte 1,68685.0,,2022-06-19,,0,
Mecklenburg,Charlotte 1,68685.0,,2022-06-20,,0,
Mecklenburg,Charlotte 1,68685.0,,2022-06-21,65954.52979136456,0,16866015.0777485
Mecklenburg,Charlotte 1,68685.0,,2022-06-22,,0,
Mecklenburg,Charlotte 1,68685.0,,2022-06-23,,0,
Mecklenburg,Charlotte 1,68685.0,,2022-06-24,,0,
Mecklenburg,Charlotte 1,68685.0,,2022-06-25,40188.61779160862,0,10299257.0592684
Mecklenburg,Charlotte 1,68685.0,,2022-06-26,,0,
Mecklenburg,Charlotte 1,68685.0,,2022-06-27,,0,
Mecklenburg,Charlotte 1,68685.0,,2022-06-28,,0,
Mecklenburg,Charlotte 1,68685.0,,2022-06-29,,0,
Mecklenburg,Charlotte 1,68685.0,,2022-06-30,,0,
Mecklenburg,Charlotte 1,68685.0,,2022-07-01,,0,
Mecklenburg,Charlotte 1,68685.0,,2022-07-02,73229.09257938416,0,19533447.0426148
Mecklenburg,Charlotte 1,68685.0,,2022-07-03,,0,
Mecklenburg,Charlotte 1,68685.0,,2022-07-04,,0,
Mecklenburg,Charlotte 1,68685.0,,2022-07-05,,0,
Mecklenburg,Charlotte 1,68685.0,,2022-07-06,,0,
Mecklenburg,Charlotte 1,68685.0,,2022-07-07,,0,
Mecklenburg,Charlotte 1,68685.0,,2022-07-08,,0,
Mecklenburg,Charlotte 1,68685.0,,2022-07-09,139977.6767916941,0,36103932.5815486
Mecklenburg,Charlotte 1,68685.0,,2022-07-10,,0,
Mecklenburg,Charlotte 1,68685.0,,2022-07-11,,0,
Mecklenburg,Charlotte 1,68685.0,,2022-07-12,,0,
Mecklenburg,Charlotte 1,68685.0,,2022-07-13,,0,
Mecklenburg,Charlotte 1,68685.0,,2022-07-14,,0,
Mecklenburg,Charlotte 1,68685.0,,2022-07-15,41496.98784249292,0,13996449.1578555
Mecklenburg,Charlotte 1,68685.0,,2022-07-16,,0,
Mecklenburg,Charlotte 1,68685.0,,2022-07-17,,0,
Mecklenburg,Charlotte 1,68685.0,,2022-07-18,,0,
Mecklenburg,Charlotte 1,68685.0,,2022-07-19,72327.38070744721,0,20130010.0166899
Mecklenburg,Charlotte 1,68685.0,,2022-07-20,,0,
Mecklenburg,Charlotte 1,68685.0,,2022-07-21,,0,
Mecklenburg,Charlotte 1,68685.0,,2022-07-22,,0,
Mecklenburg,Charlotte 1,68685.0,,2022-07-23,54943.15243958982,0,14716336.7974061
Mecklenburg,Charlotte 1,68685.0,,2022-07-24,,0,
Mecklenburg,Charlotte 1,68685.0,,2022-07-25,,0,
Mecklenburg,Charlotte 1,68685.0,,2022-07-26,41747.0058806617,0,11089762.5305724
Mecklenburg,Charlotte 1,68685.0,,2022-07-27,,0,
Mecklenburg,Charlotte 1,68685.0,,2022-07-28,,0,
Mecklenburg,Charlotte 1,68685.0,,2022-07-29,,0,
Mecklenburg,Charlotte 1,68685.0,,2022-07-30,104522.72480183437,0,27765636.664200895
Mecklenburg,Charlotte 1,68685.0,,2022-07-31,,0,
Mecklenburg,Charlotte 1,68685.0,,2022-08-01,,0,
Mecklenburg,Charlotte 1,68685.0,,2022-08-02,92364.76600955585,0,27793859.1465246
Mecklenburg,Charlotte 1,68685.0,,2022-08-03,,0,
Mecklenburg,Charlotte 1,68685.0,,2022-08-04,,0,
Mecklenburg,Charlotte 1,68685.0,,2022-08-05,,0,
Mecklenburg,Charlotte 1,68685.0,,2022-08-06,74411.7556236916,0,20751139.1755679
Mecklenburg,Charlotte 1,68685.0,,2022-08-07,,0,
Mecklenburg,Charlotte 1,68685.0,,2022-08-08,,0,
Mecklenburg,Charlotte 1,68685.0,,2022-08-09,117260.3939955858,0,31278548.1238335
Mecklenburg,Charlotte 1,68685.0,,2022-08-10,,0,
Mecklenburg,Charlotte 1,68685.0,,2022-08-11,,0,
Mecklenburg,Charlotte 1,68685.0,,2022-08-12,,0,
Mecklenburg,Charlotte 1,68685.0,,2022-08-13,,0,
Mecklenburg,Charlotte 1,68685.0,,2022-08-14,45055.52130427526,0,13011554.3802703
Mecklenburg,Charlotte 1,68685.0,,2022-08-15,130981.86897429754,0,34794299.4256354
Mecklenburg,Charlotte 1,68685.0,,2022-08-16,,0,
Mecklenburg,Charlotte 1,68685.0,,2022-08-17,,0,
Mecklenburg,Charlotte 1,68685.0,,2022-08-18,,0,
Mecklenburg,Charlotte 1,68685.0,,2022-08-19,,0,
Mecklenburg,Charlotte 1,68685.0,,2022-08-20,61237.24356957946,0,16334689.0172833
Mecklenburg,Charlotte 1,68685.0,,2022-08-21,,0,
Mecklenburg,Charlotte 1,68685.0,,2022-08-22,,0,
Mecklenburg,Charlotte 1,68685.0,,2022-08-23,14893.371008606473,0,4703243.95005546
Mecklenburg,Charlotte 1,68685.0,,2022-08-24,,0,
Mecklenburg,Charlotte 1,68685.0,,2022-08-25,,0,
Mecklenburg,Charlotte 1,68685.0,,2022-08-26,,0,
Mecklenburg,Charlotte 1,68685.0,,2022-08-27,62299.67897188563,0,16412078.3118474
Mecklenburg,Charlotte 1,68685.0,,2022-08-28,,0,
Mecklenburg,Charlotte 1,68685.0,,2022-08-29,,0,
Mecklenburg,Charlotte 1,68685.0,,2022-08-30,127573.5082217308,0,35716926.9964985
Mecklenburg,Charlotte 1,68685.0,,2022-08-31,,0,
Mecklenburg,Charlotte 1,68685.0,,2022-09-01,,0,
Mecklenburg,Charlotte 1,68685.0,,2022-09-02,,0,
Mecklenburg,Charlotte 1,68685.0,,2022-09-03,59947.89404140901,0,15660374.6584351
Mecklenburg,Charlotte 1,68685.0,,2022-09-04,,0,
Mecklenburg,Charlotte 1,68685.0,,2022-09-05,,0,
Mecklenburg,Charlotte 1,68685.0,,2022-09-06,,0,
Mecklenburg,Charlotte 1,68685.0,,2022-09-07,66238.20649745897,0,21209702.2777396
Mecklenburg,Charlotte 1,68685.0,,2022-09-08,,0,
Mecklenburg,Charlotte 1,68685.0,,2022-09-09,,0,
Mecklenburg,Charlotte 1,68685.0,,2022-09-10,78421.93570679058,0,20572846.5053585
Mecklenburg,Charlotte 1,68685.0,,2022-09-11,,0,
Mecklenburg,Charlotte 1,68685.0,,2022-09-12,,0,
Mecklenburg,Charlotte 1,68685.0,,2022-09-13,91923.88155425116,0,27661190.8036052
Mecklenburg,Charlotte 1,68685.0,,2022-09-14,,0,
Mecklenburg,Charlotte 1,68685.0,,2022-09-15,,0,
Mecklenburg,Charlotte 1,68685.0,,2022-09-16,,0,
Mecklenburg,Charlotte 1,68685.0,,2022-09-17,37456.64160065614,0,9619768.6452133
Mecklenburg,Charlotte 1,68685.0,,2022-09-18,,0,
Mecklenburg,Charlotte 1,68685.0,,2022-09-19,,0,
Mecklenburg,Charlotte 1,68685.0,,2022-09-20,47657.63317664872,0,13263975.8806984
Mecklenburg,Charlotte 1,68685.0,,2022-09-21,,0,
Mecklenburg,Charlotte 1,68685.0,,2022-09-22,,0,
Mecklenburg,Charlotte 1,68685.0,,2022-09-23,,0,
Mecklenburg,Charlotte 1,68685.0,,2022-09-24,78660.66361276139,0,20895584.283491
Mecklenburg,Charlotte 1,68685.0,,2022-09-25,,0,
Mecklenburg,Charlotte 1,68685.0,,2022-09-26,,0,
Mecklenburg,Charlotte 1,68685.0,,2022-09-27,43646.30568559037,0,11882951.2146558
Mecklenburg,Charlotte 1,68685.0,,2022-09-28,,0,
Mecklenburg,Charlotte 1,68685.0,,2022-09-29,,0,
Mecklenburg,Charlotte 1,68685.0,,2022-09-30,,0,
Mecklenburg,Charlotte 1,68685.0,,2022-10-01,37165.17186829628,0,9340085.74873021
Mecklenburg,Charlotte 1,68685.0,,2022-10-02,,0,
Mecklenburg,Charlotte 1,68685.0,,2022-10-03,,0,
Mecklenburg,Charlotte 1,68685.0,,2022-10-04,,0,
Mecklenburg,Charlotte 1,68685.0,,2022-10-05,,0,
Mecklenburg,Charlotte 1,68685.0,,2022-10-06,,0,
Mecklenburg,Charlotte 1,68685.0,,2022-10-07,27968.314287597685,0,7337077.7151392
Mecklenburg,Charlotte 1,68685.0,,2022-10-08,,0,
Mecklenburg,Charlotte 1,68685.0,,2022-10-09,,0,
Mecklenburg,Charlotte 1,68685.0,,2022-10-10,,0,
Mecklenburg,Charlotte 1,68685.0,,2022-10-11,31498.146475023026,0,8523468.60017139
Mecklenburg,Charlotte 1,68685.0,,2022-10-12,,0,
Mecklenburg,Charlotte 1,68685.0,,2022-10-13,,0,
Mecklenburg,Charlotte 1,68685.0,,2022-10-14,,0,
Mecklenburg,Charlotte 1,68685.0,,2022-10-15,27783.763244024394,0,7273351.13305185
Mecklenburg,Charlotte 1,68685.0,,2022-10-16,,0,
Mecklenburg,Charlotte 1,68685.0,,2022-10-17,,0,
Mecklenburg,Charlotte 1,68685.0,,2022-10-18,36997.46612945273,0,10093157.6183712
Mecklenburg,Charlotte 1,68685.0,,2022-10-19,,0,
Mecklenburg,Charlotte 1,68685.0,,2022-10-20,,0,
Mecklenburg,Charlotte 1,68685.0,,2022-10-21,,0,
Mecklenburg,Charlotte 1,68685.0,,2022-10-22,38906.94025492115,0,10614075.0036083
Mecklenburg,Charlotte 1,68685.0,,2022-10-23,,0,
Mecklenburg,Charlotte 1,68685.0,,2022-10-24,,0,
Mecklenburg,Charlotte 1,68685.0,,2022-10-25,72456.8837309473,0,20285851.370599695
Mecklenburg,Charlotte 1,68685.0,,2022-10-26,,0,
Mecklenburg,Charlotte 1,68685.0,,2022-10-27,84963.22733983211,0,22897587.9125873
Mecklenburg,Charlotte 1,68685.0,,2022-10-28,,0,
Mecklenburg,Charlotte 1,68685.0,,2022-10-29,,0,
Mecklenburg,Charlotte 1,68685.0,,2022-10-30,,0,
Mecklenburg,Charlotte 1,68685.0,,2022-10-31,,0,
Mecklenburg,Charlotte 1,68685.0,,2022-11-01,59686.68193156658,0,16052664.6724133
Mecklenburg,Charlotte 1,68685.0,,2022-11-02,,0,
Mecklenburg,Charlotte 1,68685.0,,2022-11-03,,0,
Mecklenburg,Charlotte 1,68685.0,,2022-11-04,,0,
Mecklenburg,Charlotte 1,68685.0,,2022-11-05,63737.74391990987,0,17247575.4844148
Mecklenburg,Charlotte 1,68685.0,,2022-11-06,,0,
Mecklenburg,Charlotte 1,68685.0,,2022-11-07,,0,
Mecklenburg,Charlotte 1,68685.0,,2022-11-08,24566.236993076498,0,7351709.57237829
Mecklenburg,Charlotte 1,68685.0,,2022-11-09,,0,
Mecklenburg,Charlotte 1,68685.0,,2022-11-10,,0,
Mecklenburg,Charlotte 1,68685.0,,2022-11-11,38008.222794548055,0,9677638.91296713
Mecklenburg,Charlotte 1,68685.0,,2022-11-12,,0,
Mecklenburg,Charlotte 1,68685.0,,2022-11-13,,0,
Mecklenburg,Charlotte 1,68685.0,,2022-11-14,,0,
Mecklenburg,Charlotte 1,68685.0,,2022-11-15,38487.82274953996,0,10902757.1343611
Mecklenburg,Charlotte 1,68685.0,,2022-11-16,,0,
Mecklenburg,Charlotte 1,68685.0,,2022-11-17,,0,
Mecklenburg,Charlotte 1,68685.0,,2022-11-18,,0,
Mecklenburg,Charlotte 1,68685.0,,2022-11-19,46314.1447076377,0,12481660.9872616
Mecklenburg,Charlotte 1,68685.0,,2022-11-20,,0,
Mecklenburg,Charlotte 1,68685.0,,2022-11-21,,0,
Mecklenburg,Charlotte 1,68685.0,,2022-11-22,47434.164902525656,0,12809648.5452122
Mecklenburg,Charlotte 1,68685.0,,2022-11-23,,0,
Mecklenburg,Charlotte 1,68685.0,,2022-11-24,37591.55490266398,0,9820158.7091985
Mecklenburg,Charlotte 1,68685.0,,2022-11-25,,0,
Mecklenburg,Charlotte 1,68685.0,,2022-11-26,,0,
Mecklenburg,Charlotte 1,68685.0,,2022-11-27,,0,
Mecklenburg,Charlotte 1,68685.0,,2022-11-28,,0,
Mecklenburg,Charlotte 1,68685.0,,2022-11-29,72284.16147400488,0,26611507.9734426
Mecklenburg,Charlotte 1,68685.0,,2022-11-30,,0,
Mecklenburg,Charlotte 1,68685.0,,2022-12-01,,0,
Mecklenburg,Charlotte 1,68685.0,,2022-12-02,,0,
Mecklenburg,Charlotte 1,68685.0,,2022-12-03,55565.27692723222,0,15893542.8152433
Mecklenburg,Charlotte 1,68685.0,,2022-12-04,,0,
Mecklenburg,Charlotte 1,68685.0,,2022-12-05,,0,
Mecklenburg,Charlotte 1,68685.0,,2022-12-06,43588.98943540675,0,12323782.9500339
Mecklenburg,Charlotte 1,68685.0,,2022-12-07,,0,
Mecklenburg,Charlotte 1,68685.0,,2022-12-08,,0,
Mecklenburg,Charlotte 1,68685.0,,2022-12-09,,0,
Mecklenburg,Charlotte 1,68685.0,,2022-12-10,42049.07846790469,0,12305545.730044
Mecklenburg,Charlotte 1,68685.0,,2022-12-11,,0,
Mecklenburg,Charlotte 1,68685.0,,2022-12-12,,0,
Mecklenburg,Charlotte 1,68685.0,,2022-12-13,76034.53162872783,0,21957962.4078547
Mecklenburg,Charlotte 1,68685.0,,2022-12-14,,0,
Mecklenburg,Charlotte 1,68685.0,,2022-12-15,,0,
Mecklenburg,Charlotte 1,68685.0,,2022-12-16,,0,
Mecklenburg,Charlotte 1,68685.0,,2022-12-17,95916.63046625434,0,45144168.6356239
Mecklenburg,Charlotte 1,68685.0,,2022-12-18,,0,
Mecklenburg,Charlotte 1,68685.0,,2022-12-19,,0,
Mecklenburg,Charlotte 1,68685.0,,2022-12-20,33888.604279314946,0,9973436.22176348
Mecklenburg,Charlotte 1,68685.0,,2022-12-21,,0,
Mecklenburg,Charlotte 1,68685.0,,2022-12-22,,0,
Mecklenburg,Charlotte 1,68685.0,,2022-12-23,,0,
Mecklenburg,Charlotte 1,68685.0,,2022-12-24,76852.13074469699,0,52012071.9844738
Mecklenburg,Charlotte 1,68685.0,,2022-12-25,,0,
Mecklenburg,Charlotte 1,68685.0,,2022-12-26,,0,
Mecklenburg,Charlotte 1,68685.0,,2022-12-27,,0,
Mecklenburg,Charlotte 1,68685.0,,2022-12-28,,0,
Mecklenburg,Charlotte 1,68685.0,,2022-12-29,,0,
Mecklenburg,Charlotte 1,68685.0,,2022-12-30,,0,
Mecklenburg,Charlotte 1,68685.0,,2022-12-31,253229.14524201234,0,74106804.2509905
Mecklenburg,Charlotte 1,68685.0,,2023-01-01,,0,
Mecklenburg,Charlotte 1,68685.0,,2023-01-02,,0,
Mecklenburg,Charlotte 1,68685.0,,2023-01-03,,0,
Mecklenburg,Charlotte 1,68685.0,,2023-01-04,,0,
Mecklenburg,Charlotte 1,68685.0,,2023-01-05,,0,
Mecklenburg,Charlotte 1,68685.0,,2023-01-06,,0,
Mecklenburg,Charlotte 1,68685.0,,2023-01-07,28578.838324886485,0,10111823.3690043
Mecklenburg,Charlotte 1,68685.0,,2023-01-08,,0,
Mecklenburg,Charlotte 1,68685.0,,2023-01-09,,0,
Mecklenburg,Charlotte 1,68685.0,,2023-01-10,40398.019753448374,0,13202757.4779062
Mecklenburg,Charlotte 1,68685.0,,2023-01-11,,0,
Mecklenburg,Charlotte 1,68685.0,,2023-01-12,,0,
Mecklenburg,Charlotte 1,68685.0,,2023-01-13,,0,
Mecklenburg,Charlotte 1,68685.0,,2023-01-14,35791.93344875347,0,12308910.7903025
Mecklenburg,Charlotte 1,68685.0,,2023-01-15,,0,
Mecklenburg,Charlotte 1,68685.0,,2023-01-16,,0,
Mecklenburg,Charlotte 1,68685.0,,2023-01-17,,0,
Mecklenburg,Charlotte 1,68685.0,,2023-01-18,,0,
Mecklenburg,Charlotte 1,68685.0,,2023-01-19,,0,
Mecklenburg,Charlotte 1,68685.0,,2023-01-20,54221.76684690387,0,15270189.9904753
Mecklenburg,Charlotte 1,68685.0,,2023-01-21,,0,
Mecklenburg,Charlotte 1,68685.0,,2023-01-22,,0,
Mecklenburg,Charlotte 1,68685.0,,2023-01-23,,0,
Mecklenburg,Charlotte 1,68685.0,,2023-01-24,47816.053789496254,0,17366368.8607012
Mecklenburg,Charlotte 1,68685.0,,2023-01-25,,0,
Mecklenburg,Charlotte 1,68685.0,,2023-01-26,,0,
Mecklenburg,Charlotte 1,68685.0,,2023-01-27,,0,
Mecklenburg,Charlotte 1,68685.0,,2023-01-28,77459.66692414832,0,25656651.3398817
Mecklenburg,Charlotte 1,68685.0,,2023-01-29,,0,
Mecklenburg,Charlotte 1,68685.0,,2023-01-30,,0,
Mecklenburg,Charlotte 1,68685.0,,2023-01-31,88317.60866327854,0,27841536.8969983
Mecklenburg,Charlotte 1,68685.0,,2023-02-01,,0,
Mecklenburg,Charlotte 1,68685.0,,2023-02-02,,0,
Mecklenburg,Charlotte 1,68685.0,,2023-02-03,,0,
Mecklenburg,Charlotte 1,68685.0,,2023-02-04,22551.3303376985,0,8028872.47372341
Mecklenburg,Charlotte 1,68685.0,,2023-02-05,,0,
Mecklenburg,Charlotte 1,68685.0,,2023-02-06,,0,
Mecklenburg,Charlotte 1,68685.0,,2023-02-07,19364.91673103708,0,6211385.64052043
Mecklenburg,Charlotte 1,68685.0,,2023-02-08,,0,
Mecklenburg,Charlotte 1,68685.0,,2023-02-09,,0,
Mecklenburg,Charlotte 1,68685.0,,2023-02-10,,0,
Mecklenburg,Charlotte 1,68685.0,,2023-02-11,49909.91885387112,0,15156130.5616981
Mecklenburg,Charlotte 1,68685.0,,2023-02-12,,0,
Mecklenburg,Charlotte 1,68685.0,,2023-02-13,,0,
Mecklenburg,Charlotte 1,68685.0,,2023-02-14,21106.870919205416,0,10969464.3771477
Mecklenburg,Charlotte 1,68685.0,,2023-02-15,,0,
Mecklenburg,Charlotte 1,68685.0,,2023-02-16,,0,
Mecklenburg,Charlotte 1,68685.0,,2023-02-17,,0,
Mecklenburg,Charlotte 1,68685.0,,2023-02-18,,0,
Mecklenburg,Charlotte 1,68685.0,,2023-02-19,43201.56247174404,0,13523766.5460794
Mecklenburg,Charlotte 1,68685.0,,2023-02-20,,0,
Mecklenburg,Charlotte 1,68685.0,,2023-02-21,,0,
Mecklenburg,Charlotte 1,68685.0,,2023-02-22,39187.05143283938,0,11770338.8147571
Mecklenburg,Charlotte 1,68685.0,,2023-02-23,,0,
Mecklenburg,Charlotte 1,68685.0,,2023-02-24,,0,
Mecklenburg,Charlotte 1,68685.0,,2023-02-25,17958.28499606796,0,5512770.71521181
Mecklenburg,Charlotte 1,68685.0,,2023-02-26,,0,
Mecklenburg,Charlotte 1,68685.0,,2023-02-27,,0,
Mecklenburg,Charlotte 1,68685.0,,2023-02-28,8831.760866327846,0,2667336.05236977
Mecklenburg,Charlotte 1,68685.0,,2023-03-01,,0,
Mecklenburg,Charlotte 1,68685.0,,2023-03-02,,0,
Mecklenburg,Charlotte 1,68685.0,,2023-03-03,,0,
Mecklenburg,Charlotte 1,68685.0,,2023-03-04,6259.992012774463,0,2180422.88994378
Mecklenburg,Charlotte 1,68685.0,,2023-03-05,,0,
Mecklenburg,Charlotte 1,68685.0,,2023-03-06,,0,
Mecklenburg,Charlotte 1,68685.0,,2023-03-07,71807.03308172537,0,22953285.1359084
Mecklenburg,Charlotte 1,68685.0,,2023-03-08,,0,
Mecklenburg,Charlotte 1,68685.0,,2023-03-09,,0,
Mecklenburg,Charlotte 1,68685.0,,2023-03-10,,0,
Mecklenburg,Charlotte 1,68685.0,,2023-03-11,12999.999999999998,0,3926212.36077746
Mecklenburg,Charlotte 1,68685.0,,2023-03-12,,0,
Mecklenburg,Charlotte 1,68685.0,,2023-03-13,,0,
Mecklenburg,Charlotte 1,68685.0,,2023-03-14,,0,
Mecklenburg,Charlotte 1,68685.0,,2023-03-15,,0,
Mecklenburg,Charlotte 1,68685.0,,2023-03-16,,0,
Mecklenburg,Charlotte 1,68685.0,,2023-03-17,,0,
Mecklenburg,Charlotte 1,68685.0,,2023-03-18,16257.490581267457,0,4730829.6365818
Mecklenburg,Charlotte 1,68685.0,,2023-03-19,,0,
Mecklenburg,Charlotte 1,68685.0,,2023-03-20,,0,
Mecklenburg,Charlotte 1,68685.0,,2023-03-21,6976.904757842129,0,2126364.93040628
Mecklenburg,Charlotte 1,68685.0,,2023-03-22,,0,
Mecklenburg,Charlotte 1,68685.0,,2023-03-23,,0,
Mecklenburg,Charlotte 1,68685.0,,2023-03-24,,0,
Mecklenburg,Charlotte 1,68685.0,,2023-03-25,40389.850210170414,0,12042575.641144
Mecklenburg,Charlotte 1,68685.0,,2023-03-26,,0,
Mecklenburg,Charlotte 1,68685.0,,2023-03-27,,0,
Mecklenburg,Charlotte 1,68685.0,,2023-03-28,77939.20707833763,0,24440952.3732837
Mecklenburg,Charlotte 1,68685.0,,2023-03-29,,0,
Mecklenburg,Charlotte 1,68685.0,,2023-03-30,,0,
Mecklenburg,Charlotte 1,68685.0,,2023-03-31,,0,
Mecklenburg,Charlotte 1,68685.0,,2023-04-01,76269.52209106856,0,24421764.1442195
Mecklenburg,Charlotte 1,68685.0,,2023-04-02,,0,
Mecklenburg,Charlotte 1,68685.0,,2023-04-03,,0,
Mecklenburg,Charlotte 1,68685.0,,2023-04-04,95518.8190881775,0,31059240.4874526
Mecklenburg,Charlotte 1,68685.0,,2023-04-05,,0,
Mecklenburg,Charlotte 1,68685.0,,2023-04-06,,0,
Mecklenburg,Charlotte 1,68685.0,,2023-04-07,45657.62148864087,0,14292608.3857613
Mecklenburg,Charlotte 1,68685.0,,2023-04-08,,0,
Mecklenburg,Charlotte 1,68685.0,,2023-04-09,,0,
Mecklenburg,Charlotte 1,68685.0,,2023-04-10,,0,
Mecklenburg,Charlotte 1,68685.0,,2023-04-11,16791.319185817436,0,6959091.27957879
Mecklenburg,Charlotte 1,68685.0,,2023-04-12,,0,
Mecklenburg,Charlotte 1,68685.0,,2023-04-13,,0,
Mecklenburg,Charlotte 1,68685.0,,2023-04-14,,0,
Mecklenburg,Charlotte 1,68685.0,,2023-04-15,89331.79053394141,0,28062785.0528781
Mecklenburg,Charlotte 1,68685.0,,2023-04-16,,0,
Mecklenburg,Charlotte 1,68685.0,,2023-04-17,,0,
Mecklenburg,Charlotte 1,68685.0,,2023-04-18,,0,
Mecklenburg,Charlotte 1,68685.0,,2023-04-19,65556.76929196567,0,21316673.3263311
Mecklenburg,Charlotte 1,68685.0,,2023-04-20,,0,
Mecklenburg,Charlotte 1,68685.0,,2023-04-21,,0,
Mecklenburg,Charlotte 1,68685.0,,2023-04-22,27678.338100399058,0,8832190.93327511
Mecklenburg,Charlotte 1,68685.0,,2023-04-23,,0,
Mecklenburg,Charlotte 1,68685.0,,2023-04-24,,0,
Mecklenburg,Charlotte 1,68685.0,,2023-04-25,0.0,0,1089560.56854105
Mecklenburg,Charlotte 1,68685.0,,2023-04-26,,0,
Mecklenburg,Charlotte 1,68685.0,,2023-04-27,,0,
Mecklenburg,Charlotte 1,68685.0,,2023-04-28,,0,
Mecklenburg,Charlotte 1,68685.0,,2023-04-29,35633.209229593725,0,18872446.408854
Mecklenburg,Charlotte 1,68685.0,,2023-04-30,,0,
Mecklenburg,Charlotte 1,68685.0,,2023-05-01,,0,
Mecklenburg,Charlotte 1,68685.0,,2023-05-02,7382.194795587559,0,2933395.63066398
Mecklenburg,Charlotte 1,68685.0,,2023-05-03,,0,
Mecklenburg,Charlotte 1,68685.0,,2023-05-04,,0,
Mecklenburg,Charlotte 1,68685.0,,2023-05-05,,0,
Mecklenburg,Charlotte 1,68685.0,,2023-05-06,91571.71615733765,0,30229993.3072503
Mecklenburg,Charlotte 1,68685.0,,2023-05-07,,0,
Mecklenburg,Charlotte 1,68685.0,,2023-05-08,,0,
Mecklenburg,Charlotte 1,68685.0,,2023-05-09,39151.827543551575,0,13032833.6757588
Mecklenburg,Charlotte 1,68685.0,,2023-05-10,,0,
Mecklenburg,Charlotte 1,68685.0,,2023-05-11,,0,
Mecklenburg,Charlotte 1,68685.0,,2023-05-12,,0,
Mecklenburg,Charlotte 1,68685.0,,2023-05-13,24510.283556091334,0,7902310.258912191
Mecklenburg,Charlotte 1,68685.0,,2023-05-14,,0,
Mecklenburg,Charlotte 1,68685.0,,2023-05-15,,0,
Mecklenburg,Charlotte 1,68685.0,,2023-05-16,17770.706232448956,0,5797974.08057201
Mecklenburg,Charlotte 1,68685.0,,2023-05-17,,0,
Mecklenburg,Charlotte 1,68685.0,,2023-05-18,,0,
Mecklenburg,Charlotte 1,68685.0,,2023-05-19,,0,
Mecklenburg,Charlotte 1,68685.0,,2023-05-20,26387.38334886579,0,16622350.3620316
Mecklenburg,Charlotte 1,68685.0,,2023-05-21,,0,
Mecklenburg,Charlotte 1,68685.0,,2023-05-22,,0,
Mecklenburg,Charlotte 1,68685.0,,2023-05-23,25421.211615499386,0,16630175.7925795
Mecklenburg,Charlotte 1,68685.0,,2023-05-24,,0,
Mecklenburg,Charlotte 1,68685.0,,2023-05-25,,0,
Mecklenburg,Charlotte 1,68685.0,,2023-05-26,,0,
Mecklenburg,Charlotte 1,68685.0,,2023-05-27,36024.55829014423,0,11356501.6536747
Mecklenburg,Charlotte 1,68685.0,,2023-05-28,,0,
Mecklenburg,Charlotte 1,68685.0,,2023-05-29,,0,
Mecklenburg,Charlotte 1,68685.0,,2023-05-30,,0,
Mecklenburg,Charlotte 1,68685.0,,2023-05-31,,0,
Mecklenburg,Charlotte 1,68685.0,,2023-06-01,,0,
Mecklenburg,Charlotte 1,68685.0,,2023-06-02,,0,
Mecklenburg,Charlotte 1,68685.0,,2023-06-03,38413.50283428992,0,12300136.1546776
Mecklenburg,Charlotte 1,68685.0,,2023-06-04,,0,
Mecklenburg,Charlotte 1,68685.0,,2023-06-05,,0,
Mecklenburg,Charlotte 1,68685.0,,2023-06-06,40531.49392756208,0,15457831.9345516
Mecklenburg,Charlotte 1,68685.0,,2023-06-07,,0,
Mecklenburg,Charlotte 1,68685.0,,2023-06-08,,0,
Mecklenburg,Charlotte 1,68685.0,,2023-06-09,,0,
Mecklenburg,Charlotte 1,68685.0,,2023-06-10,19800.0,0,6372765.12775713
Mecklenburg,Charlotte 1,68685.0,,2023-06-11,,0,
Mecklenburg,Charlotte 1,68685.0,,2023-06-12,,0,
Mecklenburg,Charlotte 1,68685.0,,2023-06-13,36777.79221214886,0,12202028.1128631
Mecklenburg,Charlotte 1,68685.0,,2023-06-14,,0,
Mecklenburg,Charlotte 1,68685.0,,2023-06-15,,0,
Mecklenburg,Charlotte 1,68685.0,,2023-06-16,,0,
Mecklenburg,Charlotte 1,68685.0,,2023-06-17,36045.837485068914,0,11581733.0428647
Mecklenburg,Charlotte 1,68685.0,,2023-06-18,,0,
Mecklenburg,Charlotte 1,68685.0,,2023-06-19,,0,
Mecklenburg,Charlotte 1,68685.0,,2023-06-20,,0,
Mecklenburg,Charlotte 1,68685.0,,2023-06-21,16202.444260049158,0,6715034.55506973
Mecklenburg,Charlotte 1,68685.0,,2023-06-22,,0,
Mecklenburg,Charlotte 1,68685.0,,2023-06-23,,0,
Mecklenburg,Charlotte 1,68685.0,,2023-06-24,25708.16990763832,0,8897759.86013524
Mecklenburg,Charlotte 1,68685.0,,2023-06-25,,0,
Mecklenburg,Charlotte 1,68685.0,,2023-06-26,,0,
Mecklenburg,Charlotte 1,68685.0,,2023-06-27,17762.8826489396,0,5942264.96315537
Mecklenburg,Charlotte 1,68685.0,,2023-06-28,,0,
Mecklenburg,Charlotte 1,68685.0,,2023-06-29,,0,
Mecklenburg,Charlotte 1,68685.0,,2023-06-30,,0,
Mecklenburg,Charlotte 1,68685.0,,2023-07-01,19719.999999999996,0,6455698.37257042
Mecklenburg,Charlotte 1,68685.0,,2023-07-02,,0,
Mecklenburg,Charlotte 1,68685.0,,2023-07-03,,0,
Mecklenburg,Charlotte 1,68685.0,,2023-07-04,116936.98302932223,0,36476922.5662816
Mecklenburg,Charlotte 1,68685.0,,2023-07-05,,0,
Mecklenburg,Charlotte 1,68685.0,,2023-07-06,,0,
Mecklenburg,Charlotte 1,68685.0,,2023-07-07,,0,
Mecklenburg,Charlotte 1,68685.0,,2023-07-08,54018.90780088029,0,17416125.2893396
Mecklenburg,Charlotte 1,68685.0,,2023-07-09,,0,
Mecklenburg,Charlotte 1,68685.0,,2023-07-10,,0,
Mecklenburg,Charlotte 1,68685.0,,2023-07-11,27278.05711556454,0,8599225.51296607
Mecklenburg,Charlotte 1,68685.0,,2023-07-12,,0,
Mecklenburg,Charlotte 1,68685.0,,2023-07-13,,0,
Mecklenburg,Charlotte 1,68685.0,,2023-07-14,,0,
Mecklenburg,Charlotte 1,68685.0,,2023-07-15,73521.27039163567,0,22569299.1535061
Mecklenburg,Charlotte 1,68685.0,,2023-07-16,,0,
Mecklenburg,Charlotte 1,68685.0,,2023-07-17,,0,
Mecklenburg,Charlotte 1,68685.0,,2023-07-18,,0,
Mecklenburg,Charlotte 1,68685.0,,2023-07-19,,0,
Mecklenburg,Charlotte 1,68685.0,,2023-07-20,,0,
Mecklenburg,Charlotte 1,68685.0,,2023-07-21,,0,
Mecklenburg,Charlotte 1,68685.0,,2023-07-22,,0,
Mecklenburg,Charlotte 1,68685.0,,2023-07-23,,0,
Mecklenburg,Charlotte 1,68685.0,,2023-07-24,,0,
Mecklenburg,Charlotte 1,68685.0,,2023-07-25,83548.31895376477,0,26430141.2200322
Mecklenburg,Charlotte 1,68685.0,,2023-07-26,,0,
Mecklenburg,Charlotte 1,68685.0,,2023-07-27,,0,
Mecklenburg,Charlotte 1,68685.0,,2023-07-28,,0,
Mecklenburg,Charlotte 1,68685.0,,2023-07-29,142695.65935935135,0,44590639.0694255
Mecklenburg,Charlotte 1,68685.0,,2023-07-30,,0,
Mecklenburg,Charlotte 1,68685.0,,2023-07-31,,0,
Mecklenburg,Charlotte 1,68685.0,,2023-08-01,40361.645159730506,0,12879449.4502796
Mecklenburg,Charlotte 1,68685.0,,2023-08-02,,0,
Mecklenburg,Charlotte 1,68685.0,,2023-08-03,,0,
Mecklenburg,Charlotte 1,68685.0,,2023-08-04,,0,
Mecklenburg,Charlotte 1,68685.0,,2023-08-05,148425.14477001532,0,46871837.3947898
Mecklenburg,Charlotte 1,68685.0,,2023-08-06,,0,
Mecklenburg,Charlotte 1,68685.0,,2023-08-07,,0,
Mecklenburg,Charlotte 1,68685.0,,2023-08-08,63668.2275550372,0,19895538.2934755
Mecklenburg,Charlotte 1,68685.0,,2023-08-09,,0,
Mecklenburg,Charlotte 1,68685.0,,2023-08-10,,0,
Mecklenburg,Charlotte 1,68685.0,,2023-08-11,,0,
Mecklenburg,Charlotte 1,68685.0,,2023-08-12,121399.32454507312,0,40277512.1039553
Mecklenburg,Charlotte 1,68685.0,,2023-08-13,,0,
Mecklenburg,Charlotte 1,68685.0,,2023-08-14,,0,
Mecklenburg,Charlotte 1,68685.0,,2023-08-15,76286.76949510965,0,24175025.6849244
Mecklenburg,Charlotte 1,68685.0,,2023-08-16,,0,
Mecklenburg,Charlotte 1,68685.0,,2023-08-17,,0,
Mecklenburg,Charlotte 1,68685.0,,2023-08-18,,0,
Mecklenburg,Charlotte 1,68685.0,,2023-08-19,78461.71040705152,0,23653476.0632516
Mecklenburg,Charlotte 1,68685.0,,2023-08-20,,0,
Mecklenburg,Charlotte 1,68685.0,,2023-08-21,,0,
Mecklenburg,Charlotte 1,68685.0,,2023-08-22,91583.66666606006,0,28164503.600949
Mecklenburg,Charlotte 1,68685.0,,2023-08-23,,0,
Mecklenburg,Charlotte 1,68685.0,,2023-08-24,,0,
Mecklenburg,Charlotte 1,68685.0,,2023-08-25,,0,
Mecklenburg,Charlotte 1,68685.0,,2023-08-26,178698.66479635492,0,55841135.6021415
Mecklenburg,Charlotte 1,68685.0,,2023-08-27,,0,
Mecklenburg,Charlotte 1,68685.0,,2023-08-28,,0,
Mecklenburg,Charlotte 1,68685.0,,2023-08-29,88473.12812374161,0,28865757.8927233
Mecklenburg,Charlotte 1,68685.0,,2023-08-30,,0,
Mecklenburg,Charlotte 1,68685.0,,2023-08-31,,0,
Mecklenburg,Charlotte 1,68685.0,,2023-09-01,,0,
Mecklenburg,Charlotte 1,68685.0,,2023-09-02,162211.67405584603,0,50778552.5677408
Mecklenburg,Charlotte 1,68685.0,,2023-09-03,,0,
Mecklenburg,Charlotte 1,68685.0,,2023-09-04,,0,
Mecklenburg,Charlotte 1,68685.0,,2023-09-05,,0,
Mecklenburg,Charlotte 1,68685.0,,2023-09-06,,0,
Mecklenburg,Charlotte 1,68685.0,,2023-09-07,,0,
Mecklenburg,Charlotte 1,68685.0,,2023-09-08,,0,
Mecklenburg,Charlotte 1,68685.0,,2023-09-09,,0,
Mecklenburg,Charlotte 1,68685.0,,2023-09-10,131725.49639306747,0,38476502.5616289
Mecklenburg,Charlotte 1,68685.0,,2023-09-11,,0,
Mecklenburg,Charlotte 1,68685.0,,2023-09-12,47551.87062566522,0,15829034.293383
Mecklenburg,Charlotte 1,68685.0,,2023-09-13,,0,
Mecklenburg,Charlotte 1,68685.0,,2023-09-14,,0,
Mecklenburg,Charlotte 1,68685.0,,2023-09-15,,0,
Mecklenburg,Charlotte 1,68685.0,,2023-09-16,132078.89611894856,0,40472319.7310882
Mecklenburg,Charlotte 1,68685.0,,2023-09-17,,0,
Mecklenburg,Charlotte 1,68685.0,,2023-09-18,,0,
Mecklenburg,Charlotte 1,68685.0,,2023-09-19,259200.46296254962,0,79996995.2972444
Mecklenburg,Charlotte 1,68685.0,,2023-09-20,,0,
Mecklenburg,Charlotte 1,68685.0,,2023-09-21,,0,
Mecklenburg,Charlotte 1,68685.0,,2023-09-22,,0,
Mecklenburg,Charlotte 1,68685.0,,2023-09-23,161241.26767053164,0,47009079.9249583
Mecklenburg,Charlotte 1,68685.0,,2023-09-24,,0,
Mecklenburg,Charlotte 1,68685.0,,2023-09-25,,0,
Mecklenburg,Charlotte 1,68685.0,,2023-09-26,76933.33477758532,0,23192723.982017495
Mecklenburg,Charlotte 1,68685.0,,2023-09-27,,0,
Mecklenburg,Charlotte 1,68685.0,,2023-09-28,,0,
Mecklenburg,Charlotte 1,68685.0,,2023-09-29,,0,
Mecklenburg,Charlotte 1,68685.0,,2023-09-30,109469.66703155707,0,31674004.6196636
Mecklenburg,Charlotte 1,68685.0,,2023-10-01,,0,
Mecklenburg,Charlotte 1,68685.0,,2023-10-02,,0,
Mecklenburg,Charlotte 1,68685.0,,2023-10-03,,0,
Mecklenburg,Charlotte 1,68685.0,,2023-10-04,,0,
Mecklenburg,Charlotte 1,68685.0,,2023-10-05,,0,
Mecklenburg,Charlotte 1,68685.0,,2023-10-06,,0,
Mecklenburg,Charlotte 1,68685.0,,2023-10-07,,0,
Mecklenburg,Charlotte 1,68685.0,,2023-10-08,,0,
Mecklenburg,Charlotte 1,68685.0,,2023-10-09,,0,
Mecklenburg,Charlotte 1,68685.0,,2023-10-10,90794.78399115225,0,26170526.7369027
Mecklenburg,Charlotte 1,68685.0,,2023-10-11,,0,
Mecklenburg,Charlotte 1,68685.0,,2023-10-12,,0,
Mecklenburg,Charlotte 1,68685.0,,2023-10-13,,0,
Mecklenburg,Charlotte 1,68685.0,,2023-10-14,55715.16131180089,0,16550534.8341564
Mecklenburg,Charlotte 1,68685.0,,2023-10-15,,0,
Mecklenburg,Charlotte 1,68685.0,,2023-10-16,,0,
Mecklenburg,Charlotte 1,68685.0,,2023-10-17,,0,
Mecklenburg,Charlotte 1,68685.0,,2023-10-18,,0,
Mecklenburg,Charlotte 1,68685.0,,2023-10-19,,0,
Mecklenburg,Charlotte 1,68685.0,,2023-10-20,,0,
Mecklenburg,Charlotte 1,68685.0,,2023-10-21,86129.5768014682,0,25442921.513141505
Mecklenburg,Charlotte 1,68685.0,,2023-10-22,,0,
Mecklenburg,Charlotte 1,68685.0,,2023-10-23,,0,
Mecklenburg,Charlotte 1,68685.0,,2023-10-24,30475.69523407134,0,9019402.80248553
Mecklenburg,Charlotte 1,68685.0,,2023-10-25,,0,
Mecklenburg,Charlotte 1,68685.0,,2023-10-26,,0,
Mecklenburg,Charlotte 1,68685.0,,2023-10-27,,0,
Mecklenburg,Charlotte 1,68685.0,,2023-10-28,115789.61956928621,0,33502622.640565895
Mecklenburg,Charlotte 1,68685.0,,2023-10-29,,0,
Mecklenburg,Charlotte 1,68685.0,,2023-10-30,,0,
Mecklenburg,Charlotte 1,68685.0,,2023-10-31,37529.02876441123,0,11189597.5172567
Mecklenburg,Charlotte 1,68685.0,,2023-11-01,,0,
Mecklenburg,Charlotte 1,68685.0,,2023-11-02,,0,
Mecklenburg,Charlotte 1,68685.0,,2023-11-03,,0,
Mecklenburg,Charlotte 1,68685.0,,2023-11-04,71729.26878199729,0,20398394.206659894
Mecklenburg,Charlotte 1,68685.0,,2023-11-05,,0,
Mecklenburg,Charlotte 1,68685.0,,2023-11-06,,0,
Mecklenburg,Charlotte 1,68685.0,,2023-11-07,50844.24844562062,0,15103599.90356
Mecklenburg,Charlotte 1,68685.0,,2023-11-08,,0,
Mecklenburg,Charlotte 1,68685.0,,2023-11-09,,0,
Mecklenburg,Charlotte 1,68685.0,,2023-11-10,92831.61099539319,0,28241310.1411665
Mecklenburg,Charlotte 1,68685.0,,2023-11-11,,0,
Mecklenburg,Charlotte 1,68685.0,,2023-11-12,,0,
Mecklenburg,Charlotte 1,68685.0,,2023-11-13,,0,
Mecklenburg,Charlotte 1,68685.0,,2023-11-14,56853.66478952789,0,16920067.8248395
Mecklenburg,Charlotte 1,68685.0,,2023-11-15,,0,
Mecklenburg,Charlotte 1,68685.0,,2023-11-16,,0,
Mecklenburg,Charlotte 1,68685.0,,2023-11-17,,0,
Mecklenburg,Charlotte 1,68685.0,,2023-11-18,93952.98824412131,0,28116438.1513749
Mecklenburg,Charlotte 1,68685.0,,2023-11-19,,0,
Mecklenburg,Charlotte 1,68685.0,,2023-11-20,,0,
Mecklenburg,Charlotte 1,68685.0,,2023-11-21,76080.18927421262,0,22558163.2498345
Mecklenburg,Charlotte 1,68685.0,,2023-11-22,,0,
Mecklenburg,Charlotte 1,68685.0,,2023-11-23,,0,
Mecklenburg,Charlotte 1,68685.0,,2023-11-24,,0,
Mecklenburg,Charlotte 1,68685.0,,2023-11-25,,0,
Mecklenburg,Charlotte 1,68685.0,,2023-11-26,,0,
Mecklenburg,Charlotte 1,68685.0,,2023-11-27,,0,
Mecklenburg,Charlotte 1,68685.0,,2023-11-28,128800.00000000015,0,38118870.5306834
Mecklenburg,Charlotte 1,68685.0,,2023-11-29,,0,
Mecklenburg,Charlotte 1,68685.0,,2023-11-30,,0,
Mecklenburg,Charlotte 1,68685.0,,2023-12-01,,0,
Mecklenburg,Charlotte 1,68685.0,,2023-12-02,125683.96556442657,0,36434724.8727127
Mecklenburg,Charlotte 1,68685.0,,2023-12-03,,0,
Mecklenburg,Charlotte 1,68685.0,,2023-12-04,,0,
Mecklenburg,Charlotte 1,68685.0,,2023-12-05,99824.26558708056,0,29928496.4074563
Mecklenburg,Charlotte 1,68685.0,,2023-12-06,,0,
Mecklenburg,Charlotte 1,68685.0,,2023-12-07,,0,
Mecklenburg,Charlotte 1,68685.0,,2023-12-08,,0,
Mecklenburg,Charlotte 1,68685.0,,2023-12-09,166891.2412321269,0,48012456.0792558
Mecklenburg,Charlotte 1,68685.0,,2023-12-10,,0,
Mecklenburg,Charlotte 1,68685.0,,2023-12-11,,0,
Mecklenburg,Charlotte 1,68685.0,,2023-12-12,100510.1188935721,0,43982525.6203573
Mecklenburg,Charlotte 1,68685.0,,2023-12-13,,0,
Mecklenburg,Charlotte 1,68685.0,,2023-12-14,,0,
Mecklenburg,Charlotte 1,68685.0,,2023-12-15,,0,
Mecklenburg,Charlotte 1,68685.0,,2023-12-16,211897.14486042527,0,62478236.4275663
Mecklenburg,Charlotte 1,68685.0,,2023-12-17,,0,
Mecklenburg,Charlotte 1,68685.0,,2023-12-18,,0,
Mecklenburg,Charlotte 1,68685.0,,2023-12-19,154326.29069604457,0,62258818.4124904
Mecklenburg,Charlotte 1,68685.0,,2023-12-20,,0,
Mecklenburg,Charlotte 1,68685.0,,2023-12-21,,0,
Mecklenburg,Charlotte 1,68685.0,,2023-12-22,,0,
Mecklenburg,Charlotte 1,68685.0,,2023-12-23,411310.10199118656,0,121728855.013698
Mecklenburg,Charlotte 1,68685.0,,2023-12-24,,0,
Mecklenburg,Charlotte 1,68685.0,,2023-12-25,,0,
Mecklenburg,Charlotte 1,68685.0,,2023-12-26,,0,
Mecklenburg,Charlotte 1,68685.0,,2023-12-27,,0,
Mecklenburg,Charlotte 1,68685.0,,2023-12-28,,0,
Mecklenburg,Charlotte 1,68685.0,,2023-12-29,,0,
Mecklenburg,Charlotte 1,68685.0,,2023-12-30,1013245.6365561109,0,355158107.41006
Mecklenburg,Charlotte 1,68685.0,,2023-12-31,,0,
Mecklenburg,Charlotte 1,68685.0,,2024-01-01,,0,
Mecklenburg,Charlotte 1,68685.0,,2024-01-02,,0,
Mecklenburg,Charlotte 1,68685.0,,2024-01-03,,0,
Mecklenburg,Charlotte 1,68685.0,,2024-01-04,,0,
Mecklenburg,Charlotte 1,68685.0,,2024-01-05,379096.92691975227,0,116164902.08664
Mecklenburg,Charlotte 1,68685.0,,2024-01-06,,0,
Mecklenburg,Charlotte 1,68685.0,,2024-01-07,,0,
Mecklenburg,Charlotte 1,68685.0,,2024-01-08,,0,
Mecklenburg,Charlotte 1,68685.0,,2024-01-09,146835.5447430902,0,51144407.5586447
Mecklenburg,Charlotte 1,68685.0,,2024-01-10,,0,
Mecklenburg,Charlotte 1,68685.0,,2024-01-11,,0,
Mecklenburg,Charlotte 1,68685.0,,2024-01-12,,0,
Mecklenburg,Charlotte 1,68685.0,,2024-01-13,306723.0672773079,0,103454106.909713
Mecklenburg,Charlotte 1,68685.0,,2024-01-14,,0,
Mecklenburg,Charlotte 1,68685.0,,2024-01-15,,0,
Mecklenburg,Charlotte 1,68685.0,,2024-01-16,,0,
Mecklenburg,Charlotte 1,68685.0,,2024-01-17,,0,
Mecklenburg,Charlotte 1,68685.0,,2024-01-18,,0,
Mecklenburg,Charlotte 1,68685.0,,2024-01-19,228892.98809705817,0,73796918.9092848
Mecklenburg,Charlotte 1,68685.0,,2024-01-20,,0,
Mecklenburg,Charlotte 1,68685.0,,2024-01-21,,0,
Mecklenburg,Charlotte 1,68685.0,,2024-01-22,,0,
Mecklenburg,Charlotte 1,68685.0,,2024-01-23,35492.48934633919,0,11658229.369774
Mecklenburg,Charlotte 1,68685.0,,2024-01-24,,0,
Mecklenburg,Charlotte 1,68685.0,,2024-01-25,,0,
Mecklenburg,Charlotte 1,68685.0,,2024-01-26,288177.5147370105,0,94340117.286973
Mecklenburg,Charlotte 1,68685.0,,2024-01-27,,0,
Mecklenburg,Charlotte 1,68685.0,,2024-01-28,,0,
Mecklenburg,Charlotte 1,68685.0,,2024-01-29,,0,
Mecklenburg,Charlotte 1,68685.0,,2024-01-30,148915.88632513332,0,83302291.4809037
Mecklenburg,Charlotte 1,68685.0,,2024-01-31,,0,
Mecklenburg,Charlotte 1,68685.0,,2024-02-01,,0,
Mecklenburg,Charlotte 1,68685.0,,2024-02-02,574152.5929576565,0,190490664.581773
Mecklenburg,Charlotte 1,68685.0,,2024-02-03,,0,
Mecklenburg,Charlotte 1,68685.0,,2024-02-04,,0,
Mecklenburg,Charlotte 1,68685.0,,2024-02-05,,0,
Mecklenburg,Charlotte 1,68685.0,,2024-02-06,204654.8313624676,0,66997457.4931723
Mecklenburg,Charlotte 1,68685.0,,2024-02-07,,0,
Mecklenburg,Charlotte 1,68685.0,,2024-02-08,,0,
Mecklenburg,Charlotte 1,68685.0,,2024-02-09,300802.92551768833,0,98473273.6677973
Mecklenburg,Charlotte 1,68685.0,,2024-02-10,,0,
Mecklenburg,Charlotte 1,68685.0,,2024-02-11,,0,
Mecklenburg,Charlotte 1,68685.0,,2024-02-12,,0,
Mecklenburg,Charlotte 1,68685.0,,2024-02-13,147239.97826677398,0,47795929.8081947
Mecklenburg,Charlotte 1,68685.0,,2024-02-14,,0,
Mecklenburg,Charlotte 1,68685.0,,2024-02-15,,0,
Mecklenburg,Charlotte 1,68685.0,,2024-02-16,167188.0378496021,0,50493518.5214797
Mecklenburg,Charlotte 1,68685.0,,2024-02-17,,0,
Mecklenburg,Charlotte 1,68685.0,,2024-02-18,,0,
Mecklenburg,Charlotte 1,68685.0,,2024-02-19,,0,
Mecklenburg,Charlotte 1,68685.0,,2024-02-20,150494.03443326257,0,45783420.70392459
Mecklenburg,Charlotte 1,68685.0,,2024-02-21,,0,
Mecklenburg,Charlotte 1,68685.0,,2024-02-22,,0,
Mecklenburg,Charlotte 1,68685.0,,2024-02-23,231070.3788892034,0,70678469.214121
Mecklenburg,Charlotte 1,68685.0,,2024-02-24,,0,
Mecklenburg,Charlotte 1,68685.0,,2024-02-25,,0,
Mecklenburg,Charlotte 1,68685.0,,2024-02-26,,0,
Mecklenburg,Charlotte 1,68685.0,,2024-02-27,72758.99944336785,0,22575895.6082865
Mecklenburg,Charlotte 1,68685.0,,2024-02-28,,0,
Mecklenburg,Charlotte 1,68685.0,,2024-02-29,,0,
Mecklenburg,Charlotte 1,68685.0,,2024-03-01,272464.30958934786,0,83339804.9972092
Mecklenburg,Charlotte 1,68685.0,,2024-03-02,,0,
Mecklenburg,Charlotte 1,68685.0,,2024-03-03,,0,
Mecklenburg,Charlotte 1,68685.0,,2024-03-04,,0,
Mecklenburg,Charlotte 1,68685.0,,2024-03-05,132899.43415981875,0,44971914.6966742
Mecklenburg,Charlotte 1,68685.0,,2024-03-06,,0,
Mecklenburg,Charlotte 1,68685.0,,2024-03-07,,0,
Mecklenburg,Charlotte 1,68685.0,,2024-03-08,91053.83023245109,0,33521585.9163664
Mecklenburg,Charlotte 1,68685.0,,2024-03-09,,0,
Mecklenburg,Charlotte 1,68685.0,,2024-03-10,,0,
Mecklenburg,Charlotte 1,68685.0,,2024-03-11,,0,
Mecklenburg,Charlotte 1,68685.0,,2024-03-12,55512.730071579106,0,21569077.8672393
Mecklenburg,Charlotte 1,68685.0,,2024-03-13,,0,
Mecklenburg,Charlotte 1,68685.0,,2024-03-14,,0,
Mecklenburg,Charlotte 1,68685.0,,2024-03-15,107008.0389503518,0,35502813.5468999
Mecklenburg,Charlotte 1,68685.0,,2024-03-16,,0,
Mecklenburg,Charlotte 1,68685.0,,2024-03-17,,0,
Mecklenburg,Charlotte 1,68685.0,,2024-03-18,,0,
Mecklenburg,Charlotte 1,68685.0,,2024-03-19,34015.71401573105,0,11416862.2050819
Mecklenburg,Charlotte 1,68685.0,,2024-03-20,,0,
Mecklenburg,Charlotte 1,68685.0,,2024-03-21,,0,
Mecklenburg,Charlotte 1,68685.0,,2024-03-22,,0,
Mecklenburg,Charlotte 1,68685.0,,2024-03-23,,0,
Mecklenburg,Charlotte 1,68685.0,,2024-03-24,,0,
Mecklenburg,Charlotte 1,68685.0,,2024-03-25,,0,
Mecklenburg,Charlotte 1,68685.0,,2024-03-26,59578.51961907076,0,20521996.0841186
Mecklenburg,Charlotte 1,68685.0,,2024-03-27,,0,
Mecklenburg,Charlotte 1,68685.0,,2024-03-28,,0,
Mecklenburg,Charlotte 1,68685.0,,2024-03-29,27146.889324561693,0,10323311.6467853
Mecklenburg,Charlotte 1,68685.0,,2024-03-30,,0,
Mecklenburg,Charlotte 1,68685.0,,2024-03-31,,0,
Mecklenburg,Charlotte 1,68685.0,,2024-04-01,,0,
Mecklenburg,Charlotte 1,68685.0,,2024-04-02,,0,
Mecklenburg,Charlotte 1,68685.0,,2024-04-03,,0,
Mecklenburg,Charlotte 1,68685.0,,2024-04-04,,0,
Mecklenburg,Charlotte 1,68685.0,,2024-04-05,32182.529422032698,0,9914752.05687659
Mecklenburg,Charlotte 1,68685.0,,2024-04-06,,0,
Mecklenburg,Charlotte 1,68685.0,,2024-04-07,,0,
Mecklenburg,Charlotte 1,68685.0,,2024-04-08,,0,
Mecklenburg,Charlotte 1,68685.0,,2024-04-09,33705.37049195578,0,10755424.2087041
Mecklenburg,Charlotte 1,68685.0,,2024-04-10,,0,
Mecklenburg,Charlotte 1,68685.0,,2024-04-11,,0,
Mecklenburg,Charlotte 1,68685.0,,2024-04-12,49917.5359968819,0,15598616.2498933
Mecklenburg,Charlotte 1,68685.0,,2024-04-13,,0,
Mecklenburg,Charlotte 1,68685.0,,2024-04-14,,0,
Mecklenburg,Charlotte 1,68685.0,,2024-04-15,,0,
Mecklenburg,Charlotte 1,68685.0,,2024-04-16,15111.584959890894,0,5088632.67890826
Mecklenburg,Charlotte 1,68685.0,,2024-04-17,,0,
Mecklenburg,Charlotte 1,68685.0,,2024-04-18,,0,
Mecklenburg,Charlotte 1,68685.0,,2024-04-19,47927.0695953759,0,15187930.3074387
Mecklenburg,Charlotte 1,68685.0,,2024-04-20,,0,
Mecklenburg,Charlotte 1,68685.0,,2024-04-21,,0,
Mecklenburg,Charlotte 1,68685.0,,2024-04-22,,0,
Mecklenburg,Charlotte 1,68685.0,,2024-04-23,12735.964824072043,0,4309730.34060651
Mecklenburg,Charlotte 1,68685.0,,2024-04-24,,0,
Mecklenburg,Charlotte 1,68685.0,,2024-04-25,,0,
Mecklenburg,Charlotte 1,68685.0,,2024-04-26,12485.03103720614,0,4087200.53490784
Mecklenburg,Charlotte 1,68685.0,,2024-04-27,,0,
Mecklenburg,Charlotte 1,68685.0,,2024-04-28,,0,
Mecklenburg,Charlotte 1,68685.0,,2024-04-29,,0,
Mecklenburg,Charlotte 1,68685.0,,2024-04-30,,0,
Mecklenburg,Charlotte 1,68685.0,,2024-05-01,,0,
Mecklenburg,Charlotte 1,68685.0,,2024-05-02,,0,
Mecklenburg,Charlotte 1,68685.0,,2024-05-03,49466.877807276236,0,15566840.7793113
Mecklenburg,Charlotte 1,68685.0,,2024-05-04,,0,
Mecklenburg,Charlotte 1,68685.0,,2024-05-05,,0,
Mecklenburg,Charlotte 1,68685.0,,2024-05-06,,0,
Mecklenburg,Charlotte 1,68685.0,,2024-05-07,43199.96296294712,0,14237522.836189
Mecklenburg,Charlotte 1,68685.0,,2024-05-08,,0,
Mecklenburg,Charlotte 1,68685.0,,2024-05-09,,0,
Mecklenburg,Charlotte 1,68685.0,,2024-05-10,28002.67130114553,0,9969694.62261167
Mecklenburg,Charlotte 1,68685.0,,2024-05-11,,0,
Mecklenburg,Charlotte 1,68685.0,,2024-05-12,,0,
Mecklenburg,Charlotte 1,68685.0,,2024-05-13,,0,
Mecklenburg,Charlotte 1,68685.0,,2024-05-14,50724.455640253116,0,16046457.2198401
Mecklenburg,Charlotte 1,68685.0,,2024-05-15,,0,
Mecklenburg,Charlotte 2,182501.0,5.420000000000001,2021-01-03,,0,
Mecklenburg,Charlotte 2,182501.0,4.33,2021-01-04,119582.607431014,0,48863072.76528
Mecklenburg,Charlotte 2,182501.0,9.97,2021-01-05,,0,
Mecklenburg,Charlotte 2,182501.0,6.96,2021-01-06,90332.71832508966,0,31440074.4066279
Mecklenburg,Charlotte 2,182501.0,6.96,2021-01-07,,0,
Mecklenburg,Charlotte 2,182501.0,7.07,2021-01-08,,0,
Mecklenburg,Charlotte 2,182501.0,5.48,2021-01-09,,0,
Mecklenburg,Charlotte 2,182501.0,3.78,2021-01-10,,0,
Mecklenburg,Charlotte 2,182501.0,3.45,2021-01-11,,0,
Mecklenburg,Charlotte 2,182501.0,6.96,2021-01-12,53735.46315051165,0,19772479.8330116
Mecklenburg,Charlotte 2,182501.0,6.36,2021-01-13,62449.97998398397,0,22175968.3532754
Mecklenburg,Charlotte 2,182501.0,6.03,2021-01-14,,0,
Mecklenburg,Charlotte 2,182501.0,6.300000000000001,2021-01-15,,0,
Mecklenburg,Charlotte 2,182501.0,5.48,2021-01-16,,0,
Mecklenburg,Charlotte 2,182501.0,3.6200000000000006,2021-01-17,,0,
Mecklenburg,Charlotte 2,182501.0,3.5100000000000002,2021-01-18,,0,
Mecklenburg,Charlotte 2,182501.0,6.25,2021-01-19,,0,
Mecklenburg,Charlotte 2,182501.0,5.370000000000001,2021-01-20,47631.397208144124,0,16192682.6338162
Mecklenburg,Charlotte 2,182501.0,5.32,2021-01-21,,0,
Mecklenburg,Charlotte 2,182501.0,5.420000000000001,2021-01-22,,0,
Mecklenburg,Charlotte 2,182501.0,5.59,2021-01-23,,0,
Mecklenburg,Charlotte 2,182501.0,3.4000000000000004,2021-01-24,,0,
Mecklenburg,Charlotte 2,182501.0,2.47,2021-01-25,81009.25873009834,0,26766831.3959421
Mecklenburg,Charlotte 2,182501.0,3.89,2021-01-26,,0,
Mecklenburg,Charlotte 2,182501.0,7.120000000000001,2021-01-27,25602.734228984235,0,11247573.3249977
Mecklenburg,Charlotte 2,182501.0,6.470000000000001,2021-01-28,,0,
Mecklenburg,Charlotte 2,182501.0,3.4000000000000004,2021-01-29,,0,
Mecklenburg,Charlotte 2,182501.0,2.9600000000000004,2021-01-30,,0,
Mecklenburg,Charlotte 2,182501.0,2.08,2021-01-31,,0,
Mecklenburg,Charlotte 2,182501.0,3.5100000000000002,2021-02-01,14223.659866574448,0,6384327.30864632
Mecklenburg,Charlotte 2,182501.0,3.4000000000000004,2021-02-02,,0,
Mecklenburg,Charlotte 2,182501.0,3.34,2021-02-03,32863.353450309995,0,14784885.2800309
Mecklenburg,Charlotte 2,182501.0,2.74,2021-02-04,,0,
Mecklenburg,Charlotte 2,182501.0,3.18,2021-02-05,,0,
Mecklenburg,Charlotte 2,182501.0,2.85,2021-02-06,,0,
Mecklenburg,Charlotte 2,182501.0,1.92,2021-02-07,,0,
Mecklenburg,Charlotte 2,182501.0,1.7000000000000002,2021-02-08,34441.98019858906,0,15573676.0137945
Mecklenburg,Charlotte 2,182501.0,3.18,2021-02-09,,0,
Mecklenburg,Charlotte 2,182501.0,2.58,2021-02-10,39921.79855667825,0,15153317.3269901
Mecklenburg,Charlotte 2,182501.0,2.58,2021-02-11,,0,
Mecklenburg,Charlotte 2,182501.0,2.58,2021-02-12,,0,
Mecklenburg,Charlotte 2,182501.0,2.3000000000000003,2021-02-13,,0,
Mecklenburg,Charlotte 2,182501.0,1.8100000000000003,2021-02-14,,0,
Mecklenburg,Charlotte 2,182501.0,1.37,2021-02-15,,0,
Mecklenburg,Charlotte 2,182501.0,2.9600000000000004,2021-02-16,13747.727084867538,0,8409152.02490467
Mecklenburg,Charlotte 2,182501.0,2.47,2021-02-17,21428.66071409972,0,12085114.3892027
Mecklenburg,Charlotte 2,182501.0,2.25,2021-02-18,,0,
Mecklenburg,Charlotte 2,182501.0,2.47,2021-02-19,,0,
Mecklenburg,Charlotte 2,182501.0,1.26,2021-02-20,,0,
Mecklenburg,Charlotte 2,182501.0,1.4800000000000002,2021-02-21,,0,
Mecklenburg,Charlotte 2,182501.0,1.37,2021-02-22,83516.46544245034,0,37711782.838357
Mecklenburg,Charlotte 2,182501.0,1.4800000000000002,2021-02-23,,0,
Mecklenburg,Charlotte 2,182501.0,2.25,2021-02-24,11869.077470469212,0,5283153.28510577
Mecklenburg,Charlotte 2,182501.0,2.3600000000000003,2021-02-25,,0,
Mecklenburg,Charlotte 2,182501.0,1.8600000000000003,2021-02-26,,0,
Mecklenburg,Charlotte 2,182501.0,1.75,2021-02-27,,0,
Mecklenburg,Charlotte 2,182501.0,1.26,2021-02-28,,0,
Mecklenburg,Charlotte 2,182501.0,1.37,2021-03-01,10118.053172424026,0,5981200.3038256
Mecklenburg,Charlotte 2,182501.0,1.1500000000000001,2021-03-02,,0,
Mecklenburg,Charlotte 2,182501.0,1.75,2021-03-03,12519.984025548925,0,7131006.57630584
Mecklenburg,Charlotte 2,182501.0,0.82,2021-03-04,,0,
Mecklenburg,Charlotte 2,182501.0,1.04,2021-03-05,,0,
Mecklenburg,Charlotte 2,182501.0,0.82,2021-03-06,,0,
Mecklenburg,Charlotte 2,182501.0,0.27,2021-03-07,,0,
Mecklenburg,Charlotte 2,182501.0,0.9900000000000001,2021-03-08,20115.292689891456,0,8110901.851251471
Mecklenburg,Charlotte 2,182501.0,1.32,2021-03-09,6480.740698407868,0,2379273.90186152
Mecklenburg,Charlotte 2,182501.0,1.64,2021-03-10,,0,
Mecklenburg,Charlotte 2,182501.0,1.37,2021-03-11,,0,
Mecklenburg,Charlotte 2,182501.0,1.04,2021-03-12,,0,
Mecklenburg,Charlotte 2,182501.0,1.75,2021-03-13,,0,
Mecklenburg,Charlotte 2,182501.0,0.9900000000000001,2021-03-14,,0,
Mecklenburg,Charlotte 2,182501.0,1.26,2021-03-15,10562.315087138815,0,3601699.38250892
Mecklenburg,Charlotte 2,182501.0,1.04,2021-03-16,,0,
Mecklenburg,Charlotte 2,182501.0,1.37,2021-03-17,12338.962679253069,0,6736139.38258691
Mecklenburg,Charlotte 2,182501.0,1.5300000000000002,2021-03-18,,0,
Mecklenburg,Charlotte 2,182501.0,1.21,2021-03-19,,0,
Mecklenburg,Charlotte 2,182501.0,1.5300000000000002,2021-03-20,,0,
Mecklenburg,Charlotte 2,182501.0,1.42,2021-03-21,,0,
Mecklenburg,Charlotte 2,182501.0,1.64,2021-03-22,18619.54618136547,0,8002125.75263464
Mecklenburg,Charlotte 2,182501.0,1.92,2021-03-23,,0,
Mecklenburg,Charlotte 2,182501.0,2.3000000000000003,2021-03-24,18894.443627691213,0,7175777.79130131
Mecklenburg,Charlotte 2,182501.0,2.3000000000000003,2021-03-25,,0,
Mecklenburg,Charlotte 2,182501.0,1.4800000000000002,2021-03-26,,0,
Mecklenburg,Charlotte 2,182501.0,1.8100000000000003,2021-03-27,,0,
Mecklenburg,Charlotte 2,182501.0,1.42,2021-03-28,,0,
Mecklenburg,Charlotte 2,182501.0,1.37,2021-03-29,31622.776601683796,0,16142029.7360925
Mecklenburg,Charlotte 2,182501.0,1.92,2021-03-30,,0,
Mecklenburg,Charlotte 2,182501.0,2.14,2021-03-31,16112.88304432202,0,7045152.37502034
Mecklenburg,Charlotte 2,182501.0,1.8600000000000003,2021-04-30,,0,
Mecklenburg,Charlotte 2,182501.0,0.82,2021-05-01,,0,
Mecklenburg,Charlotte 2,182501.0,1.21,2021-05-02,,0,
Mecklenburg,Charlotte 2,182501.0,0.71,2021-05-03,,0,
Mecklenburg,Charlotte 2,182501.0,1.26,2021-05-04,12072.696467649643,0,4524899.76887876
Mecklenburg,Charlotte 2,182501.0,0.66,2021-05-05,14142.13562373096,0,5816801.46941174
Mecklenburg,Charlotte 2,182501.0,0.66,2021-05-06,,0,
Mecklenburg,Charlotte 2,182501.0,0.8800000000000001,2021-05-07,,0,
Mecklenburg,Charlotte 2,182501.0,0.55,2021-05-08,,0,
Mecklenburg,Charlotte 2,182501.0,0.77,2021-05-09,,0,
Mecklenburg,Charlotte 2,182501.0,0.49000000000000005,2021-05-10,0.0,0,108770.243844659
Mecklenburg,Charlotte 2,182501.0,0.66,2021-05-11,,0,
Mecklenburg,Charlotte 2,182501.0,0.55,2021-05-12,0.0,0,414032.293205269
Mecklenburg,Charlotte 2,182501.0,0.27,2021-05-13,,0,
Mecklenburg,Charlotte 2,182501.0,0.6000000000000001,2021-05-14,,0,
Mecklenburg,Charlotte 2,182501.0,0.44000000000000006,2021-05-15,,0,
Mecklenburg,Charlotte 2,182501.0,0.82,2021-05-16,,0,
Mecklenburg,Charlotte 2,182501.0,0.38,2021-05-17,4795.831523312721,0,1493107.71519993
Mecklenburg,Charlotte 2,182501.0,0.71,2021-05-18,,0,
Mecklenburg,Charlotte 2,182501.0,0.55,2021-05-19,3976.4934301467215,0,1203378.06358685
Mecklenburg,Charlotte 2,182501.0,0.49000000000000005,2021-05-20,,0,
Mecklenburg,Charlotte 2,182501.0,0.66,2021-05-21,,0,
Mecklenburg,Charlotte 2,182501.0,0.27,2021-05-22,,0,
Mecklenburg,Charlotte 2,182501.0,0.11000000000000001,2021-05-23,,0,
Mecklenburg,Charlotte 2,182501.0,0.44000000000000006,2021-05-24,0.0,0,318716.254891344
Mecklenburg,Charlotte 2,182501.0,0.38,2021-05-25,,0,
Mecklenburg,Charlotte 2,182501.0,0.11000000000000001,2021-05-26,5448.623679425844,0,1912201.70677195
Mecklenburg,Charlotte 2,182501.0,0.6000000000000001,2021-05-27,,0,
Mecklenburg,Charlotte 2,182501.0,0.38,2021-05-28,0.0,0,587904.771791152
Mecklenburg,Charlotte 2,182501.0,0.55,2021-05-29,,0,
Mecklenburg,Charlotte 2,182501.0,0.27,2021-05-30,,0,
Mecklenburg,Charlotte 2,182501.0,0.11000000000000001,2021-05-31,,0,
Mecklenburg,Charlotte 2,182501.0,0.11000000000000001,2021-06-01,,0,
Mecklenburg,Charlotte 2,182501.0,0.55,2021-06-02,,0,
Mecklenburg,Charlotte 2,182501.0,0.27,2021-06-03,,0,
Mecklenburg,Charlotte 2,182501.0,0.38,2021-06-04,3162.2776601683827,0,1128827.02868001
Mecklenburg,Charlotte 2,182501.0,0.11000000000000001,2021-06-05,,0,
Mecklenburg,Charlotte 2,182501.0,0.27,2021-06-06,,0,
Mecklenburg,Charlotte 2,182501.0,0.11000000000000001,2021-06-07,6113.509630318747,0,2579218.16358671
Mecklenburg,Charlotte 2,182501.0,0.11000000000000001,2021-06-08,,0,
Mecklenburg,Charlotte 2,182501.0,0.11000000000000001,2021-06-09,,0,
Mecklenburg,Charlotte 2,182501.0,0.11000000000000001,2021-06-10,,0,
Mecklenburg,Charlotte 2,182501.0,0.38,2021-06-11,0.0,0,394509.155708796
Mecklenburg,Charlotte 2,182501.0,0.11000000000000001,2021-06-12,,0,
Mecklenburg,Charlotte 2,182501.0,0.11000000000000001,2021-06-13,,0,
Mecklenburg,Charlotte 2,182501.0,0.27,2021-06-14,3162.2776601683827,0,1066515.25196613
Mecklenburg,Charlotte 2,182501.0,0.33,2021-06-15,,0,
Mecklenburg,Charlotte 2,182501.0,0.44000000000000006,2021-06-16,,0,
Mecklenburg,Charlotte 2,182501.0,0.27,2021-06-17,,0,
Mecklenburg,Charlotte 2,182501.0,0.11000000000000001,2021-06-18,8351.646544245043,0,2572439.02227653
Mecklenburg,Charlotte 2,182501.0,0.38,2021-06-19,,0,
Mecklenburg,Charlotte 2,182501.0,0.38,2021-06-20,,0,
Mecklenburg,Charlotte 2,182501.0,0.11000000000000001,2021-06-21,0.0,0,391989.905480159
Mecklenburg,Charlotte 2,182501.0,0.33,2021-06-22,,0,
Mecklenburg,Charlotte 2,182501.0,0.77,2021-07-11,,0,
Mecklenburg,Charlotte 2,182501.0,0.49000000000000005,2021-07-12,,0,
Mecklenburg,Charlotte 2,182501.0,1.1500000000000001,2021-07-13,7778.174593052034,0,2374827.26658383
Mecklenburg,Charlotte 2,182501.0,0.9300000000000002,2021-07-14,,0,
Mecklenburg,Charlotte 2,182501.0,1.04,2021-07-15,,0,
Mecklenburg,Charlotte 2,182501.0,1.1500000000000001,2021-07-16,,0,
Mecklenburg,Charlotte 2,182501.0,0.8800000000000001,2021-07-17,20310.09601158994,0,6083110.40852604
Mecklenburg,Charlotte 2,182501.0,0.6000000000000001,2021-07-18,,0,
Mecklenburg,Charlotte 2,182501.0,1.1,2021-07-19,,0,
Mecklenburg,Charlotte 2,182501.0,1.64,2021-07-20,23616.731357239092,0,7798469.57597332
Mecklenburg,Charlotte 2,182501.0,2.08,2021-07-21,,0,
Mecklenburg,Charlotte 2,182501.0,2.0300000000000002,2021-07-22,,0,
Mecklenburg,Charlotte 2,182501.0,1.8600000000000003,2021-07-23,,0,
Mecklenburg,Charlotte 2,182501.0,1.75,2021-07-24,86023.25267042621,0,27906099.4685015
Mecklenburg,Charlotte 2,182501.0,1.8100000000000003,2021-07-25,,0,
Mecklenburg,Charlotte 2,182501.0,1.8600000000000003,2021-07-26,,0,
Mecklenburg,Charlotte 2,182501.0,2.9600000000000004,2021-07-27,26636.441203734423,0,8591186.01806118
Mecklenburg,Charlotte 2,182501.0,3.4000000000000004,2021-07-28,,0,
Mecklenburg,Charlotte 2,182501.0,3.73,2021-07-29,,0,
Mecklenburg,Charlotte 2,182501.0,3.45,2021-07-30,,0,
Mecklenburg,Charlotte 2,182501.0,3.4000000000000004,2021-07-31,57445.626465380345,0,18909516.5674595
Mecklenburg,Charlotte 2,182501.0,2.3600000000000003,2021-08-01,,0,
Mecklenburg,Charlotte 2,182501.0,3.12,2021-08-02,,0,
Mecklenburg,Charlotte 2,182501.0,4.220000000000001,2021-08-03,90000.0,0,28412123.3308311
Mecklenburg,Charlotte 2,182501.0,4.220000000000001,2021-08-04,,0,
Mecklenburg,Charlotte 2,182501.0,4.55,2021-08-05,,0,
Mecklenburg,Charlotte 2,182501.0,4.11,2021-08-06,,0,
Mecklenburg,Charlotte 2,182501.0,4.2700000000000005,2021-08-07,79608.41664045332,0,25016016.13314
Mecklenburg,Charlotte 2,182501.0,3.12,2021-08-08,,0,
Mecklenburg,Charlotte 2,182501.0,3.5100000000000002,2021-08-09,,0,
Mecklenburg,Charlotte 2,182501.0,5.260000000000001,2021-08-10,51744.56493198105,0,15702022.4943875
Mecklenburg,Charlotte 2,182501.0,6.08,2021-08-11,,0,
Mecklenburg,Charlotte 2,182501.0,6.08,2021-08-12,,0,
Mecklenburg,Charlotte 2,182501.0,3.6700000000000004,2021-08-13,,0,
Mecklenburg,Charlotte 2,182501.0,4.05,2021-08-14,124448.7846465366,0,43907782.33604741
Mecklenburg,Charlotte 2,182501.0,3.0700000000000003,2021-08-15,,0,
Mecklenburg,Charlotte 2,182501.0,3.12,2021-08-16,,0,
Mecklenburg,Charlotte 2,182501.0,5.210000000000001,2021-08-17,53857.45073803622,0,21649411.4781865
Mecklenburg,Charlotte 2,182501.0,5.7,2021-08-18,,0,
Mecklenburg,Charlotte 2,182501.0,4.6000000000000005,2021-08-19,,0,
Mecklenburg,Charlotte 2,182501.0,4.55,2021-08-20,,0,
Mecklenburg,Charlotte 2,182501.0,4.6000000000000005,2021-08-21,35428.62543198651,0,11449019.2465003
Mecklenburg,Charlotte 2,182501.0,3.12,2021-08-22,,0,
Mecklenburg,Charlotte 2,182501.0,3.6200000000000006,2021-08-23,,0,
Mecklenburg,Charlotte 2,182501.0,5.970000000000001,2021-08-24,97371.71047075227,0,32738768.8196071
Mecklenburg,Charlotte 2,182501.0,5.920000000000001,2021-08-25,,0,
Mecklenburg,Charlotte 2,182501.0,4.49,2021-08-26,,0,
Mecklenburg,Charlotte 2,182501.0,6.41,2021-08-27,,0,
Mecklenburg,Charlotte 2,182501.0,4.220000000000001,2021-08-28,150083.31019803637,0,49216508.2926551
Mecklenburg,Charlotte 2,182501.0,2.14,2021-08-29,,0,
Mecklenburg,Charlotte 2,182501.0,2.19,2021-08-30,,0,
Mecklenburg,Charlotte 2,182501.0,5.04,2021-08-31,93674.96997597588,0,30912937.1933946
Mecklenburg,Charlotte 2,182501.0,6.8500000000000005,2021-09-01,,0,
Mecklenburg,Charlotte 2,182501.0,3.0700000000000003,2021-09-02,,0,
Mecklenburg,Charlotte 2,182501.0,5.15,2021-09-03,,0,
Mecklenburg,Charlotte 2,182501.0,3.45,2021-09-04,137113.09200802085,0,46527396.6676893
Mecklenburg,Charlotte 2,182501.0,3.73,2021-09-05,,0,
Mecklenburg,Charlotte 2,182501.0,3.34,2021-09-06,,0,
Mecklenburg,Charlotte 2,182501.0,3.23,2021-09-07,,0,
Mecklenburg,Charlotte 2,182501.0,5.370000000000001,2021-09-08,,0,
Mecklenburg,Charlotte 2,182501.0,5.920000000000001,2021-09-09,,0,
Mecklenburg,Charlotte 2,182501.0,4.7700000000000005,2021-09-10,,0,
Mecklenburg,Charlotte 2,182501.0,4.66,2021-09-11,46497.311750250665,0,15180256.2297003
Mecklenburg,Charlotte 2,182501.0,2.41,2021-09-12,,0,
Mecklenburg,Charlotte 2,182501.0,2.19,2021-09-13,,0,
Mecklenburg,Charlotte 2,182501.0,4.6000000000000005,2021-09-14,139194.10907075054,0,45472406.9594337
Mecklenburg,Charlotte 2,182501.0,5.48,2021-09-15,,0,
Mecklenburg,Charlotte 2,182501.0,4.05,2021-09-16,,0,
Mecklenburg,Charlotte 2,182501.0,4.11,2021-09-17,,0,
Mecklenburg,Charlotte 2,182501.0,2.9600000000000004,2021-09-18,73950.99728874513,0,23897805.2615142
Mecklenburg,Charlotte 2,182501.0,1.75,2021-09-19,,0,
Mecklenburg,Charlotte 2,182501.0,1.97,2021-09-20,,0,
Mecklenburg,Charlotte 2,182501.0,3.0100000000000002,2021-09-21,60041.65220911235,0,18967018.4724919
Mecklenburg,Charlotte 2,182501.0,3.95,2021-09-22,,0,
Mecklenburg,Charlotte 2,182501.0,2.3600000000000003,2021-09-23,,0,
Mecklenburg,Charlotte 2,182501.0,3.0700000000000003,2021-09-24,,0,
Mecklenburg,Charlotte 2,182501.0,2.6300000000000003,2021-09-25,20310.09601158994,0,6643396.89352189
Mecklenburg,Charlotte 2,182501.0,1.59,2021-09-26,,0,
Mecklenburg,Charlotte 2,182501.0,1.7000000000000002,2021-09-27,,0,
Mecklenburg,Charlotte 2,182501.0,2.9000000000000004,2021-09-28,9519.716382329892,0,3015154.53718809
Mecklenburg,Charlotte 2,182501.0,3.6200000000000006,2021-09-29,,0,
Mecklenburg,Charlotte 2,182501.0,3.23,2021-09-30,,0,
Mecklenburg,Charlotte 2,182501.0,2.3600000000000003,2021-10-01,,0,
Mecklenburg,Charlotte 2,182501.0,1.92,2021-10-02,55045.43577809159,0,17377307.8902942
Mecklenburg,Charlotte 2,182501.0,1.32,2021-10-03,,0,
Mecklenburg,Charlotte 2,182501.0,1.5300000000000002,2021-10-04,,0,
Mecklenburg,Charlotte 2,182501.0,2.19,2021-10-05,32186.953878862165,0,10114374.7293309
Mecklenburg,Charlotte 2,182501.0,1.8100000000000003,2021-10-06,,0,
Mecklenburg,Charlotte 2,182501.0,1.64,2021-10-07,,0,
Mecklenburg,Charlotte 2,182501.0,1.8100000000000003,2021-10-08,,0,
Mecklenburg,Charlotte 2,182501.0,1.5300000000000002,2021-10-09,3968.626966596889,0,1188650.01890125
Mecklenburg,Charlotte 2,182501.0,0.82,2021-10-10,,0,
Mecklenburg,Charlotte 2,182501.0,0.82,2021-10-11,,0,
Mecklenburg,Charlotte 2,182501.0,2.08,2021-10-12,14849.242404917508,0,4299681.08616425
Mecklenburg,Charlotte 2,182501.0,1.75,2021-10-13,,0,
Mecklenburg,Charlotte 2,182501.0,1.92,2021-10-14,,0,
Mecklenburg,Charlotte 2,182501.0,1.7000000000000002,2021-10-15,,0,
Mecklenburg,Charlotte 2,182501.0,1.4800000000000002,2021-10-16,16682.700620702883,0,4955139.70549201
Mecklenburg,Charlotte 2,182501.0,1.04,2021-10-17,,0,
Mecklenburg,Charlotte 2,182501.0,0.82,2021-10-18,,0,
Mecklenburg,Charlotte 2,182501.0,1.32,2021-10-19,7689.278249614864,0,2245612.20988474
Mecklenburg,Charlotte 2,182501.0,1.42,2021-10-20,,0,
Mecklenburg,Charlotte 2,182501.0,1.1,2021-10-21,,0,
Mecklenburg,Charlotte 2,182501.0,0.44000000000000006,2021-10-22,,0,
Mecklenburg,Charlotte 2,182501.0,0.44000000000000006,2021-10-23,34351.12807463532,0,10067686.7623735
Mecklenburg,Charlotte 2,182501.0,1.1,2021-10-24,,0,
Mecklenburg,Charlotte 2,182501.0,1.26,2021-10-25,,0,
Mecklenburg,Charlotte 2,182501.0,1.04,2021-10-26,17606.816861659016,0,5025112.74449009
Mecklenburg,Charlotte 2,182501.0,1.7000000000000002,2021-10-27,,0,
Mecklenburg,Charlotte 2,182501.0,1.32,2021-10-28,,0,
Mecklenburg,Charlotte 2,182501.0,0.77,2021-10-29,,0,
Mecklenburg,Charlotte 2,182501.0,0.82,2021-10-30,17846.568297574766,0,5574760.56833995
Mecklenburg,Charlotte 2,182501.0,0.49000000000000005,2021-10-31,,0,
Mecklenburg,Charlotte 2,182501.0,0.71,2021-11-01,,0,
Mecklenburg,Charlotte 2,182501.0,1.26,2021-11-02,48554.09354524091,0,13233287.4196792
Mecklenburg,Charlotte 2,182501.0,2.08,2021-11-03,,0,
Mecklenburg,Charlotte 2,182501.0,0.9900000000000001,2021-11-04,,0,
Mecklenburg,Charlotte 2,182501.0,1.5300000000000002,2021-11-05,,0,
Mecklenburg,Charlotte 2,182501.0,0.9900000000000001,2021-11-06,16669.583078169668,0,4975446.50436572
Mecklenburg,Charlotte 2,182501.0,0.55,2021-11-07,,0,
Mecklenburg,Charlotte 2,182501.0,1.75,2021-11-08,,0,
Mecklenburg,Charlotte 2,182501.0,1.42,2021-11-09,21972.994789058685,0,6663204.6882879
Mecklenburg,Charlotte 2,182501.0,1.5300000000000002,2021-11-10,,0,
Mecklenburg,Charlotte 2,182501.0,1.7000000000000002,2021-11-11,,0,
Mecklenburg,Charlotte 2,182501.0,1.1,2021-11-12,,0,
Mecklenburg,Charlotte 2,182501.0,0.8800000000000001,2021-11-13,,0,
Mecklenburg,Charlotte 2,182501.0,0.6000000000000001,2021-11-14,,0,
Mecklenburg,Charlotte 2,182501.0,0.6000000000000001,2021-11-15,,0,
Mecklenburg,Charlotte 2,182501.0,1.4800000000000002,2021-11-16,17392.5271309261,0,5086608.72017056
Mecklenburg,Charlotte 2,182501.0,1.42,2021-11-17,,0,
Mecklenburg,Charlotte 2,182501.0,1.4800000000000002,2021-11-18,,0,
Mecklenburg,Charlotte 2,182501.0,1.32,2021-11-19,,0,
Mecklenburg,Charlotte 2,182501.0,1.1,2021-11-20,7123.903424387502,0,2077542.29159747
Mecklenburg,Charlotte 2,182501.0,0.9900000000000001,2021-11-21,,0,
Mecklenburg,Charlotte 2,182501.0,0.9300000000000002,2021-11-22,,0,
Mecklenburg,Charlotte 2,182501.0,1.1,2021-11-23,5612.486080160912,0,1637932.13542021
Mecklenburg,Charlotte 2,182501.0,0.8800000000000001,2021-11-24,,0,
Mecklenburg,Charlotte 2,182501.0,1.8100000000000003,2021-11-25,,0,
Mecklenburg,Charlotte 2,182501.0,0.66,2021-11-26,,0,
Mecklenburg,Charlotte 2,182501.0,1.42,2021-11-27,,0,
Mecklenburg,Charlotte 2,182501.0,0.9900000000000001,2021-11-28,,0,
Mecklenburg,Charlotte 2,182501.0,1.26,2021-11-29,,0,
Mecklenburg,Charlotte 2,182501.0,1.64,2021-11-30,9653.367288153908,0,2781170.44420307
Mecklenburg,Charlotte 2,182501.0,1.92,2021-12-01,,0,
Mecklenburg,Charlotte 2,182501.0,2.3000000000000003,2021-12-02,,0,
Mecklenburg,Charlotte 2,182501.0,1.8100000000000003,2021-12-03,,0,
Mecklenburg,Charlotte 2,182501.0,2.3600000000000003,2021-12-04,14798.64858694874,0,4542869.92697754
Mecklenburg,Charlotte 2,182501.0,1.04,2021-12-05,,0,
Mecklenburg,Charlotte 2,182501.0,1.7000000000000002,2021-12-06,,0,
Mecklenburg,Charlotte 2,182501.0,1.8100000000000003,2021-12-07,51234.75382979802,0,16174312.7181888
Mecklenburg,Charlotte 2,182501.0,2.41,2021-12-08,,0,
Mecklenburg,Charlotte 2,182501.0,2.08,2021-12-09,,0,
Mecklenburg,Charlotte 2,182501.0,2.6300000000000003,2021-12-10,,0,
Mecklenburg,Charlotte 2,182501.0,1.92,2021-12-11,40377.12842687056,0,12755041.0850021
Mecklenburg,Charlotte 2,182501.0,2.0300000000000002,2021-12-12,,0,
Mecklenburg,Charlotte 2,182501.0,2.41,2021-12-13,,0,
Mecklenburg,Charlotte 2,182501.0,3.34,2021-12-14,43966.606646408414,0,13423856.0775333
Mecklenburg,Charlotte 2,182501.0,3.6700000000000004,2021-12-15,,0,
Mecklenburg,Charlotte 2,182501.0,4.49,2021-12-16,,0,
Mecklenburg,Charlotte 2,182501.0,3.95,2021-12-17,,0,
Mecklenburg,Charlotte 2,182501.0,4.99,2021-12-18,41533.119314590454,0,12543029.7974599
Mecklenburg,Charlotte 2,182501.0,4.49,2021-12-19,,0,
Mecklenburg,Charlotte 2,182501.0,5.370000000000001,2021-12-20,,0,
Mecklenburg,Charlotte 2,182501.0,8.93,2021-12-21,66143.78277661474,0,26245238.7599042
Mecklenburg,Charlotte 2,182501.0,10.790000000000001,2021-12-22,,0,
Mecklenburg,Charlotte 2,182501.0,10.63,2021-12-23,,0,
Mecklenburg,Charlotte 2,182501.0,10.740000000000002,2021-12-24,,0,
Mecklenburg,Charlotte 2,182501.0,8.82,2021-12-25,,0,
Mecklenburg,Charlotte 2,182501.0,5.260000000000001,2021-12-26,,0,
Mecklenburg,Charlotte 2,182501.0,9.32,2021-12-27,,0,
Mecklenburg,Charlotte 2,182501.0,22.03,2021-12-28,,0,
Mecklenburg,Charlotte 2,182501.0,23.950000000000003,2021-12-29,,0,
Mecklenburg,Charlotte 2,182501.0,22.790000000000003,2021-12-30,,0,
Mecklenburg,Charlotte 2,182501.0,20.27,2021-12-31,,0,
Mecklenburg,Charlotte 2,182501.0,16.380000000000003,2022-01-01,,0,
Mecklenburg,Charlotte 2,182501.0,8.66,2022-01-02,,0,
Mecklenburg,Charlotte 2,182501.0,14.9,2022-01-03,,0,
Mecklenburg,Charlotte 2,182501.0,26.03,2022-01-04,372583.8831726352,0,181918577.970828
Mecklenburg,Charlotte 2,182501.0,30.47,2022-01-05,,0,
Mecklenburg,Charlotte 2,182501.0,10.36,2022-01-18,,0,
Mecklenburg,Charlotte 2,182501.0,21.590000000000003,2022-01-19,,0,
Mecklenburg,Charlotte 2,182501.0,20.66,2022-01-20,,0,
Mecklenburg,Charlotte 2,182501.0,19.01,2022-01-21,,0,
Mecklenburg,Charlotte 2,182501.0,11.840000000000002,2022-01-22,92500.00000000004,0,30678683.9798139
Mecklenburg,Charlotte 2,182501.0,4.88,2022-01-23,,0,
Mecklenburg,Charlotte 2,182501.0,5.04,2022-01-24,,0,
Mecklenburg,Charlotte 2,182501.0,12.440000000000001,2022-01-25,29006.464796662174,0,9108926.67808425
Mecklenburg,Charlotte 2,182501.0,12.770000000000001,2022-01-26,,0,
Mecklenburg,Charlotte 2,182501.0,11.840000000000002,2022-01-27,,0,
Mecklenburg,Charlotte 2,182501.0,7.95,2022-01-28,,0,
Mecklenburg,Charlotte 2,182501.0,7.78,2022-01-29,66238.20649745897,0,19578073.6706954
Mecklenburg,Charlotte 2,182501.0,3.73,2022-01-30,,0,
Mecklenburg,Charlotte 2,182501.0,4.05,2022-01-31,,0,
Mecklenburg,Charlotte 2,182501.0,7.56,2022-02-01,19062.39754070827,0,5875473.35525762
Mecklenburg,Charlotte 2,182501.0,7.620000000000001,2022-02-02,,0,
Mecklenburg,Charlotte 2,182501.0,6.36,2022-02-03,,0,
Mecklenburg,Charlotte 2,182501.0,4.71,2022-02-04,,0,
Mecklenburg,Charlotte 2,182501.0,3.89,2022-02-05,15508.062419270818,0,4943994.02434464
Mecklenburg,Charlotte 2,182501.0,2.68,2022-02-06,,0,
Mecklenburg,Charlotte 2,182501.0,2.41,2022-02-07,,0,
Mecklenburg,Charlotte 2,182501.0,4.220000000000001,2022-02-08,8569.56825050132,0,2719549.08700965
Mecklenburg,Charlotte 2,182501.0,4.55,2022-02-09,,0,
Mecklenburg,Charlotte 2,182501.0,4.05,2022-02-10,,0,
Mecklenburg,Charlotte 2,182501.0,2.47,2022-02-11,,0,
Mecklenburg,Charlotte 2,182501.0,2.52,2022-02-12,51234.75382979802,0,15887383.3861315
Mecklenburg,Charlotte 2,182501.0,1.26,2022-02-13,,0,
Mecklenburg,Charlotte 2,182501.0,1.1,2022-02-14,,0,
Mecklenburg,Charlotte 2,182501.0,1.8100000000000003,2022-02-15,22624.654693497556,0,6945287.11939183
Mecklenburg,Charlotte 2,182501.0,2.14,2022-02-16,,0,
Mecklenburg,Charlotte 2,182501.0,2.14,2022-02-17,,0,
Mecklenburg,Charlotte 2,182501.0,1.7000000000000002,2022-02-18,,0,
Mecklenburg,Charlotte 2,182501.0,1.42,2022-02-19,38624.79773409825,0,12818367.8417241
Mecklenburg,Charlotte 2,182501.0,0.44000000000000006,2022-02-20,,0,
Mecklenburg,Charlotte 2,182501.0,0.8800000000000001,2022-02-21,,0,
Mecklenburg,Charlotte 2,182501.0,1.8600000000000003,2022-02-22,4541.47553114624,0,1401672.13306744
Mecklenburg,Charlotte 2,182501.0,1.1500000000000001,2022-02-23,,0,
Mecklenburg,Charlotte 2,182501.0,1.1500000000000001,2022-02-24,,0,
Mecklenburg,Charlotte 2,182501.0,1.04,2022-02-25,,0,
Mecklenburg,Charlotte 2,182501.0,0.8800000000000001,2022-02-26,28928.791886285206,0,9096535.68969034
Mecklenburg,Charlotte 2,182501.0,0.44000000000000006,2022-02-27,,0,
Mecklenburg,Charlotte 2,182501.0,0.27,2022-02-28,,0,
Mecklenburg,Charlotte 2,182501.0,0.66,2022-03-01,11715.374513859993,0,4580512.37093402
Mecklenburg,Charlotte 2,182501.0,0.66,2022-03-02,,0,
Mecklenburg,Charlotte 2,182501.0,0.6000000000000001,2022-03-03,,0,
Mecklenburg,Charlotte 2,182501.0,0.49000000000000005,2022-03-04,,0,
Mecklenburg,Charlotte 2,182501.0,0.38,2022-03-05,6229.967897188558,0,1931850.57148378
Mecklenburg,Charlotte 2,182501.0,0.11000000000000001,2022-03-06,,0,
Mecklenburg,Charlotte 2,182501.0,0.11000000000000001,2022-03-07,,0,
Mecklenburg,Charlotte 2,182501.0,0.77,2022-03-08,13162.446581088181,0,4087002.95100918
Mecklenburg,Charlotte 2,182501.0,0.33,2022-03-09,,0,
Mecklenburg,Charlotte 2,182501.0,0.11000000000000001,2022-03-10,,0,
Mecklenburg,Charlotte 2,182501.0,0.11000000000000001,2022-03-11,,0,
Mecklenburg,Charlotte 2,182501.0,0.49000000000000005,2022-03-12,15724.185193516416,0,5919585.65137942
Mecklenburg,Charlotte 2,182501.0,0.11000000000000001,2022-03-13,,0,
Mecklenburg,Charlotte 2,182501.0,0.11000000000000001,2022-03-14,,0,
Mecklenburg,Charlotte 2,182501.0,0.27,2022-03-15,3372.6843908080114,0,1210930.72817802
Mecklenburg,Charlotte 2,182501.0,0.11000000000000001,2022-03-16,,0,
Mecklenburg,Charlotte 2,182501.0,0.33,2022-03-17,,0,
Mecklenburg,Charlotte 2,182501.0,0.55,2022-03-18,,0,
Mecklenburg,Charlotte 2,182501.0,0.44000000000000006,2022-03-19,13876.68908637793,0,5100304.49330924
Mecklenburg,Charlotte 2,182501.0,0.11000000000000001,2022-03-20,,0,
Mecklenburg,Charlotte 2,182501.0,0.27,2022-03-21,,0,
Mecklenburg,Charlotte 2,182501.0,0.44000000000000006,2022-03-22,9470.348462437918,0,3168449.98402453
Mecklenburg,Charlotte 2,182501.0,0.38,2022-03-23,,0,
Mecklenburg,Charlotte 2,182501.0,0.49000000000000005,2022-03-24,,0,
Mecklenburg,Charlotte 2,182501.0,0.33,2022-03-25,,0,
Mecklenburg,Charlotte 2,182501.0,0.38,2022-03-26,10842.624221100716,0,3607325.2333627506
Mecklenburg,Charlotte 2,182501.0,0.11000000000000001,2022-03-27,,0,
Mecklenburg,Charlotte 2,182501.0,0.33,2022-03-28,,0,
Mecklenburg,Charlotte 2,182501.0,0.38,2022-03-29,11581.234821900493,0,3576811.84064691
Mecklenburg,Charlotte 2,182501.0,0.6000000000000001,2022-03-30,,0,
Mecklenburg,Charlotte 2,182501.0,0.8800000000000001,2022-03-31,,0,
Mecklenburg,Charlotte 2,182501.0,0.33,2022-04-01,,0,
Mecklenburg,Charlotte 2,182501.0,0.49000000000000005,2022-04-02,5556.527692723217,0,2956224.29550568
Mecklenburg,Charlotte 2,182501.0,0.27,2022-04-03,,0,
Mecklenburg,Charlotte 2,182501.0,0.27,2022-04-04,,0,
Mecklenburg,Charlotte 2,182501.0,0.71,2022-04-05,16770.509831248426,0,5642137.22656134
Mecklenburg,Charlotte 2,182501.0,0.77,2022-04-06,,0,
Mecklenburg,Charlotte 2,182501.0,1.32,2022-04-07,,0,
Mecklenburg,Charlotte 2,182501.0,1.04,2022-04-08,,0,
Mecklenburg,Charlotte 2,182501.0,0.82,2022-04-09,21236.76058159534,0,8483812.91783222
Mecklenburg,Charlotte 2,182501.0,0.44000000000000006,2022-04-10,,0,
Mecklenburg,Charlotte 2,182501.0,0.44000000000000006,2022-04-11,,0,
Mecklenburg,Charlotte 2,182501.0,0.9900000000000001,2022-04-12,12740.192306240904,0,4164652.0816174
Mecklenburg,Charlotte 2,182501.0,0.8800000000000001,2022-04-13,,0,
Mecklenburg,Charlotte 2,182501.0,1.8600000000000003,2022-04-14,,0,
Mecklenburg,Charlotte 2,182501.0,1.37,2022-04-15,,0,
Mecklenburg,Charlotte 2,182501.0,0.9300000000000002,2022-04-16,,0,
Mecklenburg,Charlotte 2,182501.0,0.82,2022-04-17,,0,
Mecklenburg,Charlotte 2,182501.0,0.33,2022-04-18,,0,
Mecklenburg,Charlotte 2,182501.0,1.8100000000000003,2022-04-19,62499.99999999997,0,22608566.5284026
Mecklenburg,Charlotte 2,182501.0,1.37,2022-04-20,,0,
Mecklenburg,Charlotte 2,182501.0,1.92,2022-04-21,,0,
Mecklenburg,Charlotte 2,182501.0,1.5300000000000002,2022-04-22,,0,
Mecklenburg,Charlotte 2,182501.0,1.4800000000000002,2022-04-23,31052.375110448487,0,11277880.7766068
Mecklenburg,Charlotte 2,182501.0,0.6000000000000001,2022-04-24,,0,
Mecklenburg,Charlotte 2,182501.0,0.8800000000000001,2022-04-25,,0,
Mecklenburg,Charlotte 2,182501.0,2.14,2022-04-26,33931.917128273235,0,11683232.3823774
Mecklenburg,Charlotte 2,182501.0,2.41,2022-04-27,,0,
Mecklenburg,Charlotte 2,182501.0,3.29,2022-04-28,,0,
Mecklenburg,Charlotte 2,182501.0,1.4800000000000002,2022-04-29,,0,
Mecklenburg,Charlotte 2,182501.0,1.42,2022-04-30,68465.31968814574,0,23104933.4856791
Mecklenburg,Charlotte 2,182501.0,1.64,2022-05-01,,0,
Mecklenburg,Charlotte 2,182501.0,0.82,2022-05-02,,0,
Mecklenburg,Charlotte 2,182501.0,2.79,2022-05-03,,0,
Mecklenburg,Charlotte 2,182501.0,3.0100000000000002,2022-05-04,,0,
Mecklenburg,Charlotte 2,182501.0,2.6300000000000003,2022-05-05,,0,
Mecklenburg,Charlotte 2,182501.0,2.9000000000000004,2022-05-06,,0,
Mecklenburg,Charlotte 2,182501.0,2.52,2022-05-07,58736.7006223537,0,19894922.9523704
Mecklenburg,Charlotte 2,182501.0,2.14,2022-05-08,,0,
Mecklenburg,Charlotte 2,182501.0,1.59,2022-05-09,,0,
Mecklenburg,Charlotte 2,182501.0,3.84,2022-05-10,23558.43797877952,0,7442055.8376765
Mecklenburg,Charlotte 2,182501.0,3.0700000000000003,2022-05-11,,0,
Mecklenburg,Charlotte 2,182501.0,4.88,2022-05-12,,0,
Mecklenburg,Charlotte 2,182501.0,3.12,2022-05-13,,0,
Mecklenburg,Charlotte 2,182501.0,3.34,2022-05-14,97403.79869389095,0,31739392.4128452
Mecklenburg,Charlotte 2,182501.0,2.14,2022-05-15,,0,
Mecklenburg,Charlotte 2,182501.0,2.08,2022-05-16,,0,
Mecklenburg,Charlotte 2,182501.0,3.0100000000000002,2022-05-17,74999.99999999999,0,25045728.516556
Mecklenburg,Charlotte 2,182501.0,4.55,2022-05-18,,0,
Mecklenburg,Charlotte 2,182501.0,4.0,2022-05-19,,0,
Mecklenburg,Charlotte 2,182501.0,3.4000000000000004,2022-05-20,,0,
Mecklenburg,Charlotte 2,182501.0,2.52,2022-05-21,146116.39196202444,0,48067180.911393
Mecklenburg,Charlotte 2,182501.0,1.4800000000000002,2022-05-22,,0,
Mecklenburg,Charlotte 2,182501.0,1.92,2022-05-23,,0,
Mecklenburg,Charlotte 2,182501.0,3.12,2022-05-24,76157.73105863901,0,25953628.838769
Mecklenburg,Charlotte 2,182501.0,3.0700000000000003,2022-05-25,,0,
Mecklenburg,Charlotte 2,182501.0,3.5100000000000002,2022-05-26,,0,
Mecklenburg,Charlotte 2,182501.0,3.84,2022-05-27,,0,
Mecklenburg,Charlotte 2,182501.0,3.29,2022-05-28,47486.84028233503,0,16212486.7177177
Mecklenburg,Charlotte 2,182501.0,1.4800000000000002,2022-05-29,,0,
Mecklenburg,Charlotte 2,182501.0,1.92,2022-05-30,,0,
Mecklenburg,Charlotte 2,182501.0,1.59,2022-05-31,,0,
Mecklenburg,Charlotte 2,182501.0,5.04,2022-06-01,,0,
Mecklenburg,Charlotte 2,182501.0,4.11,2022-06-02,,0,
Mecklenburg,Charlotte 2,182501.0,3.18,2022-06-03,,0,
Mecklenburg,Charlotte 2,182501.0,2.74,2022-06-04,42661.458015403114,0,13795210.7147018
Mecklenburg,Charlotte 2,182501.0,2.47,2022-06-05,,0,
Mecklenburg,Charlotte 2,182501.0,1.64,2022-06-06,,0,
Mecklenburg,Charlotte 2,182501.0,3.5600000000000005,2022-06-07,74624.05778299656,0,23217563.8762325
Mecklenburg,Charlotte 2,182501.0,3.0700000000000003,2022-06-08,,0,
Mecklenburg,Charlotte 2,182501.0,3.29,2022-06-09,,0,
Mecklenburg,Charlotte 2,182501.0,3.0100000000000002,2022-06-10,,0,
Mecklenburg,Charlotte 2,182501.0,3.23,2022-06-11,69282.0323027551,0,22374624.7586461
Mecklenburg,Charlotte 2,182501.0,1.42,2022-06-12,,0,
Mecklenburg,Charlotte 2,182501.0,2.08,2022-06-13,,0,
Mecklenburg,Charlotte 2,182501.0,2.52,2022-06-14,25006.249218945264,0,7914976.287292749
Mecklenburg,Charlotte 2,182501.0,2.41,2022-06-15,,0,
Mecklenburg,Charlotte 2,182501.0,2.9600000000000004,2022-06-16,,0,
Mecklenburg,Charlotte 2,182501.0,2.52,2022-06-17,,0,
Mecklenburg,Charlotte 2,182501.0,2.58,2022-06-18,27773.6385804957,0,9487961.37839553
Mecklenburg,Charlotte 2,182501.0,1.5300000000000002,2022-06-19,,0,
Mecklenburg,Charlotte 2,182501.0,1.75,2022-06-20,,0,
Mecklenburg,Charlotte 2,182501.0,3.0100000000000002,2022-06-21,50027.49244165655,0,14890427.4656143
Mecklenburg,Charlotte 2,182501.0,4.33,2022-06-22,,0,
Mecklenburg,Charlotte 2,182501.0,3.4000000000000004,2022-06-23,,0,
Mecklenburg,Charlotte 2,182501.0,2.6300000000000003,2022-06-24,,0,
Mecklenburg,Charlotte 2,182501.0,2.47,2022-06-25,62299.67897188563,0,21605713.4148554
Mecklenburg,Charlotte 2,182501.0,2.19,2022-06-26,,0,
Mecklenburg,Charlotte 2,182501.0,1.8100000000000003,2022-06-27,,0,
Mecklenburg,Charlotte 2,182501.0,3.0700000000000003,2022-06-28,48528.34223420372,0,15319924.9399886
Mecklenburg,Charlotte 2,182501.0,3.6200000000000006,2022-06-29,,0,
Mecklenburg,Charlotte 2,182501.0,3.5100000000000002,2022-06-30,,0,
Mecklenburg,Charlotte 2,182501.0,2.74,2022-07-01,,0,
Mecklenburg,Charlotte 2,182501.0,2.68,2022-07-02,57445.626465380345,0,18575889.3060299
Mecklenburg,Charlotte 2,182501.0,1.75,2022-07-03,,0,
Mecklenburg,Charlotte 2,182501.0,2.52,2022-07-04,,0,
Mecklenburg,Charlotte 2,182501.0,1.97,2022-07-05,,0,
Mecklenburg,Charlotte 2,182501.0,3.5100000000000002,2022-07-06,,0,
Mecklenburg,Charlotte 2,182501.0,4.6000000000000005,2022-07-07,,0,
Mecklenburg,Charlotte 2,182501.0,3.89,2022-07-08,,0,
Mecklenburg,Charlotte 2,182501.0,2.19,2022-07-09,102011.02881551589,0,39270970.0207473
Mecklenburg,Charlotte 2,182501.0,2.08,2022-07-10,,0,
Mecklenburg,Charlotte 2,182501.0,2.9000000000000004,2022-07-11,,0,
Mecklenburg,Charlotte 2,182501.0,3.5100000000000002,2022-07-12,56236.109396009924,0,22733883.7826325
Mecklenburg,Charlotte 2,182501.0,4.05,2022-07-13,,0,
Mecklenburg,Charlotte 2,182501.0,3.73,2022-07-14,,0,
Mecklenburg,Charlotte 2,182501.0,4.05,2022-07-15,,0,
Mecklenburg,Charlotte 2,182501.0,3.34,2022-07-16,60621.77826491071,0,20143628.937336
Mecklenburg,Charlotte 2,182501.0,2.9600000000000004,2022-07-17,,0,
Mecklenburg,Charlotte 2,182501.0,2.85,2022-07-18,,0,
Mecklenburg,Charlotte 2,182501.0,4.71,2022-07-19,63737.74391990987,0,20346130.9871826
Mecklenburg,Charlotte 2,182501.0,3.95,2022-07-20,,0,
Mecklenburg,Charlotte 2,182501.0,5.260000000000001,2022-07-21,,0,
Mecklenburg,Charlotte 2,182501.0,4.71,2022-07-22,,0,
Mecklenburg,Charlotte 2,182501.0,3.84,2022-07-23,70975.34783289192,0,22111794.603499
Mecklenburg,Charlotte 2,182501.0,4.0,2022-07-24,,0,
Mecklenburg,Charlotte 2,182501.0,2.47,2022-07-25,,0,
Mecklenburg,Charlotte 2,182501.0,4.7700000000000005,2022-07-26,154252.22850902352,0,47544116.979957
Mecklenburg,Charlotte 2,182501.0,4.16,2022-07-27,,0,
Mecklenburg,Charlotte 2,182501.0,4.55,2022-07-28,,0,
Mecklenburg,Charlotte 2,182501.0,4.16,2022-07-29,,0,
Mecklenburg,Charlotte 2,182501.0,4.33,2022-07-30,119895.78808281802,0,38446777.6099117
Mecklenburg,Charlotte 2,182501.0,2.58,2022-07-31,,0,
Mecklenburg,Charlotte 2,182501.0,2.47,2022-08-01,,0,
Mecklenburg,Charlotte 2,182501.0,4.05,2022-08-02,120933.86622447823,0,41112455.8638508
Mecklenburg,Charlotte 2,182501.0,4.0,2022-08-03,,0,
Mecklenburg,Charlotte 2,182501.0,4.2700000000000005,2022-08-04,,0,
Mecklenburg,Charlotte 2,182501.0,3.12,2022-08-05,,0,
Mecklenburg,Charlotte 2,182501.0,2.68,2022-08-06,42642.22525853928,0,14204695.561495
Mecklenburg,Charlotte 2,182501.0,1.42,2022-08-07,,0,
Mecklenburg,Charlotte 2,182501.0,2.19,2022-08-08,,0,
Mecklenburg,Charlotte 2,182501.0,3.4000000000000004,2022-08-09,65326.70300114653,0,20053906.4596905
Mecklenburg,Charlotte 2,182501.0,2.58,2022-08-10,,0,
Mecklenburg,Charlotte 2,182501.0,3.45,2022-08-11,,0,
Mecklenburg,Charlotte 2,182501.0,2.6300000000000003,2022-08-12,,0,
Mecklenburg,Charlotte 2,182501.0,2.0300000000000002,2022-08-13,74452.16585163923,0,22546374.7474041
Mecklenburg,Charlotte 2,182501.0,1.4800000000000002,2022-08-14,,0,
Mecklenburg,Charlotte 2,182501.0,1.75,2022-08-15,,0,
Mecklenburg,Charlotte 2,182501.0,2.3600000000000003,2022-08-16,65669.62768281851,0,18878796.8702599
Mecklenburg,Charlotte 2,182501.0,3.45,2022-08-17,,0,
Mecklenburg,Charlotte 2,182501.0,2.47,2022-08-18,,0,
Mecklenburg,Charlotte 2,182501.0,1.97,2022-08-19,,0,
Mecklenburg,Charlotte 2,182501.0,2.14,2022-08-20,51387.01197773622,0,15774718.2102001
Mecklenburg,Charlotte 2,182501.0,1.26,2022-08-21,,0,
Mecklenburg,Charlotte 2,182501.0,1.42,2022-08-22,,0,
Mecklenburg,Charlotte 2,182501.0,2.41,2022-08-23,32806.2494046485,0,10002773.7628639
Mecklenburg,Charlotte 2,182501.0,1.92,2022-08-24,,0,
Mecklenburg,Charlotte 2,182501.0,2.19,2022-08-25,,0,
Mecklenburg,Charlotte 2,182501.0,2.25,2022-08-26,,0,
Mecklenburg,Charlotte 2,182501.0,1.5300000000000002,2022-08-27,31668.201717179985,0,9544112.41930999
Mecklenburg,Charlotte 2,182501.0,1.1,2022-08-28,,0,
Mecklenburg,Charlotte 2,182501.0,1.4800000000000002,2022-08-29,,0,
Mecklenburg,Charlotte 2,182501.0,2.3000000000000003,2022-08-30,29031.233180834744,0,8839711.04604632
Mecklenburg,Charlotte 2,182501.0,1.75,2022-08-31,,0,
Mecklenburg,Charlotte 2,182501.0,2.25,2022-09-01,,0,
Mecklenburg,Charlotte 2,182501.0,1.7000000000000002,2022-09-02,,0,
Mecklenburg,Charlotte 2,182501.0,2.14,2022-09-03,40835.03397819088,0,11942591.1115923
Mecklenburg,Charlotte 2,182501.0,0.77,2022-09-04,,0,
Mecklenburg,Charlotte 2,182501.0,1.32,2022-09-05,,0,
Mecklenburg,Charlotte 2,182501.0,0.9900000000000001,2022-09-06,,0,
Mecklenburg,Charlotte 2,182501.0,2.52,2022-09-07,,0,
Mecklenburg,Charlotte 2,182501.0,2.52,2022-09-08,,0,
Mecklenburg,Charlotte 2,182501.0,1.75,2022-09-09,,0,
Mecklenburg,Charlotte 2,182501.0,1.75,2022-09-10,91651.51389911673,0,26329095.8618581
Mecklenburg,Charlotte 2,182501.0,1.4800000000000002,2022-09-11,,0,
Mecklenburg,Charlotte 2,182501.0,1.1500000000000001,2022-09-12,,0,
Mecklenburg,Charlotte 2,182501.0,1.8600000000000003,2022-09-13,33491.60342533634,0,11232915.4325365
Mecklenburg,Charlotte 2,182501.0,1.97,2022-09-14,,0,
Mecklenburg,Charlotte 2,182501.0,1.8100000000000003,2022-09-15,,0,
Mecklenburg,Charlotte 2,182501.0,1.59,2022-09-16,,0,
Mecklenburg,Charlotte 2,182501.0,1.92,2022-09-17,39845.796516069335,0,11587161.3821822
Mecklenburg,Charlotte 2,182501.0,1.1500000000000001,2022-09-18,,0,
Mecklenburg,Charlotte 2,182501.0,1.04,2022-09-19,,0,
Mecklenburg,Charlotte 2,182501.0,1.42,2022-09-20,41507.52943744059,0,12130659.3455857
Mecklenburg,Charlotte 2,182501.0,1.59,2022-09-21,,0,
Mecklenburg,Charlotte 2,182501.0,1.59,2022-09-22,,0,
Mecklenburg,Charlotte 2,182501.0,0.8800000000000001,2022-09-23,,0,
Mecklenburg,Charlotte 2,182501.0,1.1500000000000001,2022-09-24,49355.850717012276,0,14680279.4447258
Mecklenburg,Charlotte 2,182501.0,0.82,2022-09-25,,0,
Mecklenburg,Charlotte 2,182501.0,0.77,2022-09-26,,0,
Mecklenburg,Charlotte 2,182501.0,1.1,2022-09-27,27214.426321346586,0,7586561.484558059
Mecklenburg,Charlotte 2,182501.0,1.64,2022-09-28,,0,
Mecklenburg,Charlotte 2,182501.0,1.21,2022-09-29,,0,
Mecklenburg,Charlotte 2,182501.0,0.77,2022-09-30,,0,
Mecklenburg,Charlotte 2,182501.0,0.6000000000000001,2022-10-01,35791.060336346614,0,10229874.6396211
Mecklenburg,Charlotte 2,182501.0,0.44000000000000006,2022-10-02,,0,
Mecklenburg,Charlotte 2,182501.0,0.44000000000000006,2022-10-03,,0,
Mecklenburg,Charlotte 2,182501.0,1.1500000000000001,2022-10-04,22975.530461776063,0,6871908.00491122
Mecklenburg,Charlotte 2,182501.0,0.66,2022-10-05,,0,
Mecklenburg,Charlotte 2,182501.0,1.42,2022-10-06,,0,
Mecklenburg,Charlotte 2,182501.0,0.9300000000000002,2022-10-07,,0,
Mecklenburg,Charlotte 2,182501.0,0.82,2022-10-08,22508.459100097953,0,7035671.38063949
Mecklenburg,Charlotte 2,182501.0,0.49000000000000005,2022-10-09,,0,
Mecklenburg,Charlotte 2,182501.0,0.44000000000000006,2022-10-10,,0,
Mecklenburg,Charlotte 2,182501.0,0.9300000000000002,2022-10-11,20303.367486596846,0,6009503.29663567
Mecklenburg,Charlotte 2,182501.0,0.38,2022-10-12,,0,
Mecklenburg,Charlotte 2,182501.0,0.8800000000000001,2022-10-13,,0,
Mecklenburg,Charlotte 2,182501.0,0.49000000000000005,2022-10-14,,0,
Mecklenburg,Charlotte 2,182501.0,0.33,2022-10-15,26944.387170614962,0,8338418.010197419
Mecklenburg,Charlotte 2,182501.0,0.27,2022-10-16,,0,
Mecklenburg,Charlotte 2,182501.0,0.38,2022-10-17,,0,
Mecklenburg,Charlotte 2,182501.0,0.9300000000000002,2022-10-18,18186.53347947322,0,5518750.77440499
Mecklenburg,Charlotte 2,182501.0,0.9300000000000002,2022-10-19,,0,
Mecklenburg,Charlotte 2,182501.0,0.82,2022-10-20,,0,
Mecklenburg,Charlotte 2,182501.0,0.82,2022-10-21,,0,
Mecklenburg,Charlotte 2,182501.0,0.9300000000000002,2022-10-22,27769.13754512371,0,8610931.08687901
Mecklenburg,Charlotte 2,182501.0,0.44000000000000006,2022-10-23,,0,
Mecklenburg,Charlotte 2,182501.0,0.55,2022-10-24,,0,
Mecklenburg,Charlotte 2,182501.0,1.21,2022-10-25,29417.25684016101,0,8926742.91946546
Mecklenburg,Charlotte 2,182501.0,0.8800000000000001,2022-10-26,,0,
Mecklenburg,Charlotte 2,182501.0,0.71,2022-10-27,,0,
Mecklenburg,Charlotte 2,182501.0,0.66,2022-10-28,,0,
Mecklenburg,Charlotte 2,182501.0,0.55,2022-10-29,96953.59714832663,0,29139281.6745664
Mecklenburg,Charlotte 2,182501.0,0.66,2022-10-30,,0,
Mecklenburg,Charlotte 2,182501.0,0.27,2022-10-31,,0,
Mecklenburg,Charlotte 2,182501.0,0.8800000000000001,2022-11-01,24298.919729074383,0,7539891.375427381
Mecklenburg,Charlotte 2,182501.0,0.8800000000000001,2022-11-02,,0,
Mecklenburg,Charlotte 2,182501.0,0.9300000000000002,2022-11-03,,0,
Mecklenburg,Charlotte 2,182501.0,0.66,2022-11-04,,0,
Mecklenburg,Charlotte 2,182501.0,0.9300000000000002,2022-11-05,23084.085426977617,0,7191659.79676122
Mecklenburg,Charlotte 2,182501.0,0.44000000000000006,2022-11-06,,0,
Mecklenburg,Charlotte 2,182501.0,0.55,2022-11-07,,0,
Mecklenburg,Charlotte 2,182501.0,0.55,2022-11-08,8930.285549745873,0,3026662.02219676
Mecklenburg,Charlotte 2,182501.0,1.32,2022-11-09,,0,
Mecklenburg,Charlotte 2,182501.0,1.1,2022-11-10,,0,
Mecklenburg,Charlotte 2,182501.0,0.49000000000000005,2022-11-11,,0,
Mecklenburg,Charlotte 2,182501.0,0.8800000000000001,2022-11-12,,0,
Mecklenburg,Charlotte 2,182501.0,0.6000000000000001,2022-11-13,,0,
Mecklenburg,Charlotte 2,182501.0,0.33,2022-11-14,,0,
Mecklenburg,Charlotte 2,182501.0,0.9900000000000001,2022-11-15,30851.458636505336,0,9790698.16766043
Mecklenburg,Charlotte 2,182501.0,0.8800000000000001,2022-11-16,,0,
Mecklenburg,Charlotte 2,182501.0,0.38,2022-11-17,,0,
Mecklenburg,Charlotte 2,182501.0,0.6000000000000001,2022-11-18,,0,
Mecklenburg,Charlotte 2,182501.0,0.9900000000000001,2022-11-19,30483.60214935237,0,9939518.71769039
Mecklenburg,Charlotte 2,182501.0,0.77,2022-11-20,,0,
Mecklenburg,Charlotte 2,182501.0,0.49000000000000005,2022-11-21,,0,
Mecklenburg,Charlotte 2,182501.0,1.64,2022-11-22,41533.119314590454,0,13094371.766579
Mecklenburg,Charlotte 2,182501.0,0.9900000000000001,2022-11-23,,0,
Mecklenburg,Charlotte 2,182501.0,1.1,2022-11-24,,0,
Mecklenburg,Charlotte 2,182501.0,0.11000000000000001,2022-11-25,,0,
Mecklenburg,Charlotte 2,182501.0,0.9300000000000002,2022-11-26,,0,
Mecklenburg,Charlotte 2,182501.0,0.77,2022-11-27,,0,
Mecklenburg,Charlotte 2,182501.0,0.38,2022-11-28,,0,
Mecklenburg,Charlotte 2,182501.0,1.32,2022-11-29,24959.967948697376,0,9375814.428458
Mecklenburg,Charlotte 2,182501.0,1.75,2022-11-30,,0,
Mecklenburg,Charlotte 2,182501.0,1.59,2022-12-01,,0,
Mecklenburg,Charlotte 2,182501.0,1.26,2022-12-02,,0,
Mecklenburg,Charlotte 2,182501.0,1.32,2022-12-03,20591.260281974013,0,8614604.74223058
Mecklenburg,Charlotte 2,182501.0,1.42,2022-12-04,,0,
Mecklenburg,Charlotte 2,182501.0,1.1,2022-12-05,,0,
Mecklenburg,Charlotte 2,182501.0,1.26,2022-12-06,60621.77826491071,0,20709461.210856695
Mecklenburg,Charlotte 2,182501.0,1.7000000000000002,2022-12-07,,0,
Mecklenburg,Charlotte 2,182501.0,1.8100000000000003,2022-12-08,,0,
Mecklenburg,Charlotte 2,182501.0,1.7000000000000002,2022-12-09,,0,
Mecklenburg,Charlotte 2,182501.0,2.14,2022-12-10,27235.087662792655,0,10151340.234147
Mecklenburg,Charlotte 2,182501.0,1.4800000000000002,2022-12-11,,0,
Mecklenburg,Charlotte 2,182501.0,1.1500000000000001,2022-12-12,,0,
Mecklenburg,Charlotte 2,182501.0,3.12,2022-12-13,24744.94897953923,0,8088896.996215089
Mecklenburg,Charlotte 2,182501.0,2.0300000000000002,2022-12-14,,0,
Mecklenburg,Charlotte 2,182501.0,2.0300000000000002,2022-12-15,,0,
Mecklenburg,Charlotte 2,182501.0,2.6300000000000003,2022-12-16,,0,
Mecklenburg,Charlotte 2,182501.0,1.75,2022-12-17,34749.99999999999,0,10674717.6536019
Mecklenburg,Charlotte 2,182501.0,1.8100000000000003,2022-12-18,,0,
Mecklenburg,Charlotte 2,182501.0,1.42,2022-12-19,,0,
Mecklenburg,Charlotte 2,182501.0,1.8600000000000003,2022-12-20,68738.63542433763,0,29883999.057647
Mecklenburg,Charlotte 2,182501.0,3.23,2022-12-21,,0,
Mecklenburg,Charlotte 2,182501.0,3.0700000000000003,2022-12-22,,0,
Mecklenburg,Charlotte 2,182501.0,2.3000000000000003,2022-12-23,,0,
Mecklenburg,Charlotte 2,182501.0,2.47,2022-12-24,163095.06430300095,0,76723851.8114274
Mecklenburg,Charlotte 2,182501.0,1.26,2022-12-25,,0,
Mecklenburg,Charlotte 2,182501.0,1.1,2022-12-26,,0,
Mecklenburg,Charlotte 2,182501.0,2.47,2022-12-27,,0,
Mecklenburg,Charlotte 2,182501.0,3.0100000000000002,2022-12-28,,0,
Mecklenburg,Charlotte 2,182501.0,2.52,2022-12-29,,0,
Mecklenburg,Charlotte 2,182501.0,2.58,2022-12-30,,0,
Mecklenburg,Charlotte 2,182501.0,2.47,2022-12-31,258215.02667350756,0,89281944.7018819
Mecklenburg,Charlotte 2,182501.0,1.75,2023-01-01,,0,
Mecklenburg,Charlotte 2,182501.0,1.59,2023-01-02,,0,
Mecklenburg,Charlotte 2,182501.0,1.8600000000000003,2023-01-03,,0,
Mecklenburg,Charlotte 2,182501.0,2.52,2023-01-04,,0,
Mecklenburg,Charlotte 2,182501.0,2.79,2023-01-05,,0,
Mecklenburg,Charlotte 2,182501.0,2.19,2023-01-06,,0,
Mecklenburg,Charlotte 2,182501.0,1.8100000000000003,2023-01-07,62319.74005080576,0,16804109.9602093
Mecklenburg,Charlotte 2,182501.0,1.4800000000000002,2023-01-08,,0,
Mecklenburg,Charlotte 2,182501.0,0.49000000000000005,2023-01-09,,0,
Mecklenburg,Charlotte 2,182501.0,1.5300000000000002,2023-01-10,55480.852552930424,0,19079815.9748661
Mecklenburg,Charlotte 2,182501.0,1.1500000000000001,2023-01-11,,0,
Mecklenburg,Charlotte 2,182501.0,1.8600000000000003,2023-01-12,,0,
Mecklenburg,Charlotte 2,182501.0,1.7000000000000002,2023-01-13,,0,
Mecklenburg,Charlotte 2,182501.0,1.4800000000000002,2023-01-14,42623.35040796306,0,14525519.6153533
Mecklenburg,Charlotte 2,182501.0,0.8800000000000001,2023-01-15,,0,
Mecklenburg,Charlotte 2,182501.0,0.49000000000000005,2023-01-16,,0,
Mecklenburg,Charlotte 2,182501.0,1.26,2023-01-17,,0,
Mecklenburg,Charlotte 2,182501.0,1.92,2023-01-18,,0,
Mecklenburg,Charlotte 2,182501.0,1.8100000000000003,2023-01-19,,0,
Mecklenburg,Charlotte 2,182501.0,1.1,2023-01-20,,0,
Mecklenburg,Charlotte 2,182501.0,1.1,2023-01-21,45497.252664309315,0,14702769.725474
Mecklenburg,Charlotte 2,182501.0,0.55,2023-01-22,,0,
Mecklenburg,Charlotte 2,182501.0,0.66,2023-01-23,,0,
Mecklenburg,Charlotte 2,182501.0,1.59,2023-01-24,16870.832818802985,0,4475624.01610883
Mecklenburg,Charlotte 2,182501.0,0.71,2023-01-25,,0,
Mecklenburg,Charlotte 2,182501.0,1.59,2023-01-26,,0,
Mecklenburg,Charlotte 2,182501.0,1.75,2023-01-27,,0,
Mecklenburg,Charlotte 2,182501.0,1.1500000000000001,2023-01-28,64807.40698407861,0,22999647.7179948
Mecklenburg,Charlotte 2,182501.0,1.04,2023-01-29,,0,
Mecklenburg,Charlotte 2,182501.0,0.8800000000000001,2023-01-30,,0,
Mecklenburg,Charlotte 2,182501.0,1.04,2023-01-31,68647.65108872992,0,30798440.7902891
Mecklenburg,Charlotte 2,182501.0,0.71,2023-02-01,,0,
Mecklenburg,Charlotte 2,182501.0,1.32,2023-02-02,,0,
Mecklenburg,Charlotte 2,182501.0,0.66,2023-02-03,,0,
Mecklenburg,Charlotte 2,182501.0,0.8800000000000001,2023-02-04,12444.878464653648,0,5616892.08484651
Mecklenburg,Charlotte 2,182501.0,0.38,2023-02-05,,0,
Mecklenburg,Charlotte 2,182501.0,0.49000000000000005,2023-02-06,,0,
Mecklenburg,Charlotte 2,182501.0,1.21,2023-02-07,27169.606180436236,0,12110617.5160095
Mecklenburg,Charlotte 2,182501.0,1.59,2023-02-08,,0,
Mecklenburg,Charlotte 2,182501.0,0.82,2023-02-09,,0,
Mecklenburg,Charlotte 2,182501.0,1.1,2023-02-10,,0,
Mecklenburg,Charlotte 2,182501.0,1.26,2023-02-11,60930.28803476967,0,20675835.1004472
Mecklenburg,Charlotte 2,182501.0,0.55,2023-02-12,,0,
Mecklenburg,Charlotte 2,182501.0,0.9900000000000001,2023-02-13,,0,
Mecklenburg,Charlotte 2,182501.0,1.21,2023-02-14,,0,
Mecklenburg,Charlotte 2,182501.0,0.77,2023-02-15,,0,
Mecklenburg,Charlotte 2,182501.0,1.26,2023-02-16,,0,
Mecklenburg,Charlotte 2,182501.0,0.9900000000000001,2023-02-17,,0,
Mecklenburg,Charlotte 2,182501.0,0.55,2023-02-18,36708.309685955304,0,13849803.6146435
Mecklenburg,Charlotte 2,182501.0,0.44000000000000006,2023-02-19,,0,
Mecklenburg,Charlotte 2,182501.0,0.44000000000000006,2023-02-20,,0,
Mecklenburg,Charlotte 2,182501.0,0.9900000000000001,2023-02-21,,0,
Mecklenburg,Charlotte 2,182501.0,0.66,2023-02-22,23598.19908382842,0,8110505.03829342
Mecklenburg,Charlotte 2,182501.0,1.04,2023-02-23,,0,
Mecklenburg,Charlotte 2,182501.0,1.1,2023-02-24,,0,
Mecklenburg,Charlotte 2,182501.0,0.71,2023-02-25,26057.628441590798,0,8788240.99258357
Mecklenburg,Charlotte 2,182501.0,0.6000000000000001,2023-02-26,,0,
Mecklenburg,Charlotte 2,182501.0,0.49000000000000005,2023-02-27,,0,
Mecklenburg,Charlotte 2,182501.0,0.82,2023-02-28,,0,
Mecklenburg,Charlotte 2,182501.0,0.44000000000000006,2023-03-01,,0,
Mecklenburg,Charlotte 2,182501.0,0.11000000000000001,2023-03-02,,0,
Mecklenburg,Charlotte 2,182501.0,0.11000000000000001,2023-03-03,,0,
Mecklenburg,Charlotte 2,182501.0,0.27,2023-03-04,37118.05490593495,0,13935107.2007318
Mecklenburg,Charlotte 2,182501.0,0.6000000000000001,2023-03-05,,0,
Mecklenburg,Charlotte 2,182501.0,0.38,2023-03-06,,0,
Mecklenburg,Charlotte 2,182501.0,0.44000000000000006,2023-03-07,12369.316876852996,0,4030588.2059802
Mecklenburg,Charlotte 2,182501.0,1.04,2023-03-08,,0,
Mecklenburg,Charlotte 2,182501.0,0.55,2023-03-09,,0,
Mecklenburg,Charlotte 2,182501.0,0.27,2023-03-10,,0,
Mecklenburg,Charlotte 2,182501.0,1.04,2023-03-11,25821.50266735073,0,8403321.60991318
Mecklenburg,Charlotte 2,182501.0,0.38,2023-03-12,,0,
Mecklenburg,Charlotte 2,182501.0,0.33,2023-03-13,,0,
Mecklenburg,Charlotte 2,182501.0,0.27,2023-03-14,15000.000000000011,0,5438501.04930931
Mecklenburg,Charlotte 2,182501.0,0.49000000000000005,2023-03-15,,0,
Mecklenburg,Charlotte 2,182501.0,0.38,2023-03-16,,0,
Mecklenburg,Charlotte 2,182501.0,0.44000000000000006,2023-03-17,,0,
Mecklenburg,Charlotte 2,182501.0,0.38,2023-03-18,5703.612890089938,0,2228832.69380068
Mecklenburg,Charlotte 2,182501.0,0.11000000000000001,2023-03-19,,0,
Mecklenburg,Charlotte 2,182501.0,0.38,2023-03-20,,0,
Mecklenburg,Charlotte 2,182501.0,0.38,2023-03-21,10587.067582668966,0,3311490.82614188
Mecklenburg,Charlotte 2,182501.0,0.6000000000000001,2023-03-22,,0,
Mecklenburg,Charlotte 2,182501.0,0.33,2023-03-23,,0,
Mecklenburg,Charlotte 2,182501.0,0.49000000000000005,2023-03-24,,0,
Mecklenburg,Charlotte 2,182501.0,0.55,2023-03-25,59889.89898138093,0,21155084.1802409
Mecklenburg,Charlotte 2,182501.0,0.11000000000000001,2023-03-26,,0,
Mecklenburg,Charlotte 2,182501.0,0.11000000000000001,2023-03-27,,0,
Mecklenburg,Charlotte 2,182501.0,0.49000000000000005,2023-03-28,42169.65733794858,0,15516730.486609
Mecklenburg,Charlotte 2,182501.0,0.6000000000000001,2023-03-29,,0,
Mecklenburg,Charlotte 2,182501.0,0.38,2023-03-30,,0,
Mecklenburg,Charlotte 2,182501.0,0.33,2023-03-31,,0,
Mecklenburg,Charlotte 2,182501.0,0.33,2023-04-01,51738.02470137422,0,21022812.1238938
Mecklenburg,Charlotte 2,182501.0,0.11000000000000001,2023-04-02,,0,
Mecklenburg,Charlotte 2,182501.0,0.27,2023-04-03,,0,
Mecklenburg,Charlotte 2,182501.0,0.38,2023-04-04,41702.51790959392,0,13891666.4752375
Mecklenburg,Charlotte 2,182501.0,0.44000000000000006,2023-04-05,,0,
Mecklenburg,Charlotte 2,182501.0,0.38,2023-04-06,,0,
Mecklenburg,Charlotte 2,182501.0,0.11000000000000001,2023-04-07,,0,
Mecklenburg,Charlotte 2,182501.0,0.11000000000000001,2023-04-08,,0,
Mecklenburg,Charlotte 2,182501.0,0.33,2023-04-09,,0,
Mecklenburg,Charlotte 2,182501.0,0.11000000000000001,2023-04-10,,0,
Mecklenburg,Charlotte 2,182501.0,0.27,2023-04-11,17407.90624974757,0,6481231.30998958
Mecklenburg,Charlotte 2,182501.0,0.44000000000000006,2023-04-12,,0,
Mecklenburg,Charlotte 2,182501.0,0.38,2023-04-13,,0,
Mecklenburg,Charlotte 2,182501.0,0.27,2023-04-14,,0,
Mecklenburg,Charlotte 2,182501.0,0.11000000000000001,2023-04-15,51390.17415810151,0,21361135.5541716
Mecklenburg,Charlotte 2,182501.0,0.55,2023-04-16,,0,
Mecklenburg,Charlotte 2,182501.0,0.27,2023-04-17,,0,
Mecklenburg,Charlotte 2,182501.0,0.33,2023-04-18,13088.865497055114,0,5212544.34709401
Mecklenburg,Charlotte 2,182501.0,0.27,2023-04-19,,0,
Mecklenburg,Charlotte 2,182501.0,0.49000000000000005,2023-04-20,,0,
Mecklenburg,Charlotte 2,182501.0,0.11000000000000001,2023-04-21,,0,
Mecklenburg,Charlotte 2,182501.0,,2023-04-22,45985.39768230782,0,15461424.0267555
Mecklenburg,Charlotte 2,182501.0,,2023-04-23,,0,
Mecklenburg,Charlotte 2,182501.0,0.11000000000000001,2023-04-24,,0,
Mecklenburg,Charlotte 2,182501.0,0.33,2023-04-25,40447.82812463489,0,13045842.4527292
Mecklenburg,Charlotte 2,182501.0,0.38,2023-04-26,,0,
Mecklenburg,Charlotte 2,182501.0,0.55,2023-04-27,,0,
Mecklenburg,Charlotte 2,182501.0,0.11000000000000001,2023-04-28,,0,
Mecklenburg,Charlotte 2,182501.0,0.27,2023-04-29,89622.24723806033,0,38907344.2050475
Mecklenburg,Charlotte 2,182501.0,0.11000000000000001,2023-04-30,,0,
Mecklenburg,Charlotte 2,182501.0,0.11000000000000001,2023-05-01,,0,
Mecklenburg,Charlotte 2,182501.0,0.44000000000000006,2023-05-02,,0,
Mecklenburg,Charlotte 2,182501.0,0.11000000000000001,2023-05-03,,0,
Mecklenburg,Charlotte 2,182501.0,0.27,2023-05-04,,0,
Mecklenburg,Charlotte 2,182501.0,0.11000000000000001,2023-05-05,,0,
Mecklenburg,Charlotte 2,182501.0,0.27,2023-05-06,122932.47740121404,0,44341741.4327028
Mecklenburg,Charlotte 2,182501.0,0.11000000000000001,2023-05-07,,0,
Mecklenburg,Charlotte 2,182501.0,0.11000000000000001,2023-05-08,,0,
Mecklenburg,Charlotte 2,182501.0,0.33,2023-05-09,27508.674995353762,0,9916672.56689237
Mecklenburg,Charlotte 2,182501.0,0.38,2023-05-10,,0,
Mecklenburg,Charlotte 2,182501.0,0.11000000000000001,2023-05-11,,0,
Mecklenburg,Charlotte 2,182501.0,0.44000000000000006,2023-05-12,,0,
Mecklenburg,Charlotte 2,182501.0,0.33,2023-05-13,57875.65291208387,0,20131470.3309305
Mecklenburg,Charlotte 2,182501.0,0.11000000000000001,2023-05-14,,0,
Mecklenburg,Charlotte 2,182501.0,0.11000000000000001,2023-05-15,,0,
Mecklenburg,Charlotte 2,182501.0,0.33,2023-05-16,28108.041553975272,0,9631349.86566574
Mecklenburg,Charlotte 2,182501.0,0.33,2023-05-17,,0,
Mecklenburg,Charlotte 2,182501.0,0.33,2023-05-18,,0,
Mecklenburg,Charlotte 2,182501.0,0.27,2023-05-19,,0,
Mecklenburg,Charlotte 2,182501.0,0.11000000000000001,2023-05-20,35428.97119590125,0,12308918.0975072
Mecklenburg,Charlotte 2,182501.0,0.11000000000000001,2023-05-21,,0,
Mecklenburg,Charlotte 2,182501.0,0.11000000000000001,2023-05-22,,0,
Mecklenburg,Charlotte 2,182501.0,0.11000000000000001,2023-05-23,25524.41967998492,0,8883709.78759568
Mecklenburg,Charlotte 2,182501.0,0.11000000000000001,2023-05-24,,0,
Mecklenburg,Charlotte 2,182501.0,,2023-05-25,,0,
Mecklenburg,Charlotte 2,182501.0,,2023-05-26,,0,
Mecklenburg,Charlotte 2,182501.0,,2023-05-27,52088.47857252123,0,17967202.0235037
Mecklenburg,Charlotte 2,182501.0,,2023-05-28,,0,
Mecklenburg,Charlotte 2,182501.0,,2023-05-29,,0,
Mecklenburg,Charlotte 2,182501.0,,2023-05-30,,0,
Mecklenburg,Charlotte 2,182501.0,,2023-05-31,,0,
Mecklenburg,Charlotte 2,182501.0,,2023-06-01,,0,
Mecklenburg,Charlotte 2,182501.0,,2023-06-02,,0,
Mecklenburg,Charlotte 2,182501.0,,2023-06-03,16084.278037885351,0,5731539.11558632
Mecklenburg,Charlotte 2,182501.0,,2023-06-04,,0,
Mecklenburg,Charlotte 2,182501.0,,2023-06-05,,0,
Mecklenburg,Charlotte 2,182501.0,,2023-06-06,22064.768296993287,0,8004527.66675831
Mecklenburg,Charlotte 2,182501.0,,2023-06-07,,0,
Mecklenburg,Charlotte 2,182501.0,,2023-06-08,,0,
Mecklenburg,Charlotte 2,182501.0,,2023-06-09,,0,
Mecklenburg,Charlotte 2,182501.0,,2023-06-10,27858.226792098572,0,9216386.65320201
Mecklenburg,Charlotte 2,182501.0,,2023-06-11,,0,
Mecklenburg,Charlotte 2,182501.0,,2023-06-12,,0,
Mecklenburg,Charlotte 2,182501.0,,2023-06-13,38760.00000000001,0,13546596.7441274
Mecklenburg,Charlotte 2,182501.0,,2023-06-14,,0,
Mecklenburg,Charlotte 2,182501.0,,2023-06-15,,0,
Mecklenburg,Charlotte 2,182501.0,,2023-06-16,,0,
Mecklenburg,Charlotte 2,182501.0,,2023-06-17,19470.06933731876,0,6707854.90379871
Mecklenburg,Charlotte 2,182501.0,,2023-06-18,,0,
Mecklenburg,Charlotte 2,182501.0,,2023-06-19,,0,
Mecklenburg,Charlotte 2,182501.0,,2023-06-20,,0,
Mecklenburg,Charlotte 2,182501.0,,2023-06-21,,0,
Mecklenburg,Charlotte 2,182501.0,,2023-06-22,,0,
Mecklenburg,Charlotte 2,182501.0,,2023-06-23,,0,
Mecklenburg,Charlotte 2,182501.0,,2023-06-24,33519.832935144506,0,14816029.1717873
Mecklenburg,Charlotte 2,182501.0,,2023-06-25,,0,
Mecklenburg,Charlotte 2,182501.0,,2023-06-26,,0,
Mecklenburg,Charlotte 2,182501.0,,2023-06-27,41171.83503318746,0,14107718.8552832
Mecklenburg,Charlotte 2,182501.0,,2023-06-28,,0,
Mecklenburg,Charlotte 2,182501.0,,2023-06-29,,0,
Mecklenburg,Charlotte 2,182501.0,,2023-06-30,,0,
Mecklenburg,Charlotte 2,182501.0,,2023-07-01,66989.67084558646,0,23023793.5096952
Mecklenburg,Charlotte 2,182501.0,,2023-07-02,,0,
Mecklenburg,Charlotte 2,182501.0,,2023-07-03,,0,
Mecklenburg,Charlotte 2,182501.0,,2023-07-04,41566.23629822646,0,12966867.3403703
Mecklenburg,Charlotte 2,182501.0,,2023-07-05,,0,
Mecklenburg,Charlotte 2,182501.0,,2023-07-06,,0,
Mecklenburg,Charlotte 2,182501.0,,2023-07-07,,0,
Mecklenburg,Charlotte 2,182501.0,,2023-07-08,77547.45643797745,0,25703416.9827732
Mecklenburg,Charlotte 2,182501.0,,2023-07-09,,0,
Mecklenburg,Charlotte 2,182501.0,,2023-07-10,,0,
Mecklenburg,Charlotte 2,182501.0,,2023-07-11,24360.558285885014,0,10090480.1233293
Mecklenburg,Charlotte 2,182501.0,,2023-07-12,,0,
Mecklenburg,Charlotte 2,182501.0,,2023-07-13,,0,
Mecklenburg,Charlotte 2,182501.0,,2023-07-14,,0,
Mecklenburg,Charlotte 2,182501.0,,2023-07-15,30275.164739436215,0,10286009.9886814
Mecklenburg,Charlotte 2,182501.0,,2023-07-16,,0,
Mecklenburg,Charlotte 2,182501.0,,2023-07-17,,0,
Mecklenburg,Charlotte 2,182501.0,,2023-07-18,35866.90396451861,0,12490824.7577151
Mecklenburg,Charlotte 2,182501.0,,2023-07-19,,0,
Mecklenburg,Charlotte 2,182501.0,,2023-07-20,,0,
Mecklenburg,Charlotte 2,182501.0,,2023-07-21,,0,
Mecklenburg,Charlotte 2,182501.0,,2023-07-22,105513.22950227604,0,35651230.9479096
Mecklenburg,Charlotte 2,182501.0,,2023-07-23,,0,
Mecklenburg,Charlotte 2,182501.0,,2023-07-24,,0,
Mecklenburg,Charlotte 2,182501.0,,2023-07-25,38581.91286082122,0,15549022.2754359
Mecklenburg,Charlotte 2,182501.0,,2023-07-26,,0,
Mecklenburg,Charlotte 2,182501.0,,2023-07-27,,0,
Mecklenburg,Charlotte 2,182501.0,,2023-07-28,,0,
Mecklenburg,Charlotte 2,182501.0,,2023-07-29,100237.41816307926,0,34180484.4983134
Mecklenburg,Charlotte 2,182501.0,,2023-07-30,,0,
Mecklenburg,Charlotte 2,182501.0,,2023-07-31,,0,
Mecklenburg,Charlotte 2,182501.0,,2023-08-01,93089.56977019497,0,32148579.6562473
Mecklenburg,Charlotte 2,182501.0,,2023-08-02,,0,
Mecklenburg,Charlotte 2,182501.0,,2023-08-03,,0,
Mecklenburg,Charlotte 2,182501.0,,2023-08-04,,0,
Mecklenburg,Charlotte 2,182501.0,,2023-08-05,87848.96356816049,0,31176918.0173344
Mecklenburg,Charlotte 2,182501.0,,2023-08-06,,0,
Mecklenburg,Charlotte 2,182501.0,,2023-08-07,,0,
Mecklenburg,Charlotte 2,182501.0,,2023-08-08,50687.229160805466,0,16863567.0694166
Mecklenburg,Charlotte 2,182501.0,,2023-08-09,,0,
Mecklenburg,Charlotte 2,182501.0,,2023-08-10,,0,
Mecklenburg,Charlotte 2,182501.0,,2023-08-11,,0,
Mecklenburg,Charlotte 2,182501.0,,2023-08-12,61440.6835899471,0,28418910.9629477
Mecklenburg,Charlotte 2,182501.0,,2023-08-13,,0,
Mecklenburg,Charlotte 2,182501.0,,2023-08-14,,0,
Mecklenburg,Charlotte 2,182501.0,,2023-08-15,,0,
Mecklenburg,Charlotte 2,182501.0,,2023-08-16,,0,
Mecklenburg,Charlotte 2,182501.0,,2023-08-17,,0,
Mecklenburg,Charlotte 2,182501.0,,2023-08-18,,0,
Mecklenburg,Charlotte 2,182501.0,,2023-08-19,,0,
Mecklenburg,Charlotte 2,182501.0,,2023-08-20,,0,
Mecklenburg,Charlotte 2,182501.0,,2023-08-21,,0,
Mecklenburg,Charlotte 2,182501.0,,2023-08-22,74433.00611959725,0,25010772.3361242
Mecklenburg,Charlotte 2,182501.0,,2023-08-23,,0,
Mecklenburg,Charlotte 2,182501.0,,2023-08-24,,0,
Mecklenburg,Charlotte 2,182501.0,,2023-08-25,,0,
Mecklenburg,Charlotte 2,182501.0,,2023-08-26,97342.1018881347,0,33233576.3877551
Mecklenburg,Charlotte 2,182501.0,,2023-08-27,,0,
Mecklenburg,Charlotte 2,182501.0,,2023-08-28,,0,
Mecklenburg,Charlotte 2,182501.0,,2023-08-29,34961.60751452938,0,14989198.0865709
Mecklenburg,Charlotte 2,182501.0,,2023-08-30,,0,
Mecklenburg,Charlotte 2,182501.0,,2023-08-31,,0,
Mecklenburg,Charlotte 2,182501.0,,2023-09-01,,0,
Mecklenburg,Charlotte 2,182501.0,,2023-09-02,111438.67910200654,0,42253109.621063
Mecklenburg,Charlotte 2,182501.0,,2023-09-03,,0,
Mecklenburg,Charlotte 2,182501.0,,2023-09-04,,0,
Mecklenburg,Charlotte 2,182501.0,,2023-09-05,,0,
Mecklenburg,Charlotte 2,182501.0,,2023-09-06,,0,
Mecklenburg,Charlotte 2,182501.0,,2023-09-07,,0,
Mecklenburg,Charlotte 2,182501.0,,2023-09-08,,0,
Mecklenburg,Charlotte 2,182501.0,,2023-09-09,154823.7036115593,0,53564866.6189333
Mecklenburg,Charlotte 2,182501.0,,2023-09-10,,0,
Mecklenburg,Charlotte 2,182501.0,,2023-09-11,,0,
Mecklenburg,Charlotte 2,182501.0,,2023-09-12,53680.331593610696,0,19039600.4151602
Mecklenburg,Charlotte 2,182501.0,,2023-09-13,,0,
Mecklenburg,Charlotte 2,182501.0,,2023-09-14,,0,
Mecklenburg,Charlotte 2,182501.0,,2023-09-15,,0,
Mecklenburg,Charlotte 2,182501.0,,2023-09-16,143140.3926220686,0,48038258.0441036
Mecklenburg,Charlotte 2,182501.0,,2023-09-17,,0,
Mecklenburg,Charlotte 2,182501.0,,2023-09-18,,0,
Mecklenburg,Charlotte 2,182501.0,,2023-09-19,120309.69703228404,0,42622118.1673187
Mecklenburg,Charlotte 2,182501.0,,2023-09-20,,0,
Mecklenburg,Charlotte 2,182501.0,,2023-09-21,,0,
Mecklenburg,Charlotte 2,182501.0,,2023-09-22,,0,
Mecklenburg,Charlotte 2,182501.0,,2023-09-23,112881.92769438343,0,38258064.8336237
Mecklenburg,Charlotte 2,182501.0,,2023-09-24,,0,
Mecklenburg,Charlotte 2,182501.0,,2023-09-25,,0,
Mecklenburg,Charlotte 2,182501.0,,2023-09-26,51121.91310974189,0,16499212.643329
Mecklenburg,Charlotte 2,182501.0,,2023-09-27,,0,
Mecklenburg,Charlotte 2,182501.0,,2023-09-28,,0,
Mecklenburg,Charlotte 2,182501.0,,2023-09-29,,0,
Mecklenburg,Charlotte 2,182501.0,,2023-09-30,65168.02897126779,0,21370416.4310359
Mecklenburg,Charlotte 2,182501.0,,2023-10-01,,0,
Mecklenburg,Charlotte 2,182501.0,,2023-10-02,,0,
Mecklenburg,Charlotte 2,182501.0,,2023-10-03,35133.710307908004,0,11390152.0956216
Mecklenburg,Charlotte 2,182501.0,,2023-10-04,,0,
Mecklenburg,Charlotte 2,182501.0,,2023-10-05,,0,
Mecklenburg,Charlotte 2,182501.0,,2023-10-06,,0,
Mecklenburg,Charlotte 2,182501.0,,2023-10-07,143819.33249740794,0,47162375.0912939
Mecklenburg,Charlotte 2,182501.0,,2023-10-08,,0,
Mecklenburg,Charlotte 2,182501.0,,2023-10-09,,0,
Mecklenburg,Charlotte 2,182501.0,,2023-10-10,49895.6787882937,0,16113804.0103597
Mecklenburg,Charlotte 2,182501.0,,2023-10-11,,0,
Mecklenburg,Charlotte 2,182501.0,,2023-10-12,,0,
Mecklenburg,Charlotte 2,182501.0,,2023-10-13,,0,
Mecklenburg,Charlotte 2,182501.0,,2023-10-14,49786.96214873937,0,16718950.2628686
Mecklenburg,Charlotte 2,182501.0,,2023-10-15,,0,
Mecklenburg,Charlotte 2,182501.0,,2023-10-16,,0,
Mecklenburg,Charlotte 2,182501.0,,2023-10-17,56898.40356872088,0,18658575.3431458
Mecklenburg,Charlotte 2,182501.0,,2023-10-18,,0,
Mecklenburg,Charlotte 2,182501.0,,2023-10-19,,0,
Mecklenburg,Charlotte 2,182501.0,,2023-10-20,,0,
Mecklenburg,Charlotte 2,182501.0,,2023-10-21,48552.98137086951,0,15297490.9825085
Mecklenburg,Charlotte 2,182501.0,,2023-10-22,,0,
Mecklenburg,Charlotte 2,182501.0,,2023-10-23,,0,
Mecklenburg,Charlotte 2,182501.0,,2023-10-24,27633.71267368577,0,8947231.40945578
Mecklenburg,Charlotte 2,182501.0,,2023-10-25,,0,
Mecklenburg,Charlotte 2,182501.0,,2023-10-26,,0,
Mecklenburg,Charlotte 2,182501.0,,2023-10-27,,0,
Mecklenburg,Charlotte 2,182501.0,,2023-10-28,71577.99382491806,0,23220031.252325
Mecklenburg,Charlotte 2,182501.0,,2023-10-29,,0,
Mecklenburg,Charlotte 2,182501.0,,2023-10-30,,0,
Mecklenburg,Charlotte 2,182501.0,,2023-10-31,40201.51062443051,0,12724579.384926
Mecklenburg,Charlotte 2,182501.0,,2023-11-01,,0,
Mecklenburg,Charlotte 2,182501.0,,2023-11-02,,0,
Mecklenburg,Charlotte 2,182501.0,,2023-11-03,,0,
Mecklenburg,Charlotte 2,182501.0,,2023-11-04,59532.39790231873,0,19040759.9940807
Mecklenburg,Charlotte 2,182501.0,,2023-11-05,,0,
Mecklenburg,Charlotte 2,182501.0,,2023-11-06,,0,
Mecklenburg,Charlotte 2,182501.0,,2023-11-07,39854.57229133218,0,13028094.3540986
Mecklenburg,Charlotte 2,182501.0,,2023-11-08,,0,
Mecklenburg,Charlotte 2,182501.0,,2023-11-09,,0,
Mecklenburg,Charlotte 2,182501.0,,2023-11-10,,0,
Mecklenburg,Charlotte 2,182501.0,,2023-11-11,,0,
Mecklenburg,Charlotte 2,182501.0,,2023-11-12,,0,
Mecklenburg,Charlotte 2,182501.0,,2023-11-13,,0,
Mecklenburg,Charlotte 2,182501.0,,2023-11-14,39209.3692653131,0,12410546.8700015
Mecklenburg,Charlotte 2,182501.0,,2023-11-15,,0,
Mecklenburg,Charlotte 2,182501.0,,2023-11-16,,0,
Mecklenburg,Charlotte 2,182501.0,,2023-11-17,,0,
Mecklenburg,Charlotte 2,182501.0,,2023-11-18,82683.18329624226,0,26839724.8786372
Mecklenburg,Charlotte 2,182501.0,,2023-11-19,,0,
Mecklenburg,Charlotte 2,182501.0,,2023-11-20,,0,
Mecklenburg,Charlotte 2,182501.0,,2023-11-21,98574.13258526029,0,32999930.393917
Mecklenburg,Charlotte 2,182501.0,,2023-11-22,,0,
Mecklenburg,Charlotte 2,182501.0,,2023-11-23,,0,
Mecklenburg,Charlotte 2,182501.0,,2023-11-24,,0,
Mecklenburg,Charlotte 2,182501.0,,2023-11-25,,0,
Mecklenburg,Charlotte 2,182501.0,,2023-11-26,,0,
Mecklenburg,Charlotte 2,182501.0,,2023-11-27,,0,
Mecklenburg,Charlotte 2,182501.0,,2023-11-28,70251.75580154195,0,23868086.8664542
Mecklenburg,Charlotte 2,182501.0,,2023-11-29,,0,
Mecklenburg,Charlotte 2,182501.0,,2023-11-30,,0,
Mecklenburg,Charlotte 2,182501.0,,2023-12-01,,0,
Mecklenburg,Charlotte 2,182501.0,,2023-12-02,103095.03964788988,0,32973775.216255
Mecklenburg,Charlotte 2,182501.0,,2023-12-03,,0,
Mecklenburg,Charlotte 2,182501.0,,2023-12-04,,0,
Mecklenburg,Charlotte 2,182501.0,,2023-12-05,51197.7618986339,0,17394478.1083722
Mecklenburg,Charlotte 2,182501.0,,2023-12-06,,0,
Mecklenburg,Charlotte 2,182501.0,,2023-12-07,,0,
Mecklenburg,Charlotte 2,182501.0,,2023-12-08,,0,
Mecklenburg,Charlotte 2,182501.0,,2023-12-09,109754.22543118802,0,36310185.3519056
Mecklenburg,Charlotte 2,182501.0,,2023-12-10,,0,
Mecklenburg,Charlotte 2,182501.0,,2023-12-11,,0,
Mecklenburg,Charlotte 2,182501.0,,2023-12-12,47807.34708225456,0,20675081.6423017
Mecklenburg,Charlotte 2,182501.0,,2023-12-13,,0,
Mecklenburg,Charlotte 2,182501.0,,2023-12-14,,0,
Mecklenburg,Charlotte 2,182501.0,,2023-12-15,,0,
Mecklenburg,Charlotte 2,182501.0,,2023-12-16,162424.59173413366,0,55823983.2168041
Mecklenburg,Charlotte 2,182501.0,,2023-12-17,,0,
Mecklenburg,Charlotte 2,182501.0,,2023-12-18,,0,
Mecklenburg,Charlotte 2,182501.0,,2023-12-19,107412.95604980114,0,41372817.9086149
Mecklenburg,Charlotte 2,182501.0,,2023-12-20,,0,
Mecklenburg,Charlotte 2,182501.0,,2023-12-21,,0,
Mecklenburg,Charlotte 2,182501.0,,2023-12-22,,0,
Mecklenburg,Charlotte 2,182501.0,,2023-12-23,209759.11145944905,0,82621357.9566589
Mecklenburg,Charlotte 2,182501.0,,2023-12-24,,0,
Mecklenburg,Charlotte 2,182501.0,,2023-12-25,,0,
Mecklenburg,Charlotte 2,182501.0,,2023-12-26,,0,
Mecklenburg,Charlotte 2,182501.0,,2023-12-27,,0,
Mecklenburg,Charlotte 2,182501.0,,2023-12-28,,0,
Mecklenburg,Charlotte 2,182501.0,,2023-12-29,,0,
Mecklenburg,Charlotte 2,182501.0,,2023-12-30,194347.04316107355,0,49502010.0130633
Mecklenburg,Charlotte 2,182501.0,,2023-12-31,,0,
Mecklenburg,Charlotte 2,182501.0,,2024-01-01,,0,
Mecklenburg,Charlotte 2,182501.0,,2024-01-02,,0,
Mecklenburg,Charlotte 2,182501.0,,2024-01-03,,0,
Mecklenburg,Charlotte 2,182501.0,,2024-01-04,,0,
Mecklenburg,Charlotte 2,182501.0,,2024-01-05,239286.94072180387,0,87948663.5001197
Mecklenburg,Charlotte 2,182501.0,,2024-01-06,,0,
Mecklenburg,Charlotte 2,182501.0,,2024-01-07,,0,
Mecklenburg,Charlotte 2,182501.0,,2024-01-08,,0,
Mecklenburg,Charlotte 2,182501.0,,2024-01-09,118503.32511303571,0,45054640.7119046
Mecklenburg,Charlotte 2,182501.0,,2024-01-10,,0,
Mecklenburg,Charlotte 2,182501.0,,2024-01-11,,0,
Mecklenburg,Charlotte 2,182501.0,,2024-01-12,149836.9956492892,0,96499972.6654758
Mecklenburg,Charlotte 2,182501.0,,2024-01-13,,0,
Mecklenburg,Charlotte 2,182501.0,,2024-01-14,,0,
Mecklenburg,Charlotte 2,182501.0,,2024-01-15,,0,
Mecklenburg,Charlotte 2,182501.0,,2024-01-16,,0,
Mecklenburg,Charlotte 2,182501.0,,2024-01-17,,0,
Mecklenburg,Charlotte 2,182501.0,,2024-01-18,,0,
Mecklenburg,Charlotte 2,182501.0,,2024-01-19,256331.8162070406,0,91874033.2281569
Mecklenburg,Charlotte 2,182501.0,,2024-01-20,,0,
Mecklenburg,Charlotte 2,182501.0,,2024-01-21,,0,
Mecklenburg,Charlotte 2,182501.0,,2024-01-22,,0,
Mecklenburg,Charlotte 2,182501.0,,2024-01-23,138148.8035444658,0,48884669.5896954
Mecklenburg,Charlotte 2,182501.0,,2024-01-24,,0,
Mecklenburg,Charlotte 2,182501.0,,2024-01-25,,0,
Mecklenburg,Charlotte 2,182501.0,,2024-01-26,188166.23076418386,0,77667851.4293146
Mecklenburg,Charlotte 2,182501.0,,2024-01-27,,0,
Mecklenburg,Charlotte 2,182501.0,,2024-01-28,,0,
Mecklenburg,Charlotte 2,182501.0,,2024-01-29,,0,
Mecklenburg,Charlotte 2,182501.0,,2024-01-30,87817.6053057917,0,50182202.9691958
Mecklenburg,Charlotte 2,182501.0,,2024-01-31,,0,
Mecklenburg,Charlotte 2,182501.0,,2024-02-01,,0,
Mecklenburg,Charlotte 2,182501.0,,2024-02-02,151912.02059086718,0,67902528.1349011
Mecklenburg,Charlotte 2,182501.0,,2024-02-03,,0,
Mecklenburg,Charlotte 2,182501.0,,2024-02-04,,0,
Mecklenburg,Charlotte 2,182501.0,,2024-02-05,,0,
Mecklenburg,Charlotte 2,182501.0,,2024-02-06,131855.55321455424,0,46985961.0158697
Mecklenburg,Charlotte 2,182501.0,,2024-02-07,,0,
Mecklenburg,Charlotte 2,182501.0,,2024-02-08,,0,
Mecklenburg,Charlotte 2,182501.0,,2024-02-09,,0,
Mecklenburg,Charlotte 2,182501.0,,2024-02-10,206396.4754765728,0,66184805.3130613
Mecklenburg,Charlotte 2,182501.0,,2024-02-11,,0,
Mecklenburg,Charlotte 2,182501.0,,2024-02-12,,0,
Mecklenburg,Charlotte 2,182501.0,,2024-02-13,,0,
Mecklenburg,Charlotte 2,182501.0,,2024-02-14,,0,
Mecklenburg,Charlotte 2,182501.0,,2024-02-15,,0,
Mecklenburg,Charlotte 2,182501.0,,2024-02-16,296991.8517400772,0,103059256.370109
Mecklenburg,Charlotte 2,182501.0,,2024-02-17,,0,
Mecklenburg,Charlotte 2,182501.0,,2024-02-18,,0,
Mecklenburg,Charlotte 2,182501.0,,2024-02-19,,0,
Mecklenburg,Charlotte 2,182501.0,,2024-02-20,168284.27016439167,0,56720939.8280265
Mecklenburg,Charlotte 2,182501.0,,2024-02-21,,0,
Mecklenburg,Charlotte 2,182501.0,,2024-02-22,,0,
Mecklenburg,Charlotte 2,182501.0,,2024-02-23,148251.22191739272,0,48738715.2992074
Mecklenburg,Charlotte 2,182501.0,,2024-02-24,,0,
Mecklenburg,Charlotte 2,182501.0,,2024-02-25,,0,
Mecklenburg,Charlotte 2,182501.0,,2024-02-26,,0,
Mecklenburg,Charlotte 2,182501.0,,2024-02-27,91456.69651446084,0,30731025.5810685
Mecklenburg,Charlotte 2,182501.0,,2024-02-28,,0,
Mecklenburg,Charlotte 2,182501.0,,2024-02-29,,0,
Mecklenburg,Charlotte 2,182501.0,,2024-03-01,207386.11332487987,0,69642291.1590744
Mecklenburg,Charlotte 2,182501.0,,2024-03-02,,0,
Mecklenburg,Charlotte 2,182501.0,,2024-03-03,,0,
Mecklenburg,Charlotte 2,182501.0,,2024-03-04,,0,
Mecklenburg,Charlotte 2,182501.0,,2024-03-05,83515.35497724715,0,31336567.7852804
Mecklenburg,Charlotte 2,182501.0,,2024-03-06,,0,
Mecklenburg,Charlotte 2,182501.0,,2024-03-07,,0,
Mecklenburg,Charlotte 2,182501.0,,2024-03-08,99467.43989869246,0,40994475.7220025
Mecklenburg,Charlotte 2,182501.0,,2024-03-09,,0,
Mecklenburg,Charlotte 2,182501.0,,2024-03-10,,0,
Mecklenburg,Charlotte 2,182501.0,,2024-03-11,,0,
Mecklenburg,Charlotte 2,182501.0,,2024-03-12,51807.4533924485,0,27906843.9506851
Mecklenburg,Charlotte 2,182501.0,,2024-03-13,,0,
Mecklenburg,Charlotte 2,182501.0,,2024-03-14,,0,
Mecklenburg,Charlotte 2,182501.0,,2024-03-15,57317.45632876606,0,21078619.9559669
Mecklenburg,Charlotte 2,182501.0,,2024-03-16,,0,
Mecklenburg,Charlotte 2,182501.0,,2024-03-17,,0,
Mecklenburg,Charlotte 2,182501.0,,2024-03-18,,0,
Mecklenburg,Charlotte 2,182501.0,,2024-03-19,42036.73591042298,0,15572450.8997732
Mecklenburg,Charlotte 2,182501.0,,2024-03-20,,0,
Mecklenburg,Charlotte 2,182501.0,,2024-03-21,,0,
Mecklenburg,Charlotte 2,182501.0,,2024-03-22,,0,
Mecklenburg,Charlotte 2,182501.0,,2024-03-23,,0,
Mecklenburg,Charlotte 2,182501.0,,2024-03-24,,0,
Mecklenburg,Charlotte 2,182501.0,,2024-03-25,,0,
Mecklenburg,Charlotte 2,182501.0,,2024-03-26,23648.916251135142,0,9162935.81700502
Mecklenburg,Charlotte 2,182501.0,,2024-03-27,,0,
Mecklenburg,Charlotte 2,182501.0,,2024-03-28,,0,
Mecklenburg,Charlotte 2,182501.0,,2024-03-29,22979.99129677816,0,8498606.71967559
Mecklenburg,Charlotte 2,182501.0,,2024-03-30,,0,
Mecklenburg,Charlotte 2,182501.0,,2024-03-31,,0,
Mecklenburg,Charlotte 2,182501.0,,2024-04-01,,0,
Mecklenburg,Charlotte 2,182501.0,,2024-04-02,45076.47777666274,0,17212751.1966734
Mecklenburg,Charlotte 2,182501.0,,2024-04-03,,0,
Mecklenburg,Charlotte 2,182501.0,,2024-04-04,,0,
Mecklenburg,Charlotte 2,182501.0,,2024-04-05,42245.35477422339,0,16639890.1793685
Mecklenburg,Charlotte 2,182501.0,,2024-04-06,,0,
Mecklenburg,Charlotte 2,182501.0,,2024-04-07,,0,
Mecklenburg,Charlotte 2,182501.0,,2024-04-08,,0,
Mecklenburg,Charlotte 2,182501.0,,2024-04-09,23516.873441776093,0,8789838.54626283
Mecklenburg,Charlotte 2,182501.0,,2024-04-10,,0,
Mecklenburg,Charlotte 2,182501.0,,2024-04-11,,0,
Mecklenburg,Charlotte 2,182501.0,,2024-04-12,22428.37488539909,0,8620247.89724848
Mecklenburg,Charlotte 2,182501.0,,2024-04-13,,0,
Mecklenburg,Charlotte 2,182501.0,,2024-04-14,,0,
Mecklenburg,Charlotte 2,182501.0,,2024-04-15,,0,
Mecklenburg,Charlotte 2,182501.0,,2024-04-16,17954.68385921933,0,6565633.01433168
Mecklenburg,Charlotte 2,182501.0,,2024-04-17,,0,
Mecklenburg,Charlotte 2,182501.0,,2024-04-18,,0,
Mecklenburg,Charlotte 2,182501.0,,2024-04-19,32699.969418945922,0,11876268.8906677
Mecklenburg,Charlotte 2,182501.0,,2024-04-20,,0,
Mecklenburg,Charlotte 2,182501.0,,2024-04-21,,0,
Mecklenburg,Charlotte 2,182501.0,,2024-04-22,,0,
Mecklenburg,Charlotte 2,182501.0,,2024-04-23,21009.521724469167,0,8140284.19158713
Mecklenburg,Charlotte 2,182501.0,,2024-04-24,,0,
Mecklenburg,Charlotte 2,182501.0,,2024-04-25,,0,
Mecklenburg,Charlotte 2,182501.0,,2024-04-26,16487.789421265687,0,5865068.45984786
Mecklenburg,Charlotte 2,182501.0,,2024-04-27,,0,
Mecklenburg,Charlotte 2,182501.0,,2024-04-28,,0,
Mecklenburg,Charlotte 2,182501.0,,2024-04-29,,0,
Mecklenburg,Charlotte 2,182501.0,,2024-04-30,10851.075837111626,0,3929737.7372868494
Mecklenburg,Charlotte 2,182501.0,,2024-05-01,,0,
Mecklenburg,Charlotte 2,182501.0,,2024-05-02,,0,
Mecklenburg,Charlotte 2,182501.0,,2024-05-03,21707.768194819124,0,7681406.197570621
Mecklenburg,Charlotte 2,182501.0,,2024-05-04,,0,
Mecklenburg,Charlotte 2,182501.0,,2024-05-05,,0,
Mecklenburg,Charlotte 2,182501.0,,2024-05-06,,0,
Mecklenburg,Charlotte 2,182501.0,,2024-05-07,,0,
Mecklenburg,Charlotte 2,182501.0,,2024-05-08,,0,
Mecklenburg,Charlotte 2,182501.0,,2024-05-09,,0,
Mecklenburg,Charlotte 2,182501.0,,2024-05-10,6956.665868072154,0,3411105.45573058
Mecklenburg,Charlotte 2,182501.0,,2024-05-11,,0,
Mecklenburg,Charlotte 2,182501.0,,2024-05-12,,0,
Mecklenburg,Charlotte 2,182501.0,,2024-05-13,,0,
Mecklenburg,Charlotte 2,182501.0,,2024-05-14,9977.173948568821,0,3157974.41374328
Mecklenburg,Charlotte 2,182501.0,,2024-05-15,,0,
Mecklenburg,Charlotte 3,120000.0,,2021-06-01,,0,
Mecklenburg,Charlotte 3,120000.0,,2021-06-02,,0,
Mecklenburg,Charlotte 3,120000.0,,2021-06-03,14400.520823914661,0,3924844.66993295
Mecklenburg,Charlotte 3,120000.0,,2021-06-04,,0,
Mecklenburg,Charlotte 3,120000.0,,2021-06-05,,0,
Mecklenburg,Charlotte 3,120000.0,,2021-06-06,,0,
Mecklenburg,Charlotte 3,120000.0,,2021-06-07,12371.843031658624,0,3656827.9176234906
Mecklenburg,Charlotte 3,120000.0,,2021-06-08,,0,
Mecklenburg,Charlotte 3,120000.0,,2021-06-09,,0,
Mecklenburg,Charlotte 3,120000.0,,2021-06-10,,0,
Mecklenburg,Charlotte 3,120000.0,,2021-06-11,12710.723818886174,0,3560522.87185685
Mecklenburg,Charlotte 3,120000.0,,2021-06-12,,0,
Mecklenburg,Charlotte 3,120000.0,,2021-06-13,,0,
Mecklenburg,Charlotte 3,120000.0,,2021-06-14,5390.964663211967,0,1727108.84793716
Mecklenburg,Charlotte 3,120000.0,,2021-06-15,,0,
Mecklenburg,Charlotte 3,120000.0,,2021-06-16,,0,
Mecklenburg,Charlotte 3,120000.0,,2021-06-17,,0,
Mecklenburg,Charlotte 3,120000.0,,2021-06-18,,0,
Mecklenburg,Charlotte 3,120000.0,,2021-06-19,14811.313243598632,0,4695589.90650664
Mecklenburg,Charlotte 3,120000.0,,2021-06-20,,0,
Mecklenburg,Charlotte 3,120000.0,,2021-06-21,,0,
Mecklenburg,Charlotte 3,120000.0,,2021-06-22,9614.442261514712,0,2832706.00784275
Mecklenburg,Charlotte 3,120000.0,,2021-07-11,,0,
Mecklenburg,Charlotte 3,120000.0,,2021-07-12,,0,
Mecklenburg,Charlotte 3,120000.0,,2021-07-13,20205.197351176783,0,6571315.119066
Mecklenburg,Charlotte 3,120000.0,,2021-07-14,,0,
Mecklenburg,Charlotte 3,120000.0,,2021-07-15,,0,
Mecklenburg,Charlotte 3,120000.0,,2021-07-16,,0,
Mecklenburg,Charlotte 3,120000.0,,2021-07-17,42703.19074729664,0,13834431.002308
Mecklenburg,Charlotte 3,120000.0,,2021-07-18,,0,
Mecklenburg,Charlotte 3,120000.0,,2021-07-19,,0,
Mecklenburg,Charlotte 3,120000.0,,2021-07-20,22498.611068241524,0,6926854.37680135
Mecklenburg,Charlotte 3,120000.0,,2021-07-21,,0,
Mecklenburg,Charlotte 3,120000.0,,2021-07-22,,0,
Mecklenburg,Charlotte 3,120000.0,,2021-07-23,,0,
Mecklenburg,Charlotte 3,120000.0,,2021-07-24,83179.02379807076,0,22670343.1213355
Mecklenburg,Charlotte 3,120000.0,,2021-07-25,,0,
Mecklenburg,Charlotte 3,120000.0,,2021-07-26,,0,
Mecklenburg,Charlotte 3,120000.0,,2021-07-27,27675.575874767288,0,9079470.82608313
Mecklenburg,Charlotte 3,120000.0,,2021-07-28,,0,
Mecklenburg,Charlotte 3,120000.0,,2021-07-29,,0,
Mecklenburg,Charlotte 3,120000.0,,2021-07-30,,0,
Mecklenburg,Charlotte 3,120000.0,,2021-07-31,106242.64680437904,0,34787784.16595
Mecklenburg,Charlotte 3,120000.0,,2021-08-01,,0,
Mecklenburg,Charlotte 3,120000.0,,2021-08-02,,0,
Mecklenburg,Charlotte 3,120000.0,,2021-08-03,137749.77313955923,0,38412598.6881965
Mecklenburg,Charlotte 3,120000.0,,2021-08-04,,0,
Mecklenburg,Charlotte 3,120000.0,,2021-08-05,,0,
Mecklenburg,Charlotte 3,120000.0,,2021-08-06,,0,
Mecklenburg,Charlotte 3,120000.0,,2021-08-07,179147.28577346646,0,46848457.3654118
Mecklenburg,Charlotte 3,120000.0,,2021-08-08,,0,
Mecklenburg,Charlotte 3,120000.0,,2021-08-09,,0,
Mecklenburg,Charlotte 3,120000.0,,2021-08-10,34267.331381360935,0,10561008.2015125
Mecklenburg,Charlotte 3,120000.0,,2021-08-11,,0,
Mecklenburg,Charlotte 3,120000.0,,2021-08-12,,0,
Mecklenburg,Charlotte 3,120000.0,,2021-08-13,,0,
Mecklenburg,Charlotte 3,120000.0,,2021-08-14,89861.00377805727,0,30359266.050355
Mecklenburg,Charlotte 3,120000.0,,2021-08-15,112500.00000000009,0,31690895.6249999
Mecklenburg,Charlotte 3,120000.0,,2021-08-16,,0,
Mecklenburg,Charlotte 3,120000.0,,2021-08-17,,0,
Mecklenburg,Charlotte 3,120000.0,,2021-08-18,,0,
Mecklenburg,Charlotte 3,120000.0,,2021-08-19,,0,
Mecklenburg,Charlotte 3,120000.0,,2021-08-20,,0,
Mecklenburg,Charlotte 3,120000.0,,2021-08-21,61135.09630318753,0,18301527.7562696
Mecklenburg,Charlotte 3,120000.0,,2021-08-22,,0,
Mecklenburg,Charlotte 3,120000.0,,2021-08-23,,0,
Mecklenburg,Charlotte 3,120000.0,,2021-08-24,77459.66692414832,0,27562287.378419
Mecklenburg,Charlotte 3,120000.0,,2021-08-25,,0,
Mecklenburg,Charlotte 3,120000.0,,2021-08-26,,0,
Mecklenburg,Charlotte 3,120000.0,,2021-08-27,,0,
Mecklenburg,Charlotte 3,120000.0,,2021-08-28,43997.15899918994,0,14725516.9384783
Mecklenburg,Charlotte 3,120000.0,,2021-08-29,,0,
Mecklenburg,Charlotte 3,120000.0,,2021-08-30,,0,
Mecklenburg,Charlotte 3,120000.0,,2021-08-31,56124.86080160916,0,16606902.9247957
Mecklenburg,Charlotte 3,120000.0,,2021-09-01,,0,
Mecklenburg,Charlotte 3,120000.0,,2021-09-02,,0,
Mecklenburg,Charlotte 3,120000.0,,2021-09-03,,0,
Mecklenburg,Charlotte 3,120000.0,,2021-09-04,173385.40884399705,0,48842123.507316
Mecklenburg,Charlotte 3,120000.0,,2021-09-05,,0,
Mecklenburg,Charlotte 3,120000.0,,2021-09-06,,0,
Mecklenburg,Charlotte 3,120000.0,,2021-09-07,,0,
Mecklenburg,Charlotte 3,120000.0,,2021-09-08,,0,
Mecklenburg,Charlotte 3,120000.0,,2021-09-09,,0,
Mecklenburg,Charlotte 3,120000.0,,2021-09-10,,0,
Mecklenburg,Charlotte 3,120000.0,,2021-09-11,219302.87275820173,0,70147598.4885367
Mecklenburg,Charlotte 3,120000.0,,2021-09-12,,0,
Mecklenburg,Charlotte 3,120000.0,,2021-09-13,99718.35337589578,0,27461222.9417281
Mecklenburg,Charlotte 3,120000.0,,2021-09-14,,0,
Mecklenburg,Charlotte 3,120000.0,,2021-09-15,,0,
Mecklenburg,Charlotte 3,120000.0,,2021-09-16,,0,
Mecklenburg,Charlotte 3,120000.0,,2021-09-17,,0,
Mecklenburg,Charlotte 3,120000.0,,2021-09-18,173619.55535019655,0,48031789.2207875
Mecklenburg,Charlotte 3,120000.0,,2021-09-19,,0,
Mecklenburg,Charlotte 3,120000.0,,2021-09-20,,0,
Mecklenburg,Charlotte 3,120000.0,,2021-09-21,80622.57748298555,0,27797604.5292394
Mecklenburg,Charlotte 3,120000.0,,2021-09-22,,0,
Mecklenburg,Charlotte 3,120000.0,,2021-09-23,,0,
Mecklenburg,Charlotte 3,120000.0,,2021-09-24,,0,
Mecklenburg,Charlotte 3,120000.0,,2021-09-25,79960.92795859741,0,23079662.3729536
Mecklenburg,Charlotte 3,120000.0,,2021-09-26,,0,
Mecklenburg,Charlotte 3,120000.0,,2021-09-27,,0,
Mecklenburg,Charlotte 3,120000.0,,2021-09-28,55761.770057988586,0,15725505.0261245
Mecklenburg,Charlotte 3,120000.0,,2021-09-29,,0,
Mecklenburg,Charlotte 3,120000.0,,2021-09-30,,0,
Mecklenburg,Charlotte 3,120000.0,,2021-10-01,,0,
Mecklenburg,Charlotte 3,120000.0,,2021-10-02,78262.37921249257,0,21478444.7446453
Mecklenburg,Charlotte 3,120000.0,,2021-10-03,,0,
Mecklenburg,Charlotte 3,120000.0,,2021-10-04,,0,
Mecklenburg,Charlotte 3,120000.0,,2021-10-05,67360.96792653734,0,20739040.9164479
Mecklenburg,Charlotte 3,120000.0,,2021-10-06,,0,
Mecklenburg,Charlotte 3,120000.0,,2021-10-07,,0,
Mecklenburg,Charlotte 3,120000.0,,2021-10-08,,0,
Mecklenburg,Charlotte 3,120000.0,,2021-10-09,35357.10678208836,0,11287240.1264226
Mecklenburg,Charlotte 3,120000.0,,2021-10-10,,0,
Mecklenburg,Charlotte 3,120000.0,,2021-10-11,,0,
Mecklenburg,Charlotte 3,120000.0,,2021-10-12,28722.81323269012,0,8073004.787918619
Mecklenburg,Charlotte 3,120000.0,,2021-10-13,,0,
Mecklenburg,Charlotte 3,120000.0,,2021-10-14,,0,
Mecklenburg,Charlotte 3,120000.0,,2021-10-15,,0,
Mecklenburg,Charlotte 3,120000.0,,2021-10-16,59791.303715507,0,16088575.2437693
Mecklenburg,Charlotte 3,120000.0,,2021-10-17,,0,
Mecklenburg,Charlotte 3,120000.0,,2021-10-18,,0,
Mecklenburg,Charlotte 3,120000.0,,2021-10-19,49805.87314765195,0,15538438.794898
Mecklenburg,Charlotte 3,120000.0,,2021-10-20,,0,
Mecklenburg,Charlotte 3,120000.0,,2021-10-21,,0,
Mecklenburg,Charlotte 3,120000.0,,2021-10-22,,0,
Mecklenburg,Charlotte 3,120000.0,,2021-10-23,19591.13319846506,0,5914281.9798552
Mecklenburg,Charlotte 3,120000.0,,2021-10-24,,0,
Mecklenburg,Charlotte 3,120000.0,,2021-10-25,,0,
Mecklenburg,Charlotte 3,120000.0,,2021-10-26,33203.91543176799,0,9301067.50918066
Mecklenburg,Charlotte 3,120000.0,,2021-10-27,,0,
Mecklenburg,Charlotte 3,120000.0,,2021-10-28,,0,
Mecklenburg,Charlotte 3,120000.0,,2021-10-29,,0,
Mecklenburg,Charlotte 3,120000.0,,2021-10-30,12549.900398011125,0,3321488.64158363
Mecklenburg,Charlotte 3,120000.0,,2021-10-31,,0,
Mecklenburg,Charlotte 3,120000.0,,2021-11-01,,0,
Mecklenburg,Charlotte 3,120000.0,,2021-11-02,41788.156216803814,0,12905250.3271403
Mecklenburg,Charlotte 3,120000.0,,2021-11-03,,0,
Mecklenburg,Charlotte 3,120000.0,,2021-11-04,,0,
Mecklenburg,Charlotte 3,120000.0,,2021-11-05,,0,
Mecklenburg,Charlotte 3,120000.0,,2021-11-06,11575.836902790234,0,3388682.71291425
Mecklenburg,Charlotte 3,120000.0,,2021-11-07,,0,
Mecklenburg,Charlotte 3,120000.0,,2021-11-08,,0,
Mecklenburg,Charlotte 3,120000.0,,2021-11-09,5086.747487343954,0,1421688.44246602
Mecklenburg,Charlotte 3,120000.0,,2021-11-10,,0,
Mecklenburg,Charlotte 3,120000.0,,2021-11-11,,0,
Mecklenburg,Charlotte 3,120000.0,,2021-11-12,,0,
Mecklenburg,Charlotte 3,120000.0,,2021-11-13,4690.415759823432,0,1367142.68592714
Mecklenburg,Charlotte 3,120000.0,,2021-11-14,,0,
Mecklenburg,Charlotte 3,120000.0,,2021-11-15,,0,
Mecklenburg,Charlotte 3,120000.0,,2021-11-16,7549.83443527075,0,2436371.96387609
Mecklenburg,Charlotte 3,120000.0,,2021-11-17,,0,
Mecklenburg,Charlotte 3,120000.0,,2021-11-18,,0,
Mecklenburg,Charlotte 3,120000.0,,2021-11-19,,0,
Mecklenburg,Charlotte 3,120000.0,,2021-11-20,27665.41161811987,0,9599759.50442949
Mecklenburg,Charlotte 3,120000.0,,2021-11-21,,0,
Mecklenburg,Charlotte 3,120000.0,,2021-11-22,,0,
Mecklenburg,Charlotte 3,120000.0,,2021-11-23,24366.985862022404,0,7010147.90943955
Mecklenburg,Charlotte 3,120000.0,,2021-11-24,,0,
Mecklenburg,Charlotte 3,120000.0,,2021-11-25,,0,
Mecklenburg,Charlotte 3,120000.0,,2021-11-26,,0,
Mecklenburg,Charlotte 3,120000.0,,2021-11-27,,0,
Mecklenburg,Charlotte 3,120000.0,,2021-11-28,,0,
Mecklenburg,Charlotte 3,120000.0,,2021-11-29,,0,
Mecklenburg,Charlotte 3,120000.0,,2021-11-30,36945.90640382237,0,11596313.2442102
Mecklenburg,Charlotte 3,120000.0,,2021-12-01,,0,
Mecklenburg,Charlotte 3,120000.0,,2021-12-02,,0,
Mecklenburg,Charlotte 3,120000.0,,2021-12-03,,0,
Mecklenburg,Charlotte 3,120000.0,,2021-12-04,55655.188437377525,0,17205300.6087193
Mecklenburg,Charlotte 3,120000.0,,2021-12-05,,0,
Mecklenburg,Charlotte 3,120000.0,,2021-12-06,,0,
Mecklenburg,Charlotte 3,120000.0,,2021-12-07,113247.51652906125,0,32151536.180183
Mecklenburg,Charlotte 3,120000.0,,2021-12-08,,0,
Mecklenburg,Charlotte 3,120000.0,,2021-12-09,,0,
Mecklenburg,Charlotte 3,120000.0,,2021-12-10,,0,
Mecklenburg,Charlotte 3,120000.0,,2021-12-11,52832.28179815822,0,14066056.1394852
Mecklenburg,Charlotte 3,120000.0,,2021-12-12,,0,
Mecklenburg,Charlotte 3,120000.0,,2021-12-13,,0,
Mecklenburg,Charlotte 3,120000.0,,2021-12-14,33593.15406448169,0,9860471.69839071
Mecklenburg,Charlotte 3,120000.0,,2021-12-15,,0,
Mecklenburg,Charlotte 3,120000.0,,2021-12-16,,0,
Mecklenburg,Charlotte 3,120000.0,,2021-12-17,,0,
Mecklenburg,Charlotte 3,120000.0,,2021-12-18,131909.05958272936,0,40736887.875619
Mecklenburg,Charlotte 3,120000.0,,2021-12-19,,0,
Mecklenburg,Charlotte 3,120000.0,,2021-12-20,,0,
Mecklenburg,Charlotte 3,120000.0,,2021-12-21,73229.09257938416,0,21575509.5153916
Mecklenburg,Charlotte 3,120000.0,,2021-12-22,,0,
Mecklenburg,Charlotte 3,120000.0,,2021-12-23,,0,
Mecklenburg,Charlotte 3,120000.0,,2021-12-24,,0,
Mecklenburg,Charlotte 3,120000.0,,2021-12-25,,0,
Mecklenburg,Charlotte 3,120000.0,,2021-12-26,,0,
Mecklenburg,Charlotte 3,120000.0,,2021-12-27,,0,
Mecklenburg,Charlotte 3,120000.0,,2021-12-28,,0,
Mecklenburg,Charlotte 3,120000.0,,2021-12-29,,0,
Mecklenburg,Charlotte 3,120000.0,,2021-12-30,,0,
Mecklenburg,Charlotte 3,120000.0,,2021-12-31,,0,
Mecklenburg,Charlotte 3,120000.0,,2022-01-01,,0,
Mecklenburg,Charlotte 3,120000.0,,2022-01-02,,0,
Mecklenburg,Charlotte 3,120000.0,,2022-01-03,,0,
Mecklenburg,Charlotte 3,120000.0,,2022-01-04,515303.3087415612,0,173768546.325759
Mecklenburg,Charlotte 3,120000.0,,2022-01-05,,0,
Mecklenburg,Charlotte 3,120000.0,,2022-01-18,,0,
Mecklenburg,Charlotte 3,120000.0,,2022-01-19,,0,
Mecklenburg,Charlotte 3,120000.0,,2022-01-20,,0,
Mecklenburg,Charlotte 3,120000.0,,2022-01-21,,0,
Mecklenburg,Charlotte 3,120000.0,,2022-01-22,243669.85862022426,0,93238041.8218224
Mecklenburg,Charlotte 3,120000.0,,2022-01-23,,0,
Mecklenburg,Charlotte 3,120000.0,,2022-01-24,,0,
Mecklenburg,Charlotte 3,120000.0,,2022-01-25,248193.4729198168,0,86356772.0289095
Mecklenburg,Charlotte 3,120000.0,,2022-01-26,,0,
Mecklenburg,Charlotte 3,120000.0,,2022-01-27,,0,
Mecklenburg,Charlotte 3,120000.0,,2022-01-28,,0,
Mecklenburg,Charlotte 3,120000.0,,2022-01-29,250062.49218945287,0,79434388.6532908
Mecklenburg,Charlotte 3,120000.0,,2022-01-30,,0,
Mecklenburg,Charlotte 3,120000.0,,2022-01-31,,0,
Mecklenburg,Charlotte 3,120000.0,,2022-02-01,84075.85860400117,0,31189554.0056394
Mecklenburg,Charlotte 3,120000.0,,2022-02-02,,0,
Mecklenburg,Charlotte 3,120000.0,,2022-02-03,,0,
Mecklenburg,Charlotte 3,120000.0,,2022-02-04,,0,
Mecklenburg,Charlotte 3,120000.0,,2022-02-05,27060.118255469668,0,9628736.93455993
Mecklenburg,Charlotte 3,120000.0,,2022-02-06,,0,
Mecklenburg,Charlotte 3,120000.0,,2022-02-07,,0,
Mecklenburg,Charlotte 3,120000.0,,2022-02-08,6995.534289816615,0,2416381.7144363
Mecklenburg,Charlotte 3,120000.0,,2022-02-09,,0,
Mecklenburg,Charlotte 3,120000.0,,2022-02-10,,0,
Mecklenburg,Charlotte 3,120000.0,,2022-02-11,,0,
Mecklenburg,Charlotte 3,120000.0,,2022-02-12,16652.70248338088,0,5731126.64323532
Mecklenburg,Charlotte 3,120000.0,,2022-02-13,,0,
Mecklenburg,Charlotte 3,120000.0,,2022-02-14,,0,
Mecklenburg,Charlotte 3,120000.0,,2022-02-15,,0,
Mecklenburg,Charlotte 3,120000.0,,2022-02-16,,0,
Mecklenburg,Charlotte 3,120000.0,,2022-02-17,,0,
Mecklenburg,Charlotte 3,120000.0,,2022-02-18,,0,
Mecklenburg,Charlotte 3,120000.0,,2022-02-19,7689.278249614864,0,2799122.57871251
Mecklenburg,Charlotte 3,120000.0,,2022-02-20,,0,
Mecklenburg,Charlotte 3,120000.0,,2022-02-21,,0,
Mecklenburg,Charlotte 3,120000.0,,2022-02-22,0.0,0,715956.996478477
Mecklenburg,Charlotte 3,120000.0,,2022-02-23,,0,
Mecklenburg,Charlotte 3,120000.0,,2022-02-24,,0,
Mecklenburg,Charlotte 3,120000.0,,2022-02-25,,0,
Mecklenburg,Charlotte 3,120000.0,,2022-02-26,15350.081433008763,0,5171451.6448295
Mecklenburg,Charlotte 3,120000.0,,2022-02-27,,0,
Mecklenburg,Charlotte 3,120000.0,,2022-02-28,,0,
Mecklenburg,Charlotte 3,120000.0,,2022-03-01,8620.469824783342,0,3641179.12913915
Mecklenburg,Charlotte 3,120000.0,,2022-03-02,,0,
Mecklenburg,Charlotte 3,120000.0,,2022-03-03,,0,
Mecklenburg,Charlotte 3,120000.0,,2022-03-04,,0,
Mecklenburg,Charlotte 3,120000.0,,2022-03-05,6244.997998398403,0,2277302.21909555
Mecklenburg,Charlotte 3,120000.0,,2022-03-06,,0,
Mecklenburg,Charlotte 3,120000.0,,2022-03-07,,0,
Mecklenburg,Charlotte 3,120000.0,,2022-03-08,,0,
Mecklenburg,Charlotte 3,120000.0,,2022-03-09,,0,
Mecklenburg,Charlotte 3,120000.0,,2022-03-10,,0,
Mecklenburg,Charlotte 3,120000.0,,2022-03-11,,0,
Mecklenburg,Charlotte 3,120000.0,,2022-03-12,0.0,0,285161.812601159
Mecklenburg,Charlotte 3,120000.0,,2022-03-13,,0,
Mecklenburg,Charlotte 3,120000.0,,2022-03-14,,0,
Mecklenburg,Charlotte 3,120000.0,,2022-03-15,0.0,0,706363.649031036
Mecklenburg,Charlotte 3,120000.0,,2022-03-16,,0,
Mecklenburg,Charlotte 3,120000.0,,2022-03-17,,0,
Mecklenburg,Charlotte 3,120000.0,,2022-03-18,,0,
Mecklenburg,Charlotte 3,120000.0,,2022-03-19,7097.5347832891985,0,2966565.48528986
Mecklenburg,Charlotte 3,120000.0,,2022-03-20,,0,
Mecklenburg,Charlotte 3,120000.0,,2022-03-21,,0,
Mecklenburg,Charlotte 3,120000.0,,2022-03-22,6363.961030678928,0,2501359.33788107
Mecklenburg,Charlotte 3,120000.0,,2022-03-23,,0,
Mecklenburg,Charlotte 3,120000.0,,2022-03-24,,0,
Mecklenburg,Charlotte 3,120000.0,,2022-03-25,,0,
Mecklenburg,Charlotte 3,120000.0,,2022-03-26,4153.311931459041,0,1459520.74513952
Mecklenburg,Charlotte 3,120000.0,,2022-03-27,,0,
Mecklenburg,Charlotte 3,120000.0,,2022-03-28,,0,
Mecklenburg,Charlotte 3,120000.0,,2022-03-29,6451.743950281978,0,2299778.97090158
Mecklenburg,Charlotte 3,120000.0,,2022-03-30,,0,
Mecklenburg,Charlotte 3,120000.0,,2022-03-31,,0,
Mecklenburg,Charlotte 3,120000.0,,2022-04-01,,0,
Mecklenburg,Charlotte 3,120000.0,,2022-04-02,3674.2346141747657,0,1752464.41127064
Mecklenburg,Charlotte 3,120000.0,,2022-04-03,,0,
Mecklenburg,Charlotte 3,120000.0,,2022-04-04,19665.960439297145,0,7729719.51683804
Mecklenburg,Charlotte 3,120000.0,,2022-04-05,,0,
Mecklenburg,Charlotte 3,120000.0,,2022-04-06,,0,
Mecklenburg,Charlotte 3,120000.0,,2022-04-07,,0,
Mecklenburg,Charlotte 3,120000.0,,2022-04-08,,0,
Mecklenburg,Charlotte 3,120000.0,,2022-04-09,8466.847110938068,0,3386659.25601236
Mecklenburg,Charlotte 3,120000.0,,2022-04-10,,0,
Mecklenburg,Charlotte 3,120000.0,,2022-04-11,,0,
Mecklenburg,Charlotte 3,120000.0,,2022-04-12,10874.281585465784,0,4236410.77577694
Mecklenburg,Charlotte 3,120000.0,,2022-04-13,,0,
Mecklenburg,Charlotte 3,120000.0,,2022-04-14,,0,
Mecklenburg,Charlotte 3,120000.0,,2022-04-15,,0,
Mecklenburg,Charlotte 3,120000.0,,2022-04-16,95000.00000000009,0,35032299.75
Mecklenburg,Charlotte 3,120000.0,,2022-04-17,,0,
Mecklenburg,Charlotte 3,120000.0,,2022-04-18,,0,
Mecklenburg,Charlotte 3,120000.0,,2022-04-19,65000.000000000044,0,21406437.0
Mecklenburg,Charlotte 3,120000.0,,2022-04-20,,0,
Mecklenburg,Charlotte 3,120000.0,,2022-04-21,,0,
Mecklenburg,Charlotte 3,120000.0,,2022-04-22,,0,
Mecklenburg,Charlotte 3,120000.0,,2022-04-23,47997.39576268698,0,18153793.4135141
Mecklenburg,Charlotte 3,120000.0,,2022-04-24,,0,
Mecklenburg,Charlotte 3,120000.0,,2022-04-25,,0,
Mecklenburg,Charlotte 3,120000.0,,2022-04-26,28411.045387313734,0,11095283.1630759
Mecklenburg,Charlotte 3,120000.0,,2022-04-27,,0,
Mecklenburg,Charlotte 3,120000.0,,2022-04-28,,0,
Mecklenburg,Charlotte 3,120000.0,,2022-04-29,,0,
Mecklenburg,Charlotte 3,120000.0,,2022-04-30,55509.00827793625,0,20136864.1604662
Mecklenburg,Charlotte 3,120000.0,,2022-05-01,,0,
Mecklenburg,Charlotte 3,120000.0,,2022-05-02,,0,
Mecklenburg,Charlotte 3,120000.0,,2022-05-03,,0,
Mecklenburg,Charlotte 3,120000.0,,2022-05-04,,0,
Mecklenburg,Charlotte 3,120000.0,,2022-05-05,,0,
Mecklenburg,Charlotte 3,120000.0,,2022-05-06,98742.08829065751,0,36069606.0479914
Mecklenburg,Charlotte 3,120000.0,,2022-05-07,,0,
Mecklenburg,Charlotte 3,120000.0,,2022-05-08,,0,
Mecklenburg,Charlotte 3,120000.0,,2022-05-09,,0,
Mecklenburg,Charlotte 3,120000.0,,2022-05-10,47341.84195825081,0,16935137.907858
Mecklenburg,Charlotte 3,120000.0,,2022-05-11,,0,
Mecklenburg,Charlotte 3,120000.0,,2022-05-12,,0,
Mecklenburg,Charlotte 3,120000.0,,2022-05-13,,0,
Mecklenburg,Charlotte 3,120000.0,,2022-05-14,110056.80351527562,0,38883508.9091609
Mecklenburg,Charlotte 3,120000.0,,2022-05-15,,0,
Mecklenburg,Charlotte 3,120000.0,,2022-05-16,,0,
Mecklenburg,Charlotte 3,120000.0,,2022-05-17,20947.85191851427,0,6753375.88522461
Mecklenburg,Charlotte 3,120000.0,,2022-05-18,,0,
Mecklenburg,Charlotte 3,120000.0,,2022-05-19,,0,
Mecklenburg,Charlotte 3,120000.0,,2022-05-20,,0,
Mecklenburg,Charlotte 3,120000.0,,2022-05-21,73654.59931328117,0,22816125.1730138
Mecklenburg,Charlotte 3,120000.0,,2022-05-22,,0,
Mecklenburg,Charlotte 3,120000.0,,2022-05-23,,0,
Mecklenburg,Charlotte 3,120000.0,,2022-05-24,136930.63937629148,0,49846764.8007036
Mecklenburg,Charlotte 3,120000.0,,2022-05-25,,0,
Mecklenburg,Charlotte 3,120000.0,,2022-05-26,,0,
Mecklenburg,Charlotte 3,120000.0,,2022-05-27,,0,
Mecklenburg,Charlotte 3,120000.0,,2022-05-28,170000.00000000006,0,60008053.5
Mecklenburg,Charlotte 3,120000.0,,2022-05-29,,0,
Mecklenburg,Charlotte 3,120000.0,,2022-05-30,,0,
Mecklenburg,Charlotte 3,120000.0,,2022-05-31,,0,
Mecklenburg,Charlotte 3,120000.0,,2022-06-01,,0,
Mecklenburg,Charlotte 3,120000.0,,2022-06-02,,0,
Mecklenburg,Charlotte 3,120000.0,,2022-06-03,,0,
Mecklenburg,Charlotte 3,120000.0,,2022-06-04,168188.88191554171,0,55124334.9294676
Mecklenburg,Charlotte 3,120000.0,,2022-06-05,,0,
Mecklenburg,Charlotte 3,120000.0,,2022-06-06,,0,
Mecklenburg,Charlotte 3,120000.0,,2022-06-07,66238.20649745897,0,22796272.883429
Mecklenburg,Charlotte 3,120000.0,,2022-06-08,,0,
Mecklenburg,Charlotte 3,120000.0,,2022-06-09,,0,
Mecklenburg,Charlotte 3,120000.0,,2022-06-10,,0,
Mecklenburg,Charlotte 3,120000.0,,2022-06-11,89861.00377805727,0,30699425.8940565
Mecklenburg,Charlotte 3,120000.0,,2022-06-12,,0,
Mecklenburg,Charlotte 3,120000.0,,2022-06-13,,0,
Mecklenburg,Charlotte 3,120000.0,,2022-06-14,62499.99999999997,0,19735340.6249999
Mecklenburg,Charlotte 3,120000.0,,2022-06-15,,0,
Mecklenburg,Charlotte 3,120000.0,,2022-06-16,,0,
Mecklenburg,Charlotte 3,120000.0,,2022-06-17,,0,
Mecklenburg,Charlotte 3,120000.0,,2022-06-18,114891.25293076049,0,37764628.4579627
Mecklenburg,Charlotte 3,120000.0,,2022-06-19,,0,
Mecklenburg,Charlotte 3,120000.0,,2022-06-20,,0,
Mecklenburg,Charlotte 3,120000.0,,2022-06-21,57716.981903076055,0,18971508.4628609
Mecklenburg,Charlotte 3,120000.0,,2022-06-22,,0,
Mecklenburg,Charlotte 3,120000.0,,2022-06-23,,0,
Mecklenburg,Charlotte 3,120000.0,,2022-06-24,,0,
Mecklenburg,Charlotte 3,120000.0,,2022-06-25,126885.77540449525,0,43068102.8080503
Mecklenburg,Charlotte 3,120000.0,,2022-06-26,,0,
Mecklenburg,Charlotte 3,120000.0,,2022-06-27,,0,
Mecklenburg,Charlotte 3,120000.0,,2022-06-28,82990.96336348912,0,24949062.921541
Mecklenburg,Charlotte 3,120000.0,,2022-06-29,,0,
Mecklenburg,Charlotte 3,120000.0,,2022-06-30,,0,
Mecklenburg,Charlotte 3,120000.0,,2022-07-01,,0,
Mecklenburg,Charlotte 3,120000.0,,2022-07-02,62449.97998398397,0,21039435.7265921
Mecklenburg,Charlotte 3,120000.0,,2022-07-03,,0,
Mecklenburg,Charlotte 3,120000.0,,2022-07-04,,0,
Mecklenburg,Charlotte 3,120000.0,,2022-07-05,,0,
Mecklenburg,Charlotte 3,120000.0,,2022-07-06,,0,
Mecklenburg,Charlotte 3,120000.0,,2022-07-07,,0,
Mecklenburg,Charlotte 3,120000.0,,2022-07-08,,0,
Mecklenburg,Charlotte 3,120000.0,,2022-07-09,101734.94974687917,0,33375981.493559
Mecklenburg,Charlotte 3,120000.0,,2022-07-10,,0,
Mecklenburg,Charlotte 3,120000.0,,2022-07-11,,0,
Mecklenburg,Charlotte 3,120000.0,,2022-07-12,166019.57715883982,0,55670240.7784857
Mecklenburg,Charlotte 3,120000.0,,2022-07-13,,0,
Mecklenburg,Charlotte 3,120000.0,,2022-07-14,,0,
Mecklenburg,Charlotte 3,120000.0,,2022-07-15,,0,
Mecklenburg,Charlotte 3,120000.0,,2022-07-16,81009.25873009834,0,33067355.6423338
Mecklenburg,Charlotte 3,120000.0,,2022-07-17,,0,
Mecklenburg,Charlotte 3,120000.0,,2022-07-18,,0,
Mecklenburg,Charlotte 3,120000.0,,2022-07-19,71414.2842854286,0,23451269.0529297
Mecklenburg,Charlotte 3,120000.0,,2022-07-20,,0,
Mecklenburg,Charlotte 3,120000.0,,2022-07-21,,0,
Mecklenburg,Charlotte 3,120000.0,,2022-07-22,,0,
Mecklenburg,Charlotte 3,120000.0,,2022-07-23,139642.40043768956,0,49115967.668147
Mecklenburg,Charlotte 3,120000.0,,2022-07-24,,0,
Mecklenburg,Charlotte 3,120000.0,,2022-07-25,,0,
Mecklenburg,Charlotte 3,120000.0,,2022-07-26,78740.0787401181,0,24888234.9542474
Mecklenburg,Charlotte 3,120000.0,,2022-07-27,,0,
Mecklenburg,Charlotte 3,120000.0,,2022-07-28,,0,
Mecklenburg,Charlotte 3,120000.0,,2022-07-29,,0,
Mecklenburg,Charlotte 3,120000.0,,2022-07-30,116538.62020806654,0,36431248.7749329
Mecklenburg,Charlotte 3,120000.0,,2022-07-31,,0,
Mecklenburg,Charlotte 3,120000.0,,2022-08-01,,0,
Mecklenburg,Charlotte 3,120000.0,,2022-08-02,93072.55234493155,0,35995037.1172177
Mecklenburg,Charlotte 3,120000.0,,2022-08-03,,0,
Mecklenburg,Charlotte 3,120000.0,,2022-08-04,,0,
Mecklenburg,Charlotte 3,120000.0,,2022-08-05,,0,
Mecklenburg,Charlotte 3,120000.0,,2022-08-06,143750.00000000003,0,49563109.6874999
Mecklenburg,Charlotte 3,120000.0,,2022-08-07,,0,
Mecklenburg,Charlotte 3,120000.0,,2022-08-08,,0,
Mecklenburg,Charlotte 3,120000.0,,2022-08-09,112326.25472257148,0,34901817.2964516
Mecklenburg,Charlotte 3,120000.0,,2022-08-10,,0,
Mecklenburg,Charlotte 3,120000.0,,2022-08-11,,0,
Mecklenburg,Charlotte 3,120000.0,,2022-08-12,124899.95996796794,0,42748666.2235065
Mecklenburg,Charlotte 3,120000.0,,2022-08-13,,0,
Mecklenburg,Charlotte 3,120000.0,,2022-08-14,,0,
Mecklenburg,Charlotte 3,120000.0,,2022-08-15,,0,
Mecklenburg,Charlotte 3,120000.0,,2022-08-16,93374.24698491562,0,31546204.552400295
Mecklenburg,Charlotte 3,120000.0,,2022-08-17,,0,
Mecklenburg,Charlotte 3,120000.0,,2022-08-18,,0,
Mecklenburg,Charlotte 3,120000.0,,2022-08-19,,0,
Mecklenburg,Charlotte 3,120000.0,,2022-08-20,160565.40723331433,0,53942630.9630126
Mecklenburg,Charlotte 3,120000.0,,2022-08-21,,0,
Mecklenburg,Charlotte 3,120000.0,,2022-08-22,,0,
Mecklenburg,Charlotte 3,120000.0,,2022-08-23,111970.9783827934,0,37723089.7997501
Mecklenburg,Charlotte 3,120000.0,,2022-08-24,,0,
Mecklenburg,Charlotte 3,120000.0,,2022-08-25,,0,
Mecklenburg,Charlotte 3,120000.0,,2022-08-26,,0,
Mecklenburg,Charlotte 3,120000.0,,2022-08-27,79960.92795859741,0,25829042.9179284
Mecklenburg,Charlotte 3,120000.0,,2022-08-28,,0,
Mecklenburg,Charlotte 3,120000.0,,2022-08-29,,0,
Mecklenburg,Charlotte 3,120000.0,,2022-08-30,64807.40698407861,0,30931010.254622
Mecklenburg,Charlotte 3,120000.0,,2022-08-31,,0,
Mecklenburg,Charlotte 3,120000.0,,2022-09-01,,0,
Mecklenburg,Charlotte 3,120000.0,,2022-09-02,,0,
Mecklenburg,Charlotte 3,120000.0,,2022-09-03,106242.64680437904,0,35156440.8382289
Mecklenburg,Charlotte 3,120000.0,,2022-09-04,,0,
Mecklenburg,Charlotte 3,120000.0,,2022-09-05,,0,
Mecklenburg,Charlotte 3,120000.0,,2022-09-06,,0,
Mecklenburg,Charlotte 3,120000.0,,2022-09-07,49749.37185533098,0,16886140.7424981
Mecklenburg,Charlotte 3,120000.0,,2022-09-08,,0,
Mecklenburg,Charlotte 3,120000.0,,2022-09-09,,0,
Mecklenburg,Charlotte 3,120000.0,,2022-09-10,185741.75621006734,0,60232819.6323667
Mecklenburg,Charlotte 3,120000.0,,2022-09-11,,0,
Mecklenburg,Charlotte 3,120000.0,,2022-09-12,,0,
Mecklenburg,Charlotte 3,120000.0,,2022-09-13,86204.69824783335,0,33502111.180727705
Mecklenburg,Charlotte 3,120000.0,,2022-09-14,,0,
Mecklenburg,Charlotte 3,120000.0,,2022-09-15,,0,
Mecklenburg,Charlotte 3,120000.0,,2022-09-16,58094.7501931113,0,19645460.152702905
Mecklenburg,Charlotte 3,120000.0,,2022-09-17,,0,
Mecklenburg,Charlotte 3,120000.0,,2022-09-18,,0,
Mecklenburg,Charlotte 3,120000.0,,2022-09-19,,0,
Mecklenburg,Charlotte 3,120000.0,,2022-09-20,24396.464907850874,0,8742502.47548626
Mecklenburg,Charlotte 3,120000.0,,2022-09-21,,0,
Mecklenburg,Charlotte 3,120000.0,,2022-09-22,,0,
Mecklenburg,Charlotte 3,120000.0,,2022-09-23,,0,
Mecklenburg,Charlotte 3,120000.0,,2022-09-24,52163.804500822254,0,16471527.2019141
Mecklenburg,Charlotte 3,120000.0,,2022-09-25,,0,
Mecklenburg,Charlotte 3,120000.0,,2022-09-26,,0,
Mecklenburg,Charlotte 3,120000.0,,2022-09-27,40620.19202317981,0,14364089.9621312
Mecklenburg,Charlotte 3,120000.0,,2022-09-28,,0,
Mecklenburg,Charlotte 3,120000.0,,2022-09-29,,0,
Mecklenburg,Charlotte 3,120000.0,,2022-09-30,,0,
Mecklenburg,Charlotte 3,120000.0,,2022-10-01,33541.01966249685,0,11194184.5023816
Mecklenburg,Charlotte 3,120000.0,,2022-10-02,,0,
Mecklenburg,Charlotte 3,120000.0,,2022-10-03,,0,
Mecklenburg,Charlotte 3,120000.0,,2022-10-04,31464.265445104582,0,10610255.3095496
Mecklenburg,Charlotte 3,120000.0,,2022-10-05,,0,
Mecklenburg,Charlotte 3,120000.0,,2022-10-06,,0,
Mecklenburg,Charlotte 3,120000.0,,2022-10-07,,0,
Mecklenburg,Charlotte 3,120000.0,,2022-10-08,40682.589288014315,0,12461156.4299679
Mecklenburg,Charlotte 3,120000.0,,2022-10-09,23177.249469582002,0,7896164.412794
Mecklenburg,Charlotte 3,120000.0,,2022-10-10,,0,
Mecklenburg,Charlotte 3,120000.0,,2022-10-11,,0,
Mecklenburg,Charlotte 3,120000.0,,2022-10-12,,0,
Mecklenburg,Charlotte 3,120000.0,,2022-10-13,,0,
Mecklenburg,Charlotte 3,120000.0,,2022-10-14,,0,
Mecklenburg,Charlotte 3,120000.0,,2022-10-15,54244.81542046207,0,20328494.104969
Mecklenburg,Charlotte 3,120000.0,,2022-10-16,,0,
Mecklenburg,Charlotte 3,120000.0,,2022-10-17,,0,
Mecklenburg,Charlotte 3,120000.0,,2022-10-18,56291.65124598848,0,17899258.9966314
Mecklenburg,Charlotte 3,120000.0,,2022-10-19,,0,
Mecklenburg,Charlotte 3,120000.0,,2022-10-20,,0,
Mecklenburg,Charlotte 3,120000.0,,2022-10-21,,0,
Mecklenburg,Charlotte 3,120000.0,,2022-10-22,30058.276730378268,0,9273281.95991666
Mecklenburg,Charlotte 3,120000.0,,2022-10-23,,0,
Mecklenburg,Charlotte 3,120000.0,,2022-10-24,,0,
Mecklenburg,Charlotte 3,120000.0,,2022-10-25,14241.225368626147,0,4725999.05874483
Mecklenburg,Charlotte 3,120000.0,,2022-10-26,,0,
Mecklenburg,Charlotte 3,120000.0,,2022-10-27,69597.05453537527,0,22525205.0153668
Mecklenburg,Charlotte 3,120000.0,,2022-10-28,,0,
Mecklenburg,Charlotte 3,120000.0,,2022-10-29,,0,
Mecklenburg,Charlotte 3,120000.0,,2022-10-30,,0,
Mecklenburg,Charlotte 3,120000.0,,2022-10-31,,0,
Mecklenburg,Charlotte 3,120000.0,,2022-11-01,30850.445701804732,0,9595528.27328139
Mecklenburg,Charlotte 3,120000.0,,2022-11-02,,0,
Mecklenburg,Charlotte 3,120000.0,,2022-11-03,,0,
Mecklenburg,Charlotte 3,120000.0,,2022-11-04,,0,
Mecklenburg,Charlotte 3,120000.0,,2022-11-05,43474.130238568316,0,13000790.835801
Mecklenburg,Charlotte 3,120000.0,,2022-11-06,,0,
Mecklenburg,Charlotte 3,120000.0,,2022-11-07,,0,
Mecklenburg,Charlotte 3,120000.0,,2022-11-08,,0,
Mecklenburg,Charlotte 3,120000.0,,2022-11-09,23558.43797877952,0,7743632.6493430305
Mecklenburg,Charlotte 3,120000.0,,2022-11-10,,0,
Mecklenburg,Charlotte 3,120000.0,,2022-11-11,70356.23639735149,0,21705609.5265705
Mecklenburg,Charlotte 3,120000.0,,2022-11-12,,0,
Mecklenburg,Charlotte 3,120000.0,,2022-11-13,,0,
Mecklenburg,Charlotte 3,120000.0,,2022-11-14,56772.57260332677,0,20828060.0362376
Mecklenburg,Charlotte 3,120000.0,,2022-11-15,,0,
Mecklenburg,Charlotte 3,120000.0,,2022-11-16,,0,
Mecklenburg,Charlotte 3,120000.0,,2022-11-17,,0,
Mecklenburg,Charlotte 3,120000.0,,2022-11-18,,0,
Mecklenburg,Charlotte 3,120000.0,,2022-11-19,102530.48327204927,0,32116838.2615308
Mecklenburg,Charlotte 3,120000.0,,2022-11-20,,0,
Mecklenburg,Charlotte 3,120000.0,,2022-11-21,,0,
Mecklenburg,Charlotte 3,120000.0,,2022-11-22,42452.91509425471,0,15346970.788189
Mecklenburg,Charlotte 3,120000.0,,2022-11-23,,0,
Mecklenburg,Charlotte 3,120000.0,,2022-11-24,89127.71734987939,0,30561372.8821271
Mecklenburg,Charlotte 3,120000.0,,2022-11-25,,0,
Mecklenburg,Charlotte 3,120000.0,,2022-11-26,,0,
Mecklenburg,Charlotte 3,120000.0,,2022-11-27,,0,
Mecklenburg,Charlotte 3,120000.0,,2022-11-28,,0,
Mecklenburg,Charlotte 3,120000.0,,2022-11-29,46948.109653105384,0,18349318.894499294
Mecklenburg,Charlotte 3,120000.0,,2022-11-30,,0,
Mecklenburg,Charlotte 3,120000.0,,2022-12-01,,0,
Mecklenburg,Charlotte 3,120000.0,,2022-12-02,,0,
Mecklenburg,Charlotte 3,120000.0,,2022-12-03,40422.76586281547,0,14804330.6915445
Mecklenburg,Charlotte 3,120000.0,,2022-12-04,,0,
Mecklenburg,Charlotte 3,120000.0,,2022-12-05,,0,
Mecklenburg,Charlotte 3,120000.0,,2022-12-06,51847.13106817007,0,18514060.9248541
Mecklenburg,Charlotte 3,120000.0,,2022-12-07,,0,
Mecklenburg,Charlotte 3,120000.0,,2022-12-08,,0,
Mecklenburg,Charlotte 3,120000.0,,2022-12-09,,0,
Mecklenburg,Charlotte 3,120000.0,,2022-12-10,85805.01150865262,0,32534763.4382461
Mecklenburg,Charlotte 3,120000.0,,2022-12-11,,0,
Mecklenburg,Charlotte 3,120000.0,,2022-12-12,,0,
Mecklenburg,Charlotte 3,120000.0,,2022-12-13,62048.3682299542,0,21432607.7451622
Mecklenburg,Charlotte 3,120000.0,,2022-12-14,,0,
Mecklenburg,Charlotte 3,120000.0,,2022-12-15,,0,
Mecklenburg,Charlotte 3,120000.0,,2022-12-16,,0,
Mecklenburg,Charlotte 3,120000.0,,2022-12-17,45768.43890717709,0,22161798.9717679
Mecklenburg,Charlotte 3,120000.0,,2022-12-18,,0,
Mecklenburg,Charlotte 3,120000.0,,2022-12-19,,0,
Mecklenburg,Charlotte 3,120000.0,,2022-12-20,43322.91541436238,0,15524818.7262352
Mecklenburg,Charlotte 3,120000.0,,2022-12-21,,0,
Mecklenburg,Charlotte 3,120000.0,,2022-12-22,,0,
Mecklenburg,Charlotte 3,120000.0,,2022-12-23,,0,
Mecklenburg,Charlotte 3,120000.0,,2022-12-24,183234.82201808682,0,96817386.2143893
Mecklenburg,Charlotte 3,120000.0,,2022-12-25,,0,
Mecklenburg,Charlotte 3,120000.0,,2022-12-26,,0,
Mecklenburg,Charlotte 3,120000.0,,2022-12-27,,0,
Mecklenburg,Charlotte 3,120000.0,,2022-12-28,,0,
Mecklenburg,Charlotte 3,120000.0,,2022-12-29,,0,
Mecklenburg,Charlotte 3,120000.0,,2022-12-30,,0,
Mecklenburg,Charlotte 3,120000.0,,2022-12-31,235504.777021614,0,77335871.1698382
Mecklenburg,Charlotte 3,120000.0,,2023-01-01,,0,
Mecklenburg,Charlotte 3,120000.0,,2023-01-02,,0,
Mecklenburg,Charlotte 3,120000.0,,2023-01-03,,0,
Mecklenburg,Charlotte 3,120000.0,,2023-01-04,,0,
Mecklenburg,Charlotte 3,120000.0,,2023-01-05,,0,
Mecklenburg,Charlotte 3,120000.0,,2023-01-06,,0,
Mecklenburg,Charlotte 3,120000.0,,2023-01-07,85513.15688243542,0,38223752.6047456
Mecklenburg,Charlotte 3,120000.0,,2023-01-08,,0,
Mecklenburg,Charlotte 3,120000.0,,2023-01-09,,0,
Mecklenburg,Charlotte 3,120000.0,,2023-01-10,40577.08713054699,0,15628851.4472391
Mecklenburg,Charlotte 3,120000.0,,2023-01-11,,0,
Mecklenburg,Charlotte 3,120000.0,,2023-01-12,,0,
Mecklenburg,Charlotte 3,120000.0,,2023-01-13,,0,
Mecklenburg,Charlotte 3,120000.0,,2023-01-14,81891.69677079601,0,32135923.2684564
Mecklenburg,Charlotte 3,120000.0,,2023-01-15,,0,
Mecklenburg,Charlotte 3,120000.0,,2023-01-16,,0,
Mecklenburg,Charlotte 3,120000.0,,2023-01-17,,0,
Mecklenburg,Charlotte 3,120000.0,,2023-01-18,,0,
Mecklenburg,Charlotte 3,120000.0,,2023-01-19,,0,
Mecklenburg,Charlotte 3,120000.0,,2023-01-20,,0,
Mecklenburg,Charlotte 3,120000.0,,2023-01-21,84668.47110938045,0,33813175.2217008
Mecklenburg,Charlotte 3,120000.0,,2023-01-22,,0,
Mecklenburg,Charlotte 3,120000.0,,2023-01-23,,0,
Mecklenburg,Charlotte 3,120000.0,,2023-01-24,23318.447632722047,0,9643459.44482797
Mecklenburg,Charlotte 3,120000.0,,2023-01-25,,0,
Mecklenburg,Charlotte 3,120000.0,,2023-01-26,,0,
Mecklenburg,Charlotte 3,120000.0,,2023-01-27,,0,
Mecklenburg,Charlotte 3,120000.0,,2023-01-28,108972.47358851676,0,38328533.97474981
Mecklenburg,Charlotte 3,120000.0,,2023-01-29,,0,
Mecklenburg,Charlotte 3,120000.0,,2023-01-30,,0,
Mecklenburg,Charlotte 3,120000.0,,2023-01-31,89442.71909999152,0,38541288.0409661
Mecklenburg,Charlotte 3,120000.0,,2023-02-01,,0,
Mecklenburg,Charlotte 3,120000.0,,2023-02-02,,0,
Mecklenburg,Charlotte 3,120000.0,,2023-02-03,,0,
Mecklenburg,Charlotte 3,120000.0,,2023-02-04,49386.86566284608,0,21249874.3588422
Mecklenburg,Charlotte 3,120000.0,,2023-02-05,,0,
Mecklenburg,Charlotte 3,120000.0,,2023-02-06,,0,
Mecklenburg,Charlotte 3,120000.0,,2023-02-07,26663.411259626962,0,10700439.9547286
Mecklenburg,Charlotte 3,120000.0,,2023-02-08,,0,
Mecklenburg,Charlotte 3,120000.0,,2023-02-09,,0,
Mecklenburg,Charlotte 3,120000.0,,2023-02-10,,0,
Mecklenburg,Charlotte 3,120000.0,,2023-02-11,56124.86080160916,0,20457650.671217
Mecklenburg,Charlotte 3,120000.0,,2023-02-12,,0,
Mecklenburg,Charlotte 3,120000.0,,2023-02-13,,0,
Mecklenburg,Charlotte 3,120000.0,,2023-02-14,,0,
Mecklenburg,Charlotte 3,120000.0,,2023-02-15,,0,
Mecklenburg,Charlotte 3,120000.0,,2023-02-16,,0,
Mecklenburg,Charlotte 3,120000.0,,2023-02-17,,0,
Mecklenburg,Charlotte 3,120000.0,,2023-02-18,,0,
Mecklenburg,Charlotte 3,120000.0,,2023-02-19,38695.93001854335,0,15535379.4319595
Mecklenburg,Charlotte 3,120000.0,,2023-02-20,,0,
Mecklenburg,Charlotte 3,120000.0,,2023-02-21,,0,
Mecklenburg,Charlotte 3,120000.0,,2023-02-22,27013.885318480214,0,10271000.2581131
Mecklenburg,Charlotte 3,120000.0,,2023-02-23,,0,
Mecklenburg,Charlotte 3,120000.0,,2023-02-24,,0,
Mecklenburg,Charlotte 3,120000.0,,2023-02-25,21213.203435596424,0,7815911.467750379
Mecklenburg,Charlotte 3,120000.0,,2023-02-26,,0,
Mecklenburg,Charlotte 3,120000.0,,2023-02-27,,0,
Mecklenburg,Charlotte 3,120000.0,,2023-02-28,20868.636754709212,0,8031273.98641307
Mecklenburg,Charlotte 3,120000.0,,2023-03-01,,0,
Mecklenburg,Charlotte 3,120000.0,,2023-03-02,,0,
Mecklenburg,Charlotte 3,120000.0,,2023-03-03,,0,
Mecklenburg,Charlotte 3,120000.0,,2023-03-04,16628.289148315904,0,6189564.69796676
Mecklenburg,Charlotte 3,120000.0,,2023-03-05,,0,
Mecklenburg,Charlotte 3,120000.0,,2023-03-06,,0,
Mecklenburg,Charlotte 3,120000.0,,2023-03-07,11645.81469885213,0,4397385.67936322
Mecklenburg,Charlotte 3,120000.0,,2023-03-08,,0,
Mecklenburg,Charlotte 3,120000.0,,2023-03-09,,0,
Mecklenburg,Charlotte 3,120000.0,,2023-03-10,16874.53703068622,0,6334456.52053266
Mecklenburg,Charlotte 3,120000.0,,2023-03-11,,0,
Mecklenburg,Charlotte 3,120000.0,,2023-03-12,,0,
Mecklenburg,Charlotte 3,120000.0,,2023-03-13,,0,
Mecklenburg,Charlotte 3,120000.0,,2023-03-14,2121.3203435596424,0,899365.155193194
Mecklenburg,Charlotte 3,120000.0,,2023-03-15,,0,
Mecklenburg,Charlotte 3,120000.0,,2023-03-16,,0,
Mecklenburg,Charlotte 3,120000.0,,2023-03-17,,0,
Mecklenburg,Charlotte 3,120000.0,,2023-03-18,17778.09888598891,0,6780194.46394451
Mecklenburg,Charlotte 3,120000.0,,2023-03-19,,0,
Mecklenburg,Charlotte 3,120000.0,,2023-03-20,,0,
Mecklenburg,Charlotte 3,120000.0,,2023-03-21,7825.3434429423005,0,2946900.77843909
Mecklenburg,Charlotte 3,120000.0,,2023-03-22,,0,
Mecklenburg,Charlotte 3,120000.0,,2023-03-23,,0,
Mecklenburg,Charlotte 3,120000.0,,2023-03-24,,0,
Mecklenburg,Charlotte 3,120000.0,,2023-03-25,99462.55576849011,0,35705277.1411395
Mecklenburg,Charlotte 3,120000.0,,2023-03-26,,0,
Mecklenburg,Charlotte 3,120000.0,,2023-03-27,,0,
Mecklenburg,Charlotte 3,120000.0,,2023-03-28,62819.58293398651,0,25781185.104920305
Mecklenburg,Charlotte 3,120000.0,,2023-03-29,,0,
Mecklenburg,Charlotte 3,120000.0,,2023-03-30,,0,
Mecklenburg,Charlotte 3,120000.0,,2023-03-31,,0,
Mecklenburg,Charlotte 3,120000.0,,2023-04-01,59977.995965187045,0,22609470.2985258
Mecklenburg,Charlotte 3,120000.0,,2023-04-02,,0,
Mecklenburg,Charlotte 3,120000.0,,2023-04-03,,0,
Mecklenburg,Charlotte 3,120000.0,,2023-04-04,39523.03632060675,0,14400010.7874723
Mecklenburg,Charlotte 3,120000.0,,2023-04-05,,0,
Mecklenburg,Charlotte 3,120000.0,,2023-04-06,,0,
Mecklenburg,Charlotte 3,120000.0,,2023-04-07,85357.42264150208,0,31880382.7831579
Mecklenburg,Charlotte 3,120000.0,,2023-04-08,,0,
Mecklenburg,Charlotte 3,120000.0,,2023-04-09,,0,
Mecklenburg,Charlotte 3,120000.0,,2023-04-10,,0,
Mecklenburg,Charlotte 3,120000.0,,2023-04-11,51249.569754291646,0,27079183.6048104
Mecklenburg,Charlotte 3,120000.0,,2023-04-12,,0,
Mecklenburg,Charlotte 3,120000.0,,2023-04-13,,0,
Mecklenburg,Charlotte 3,120000.0,,2023-04-14,,0,
Mecklenburg,Charlotte 3,120000.0,,2023-04-15,96733.52056035167,0,38692498.9290474
Mecklenburg,Charlotte 3,120000.0,,2023-04-16,,0,
Mecklenburg,Charlotte 3,120000.0,,2023-04-17,,0,
Mecklenburg,Charlotte 3,120000.0,,2023-04-18,39862.599012106635,0,16118195.1610573
Mecklenburg,Charlotte 3,120000.0,,2023-04-19,,0,
Mecklenburg,Charlotte 3,120000.0,,2023-04-20,,0,
Mecklenburg,Charlotte 3,120000.0,,2023-04-21,,0,
Mecklenburg,Charlotte 3,120000.0,,2023-04-22,10294.794801257585,0,3777159.1316279494
Mecklenburg,Charlotte 3,120000.0,,2023-04-23,,0,
Mecklenburg,Charlotte 3,120000.0,,2023-04-24,,0,
Mecklenburg,Charlotte 3,120000.0,,2023-04-25,25544.643274079983,0,9967817.40064016
Mecklenburg,Charlotte 3,120000.0,,2023-04-26,,0,
Mecklenburg,Charlotte 3,120000.0,,2023-04-27,,0,
Mecklenburg,Charlotte 3,120000.0,,2023-04-28,,0,
Mecklenburg,Charlotte 3,120000.0,,2023-04-29,48169.13949823068,0,25314795.121158306
Mecklenburg,Charlotte 3,120000.0,,2023-04-30,,0,
Mecklenburg,Charlotte 3,120000.0,,2023-05-01,,0,
Mecklenburg,Charlotte 3,120000.0,,2023-05-02,,0,
Mecklenburg,Charlotte 3,120000.0,,2023-05-03,,0,
Mecklenburg,Charlotte 3,120000.0,,2023-05-04,,0,
Mecklenburg,Charlotte 3,120000.0,,2023-05-05,,0,
Mecklenburg,Charlotte 3,120000.0,,2023-05-06,49925.96118253509,0,17502024.2328755
Mecklenburg,Charlotte 3,120000.0,,2023-05-07,49607.24543854461,0,17781510.513269
Mecklenburg,Charlotte 3,120000.0,,2023-05-08,,0,
Mecklenburg,Charlotte 3,120000.0,,2023-05-09,,0,
Mecklenburg,Charlotte 3,120000.0,,2023-05-10,,0,
Mecklenburg,Charlotte 3,120000.0,,2023-05-11,,0,
Mecklenburg,Charlotte 3,120000.0,,2023-05-12,,0,
Mecklenburg,Charlotte 3,120000.0,,2023-05-13,86724.50634048034,0,31159902.6530939
Mecklenburg,Charlotte 3,120000.0,,2023-05-14,,0,
Mecklenburg,Charlotte 3,120000.0,,2023-05-15,,0,
Mecklenburg,Charlotte 3,120000.0,,2023-05-16,55600.974811598426,0,18828468.0758861
Mecklenburg,Charlotte 3,120000.0,,2023-05-17,,0,
Mecklenburg,Charlotte 3,120000.0,,2023-05-18,,0,
Mecklenburg,Charlotte 3,120000.0,,2023-05-19,,0,
Mecklenburg,Charlotte 3,120000.0,,2023-05-20,36886.22507115631,0,6783647.9043399
Mecklenburg,Charlotte 3,120000.0,,2023-05-21,,0,
Mecklenburg,Charlotte 3,120000.0,,2023-05-22,,0,
Mecklenburg,Charlotte 3,120000.0,,2023-05-23,11969.227209807683,0,2235210.09221362
Mecklenburg,Charlotte 3,120000.0,,2023-05-24,,0,
Mecklenburg,Charlotte 3,120000.0,,2023-05-25,59515.64500196565,0,20182275.9820602
Mecklenburg,Charlotte 3,120000.0,,2023-05-26,,0,
Mecklenburg,Charlotte 3,120000.0,,2023-05-27,27838.218333794295,0,9405057.15750646
Mecklenburg,Charlotte 3,120000.0,,2023-05-28,,0,
Mecklenburg,Charlotte 3,120000.0,,2023-05-29,,0,
Mecklenburg,Charlotte 3,120000.0,,2023-05-30,,0,
Mecklenburg,Charlotte 3,120000.0,,2023-05-31,,0,
Mecklenburg,Charlotte 3,120000.0,,2023-06-01,,0,
Mecklenburg,Charlotte 3,120000.0,,2023-06-02,,0,
Mecklenburg,Charlotte 3,120000.0,,2023-06-03,75625.6623111494,0,26766561.2275303
Mecklenburg,Charlotte 3,120000.0,,2023-06-04,,0,
Mecklenburg,Charlotte 3,120000.0,,2023-06-05,,0,
Mecklenburg,Charlotte 3,120000.0,,2023-06-06,,0,
Mecklenburg,Charlotte 3,120000.0,,2023-06-07,,0,
Mecklenburg,Charlotte 3,120000.0,,2023-06-08,,0,
Mecklenburg,Charlotte 3,120000.0,,2023-06-09,,0,
Mecklenburg,Charlotte 3,120000.0,,2023-06-10,41084.63946537688,0,14606088.5083109
Mecklenburg,Charlotte 3,120000.0,,2023-06-11,,0,
Mecklenburg,Charlotte 3,120000.0,,2023-06-12,,0,
Mecklenburg,Charlotte 3,120000.0,,2023-06-13,9625.715557817002,0,3349184.46590284
Mecklenburg,Charlotte 3,120000.0,,2023-06-14,,0,
Mecklenburg,Charlotte 3,120000.0,,2023-06-15,,0,
Mecklenburg,Charlotte 3,120000.0,,2023-06-16,,0,
Mecklenburg,Charlotte 3,120000.0,,2023-06-17,35623.18346245886,0,11889098.5501801
Mecklenburg,Charlotte 3,120000.0,,2023-06-18,,0,
Mecklenburg,Charlotte 3,120000.0,,2023-06-19,,0,
Mecklenburg,Charlotte 3,120000.0,,2023-06-20,,0,
Mecklenburg,Charlotte 3,120000.0,,2023-06-21,22493.519066611178,0,9706754.24652148
Mecklenburg,Charlotte 3,120000.0,,2023-06-22,,0,
Mecklenburg,Charlotte 3,120000.0,,2023-06-23,,0,
Mecklenburg,Charlotte 3,120000.0,,2023-06-24,23935.279400917792,0,10396878.6124258
Mecklenburg,Charlotte 3,120000.0,,2023-06-25,,0,
Mecklenburg,Charlotte 3,120000.0,,2023-06-26,,0,
Mecklenburg,Charlotte 3,120000.0,,2023-06-27,18791.402289344987,0,7223553.532659089
Mecklenburg,Charlotte 3,120000.0,,2023-06-28,,0,
Mecklenburg,Charlotte 3,120000.0,,2023-06-29,,0,
Mecklenburg,Charlotte 3,120000.0,,2023-06-30,,0,
Mecklenburg,Charlotte 3,120000.0,,2023-07-01,27228.10312893651,0,10154040.0870775
Mecklenburg,Charlotte 3,120000.0,,2023-07-02,,0,
Mecklenburg,Charlotte 3,120000.0,,2023-07-03,,0,
Mecklenburg,Charlotte 3,120000.0,,2023-07-04,27878.909591302192,0,10016823.9128263
Mecklenburg,Charlotte 3,120000.0,,2023-07-05,,0,
Mecklenburg,Charlotte 3,120000.0,,2023-07-06,,0,
Mecklenburg,Charlotte 3,120000.0,,2023-07-07,,0,
Mecklenburg,Charlotte 3,120000.0,,2023-07-08,61436.03502831221,0,22170716.8536351
Mecklenburg,Charlotte 3,120000.0,,2023-07-09,,0,
Mecklenburg,Charlotte 3,120000.0,,2023-07-10,,0,
Mecklenburg,Charlotte 3,120000.0,,2023-07-11,24132.9815812303,0,8434925.93609739
Mecklenburg,Charlotte 3,120000.0,,2023-07-12,,0,
Mecklenburg,Charlotte 3,120000.0,,2023-07-13,,0,
Mecklenburg,Charlotte 3,120000.0,,2023-07-14,,0,
Mecklenburg,Charlotte 3,120000.0,,2023-07-15,34191.1041061853,0,11988176.3829141
Mecklenburg,Charlotte 3,120000.0,,2023-07-16,,0,
Mecklenburg,Charlotte 3,120000.0,,2023-07-17,,0,
Mecklenburg,Charlotte 3,120000.0,,2023-07-18,56614.62708523297,0,20484369.4788001
Mecklenburg,Charlotte 3,120000.0,,2023-07-19,,0,
Mecklenburg,Charlotte 3,120000.0,,2023-07-20,,0,
Mecklenburg,Charlotte 3,120000.0,,2023-07-21,,0,
Mecklenburg,Charlotte 3,120000.0,,2023-07-22,89191.23275300114,0,31314671.6759627
Mecklenburg,Charlotte 3,120000.0,,2023-07-23,,0,
Mecklenburg,Charlotte 3,120000.0,,2023-07-24,,0,
Mecklenburg,Charlotte 3,120000.0,,2023-07-25,50775.356227209355,0,17360919.6474983
Mecklenburg,Charlotte 3,120000.0,,2023-07-26,,0,
Mecklenburg,Charlotte 3,120000.0,,2023-07-27,,0,
Mecklenburg,Charlotte 3,120000.0,,2023-07-28,,0,
Mecklenburg,Charlotte 3,120000.0,,2023-07-29,189503.0659382587,0,63281776.4402266
Mecklenburg,Charlotte 3,120000.0,,2023-07-30,,0,
Mecklenburg,Charlotte 3,120000.0,,2023-07-31,,0,
Mecklenburg,Charlotte 3,120000.0,,2023-08-01,58437.68647029068,0,20756873.3898819
Mecklenburg,Charlotte 3,120000.0,,2023-08-02,,0,
Mecklenburg,Charlotte 3,120000.0,,2023-08-03,,0,
Mecklenburg,Charlotte 3,120000.0,,2023-08-04,,0,
Mecklenburg,Charlotte 3,120000.0,,2023-08-05,124167.4868876714,0,40500367.28583219
Mecklenburg,Charlotte 3,120000.0,,2023-08-06,,0,
Mecklenburg,Charlotte 3,120000.0,,2023-08-07,,0,
Mecklenburg,Charlotte 3,120000.0,,2023-08-08,96121.80605877118,0,32574520.3637274
Mecklenburg,Charlotte 3,120000.0,,2023-08-09,,0,
Mecklenburg,Charlotte 3,120000.0,,2023-08-10,,0,
Mecklenburg,Charlotte 3,120000.0,,2023-08-11,,0,
Mecklenburg,Charlotte 3,120000.0,,2023-08-12,181507.5954333591,0,61436300.6609533
Mecklenburg,Charlotte 3,120000.0,,2023-08-13,,0,
Mecklenburg,Charlotte 3,120000.0,,2023-08-14,,0,
Mecklenburg,Charlotte 3,120000.0,,2023-08-15,,0,
Mecklenburg,Charlotte 3,120000.0,,2023-08-16,,0,
Mecklenburg,Charlotte 3,120000.0,,2023-08-17,,0,
Mecklenburg,Charlotte 3,120000.0,,2023-08-18,,0,
Mecklenburg,Charlotte 3,120000.0,,2023-08-19,,0,
Mecklenburg,Charlotte 3,120000.0,,2023-08-20,,0,
Mecklenburg,Charlotte 3,120000.0,,2023-08-21,,0,
Mecklenburg,Charlotte 3,120000.0,,2023-08-22,75122.49197144623,0,23064669.7769258
Mecklenburg,Charlotte 3,120000.0,,2023-08-23,,0,
Mecklenburg,Charlotte 3,120000.0,,2023-08-24,,0,
Mecklenburg,Charlotte 3,120000.0,,2023-08-25,,0,
Mecklenburg,Charlotte 3,120000.0,,2023-08-26,97542.08322565179,0,31311195.996234
Mecklenburg,Charlotte 3,120000.0,,2023-08-27,,0,
Mecklenburg,Charlotte 3,120000.0,,2023-08-28,,0,
Mecklenburg,Charlotte 3,120000.0,,2023-08-29,94647.32008884344,0,38932872.2471214
Mecklenburg,Charlotte 3,120000.0,,2023-08-30,,0,
Mecklenburg,Charlotte 3,120000.0,,2023-08-31,,0,
Mecklenburg,Charlotte 3,120000.0,,2023-09-01,,0,
Mecklenburg,Charlotte 3,120000.0,,2023-09-02,139085.5132643225,0,54492160.2477641
Mecklenburg,Charlotte 3,120000.0,,2023-09-03,,0,
Mecklenburg,Charlotte 3,120000.0,,2023-09-04,,0,
Mecklenburg,Charlotte 3,120000.0,,2023-09-05,,0,
Mecklenburg,Charlotte 3,120000.0,,2023-09-06,,0,
Mecklenburg,Charlotte 3,120000.0,,2023-09-07,,0,
Mecklenburg,Charlotte 3,120000.0,,2023-09-08,,0,
Mecklenburg,Charlotte 3,120000.0,,2023-09-09,276602.5307187189,0,94775586.2439917
Mecklenburg,Charlotte 3,120000.0,,2023-09-10,,0,
Mecklenburg,Charlotte 3,120000.0,,2023-09-11,,0,
Mecklenburg,Charlotte 3,120000.0,,2023-09-12,100524.37316392468,0,38464731.5931613
Mecklenburg,Charlotte 3,120000.0,,2023-09-13,,0,
Mecklenburg,Charlotte 3,120000.0,,2023-09-14,,0,
Mecklenburg,Charlotte 3,120000.0,,2023-09-15,,0,
Mecklenburg,Charlotte 3,120000.0,,2023-09-16,176973.32680378706,0,63809387.6797109
Mecklenburg,Charlotte 3,120000.0,,2023-09-17,,0,
Mecklenburg,Charlotte 3,120000.0,,2023-09-18,,0,
Mecklenburg,Charlotte 3,120000.0,,2023-09-19,63590.64082080011,0,22069646.3451429
Mecklenburg,Charlotte 3,120000.0,,2023-09-20,,0,
Mecklenburg,Charlotte 3,120000.0,,2023-09-21,,0,
Mecklenburg,Charlotte 3,120000.0,,2023-09-22,,0,
Mecklenburg,Charlotte 3,120000.0,,2023-09-23,126718.9330763166,0,39493805.5896569
Mecklenburg,Charlotte 3,120000.0,,2023-09-24,,0,
Mecklenburg,Charlotte 3,120000.0,,2023-09-25,,0,
Mecklenburg,Charlotte 3,120000.0,,2023-09-26,43826.781766404,0,16272211.3287656
Mecklenburg,Charlotte 3,120000.0,,2023-09-27,,0,
Mecklenburg,Charlotte 3,120000.0,,2023-09-28,,0,
Mecklenburg,Charlotte 3,120000.0,,2023-09-29,,0,
Mecklenburg,Charlotte 3,120000.0,,2023-09-30,97313.4481970503,0,33583094.7937328
Mecklenburg,Charlotte 3,120000.0,,2023-10-01,,0,
Mecklenburg,Charlotte 3,120000.0,,2023-10-02,,0,
Mecklenburg,Charlotte 3,120000.0,,2023-10-03,20787.323059980583,0,6973753.48653455
Mecklenburg,Charlotte 3,120000.0,,2023-10-04,,0,
Mecklenburg,Charlotte 3,120000.0,,2023-10-05,,0,
Mecklenburg,Charlotte 3,120000.0,,2023-10-06,,0,
Mecklenburg,Charlotte 3,120000.0,,2023-10-07,81076.52681263552,0,26222652.819736905
Mecklenburg,Charlotte 3,120000.0,,2023-10-08,,0,
Mecklenburg,Charlotte 3,120000.0,,2023-10-09,,0,
Mecklenburg,Charlotte 3,120000.0,,2023-10-10,34445.85316115716,0,12191589.5940088
Mecklenburg,Charlotte 3,120000.0,,2023-10-11,,0,
Mecklenburg,Charlotte 3,120000.0,,2023-10-12,,0,
Mecklenburg,Charlotte 3,120000.0,,2023-10-13,,0,
Mecklenburg,Charlotte 3,120000.0,,2023-10-14,,0,
Mecklenburg,Charlotte 3,120000.0,,2023-10-15,,0,
Mecklenburg,Charlotte 3,120000.0,,2023-10-16,,0,
Mecklenburg,Charlotte 3,120000.0,,2023-10-17,50106.95760071654,0,17028062.1097647
Mecklenburg,Charlotte 3,120000.0,,2023-10-18,,0,
Mecklenburg,Charlotte 3,120000.0,,2023-10-19,,0,
Mecklenburg,Charlotte 3,120000.0,,2023-10-20,,0,
Mecklenburg,Charlotte 3,120000.0,,2023-10-21,65377.93205661986,0,20800830.497799095
Mecklenburg,Charlotte 3,120000.0,,2023-10-22,,0,
Mecklenburg,Charlotte 3,120000.0,,2023-10-23,,0,
Mecklenburg,Charlotte 3,120000.0,,2023-10-24,34548.77711294573,0,11901065.6203843
Mecklenburg,Charlotte 3,120000.0,,2023-10-25,,0,
Mecklenburg,Charlotte 3,120000.0,,2023-10-26,,0,
Mecklenburg,Charlotte 3,120000.0,,2023-10-27,,0,
Mecklenburg,Charlotte 3,120000.0,,2023-10-28,85490.67083606267,0,28613082.0742653
Mecklenburg,Charlotte 3,120000.0,,2023-10-29,,0,
Mecklenburg,Charlotte 3,120000.0,,2023-10-30,,0,
Mecklenburg,Charlotte 3,120000.0,,2023-10-31,37898.13715738543,0,12312420.8905495
Mecklenburg,Charlotte 3,120000.0,,2023-11-01,,0,
Mecklenburg,Charlotte 3,120000.0,,2023-11-02,,0,
Mecklenburg,Charlotte 3,120000.0,,2023-11-03,,0,
Mecklenburg,Charlotte 3,120000.0,,2023-11-04,107121.96973543765,0,33403021.6614837
Mecklenburg,Charlotte 3,120000.0,,2023-11-05,,0,
Mecklenburg,Charlotte 3,120000.0,,2023-11-06,,0,
Mecklenburg,Charlotte 3,120000.0,,2023-11-07,38502.03630978497,0,13384305.0240216
Mecklenburg,Charlotte 3,120000.0,,2023-11-08,,0,
Mecklenburg,Charlotte 3,120000.0,,2023-11-09,,0,
Mecklenburg,Charlotte 3,120000.0,,2023-11-10,137296.71518284784,0,43747682.317354
Mecklenburg,Charlotte 3,120000.0,,2023-11-11,,0,
Mecklenburg,Charlotte 3,120000.0,,2023-11-12,,0,
Mecklenburg,Charlotte 3,120000.0,,2023-11-13,,0,
Mecklenburg,Charlotte 3,120000.0,,2023-11-14,,0,
Mecklenburg,Charlotte 3,120000.0,,2023-11-15,52144.79839830625,0,16958998.0310428
Mecklenburg,Charlotte 3,120000.0,,2023-11-16,,0,
Mecklenburg,Charlotte 3,120000.0,,2023-11-17,68336.2744082527,0,22462058.2280907
Mecklenburg,Charlotte 3,120000.0,,2023-11-18,,0,
Mecklenburg,Charlotte 3,120000.0,,2023-11-19,,0,
Mecklenburg,Charlotte 3,120000.0,,2023-11-20,,0,
Mecklenburg,Charlotte 3,120000.0,,2023-11-21,85908.62122045734,0,29782762.1458285
Mecklenburg,Charlotte 3,120000.0,,2023-11-22,,0,
Mecklenburg,Charlotte 3,120000.0,,2023-11-23,65925.97363710297,0,27492772.5634154
Mecklenburg,Charlotte 3,120000.0,,2023-11-24,,0,
Mecklenburg,Charlotte 3,120000.0,,2023-11-25,,0,
Mecklenburg,Charlotte 3,120000.0,,2023-11-26,,0,
Mecklenburg,Charlotte 3,120000.0,,2023-11-27,,0,
Mecklenburg,Charlotte 3,120000.0,,2023-11-28,184374.4971518568,0,61470292.3352539
Mecklenburg,Charlotte 3,120000.0,,2023-11-29,,0,
Mecklenburg,Charlotte 3,120000.0,,2023-11-30,,0,
Mecklenburg,Charlotte 3,120000.0,,2023-12-01,,0,
Mecklenburg,Charlotte 3,120000.0,,2023-12-02,215692.8371550617,0,70564600.8138931
Mecklenburg,Charlotte 3,120000.0,,2023-12-03,,0,
Mecklenburg,Charlotte 3,120000.0,,2023-12-04,,0,
Mecklenburg,Charlotte 3,120000.0,,2023-12-05,,0,
Mecklenburg,Charlotte 3,120000.0,,2023-12-06,,0,
Mecklenburg,Charlotte 3,120000.0,,2023-12-07,,0,
Mecklenburg,Charlotte 3,120000.0,,2023-12-08,,0,
Mecklenburg,Charlotte 3,120000.0,,2023-12-09,140720.21176789067,0,47408723.7767294
Mecklenburg,Charlotte 3,120000.0,,2023-12-10,,0,
Mecklenburg,Charlotte 3,120000.0,,2023-12-11,,0,
Mecklenburg,Charlotte 3,120000.0,,2023-12-12,95799.98329853715,0,42217486.3099382
Mecklenburg,Charlotte 3,120000.0,,2023-12-13,,0,
Mecklenburg,Charlotte 3,120000.0,,2023-12-14,,0,
Mecklenburg,Charlotte 3,120000.0,,2023-12-15,,0,
Mecklenburg,Charlotte 3,120000.0,,2023-12-16,279449.74503477383,0,92630565.1124373
Mecklenburg,Charlotte 3,120000.0,,2023-12-17,,0,
Mecklenburg,Charlotte 3,120000.0,,2023-12-18,,0,
Mecklenburg,Charlotte 3,120000.0,,2023-12-19,169184.36097937656,0,89233313.5538189
Mecklenburg,Charlotte 3,120000.0,,2023-12-20,,0,
Mecklenburg,Charlotte 3,120000.0,,2023-12-21,,0,
Mecklenburg,Charlotte 3,120000.0,,2023-12-22,,0,
Mecklenburg,Charlotte 3,120000.0,,2023-12-23,355949.434611154,0,122277547.322268
Mecklenburg,Charlotte 3,120000.0,,2023-12-24,,0,
Mecklenburg,Charlotte 3,120000.0,,2023-12-25,,0,
Mecklenburg,Charlotte 3,120000.0,,2023-12-26,,0,
Mecklenburg,Charlotte 3,120000.0,,2023-12-27,,0,
Mecklenburg,Charlotte 3,120000.0,,2023-12-28,,0,
Mecklenburg,Charlotte 3,120000.0,,2023-12-29,,0,
Mecklenburg,Charlotte 3,120000.0,,2023-12-30,376665.2625342562,0,145232533.452298
Mecklenburg,Charlotte 3,120000.0,,2023-12-31,,0,
Mecklenburg,Charlotte 3,120000.0,,2024-01-01,,0,
Mecklenburg,Charlotte 3,120000.0,,2024-01-02,,0,
Mecklenburg,Charlotte 3,120000.0,,2024-01-03,,0,
Mecklenburg,Charlotte 3,120000.0,,2024-01-04,,0,
Mecklenburg,Charlotte 3,120000.0,,2024-01-05,487439.1859504119,0,173628830.912138
Mecklenburg,Charlotte 3,120000.0,,2024-01-06,,0,
Mecklenburg,Charlotte 3,120000.0,,2024-01-07,,0,
Mecklenburg,Charlotte 3,120000.0,,2024-01-08,,0,
Mecklenburg,Charlotte 3,120000.0,,2024-01-09,,0,
Mecklenburg,Charlotte 3,120000.0,,2024-01-10,,0,
Mecklenburg,Charlotte 3,120000.0,,2024-01-11,,0,
Mecklenburg,Charlotte 3,120000.0,,2024-01-12,196895.86079956085,0,106395799.182436
Mecklenburg,Charlotte 3,120000.0,,2024-01-13,,0,
Mecklenburg,Charlotte 3,120000.0,,2024-01-14,,0,
Mecklenburg,Charlotte 3,120000.0,,2024-01-15,,0,
Mecklenburg,Charlotte 3,120000.0,,2024-01-16,,0,
Mecklenburg,Charlotte 3,120000.0,,2024-01-17,,0,
Mecklenburg,Charlotte 3,120000.0,,2024-01-18,,0,
Mecklenburg,Charlotte 3,120000.0,,2024-01-19,363462.46023489157,0,137768526.470245
Mecklenburg,Charlotte 3,120000.0,,2024-01-20,,0,
Mecklenburg,Charlotte 3,120000.0,,2024-01-21,,0,
Mecklenburg,Charlotte 3,120000.0,,2024-01-22,,0,
Mecklenburg,Charlotte 3,120000.0,,2024-01-23,203849.1991644805,0,76837124.2793524
Mecklenburg,Charlotte 3,120000.0,,2024-01-24,,0,
Mecklenburg,Charlotte 3,120000.0,,2024-01-25,,0,
Mecklenburg,Charlotte 3,120000.0,,2024-01-26,367939.12539984134,0,140324274.102821
Mecklenburg,Charlotte 3,120000.0,,2024-01-27,,0,
Mecklenburg,Charlotte 3,120000.0,,2024-01-28,,0,
Mecklenburg,Charlotte 3,120000.0,,2024-01-29,,0,
Mecklenburg,Charlotte 3,120000.0,,2024-01-30,173526.3991443377,0,94041434.6841196
Mecklenburg,Charlotte 3,120000.0,,2024-01-31,,0,
Mecklenburg,Charlotte 3,120000.0,,2024-02-01,,0,
Mecklenburg,Charlotte 3,120000.0,,2024-02-02,323999.012344174,0,128390534.583314
Mecklenburg,Charlotte 3,120000.0,,2024-02-03,,0,
Mecklenburg,Charlotte 3,120000.0,,2024-02-04,,0,
Mecklenburg,Charlotte 3,120000.0,,2024-02-05,,0,
Mecklenburg,Charlotte 3,120000.0,,2024-02-06,128038.25209678563,0,48447405.1154051
Mecklenburg,Charlotte 3,120000.0,,2024-02-07,,0,
Mecklenburg,Charlotte 3,120000.0,,2024-02-08,,0,
Mecklenburg,Charlotte 3,120000.0,,2024-02-09,,0,
Mecklenburg,Charlotte 3,120000.0,,2024-02-10,,0,
Mecklenburg,Charlotte 3,120000.0,,2024-02-11,,0,
Mecklenburg,Charlotte 3,120000.0,,2024-02-12,,0,
Mecklenburg,Charlotte 3,120000.0,,2024-02-13,,0,
Mecklenburg,Charlotte 3,120000.0,,2024-02-14,,0,
Mecklenburg,Charlotte 3,120000.0,,2024-02-15,,0,
Mecklenburg,Charlotte 3,120000.0,,2024-02-16,285298.7907440195,0,99708234.1721886
Mecklenburg,Charlotte 3,120000.0,,2024-02-17,,0,
Mecklenburg,Charlotte 3,120000.0,,2024-02-18,,0,
Mecklenburg,Charlotte 3,120000.0,,2024-02-19,,0,
Mecklenburg,Charlotte 3,120000.0,,2024-02-20,284293.72135170357,0,99778473.5658793
Mecklenburg,Charlotte 3,120000.0,,2024-02-21,,0,
Mecklenburg,Charlotte 3,120000.0,,2024-02-22,,0,
Mecklenburg,Charlotte 3,120000.0,,2024-02-23,330698.1705422633,0,114959249.163108
Mecklenburg,Charlotte 3,120000.0,,2024-02-24,,0,
Mecklenburg,Charlotte 3,120000.0,,2024-02-25,,0,
Mecklenburg,Charlotte 3,120000.0,,2024-02-26,,0,
Mecklenburg,Charlotte 3,120000.0,,2024-02-27,122195.60712235117,0,43943128.86409
Mecklenburg,Charlotte 3,120000.0,,2024-02-28,,0,
Mecklenburg,Charlotte 3,120000.0,,2024-02-29,,0,
Mecklenburg,Charlotte 3,120000.0,,2024-03-01,182620.0,0,62342813.7738001
Mecklenburg,Charlotte 3,120000.0,,2024-03-02,,0,
Mecklenburg,Charlotte 3,120000.0,,2024-03-03,,0,
Mecklenburg,Charlotte 3,120000.0,,2024-03-04,,0,
Mecklenburg,Charlotte 3,120000.0,,2024-03-05,154726.99829053757,0,61201143.1767195
Mecklenburg,Charlotte 3,120000.0,,2024-03-06,,0,
Mecklenburg,Charlotte 3,120000.0,,2024-03-07,,0,
Mecklenburg,Charlotte 3,120000.0,,2024-03-08,146627.07799039053,0,59528269.6249123
Mecklenburg,Charlotte 3,120000.0,,2024-03-09,,0,
Mecklenburg,Charlotte 3,120000.0,,2024-03-10,,0,
Mecklenburg,Charlotte 3,120000.0,,2024-03-11,,0,
Mecklenburg,Charlotte 3,120000.0,,2024-03-12,57121.680647543966,0,26379866.0106319
Mecklenburg,Charlotte 3,120000.0,,2024-03-13,,0,
Mecklenburg,Charlotte 3,120000.0,,2024-03-14,,0,
Mecklenburg,Charlotte 3,120000.0,,2024-03-15,45599.77192925423,0,17392236.1434011
Mecklenburg,Charlotte 3,120000.0,,2024-03-16,,0,
Mecklenburg,Charlotte 3,120000.0,,2024-03-17,,0,
Mecklenburg,Charlotte 3,120000.0,,2024-03-18,,0,
Mecklenburg,Charlotte 3,120000.0,,2024-03-19,33324.52550299856,0,13108740.2976913
Mecklenburg,Charlotte 3,120000.0,,2024-03-20,,0,
Mecklenburg,Charlotte 3,120000.0,,2024-03-21,,0,
Mecklenburg,Charlotte 3,120000.0,,2024-03-22,,0,
Mecklenburg,Charlotte 3,120000.0,,2024-03-23,,0,
Mecklenburg,Charlotte 3,120000.0,,2024-03-24,,0,
Mecklenburg,Charlotte 3,120000.0,,2024-03-25,,0,
Mecklenburg,Charlotte 3,120000.0,,2024-03-26,43545.46589485532,0,17500195.5338618
Mecklenburg,Charlotte 3,120000.0,,2024-03-27,,0,
Mecklenburg,Charlotte 3,120000.0,,2024-03-28,,0,
Mecklenburg,Charlotte 3,120000.0,,2024-03-29,20760.000000000015,0,9168238.79999997
Mecklenburg,Charlotte 3,120000.0,,2024-03-30,,0,
Mecklenburg,Charlotte 3,120000.0,,2024-03-31,,0,
Mecklenburg,Charlotte 3,120000.0,,2024-04-01,,0,
Mecklenburg,Charlotte 3,120000.0,,2024-04-02,81959.87310873537,0,30068483.4136111
Mecklenburg,Charlotte 3,120000.0,,2024-04-03,,0,
Mecklenburg,Charlotte 3,120000.0,,2024-04-04,,0,
Mecklenburg,Charlotte 3,120000.0,,2024-04-05,49716.18649896637,0,15745702.9152233
Mecklenburg,Charlotte 3,120000.0,,2024-04-06,,0,
Mecklenburg,Charlotte 3,120000.0,,2024-04-07,,0,
Mecklenburg,Charlotte 3,120000.0,,2024-04-08,,0,
Mecklenburg,Charlotte 3,120000.0,,2024-04-09,21753.988140108955,0,8042610.394910489
Mecklenburg,Charlotte 3,120000.0,,2024-04-10,,0,
Mecklenburg,Charlotte 3,120000.0,,2024-04-11,,0,
Mecklenburg,Charlotte 3,120000.0,,2024-04-12,43040.37174560653,0,17514439.9946254
Mecklenburg,Charlotte 3,120000.0,,2024-04-13,,0,
Mecklenburg,Charlotte 3,120000.0,,2024-04-14,,0,
Mecklenburg,Charlotte 3,120000.0,,2024-04-15,,0,
Mecklenburg,Charlotte 3,120000.0,,2024-04-16,9331.109258818056,0,3074189.74535097
Mecklenburg,Charlotte 3,120000.0,,2024-04-17,,0,
Mecklenburg,Charlotte 3,120000.0,,2024-04-18,,0,
Mecklenburg,Charlotte 3,120000.0,,2024-04-19,74439.5459416565,0,26558090.8418112
Mecklenburg,Charlotte 3,120000.0,,2024-04-20,,0,
Mecklenburg,Charlotte 3,120000.0,,2024-04-21,,0,
Mecklenburg,Charlotte 3,120000.0,,2024-04-22,,0,
Mecklenburg,Charlotte 3,120000.0,,2024-04-23,,0,10927702.552555
Mecklenburg,Charlotte 3,120000.0,,2024-04-24,,0,
Mecklenburg,Charlotte 3,120000.0,,2024-04-25,,0,
Mecklenburg,Charlotte 3,120000.0,,2024-04-26,19554.048174227264,0,6815998.56869878
Mecklenburg,Charlotte 3,120000.0,,2024-04-27,,0,
Mecklenburg,Charlotte 3,120000.0,,2024-04-28,,0,
Mecklenburg,Charlotte 3,120000.0,,2024-04-29,,0,
Mecklenburg,Charlotte 3,120000.0,,2024-04-30,13277.108118863845,0,4746559.31478313
Mecklenburg,Charlotte 3,120000.0,,2024-05-01,,0,
Mecklenburg,Charlotte 3,120000.0,,2024-05-02,,0,
Mecklenburg,Charlotte 3,120000.0,,2024-05-03,17235.12692149379,0,5937008.29982465
Mecklenburg,Charlotte 3,120000.0,,2024-05-04,,0,
Mecklenburg,Charlotte 3,120000.0,,2024-05-05,,0,
Mecklenburg,Charlotte 3,120000.0,,2024-05-06,,0,
Mecklenburg,Charlotte 3,120000.0,,2024-05-07,,0,
Mecklenburg,Charlotte 3,120000.0,,2024-05-08,,0,
Mecklenburg,Charlotte 3,120000.0,,2024-05-09,,0,
Mecklenburg,Charlotte 3,120000.0,,2024-05-10,12374.7484822925,0,4871710.78210647
Mecklenburg,Charlotte 3,120000.0,,2024-05-11,,0,
Mecklenburg,Charlotte 3,120000.0,,2024-05-12,,0,
Mecklenburg,Charlotte 3,120000.0,,2024-05-13,20608.231365160886,0,7449993.10542443
Mecklenburg,Charlotte 3,120000.0,,2024-05-14,,0,
Mecklenburg,Charlotte 3,120000.0,,2024-05-15,,0,
Mecklenburg,Charlotte 4,82158.0,1.9500000000000002,2022-09-03,39287.40256112638,0,23731103.1940356
Mecklenburg,Charlotte 4,82158.0,2.43,2022-09-04,,0,
Mecklenburg,Charlotte 4,82158.0,1.34,2022-09-05,,0,
Mecklenburg,Charlotte 4,82158.0,0.97,2022-09-06,,0,
Mecklenburg,Charlotte 4,82158.0,4.870000000000001,2022-09-07,,0,
Mecklenburg,Charlotte 4,82158.0,3.89,2022-09-08,,0,
Mecklenburg,Charlotte 4,82158.0,3.29,2022-09-09,,0,
Mecklenburg,Charlotte 4,82158.0,3.53,2022-09-10,67416.61516273273,0,40784354.1302846
Mecklenburg,Charlotte 4,82158.0,1.58,2022-09-11,,0,
Mecklenburg,Charlotte 4,82158.0,1.83,2022-09-12,,0,
Mecklenburg,Charlotte 4,82158.0,3.04,2022-09-13,45716.517802649876,0,31153241.1084656
Mecklenburg,Charlotte 4,82158.0,4.0200000000000005,2022-09-14,,0,
Mecklenburg,Charlotte 4,82158.0,2.5600000000000005,2022-09-15,,0,
Mecklenburg,Charlotte 4,82158.0,2.92,2022-09-16,,0,
Mecklenburg,Charlotte 4,82158.0,3.04,2022-09-17,45394.10754712555,0,26813248.0996124
Mecklenburg,Charlotte 4,82158.0,1.22,2022-09-18,,0,
Mecklenburg,Charlotte 4,82158.0,0.8500000000000001,2022-09-19,,0,
Mecklenburg,Charlotte 4,82158.0,2.92,2022-09-20,20208.29037796121,0,12141408.866494
Mecklenburg,Charlotte 4,82158.0,2.31,2022-09-21,,0,
Mecklenburg,Charlotte 4,82158.0,1.7000000000000002,2022-09-22,,0,
Mecklenburg,Charlotte 4,82158.0,2.68,2022-09-23,,0,
Mecklenburg,Charlotte 4,82158.0,2.43,2022-09-24,42235.944407577794,0,29131706.7246995
Mecklenburg,Charlotte 4,82158.0,0.97,2022-09-25,,0,
Mecklenburg,Charlotte 4,82158.0,0.97,2022-09-26,,0,
Mecklenburg,Charlotte 4,82158.0,0.97,2022-09-27,25690.46515733025,0,15162926.0448405
Mecklenburg,Charlotte 4,82158.0,1.46,2022-09-28,,0,
Mecklenburg,Charlotte 4,82158.0,2.31,2022-09-29,,0,
Mecklenburg,Charlotte 4,82158.0,1.58,2022-09-30,,0,
Mecklenburg,Charlotte 4,82158.0,0.97,2022-10-01,28361.505601783574,0,15929234.5467008
Mecklenburg,Charlotte 4,82158.0,0.8500000000000001,2022-10-02,,0,
Mecklenburg,Charlotte 4,82158.0,1.1,2022-10-03,,0,
Mecklenburg,Charlotte 4,82158.0,1.34,2022-10-04,19830.532015051944,0,14107289.5705612
Mecklenburg,Charlotte 4,82158.0,1.1,2022-10-05,,0,
Mecklenburg,Charlotte 4,82158.0,1.22,2022-10-06,,0,
Mecklenburg,Charlotte 4,82158.0,0.97,2022-10-07,,0,
Mecklenburg,Charlotte 4,82158.0,0.61,2022-10-08,47328.56154723956,0,32120919.6700986
Mecklenburg,Charlotte 4,82158.0,0.61,2022-10-09,,0,
Mecklenburg,Charlotte 4,82158.0,1.22,2022-10-10,,0,
Mecklenburg,Charlotte 4,82158.0,0.8500000000000001,2022-10-11,12719.494768286004,0,7829575.8979627
Mecklenburg,Charlotte 4,82158.0,0.8500000000000001,2022-10-12,,0,
Mecklenburg,Charlotte 4,82158.0,0.97,2022-10-13,,0,
Mecklenburg,Charlotte 4,82158.0,1.22,2022-10-14,,0,
Mecklenburg,Charlotte 4,82158.0,0.73,2022-10-15,16865.274975522934,0,10070715.9634458
Mecklenburg,Charlotte 4,82158.0,0.73,2022-10-16,,0,
Mecklenburg,Charlotte 4,82158.0,0.24,2022-10-17,,0,
Mecklenburg,Charlotte 4,82158.0,0.73,2022-10-18,14684.175155588426,0,8538288.60391721
Mecklenburg,Charlotte 4,82158.0,0.61,2022-10-19,,0,
Mecklenburg,Charlotte 4,82158.0,0.97,2022-10-20,,0,
Mecklenburg,Charlotte 4,82158.0,0.61,2022-10-21,,0,
Mecklenburg,Charlotte 4,82158.0,1.1,2022-10-22,16748.134224444235,0,9800135.33221088
Mecklenburg,Charlotte 4,82158.0,0.73,2022-10-23,,0,
Mecklenburg,Charlotte 4,82158.0,1.1,2022-10-24,,0,
Mecklenburg,Charlotte 4,82158.0,1.83,2022-10-25,26245.237663240936,0,15841041.246387
Mecklenburg,Charlotte 4,82158.0,1.1,2022-10-26,,0,
Mecklenburg,Charlotte 4,82158.0,1.83,2022-10-27,,0,
Mecklenburg,Charlotte 4,82158.0,0.24,2022-10-28,,0,
Mecklenburg,Charlotte 4,82158.0,0.8500000000000001,2022-10-29,20624.621208642857,0,12020939.8988344
Mecklenburg,Charlotte 4,82158.0,0.73,2022-10-30,,0,
Mecklenburg,Charlotte 4,82158.0,0.8500000000000001,2022-10-31,,0,
Mecklenburg,Charlotte 4,82158.0,1.22,2022-11-01,7685.213074469705,0,4436790.30427205
Mecklenburg,Charlotte 4,82158.0,0.24,2022-11-02,,0,
Mecklenburg,Charlotte 4,82158.0,1.22,2022-11-03,,0,
Mecklenburg,Charlotte 4,82158.0,1.1,2022-11-04,,0,
Mecklenburg,Charlotte 4,82158.0,1.46,2022-11-05,20429.75770781437,0,13178111.2926342
Mecklenburg,Charlotte 4,82158.0,0.73,2022-11-06,,0,
Mecklenburg,Charlotte 4,82158.0,0.24,2022-11-07,,0,
Mecklenburg,Charlotte 4,82158.0,1.46,2022-11-08,11489.12529307606,0,7564515.43974077
Mecklenburg,Charlotte 4,82158.0,0.61,2022-11-09,,0,
Mecklenburg,Charlotte 4,82158.0,0.24,2022-11-10,,0,
Mecklenburg,Charlotte 4,82158.0,0.61,2022-11-11,,0,
Mecklenburg,Charlotte 4,82158.0,0.8500000000000001,2022-11-12,,0,
Mecklenburg,Charlotte 4,82158.0,1.1,2022-11-13,,0,
Mecklenburg,Charlotte 4,82158.0,0.24,2022-11-14,,0,
Mecklenburg,Charlotte 4,82158.0,0.8500000000000001,2022-11-15,24784.06746278748,0,14730728.0576438
Mecklenburg,Charlotte 4,82158.0,0.24,2022-11-16,,0,
Mecklenburg,Charlotte 4,82158.0,0.97,2022-11-17,,0,
Mecklenburg,Charlotte 4,82158.0,0.8500000000000001,2022-11-18,,0,
Mecklenburg,Charlotte 4,82158.0,0.24,2022-11-19,36415.999231107235,0,19983240.3510206
Mecklenburg,Charlotte 4,82158.0,0.24,2022-11-20,,0,
Mecklenburg,Charlotte 4,82158.0,0.24,2022-11-21,,0,
Mecklenburg,Charlotte 4,82158.0,0.8500000000000001,2022-11-22,26976.841920432475,0,15847589.4242978
Mecklenburg,Charlotte 4,82158.0,1.1,2022-11-23,,0,
Mecklenburg,Charlotte 4,82158.0,1.1,2022-11-24,,0,
Mecklenburg,Charlotte 4,82158.0,0.61,2022-11-25,,0,
Mecklenburg,Charlotte 4,82158.0,0.97,2022-11-26,,0,
Mecklenburg,Charlotte 4,82158.0,1.1,2022-11-27,,0,
Mecklenburg,Charlotte 4,82158.0,1.1,2022-11-28,,0,
Mecklenburg,Charlotte 4,82158.0,2.43,2022-11-29,19943.670675179106,0,15143428.8279729
Mecklenburg,Charlotte 4,82158.0,2.43,2022-11-30,,0,
Mecklenburg,Charlotte 4,82158.0,2.07,2022-12-01,,0,
Mecklenburg,Charlotte 4,82158.0,2.19,2022-12-02,,0,
Mecklenburg,Charlotte 4,82158.0,1.9500000000000002,2022-12-03,100529.84631441541,0,82169482.7945244
Mecklenburg,Charlotte 4,82158.0,0.61,2022-12-04,,0,
Mecklenburg,Charlotte 4,82158.0,1.83,2022-12-05,,0,
Mecklenburg,Charlotte 4,82158.0,2.8000000000000003,2022-12-06,89057.56565278435,0,62657314.3548615
Mecklenburg,Charlotte 4,82158.0,3.16,2022-12-07,,0,
Mecklenburg,Charlotte 4,82158.0,2.68,2022-12-08,,0,
Mecklenburg,Charlotte 4,82158.0,3.41,2022-12-09,,0,
Mecklenburg,Charlotte 4,82158.0,2.92,2022-12-10,70356.23639735149,0,42595123.7125678
Mecklenburg,Charlotte 4,82158.0,2.07,2022-12-11,,0,
Mecklenburg,Charlotte 4,82158.0,1.9500000000000002,2022-12-12,,0,
Mecklenburg,Charlotte 4,82158.0,4.14,2022-12-13,121937.4839825721,0,68092890.2923106
Mecklenburg,Charlotte 4,82158.0,3.6500000000000004,2022-12-14,,0,
Mecklenburg,Charlotte 4,82158.0,3.29,2022-12-15,,0,
Mecklenburg,Charlotte 4,82158.0,2.68,2022-12-16,,0,
Mecklenburg,Charlotte 4,82158.0,2.31,2022-12-17,20750.00000000001,0,17036788.0303804
Mecklenburg,Charlotte 4,82158.0,1.9500000000000002,2022-12-18,,0,
Mecklenburg,Charlotte 4,82158.0,1.83,2022-12-19,,0,
Mecklenburg,Charlotte 4,82158.0,4.63,2022-12-20,82348.34546000313,0,57443735.2823953
Mecklenburg,Charlotte 4,82158.0,2.92,2022-12-21,,0,
Mecklenburg,Charlotte 4,82158.0,4.14,2022-12-22,,0,
Mecklenburg,Charlotte 4,82158.0,4.260000000000001,2022-12-23,,0,
Mecklenburg,Charlotte 4,82158.0,2.19,2022-12-24,134582.6883369478,0,100825796.089034
Mecklenburg,Charlotte 4,82158.0,1.83,2022-12-25,,0,
Mecklenburg,Charlotte 4,82158.0,1.46,2022-12-26,,0,
Mecklenburg,Charlotte 4,82158.0,2.68,2022-12-27,,0,
Mecklenburg,Charlotte 4,82158.0,3.6500000000000004,2022-12-28,,0,
Mecklenburg,Charlotte 4,82158.0,3.6500000000000004,2022-12-29,,0,
Mecklenburg,Charlotte 4,82158.0,4.870000000000001,2022-12-30,,0,
Mecklenburg,Charlotte 4,82158.0,1.83,2022-12-31,307632.0854527367,0,176466755.259332
Mecklenburg,Charlotte 4,82158.0,1.34,2023-01-01,,0,
Mecklenburg,Charlotte 4,82158.0,2.07,2023-01-02,,0,
Mecklenburg,Charlotte 4,82158.0,3.29,2023-01-03,,0,
Mecklenburg,Charlotte 4,82158.0,1.9500000000000002,2023-01-04,,0,
Mecklenburg,Charlotte 4,82158.0,3.7700000000000005,2023-01-05,,0,
Mecklenburg,Charlotte 4,82158.0,2.31,2023-01-06,,0,
Mecklenburg,Charlotte 4,82158.0,2.5600000000000005,2023-01-07,54985.79361980701,0,46260805.4608839
Mecklenburg,Charlotte 4,82158.0,0.97,2023-01-08,,0,
Mecklenburg,Charlotte 4,82158.0,1.58,2023-01-09,,0,
Mecklenburg,Charlotte 4,82158.0,2.31,2023-01-10,39785.361629624516,0,31382604.9254705
Mecklenburg,Charlotte 4,82158.0,2.19,2023-01-11,,0,
Mecklenburg,Charlotte 4,82158.0,2.92,2023-01-12,,0,
Mecklenburg,Charlotte 4,82158.0,1.58,2023-01-13,,0,
Mecklenburg,Charlotte 4,82158.0,2.8000000000000003,2023-01-14,50719.81861166297,0,35871372.2470026
Mecklenburg,Charlotte 4,82158.0,1.34,2023-01-15,,0,
Mecklenburg,Charlotte 4,82158.0,1.46,2023-01-16,,0,
Mecklenburg,Charlotte 4,82158.0,2.8000000000000003,2023-01-17,,0,
Mecklenburg,Charlotte 4,82158.0,2.68,2023-01-18,,0,
Mecklenburg,Charlotte 4,82158.0,2.43,2023-01-19,,0,
Mecklenburg,Charlotte 4,82158.0,1.34,2023-01-20,,0,
Mecklenburg,Charlotte 4,82158.0,2.19,2023-01-21,71414.2842854286,0,43531822.6811951
Mecklenburg,Charlotte 4,82158.0,0.61,2023-01-22,,0,
Mecklenburg,Charlotte 4,82158.0,1.34,2023-01-23,,0,
Mecklenburg,Charlotte 4,82158.0,2.07,2023-01-24,,0,
Mecklenburg,Charlotte 4,82158.0,1.9500000000000002,2023-01-25,,0,
Mecklenburg,Charlotte 4,82158.0,2.07,2023-01-26,,0,
Mecklenburg,Charlotte 4,82158.0,1.7000000000000002,2023-01-27,,0,
Mecklenburg,Charlotte 4,82158.0,1.22,2023-01-28,90553.85138137409,0,58411301.2277167
Mecklenburg,Charlotte 4,82158.0,1.46,2023-01-29,,0,
Mecklenburg,Charlotte 4,82158.0,1.58,2023-01-30,,0,
Mecklenburg,Charlotte 4,82158.0,1.9500000000000002,2023-01-31,199530.69939234905,0,132659383.648499
Mecklenburg,Charlotte 4,82158.0,2.5600000000000005,2023-02-01,,0,
Mecklenburg,Charlotte 4,82158.0,1.83,2023-02-02,,0,
Mecklenburg,Charlotte 4,82158.0,1.58,2023-02-03,,0,
Mecklenburg,Charlotte 4,82158.0,0.8500000000000001,2023-02-04,20263.88412915946,0,17039132.5547237
Mecklenburg,Charlotte 4,82158.0,0.97,2023-02-05,,0,
Mecklenburg,Charlotte 4,82158.0,0.73,2023-02-06,,0,
Mecklenburg,Charlotte 4,82158.0,2.07,2023-02-07,38739.514710434865,0,30682586.8320807
Mecklenburg,Charlotte 4,82158.0,1.83,2023-02-08,,0,
Mecklenburg,Charlotte 4,82158.0,1.9500000000000002,2023-02-09,,0,
Mecklenburg,Charlotte 4,82158.0,1.34,2023-02-10,,0,
Mecklenburg,Charlotte 4,82158.0,1.34,2023-02-11,57664.23519132115,0,41101603.8665525
Mecklenburg,Charlotte 4,82158.0,0.8500000000000001,2023-02-12,,0,
Mecklenburg,Charlotte 4,82158.0,1.22,2023-02-13,,0,
Mecklenburg,Charlotte 4,82158.0,1.1,2023-02-14,57005.592741853034,0,48301555.2030057
Mecklenburg,Charlotte 4,82158.0,0.8500000000000001,2023-02-15,,0,
Mecklenburg,Charlotte 4,82158.0,1.1,2023-02-16,,0,
Mecklenburg,Charlotte 4,82158.0,2.19,2023-02-17,,0,
Mecklenburg,Charlotte 4,82158.0,1.22,2023-02-18,,0,
Mecklenburg,Charlotte 4,82158.0,0.73,2023-02-19,66238.20649745886,0,40590287.2689682
Mecklenburg,Charlotte 4,82158.0,0.24,2023-02-20,,0,
Mecklenburg,Charlotte 4,82158.0,1.83,2023-02-21,,0,
Mecklenburg,Charlotte 4,82158.0,0.97,2023-02-22,37201.310460788896,0,21168355.2622463
Mecklenburg,Charlotte 4,82158.0,0.61,2023-02-23,,0,
Mecklenburg,Charlotte 4,82158.0,1.1,2023-02-24,,0,
Mecklenburg,Charlotte 4,82158.0,0.97,2023-02-25,46837.48498798803,0,27881619.7388204
Mecklenburg,Charlotte 4,82158.0,0.24,2023-02-26,,0,
Mecklenburg,Charlotte 4,82158.0,0.24,2023-02-27,,0,
Mecklenburg,Charlotte 4,82158.0,0.97,2023-02-28,18986.837546047533,0,10882656.820934
Mecklenburg,Charlotte 4,82158.0,0.24,2023-03-01,,0,
Mecklenburg,Charlotte 4,82158.0,1.22,2023-03-02,,0,
Mecklenburg,Charlotte 4,82158.0,0.61,2023-03-03,,0,
Mecklenburg,Charlotte 4,82158.0,0.73,2023-03-04,16852.299546352748,0,11549119.270295
Mecklenburg,Charlotte 4,82158.0,0.61,2023-03-05,,0,
Mecklenburg,Charlotte 4,82158.0,0.8500000000000001,2023-03-06,,0,
Mecklenburg,Charlotte 4,82158.0,0.24,2023-03-07,10750.000000000016,0,7367127.06857519
Mecklenburg,Charlotte 4,82158.0,0.24,2023-03-08,,0,
Mecklenburg,Charlotte 4,82158.0,0.24,2023-03-09,,0,
Mecklenburg,Charlotte 4,82158.0,0.24,2023-03-10,,0,
Mecklenburg,Charlotte 4,82158.0,0.61,2023-03-11,4257.346591481605,0,2822680.48565697
Mecklenburg,Charlotte 4,82158.0,0.24,2023-03-12,,0,
Mecklenburg,Charlotte 4,82158.0,0.24,2023-03-13,,0,
Mecklenburg,Charlotte 4,82158.0,0.24,2023-03-14,10455.261833163255,0,7741278.81231439
Mecklenburg,Charlotte 4,82158.0,0.73,2023-03-15,,0,
Mecklenburg,Charlotte 4,82158.0,0.24,2023-03-16,,0,
Mecklenburg,Charlotte 4,82158.0,0.24,2023-03-17,,0,
Mecklenburg,Charlotte 4,82158.0,0.24,2023-03-18,37565.75035853805,0,25408559.4325305
Mecklenburg,Charlotte 4,82158.0,0.24,2023-03-19,,0,
Mecklenburg,Charlotte 4,82158.0,0.24,2023-03-20,,0,
Mecklenburg,Charlotte 4,82158.0,0.24,2023-03-21,13068.848457304897,0,8815365.38659811
Mecklenburg,Charlotte 4,82158.0,0.24,2023-03-22,,0,
Mecklenburg,Charlotte 4,82158.0,0.24,2023-03-23,,0,
Mecklenburg,Charlotte 4,82158.0,0.8500000000000001,2023-03-24,,0,
Mecklenburg,Charlotte 4,82158.0,0.61,2023-03-25,84326.21182052465,0,56958491.7235641
Mecklenburg,Charlotte 4,82158.0,0.24,2023-03-26,,0,
Mecklenburg,Charlotte 4,82158.0,0.24,2023-03-27,,0,
Mecklenburg,Charlotte 4,82158.0,0.24,2023-03-28,46300.000000000044,0,33556111.8162565
Mecklenburg,Charlotte 4,82158.0,0.24,2023-03-29,,0,
Mecklenburg,Charlotte 4,82158.0,0.73,2023-03-30,,0,
Mecklenburg,Charlotte 4,82158.0,0.61,2023-03-31,,0,
Mecklenburg,Charlotte 4,82158.0,0.24,2023-04-01,57238.8679133331,0,37580955.6103802
Mecklenburg,Charlotte 4,82158.0,0.8500000000000001,2023-04-02,,0,
Mecklenburg,Charlotte 4,82158.0,0.24,2023-04-03,,0,
Mecklenburg,Charlotte 4,82158.0,0.61,2023-04-04,40569.10154292298,0,26935267.3055596
Mecklenburg,Charlotte 4,82158.0,0.24,2023-04-05,,0,
Mecklenburg,Charlotte 4,82158.0,0.73,2023-04-06,,0,
Mecklenburg,Charlotte 4,82158.0,0.8500000000000001,2023-04-07,,0,
Mecklenburg,Charlotte 4,82158.0,0.24,2023-04-08,,0,
Mecklenburg,Charlotte 4,82158.0,0.24,2023-04-09,,0,
Mecklenburg,Charlotte 4,82158.0,0.24,2023-04-10,,0,
Mecklenburg,Charlotte 4,82158.0,0.24,2023-04-11,28174.825642761345,0,25080158.596487895
Mecklenburg,Charlotte 4,82158.0,0.24,2023-04-12,,0,
Mecklenburg,Charlotte 4,82158.0,0.24,2023-04-13,,0,
Mecklenburg,Charlotte 4,82158.0,0.24,2023-04-14,,0,
Mecklenburg,Charlotte 4,82158.0,0.24,2023-04-15,49669.61244060605,0,43138401.191373
Mecklenburg,Charlotte 4,82158.0,0.24,2023-04-16,,0,
Mecklenburg,Charlotte 4,82158.0,0.24,2023-04-17,,0,
Mecklenburg,Charlotte 4,82158.0,0.24,2023-04-18,,0,
Mecklenburg,Charlotte 4,82158.0,0.61,2023-04-19,,0,
Mecklenburg,Charlotte 4,82158.0,0.24,2023-04-20,,0,
Mecklenburg,Charlotte 4,82158.0,0.24,2023-04-21,,0,
Mecklenburg,Charlotte 4,82158.0,0.24,2023-04-22,52689.0880543591,0,29325777.5136361
Mecklenburg,Charlotte 4,82158.0,,2023-04-23,,0,
Mecklenburg,Charlotte 4,82158.0,0.24,2023-04-24,,0,
Mecklenburg,Charlotte 4,82158.0,0.24,2023-04-25,30268.894925318957,0,16470560.6512095
Mecklenburg,Charlotte 4,82158.0,0.24,2023-04-26,,0,
Mecklenburg,Charlotte 4,82158.0,0.24,2023-04-27,,0,
Mecklenburg,Charlotte 4,82158.0,0.24,2023-04-28,,0,
Mecklenburg,Charlotte 4,82158.0,0.24,2023-04-29,25337.055866852428,0,19623920.7671756
Mecklenburg,Charlotte 4,82158.0,0.24,2023-04-30,,0,
Mecklenburg,Charlotte 4,82158.0,,2023-05-01,,0,
Mecklenburg,Charlotte 4,82158.0,0.24,2023-05-02,26888.808080686656,0,21457610.5304595
Mecklenburg,Charlotte 4,82158.0,0.24,2023-05-03,,0,
Mecklenburg,Charlotte 4,82158.0,0.24,2023-05-04,,0,
Mecklenburg,Charlotte 4,82158.0,0.24,2023-05-05,,0,
Mecklenburg,Charlotte 4,82158.0,,2023-05-06,30654.69621444648,0,18431872.0758132
Mecklenburg,Charlotte 4,82158.0,0.24,2023-05-07,,0,
Mecklenburg,Charlotte 4,82158.0,0.24,2023-05-08,,0,
Mecklenburg,Charlotte 4,82158.0,0.24,2023-05-09,39186.416013715796,0,28021358.1446423
Mecklenburg,Charlotte 4,82158.0,0.24,2023-05-10,,0,
Mecklenburg,Charlotte 4,82158.0,0.24,2023-05-11,,0,
Mecklenburg,Charlotte 4,82158.0,0.24,2023-05-12,,0,
Mecklenburg,Charlotte 4,82158.0,0.24,2023-05-13,24008.031989315605,0,13815955.2765588
Mecklenburg,Charlotte 4,82158.0,0.24,2023-05-14,,0,
Mecklenburg,Charlotte 4,82158.0,0.24,2023-05-15,,0,
Mecklenburg,Charlotte 4,82158.0,0.24,2023-05-16,0.0,0,2865172.36746012
Mecklenburg,Charlotte 4,82158.0,0.8500000000000001,2023-05-17,,0,
Mecklenburg,Charlotte 4,82158.0,0.24,2023-05-18,,0,
Mecklenburg,Charlotte 4,82158.0,0.24,2023-05-19,,0,
Mecklenburg,Charlotte 4,82158.0,0.24,2023-05-20,22397.99991070632,0,16707751.474909
Mecklenburg,Charlotte 4,82158.0,,2023-05-21,,0,
Mecklenburg,Charlotte 4,82158.0,,2023-05-22,,0,
Mecklenburg,Charlotte 4,82158.0,0.24,2023-05-23,15888.675212238422,0,10739392.6354966
Mecklenburg,Charlotte 4,82158.0,0.24,2023-05-24,,0,
Mecklenburg,Charlotte 4,82158.0,,2023-05-25,,0,
Mecklenburg,Charlotte 4,82158.0,,2023-05-26,,0,
Mecklenburg,Charlotte 4,82158.0,,2023-05-27,5102.861942087008,0,3437344.8960213694
Mecklenburg,Charlotte 4,82158.0,,2023-05-28,,0,
Mecklenburg,Charlotte 4,82158.0,,2023-05-29,,0,
Mecklenburg,Charlotte 4,82158.0,,2023-05-30,,0,
Mecklenburg,Charlotte 4,82158.0,,2023-05-31,,0,
Mecklenburg,Charlotte 4,82158.0,,2023-06-01,,0,
Mecklenburg,Charlotte 4,82158.0,,2023-06-02,,0,
Mecklenburg,Charlotte 4,82158.0,,2023-06-03,31596.936560369315,0,22768983.6993832
Mecklenburg,Charlotte 4,82158.0,,2023-06-04,,0,
Mecklenburg,Charlotte 4,82158.0,,2023-06-05,,0,
Mecklenburg,Charlotte 4,82158.0,,2023-06-06,16308.267841803436,0,12548338.5108651
Mecklenburg,Charlotte 4,82158.0,,2023-06-07,,0,
Mecklenburg,Charlotte 4,82158.0,,2023-06-08,,0,
Mecklenburg,Charlotte 4,82158.0,,2023-06-09,,0,
Mecklenburg,Charlotte 4,82158.0,,2023-06-10,28117.61014026618,0,19367854.637445
Mecklenburg,Charlotte 4,82158.0,,2023-06-11,,0,
Mecklenburg,Charlotte 4,82158.0,,2023-06-12,,0,
Mecklenburg,Charlotte 4,82158.0,,2023-06-13,19974.383594994884,0,13639030.7603461
Mecklenburg,Charlotte 4,82158.0,,2023-06-14,,0,
Mecklenburg,Charlotte 4,82158.0,,2023-06-15,,0,
Mecklenburg,Charlotte 4,82158.0,,2023-06-16,,0,
Mecklenburg,Charlotte 4,82158.0,,2023-06-17,34499.35651573811,0,23429897.9726856
Mecklenburg,Charlotte 4,82158.0,,2023-06-18,,0,
Mecklenburg,Charlotte 4,82158.0,,2023-06-19,,0,
Mecklenburg,Charlotte 4,82158.0,,2023-06-20,,0,
Mecklenburg,Charlotte 4,82158.0,,2023-06-21,,0,
Mecklenburg,Charlotte 4,82158.0,,2023-06-22,,0,
Mecklenburg,Charlotte 4,82158.0,,2023-06-23,,0,
Mecklenburg,Charlotte 4,82158.0,,2023-06-24,20598.3591579524,0,11901236.4055438
Mecklenburg,Charlotte 4,82158.0,,2023-06-25,,0,
Mecklenburg,Charlotte 4,82158.0,,2023-06-26,,0,
Mecklenburg,Charlotte 4,82158.0,,2023-06-27,44661.08373069337,0,25001579.9581675
Mecklenburg,Charlotte 4,82158.0,,2023-06-28,,0,
Mecklenburg,Charlotte 4,82158.0,,2023-06-29,,0,
Mecklenburg,Charlotte 4,82158.0,,2023-06-30,,0,
Mecklenburg,Charlotte 4,82158.0,,2023-07-01,31646.800786177468,0,24802533.567381
Mecklenburg,Charlotte 4,82158.0,,2023-07-02,,0,
Mecklenburg,Charlotte 4,82158.0,,2023-07-03,,0,
Mecklenburg,Charlotte 4,82158.0,,2023-07-04,22815.784010197876,0,14549008.7889686
Mecklenburg,Charlotte 4,82158.0,,2023-07-05,,0,
Mecklenburg,Charlotte 4,82158.0,,2023-07-06,,0,
Mecklenburg,Charlotte 4,82158.0,,2023-07-07,,0,
Mecklenburg,Charlotte 4,82158.0,,2023-07-08,30494.740530130774,0,20358943.9705439
Mecklenburg,Charlotte 4,82158.0,,2023-07-09,,0,
Mecklenburg,Charlotte 4,82158.0,,2023-07-10,,0,
Mecklenburg,Charlotte 4,82158.0,,2023-07-11,,0,
Mecklenburg,Charlotte 4,82158.0,,2023-07-12,,0,
Mecklenburg,Charlotte 4,82158.0,,2023-07-13,,0,
Mecklenburg,Charlotte 4,82158.0,,2023-07-14,,0,
Mecklenburg,Charlotte 4,82158.0,,2023-07-15,24146.91698747484,0,16899792.88667
Mecklenburg,Charlotte 4,82158.0,,2023-07-16,,0,
Mecklenburg,Charlotte 4,82158.0,,2023-07-17,,0,
Mecklenburg,Charlotte 4,82158.0,,2023-07-18,30780.05198176248,0,22563239.2166162
Mecklenburg,Charlotte 4,82158.0,,2023-07-19,,0,
Mecklenburg,Charlotte 4,82158.0,,2023-07-20,,0,
Mecklenburg,Charlotte 4,82158.0,,2023-07-21,,0,
Mecklenburg,Charlotte 4,82158.0,,2023-07-22,64793.46571993196,0,43675456.7850125
Mecklenburg,Charlotte 4,82158.0,,2023-07-23,,0,
Mecklenburg,Charlotte 4,82158.0,,2023-07-24,,0,
Mecklenburg,Charlotte 4,82158.0,,2023-07-25,43162.35396731748,0,31520732.9672088
Mecklenburg,Charlotte 4,82158.0,,2023-07-26,,0,
Mecklenburg,Charlotte 4,82158.0,,2023-07-27,,0,
Mecklenburg,Charlotte 4,82158.0,,2023-07-28,,0,
Mecklenburg,Charlotte 4,82158.0,,2023-07-29,72994.21072934491,0,48362553.403687
Mecklenburg,Charlotte 4,82158.0,,2023-07-30,,0,
Mecklenburg,Charlotte 4,82158.0,,2023-07-31,,0,
Mecklenburg,Charlotte 4,82158.0,,2023-08-01,71761.72238735626,0,48041923.5087474
Mecklenburg,Charlotte 4,82158.0,,2023-08-02,,0,
Mecklenburg,Charlotte 4,82158.0,,2023-08-03,,0,
Mecklenburg,Charlotte 4,82158.0,,2023-08-04,,0,
Mecklenburg,Charlotte 4,82158.0,,2023-08-05,110798.01081246907,0,78361413.7209783
Mecklenburg,Charlotte 4,82158.0,,2023-08-06,,0,
Mecklenburg,Charlotte 4,82158.0,,2023-08-07,,0,
Mecklenburg,Charlotte 4,82158.0,,2023-08-08,79032.79319371168,0,53310201.8744879
Mecklenburg,Charlotte 4,82158.0,,2023-08-09,,0,
Mecklenburg,Charlotte 4,82158.0,,2023-08-10,,0,
Mecklenburg,Charlotte 4,82158.0,,2023-08-11,,0,
Mecklenburg,Charlotte 4,82158.0,,2023-08-12,76220.74258363013,0,59420383.9270085
Mecklenburg,Charlotte 4,82158.0,,2023-08-13,,0,
Mecklenburg,Charlotte 4,82158.0,,2023-08-14,,0,
Mecklenburg,Charlotte 4,82158.0,,2023-08-15,77962.91426056363,0,51151688.3899461
Mecklenburg,Charlotte 4,82158.0,,2023-08-16,,0,
Mecklenburg,Charlotte 4,82158.0,,2023-08-17,,0,
Mecklenburg,Charlotte 4,82158.0,,2023-08-18,,0,
Mecklenburg,Charlotte 4,82158.0,,2023-08-19,130075.97779759328,0,84324372.0808076
Mecklenburg,Charlotte 4,82158.0,,2023-08-20,,0,
Mecklenburg,Charlotte 4,82158.0,,2023-08-21,,0,
Mecklenburg,Charlotte 4,82158.0,,2023-08-22,61648.396572822625,0,38544600.8185248
Mecklenburg,Charlotte 4,82158.0,,2023-08-23,,0,
Mecklenburg,Charlotte 4,82158.0,,2023-08-24,,0,
Mecklenburg,Charlotte 4,82158.0,,2023-08-25,,0,
Mecklenburg,Charlotte 4,82158.0,,2023-08-26,172469.8385225659,0,116813331.667358
Mecklenburg,Charlotte 4,82158.0,,2023-08-27,,0,
Mecklenburg,Charlotte 4,82158.0,,2023-08-28,,0,
Mecklenburg,Charlotte 4,82158.0,,2023-08-29,60380.65915506382,0,45346876.0047583
Mecklenburg,Charlotte 4,82158.0,,2023-08-30,,0,
Mecklenburg,Charlotte 4,82158.0,,2023-08-31,,0,
Mecklenburg,Charlotte 4,82158.0,,2023-09-01,,0,
Mecklenburg,Charlotte 4,82158.0,,2023-09-02,93030.57561898668,0,78140159.9781406
Mecklenburg,Charlotte 4,82158.0,,2023-09-03,,0,
Mecklenburg,Charlotte 4,82158.0,,2023-09-04,,0,
Mecklenburg,Charlotte 4,82158.0,,2023-09-05,,0,
Mecklenburg,Charlotte 4,82158.0,,2023-09-06,,0,
Mecklenburg,Charlotte 4,82158.0,,2023-09-07,,0,
Mecklenburg,Charlotte 4,82158.0,,2023-09-08,,0,
Mecklenburg,Charlotte 4,82158.0,,2023-09-09,139196.8965171279,0,90878535.9613917
Mecklenburg,Charlotte 4,82158.0,,2023-09-10,,0,
Mecklenburg,Charlotte 4,82158.0,,2023-09-11,,0,
Mecklenburg,Charlotte 4,82158.0,,2023-09-12,78252.1232938762,0,62338025.6111723
Mecklenburg,Charlotte 4,82158.0,,2023-09-13,,0,
Mecklenburg,Charlotte 4,82158.0,,2023-09-14,,0,
Mecklenburg,Charlotte 4,82158.0,,2023-09-15,,0,
Mecklenburg,Charlotte 4,82158.0,,2023-09-16,132499.90188675627,0,86384120.471775
Mecklenburg,Charlotte 4,82158.0,,2023-09-17,,0,
Mecklenburg,Charlotte 4,82158.0,,2023-09-18,,0,
Mecklenburg,Charlotte 4,82158.0,,2023-09-19,56083.59474926698,0,36434840.6466885
Mecklenburg,Charlotte 4,82158.0,,2023-09-20,,0,
Mecklenburg,Charlotte 4,82158.0,,2023-09-21,,0,
Mecklenburg,Charlotte 4,82158.0,,2023-09-22,,0,
Mecklenburg,Charlotte 4,82158.0,,2023-09-23,131970.66340668304,0,85005395.1489813
Mecklenburg,Charlotte 4,82158.0,,2023-09-24,,0,
Mecklenburg,Charlotte 4,82158.0,,2023-09-25,,0,
Mecklenburg,Charlotte 4,82158.0,,2023-09-26,63525.443721393975,0,40362112.8825224
Mecklenburg,Charlotte 4,82158.0,,2023-09-27,,0,
Mecklenburg,Charlotte 4,82158.0,,2023-09-28,,0,
Mecklenburg,Charlotte 4,82158.0,,2023-09-29,,0,
Mecklenburg,Charlotte 4,82158.0,,2023-09-30,52319.357794223724,0,33049262.9542008
Mecklenburg,Charlotte 4,82158.0,,2023-10-01,,0,
Mecklenburg,Charlotte 4,82158.0,,2023-10-02,,0,
Mecklenburg,Charlotte 4,82158.0,,2023-10-03,94719.58614774454,0,60618328.4926241
Mecklenburg,Charlotte 4,82158.0,,2023-10-04,,0,
Mecklenburg,Charlotte 4,82158.0,,2023-10-05,,0,
Mecklenburg,Charlotte 4,82158.0,,2023-10-06,,0,
Mecklenburg,Charlotte 4,82158.0,,2023-10-07,52379.251617410475,0,33256031.7293468
Mecklenburg,Charlotte 4,82158.0,,2023-10-08,,0,
Mecklenburg,Charlotte 4,82158.0,,2023-10-09,,0,
Mecklenburg,Charlotte 4,82158.0,,2023-10-10,26832.815729997463,0,16875662.0179183
Mecklenburg,Charlotte 4,82158.0,,2023-10-11,,0,
Mecklenburg,Charlotte 4,82158.0,,2023-10-12,,0,
Mecklenburg,Charlotte 4,82158.0,,2023-10-13,,0,
Mecklenburg,Charlotte 4,82158.0,,2023-10-14,37934.99703440085,0,23665769.9245386
Mecklenburg,Charlotte 4,82158.0,,2023-10-15,,0,
Mecklenburg,Charlotte 4,82158.0,,2023-10-16,,0,
Mecklenburg,Charlotte 4,82158.0,,2023-10-17,40049.1797668816,0,25722804.612434305
Mecklenburg,Charlotte 4,82158.0,,2023-10-18,,0,
Mecklenburg,Charlotte 4,82158.0,,2023-10-19,,0,
Mecklenburg,Charlotte 4,82158.0,,2023-10-20,,0,
Mecklenburg,Charlotte 4,82158.0,,2023-10-21,39707.79772286548,0,25357179.8163522
Mecklenburg,Charlotte 4,82158.0,,2023-10-22,,0,
Mecklenburg,Charlotte 4,82158.0,,2023-10-23,,0,
Mecklenburg,Charlotte 4,82158.0,,2023-10-24,28175.47870045869,0,18421102.4594299
Mecklenburg,Charlotte 4,82158.0,,2023-10-25,,0,
Mecklenburg,Charlotte 4,82158.0,,2023-10-26,,0,
Mecklenburg,Charlotte 4,82158.0,,2023-10-27,,0,
Mecklenburg,Charlotte 4,82158.0,,2023-10-28,88062.44602553349,0,62241209.4507989
Mecklenburg,Charlotte 4,82158.0,,2023-10-29,,0,
Mecklenburg,Charlotte 4,82158.0,,2023-10-30,,0,
Mecklenburg,Charlotte 4,82158.0,,2023-10-31,45088.965390658544,0,31431934.9776486
Mecklenburg,Charlotte 4,82158.0,,2023-11-01,,0,
Mecklenburg,Charlotte 4,82158.0,,2023-11-02,,0,
Mecklenburg,Charlotte 4,82158.0,,2023-11-03,,0,
Mecklenburg,Charlotte 4,82158.0,,2023-11-04,,0,
Mecklenburg,Charlotte 4,82158.0,,2023-11-05,,0,
Mecklenburg,Charlotte 4,82158.0,,2023-11-06,,0,
Mecklenburg,Charlotte 4,82158.0,,2023-11-07,31371.069474915905,0,21623342.9976336
Mecklenburg,Charlotte 4,82158.0,,2023-11-08,,0,
Mecklenburg,Charlotte 4,82158.0,,2023-11-09,,0,
Mecklenburg,Charlotte 4,82158.0,,2023-11-10,,0,
Mecklenburg,Charlotte 4,82158.0,,2023-11-11,,0,
Mecklenburg,Charlotte 4,82158.0,,2023-11-12,,0,
Mecklenburg,Charlotte 4,82158.0,,2023-11-13,,0,
Mecklenburg,Charlotte 4,82158.0,,2023-11-14,43494.183519178725,0,19638991.2908821
Mecklenburg,Charlotte 4,82158.0,,2023-11-15,,0,
Mecklenburg,Charlotte 4,82158.0,,2023-11-16,,0,
Mecklenburg,Charlotte 4,82158.0,,2023-11-17,,0,
Mecklenburg,Charlotte 4,82158.0,,2023-11-18,62469.33647798735,0,37964143.6372205
Mecklenburg,Charlotte 4,82158.0,,2023-11-19,,0,
Mecklenburg,Charlotte 4,82158.0,,2023-11-20,,0,
Mecklenburg,Charlotte 4,82158.0,,2023-11-21,47324.243258609014,0,31114983.1720873
Mecklenburg,Charlotte 4,82158.0,,2023-11-22,,0,
Mecklenburg,Charlotte 4,82158.0,,2023-11-23,,0,
Mecklenburg,Charlotte 4,82158.0,,2023-11-24,,0,
Mecklenburg,Charlotte 4,82158.0,,2023-11-25,,0,
Mecklenburg,Charlotte 4,82158.0,,2023-11-26,,0,
Mecklenburg,Charlotte 4,82158.0,,2023-11-27,,0,
Mecklenburg,Charlotte 4,82158.0,,2023-11-28,81516.83016408327,0,38497547.9108179
Mecklenburg,Charlotte 4,82158.0,,2023-11-29,,0,
Mecklenburg,Charlotte 4,82158.0,,2023-11-30,,0,
Mecklenburg,Charlotte 4,82158.0,,2023-12-01,,0,
Mecklenburg,Charlotte 4,82158.0,,2023-12-02,124591.75895700329,0,78817339.9669624
Mecklenburg,Charlotte 4,82158.0,,2023-12-03,,0,
Mecklenburg,Charlotte 4,82158.0,,2023-12-04,,0,
Mecklenburg,Charlotte 4,82158.0,,2023-12-05,81113.22456911707,0,52284300.2990852
Mecklenburg,Charlotte 4,82158.0,,2023-12-06,,0,
Mecklenburg,Charlotte 4,82158.0,,2023-12-07,,0,
Mecklenburg,Charlotte 4,82158.0,,2023-12-08,,0,
Mecklenburg,Charlotte 4,82158.0,,2023-12-09,52790.877999896904,0,30501299.366383705
Mecklenburg,Charlotte 4,82158.0,,2023-12-10,,0,
Mecklenburg,Charlotte 4,82158.0,,2023-12-11,,0,
Mecklenburg,Charlotte 4,82158.0,,2023-12-12,85476.35930478097,0,89714296.3006716
Mecklenburg,Charlotte 4,82158.0,,2023-12-13,,0,
Mecklenburg,Charlotte 4,82158.0,,2023-12-14,,0,
Mecklenburg,Charlotte 4,82158.0,,2023-12-15,,0,
Mecklenburg,Charlotte 4,82158.0,,2023-12-16,140183.05033063015,0,93266272.138312
Mecklenburg,Charlotte 4,82158.0,,2023-12-17,,0,
Mecklenburg,Charlotte 4,82158.0,,2023-12-18,,0,
Mecklenburg,Charlotte 4,82158.0,,2023-12-19,102745.35512615647,0,80855949.8209664
Mecklenburg,Charlotte 4,82158.0,,2023-12-20,,0,
Mecklenburg,Charlotte 4,82158.0,,2023-12-21,,0,
Mecklenburg,Charlotte 4,82158.0,,2023-12-22,,0,
Mecklenburg,Charlotte 4,82158.0,,2023-12-23,226092.0166657816,0,177924196.495337
Mecklenburg,Charlotte 4,82158.0,,2023-12-24,,0,
Mecklenburg,Charlotte 4,82158.0,,2023-12-25,,0,
Mecklenburg,Charlotte 4,82158.0,,2023-12-26,,0,
Mecklenburg,Charlotte 4,82158.0,,2023-12-27,,0,
Mecklenburg,Charlotte 4,82158.0,,2023-12-28,,0,
Mecklenburg,Charlotte 4,82158.0,,2023-12-29,,0,
Mecklenburg,Charlotte 4,82158.0,,2023-12-30,205821.0873550132,0,164437505.760088
Mecklenburg,Charlotte 4,82158.0,,2023-12-31,,0,
Mecklenburg,Charlotte 4,82158.0,,2024-01-01,,0,
Mecklenburg,Charlotte 4,82158.0,,2024-01-02,,0,
Mecklenburg,Charlotte 4,82158.0,,2024-01-03,,0,
Mecklenburg,Charlotte 4,82158.0,,2024-01-04,,0,
Mecklenburg,Charlotte 4,82158.0,,2024-01-05,191398.98641319928,0,126459279.805212
Mecklenburg,Charlotte 4,82158.0,,2024-01-06,,0,
Mecklenburg,Charlotte 4,82158.0,,2024-01-07,,0,
Mecklenburg,Charlotte 4,82158.0,,2024-01-08,,0,
Mecklenburg,Charlotte 4,82158.0,,2024-01-09,188649.5035774014,0,153239207.84029
Mecklenburg,Charlotte 4,82158.0,,2024-01-10,,0,
Mecklenburg,Charlotte 4,82158.0,,2024-01-11,,0,
Mecklenburg,Charlotte 4,82158.0,,2024-01-12,182270.4902061766,0,232038027.915712
Mecklenburg,Charlotte 4,82158.0,,2024-01-13,,0,
Mecklenburg,Charlotte 4,82158.0,,2024-01-14,,0,
Mecklenburg,Charlotte 4,82158.0,,2024-01-15,,0,
Mecklenburg,Charlotte 4,82158.0,,2024-01-16,,0,
Mecklenburg,Charlotte 4,82158.0,,2024-01-17,,0,
Mecklenburg,Charlotte 4,82158.0,,2024-01-18,,0,
Mecklenburg,Charlotte 4,82158.0,,2024-01-19,169493.3627019066,0,86058983.0618223
Mecklenburg,Charlotte 4,82158.0,,2024-01-20,,0,
Mecklenburg,Charlotte 4,82158.0,,2024-01-21,,0,
Mecklenburg,Charlotte 4,82158.0,,2024-01-22,,0,
Mecklenburg,Charlotte 4,82158.0,,2024-01-23,77635.45581755805,0,37415685.8926174
Mecklenburg,Charlotte 4,82158.0,,2024-01-24,,0,
Mecklenburg,Charlotte 4,82158.0,,2024-01-25,,0,
Mecklenburg,Charlotte 4,82158.0,,2024-01-26,212618.1553865989,0,54565414.7286984
Mecklenburg,Charlotte 4,82158.0,,2024-01-27,,0,
Mecklenburg,Charlotte 4,82158.0,,2024-01-28,,0,
Mecklenburg,Charlotte 4,82158.0,,2024-01-29,,0,
Mecklenburg,Charlotte 4,82158.0,,2024-01-30,103193.89516827044,0,102176810.16878
Mecklenburg,Charlotte 4,82158.0,,2024-01-31,,0,
Mecklenburg,Charlotte 4,82158.0,,2024-02-01,,0,
Mecklenburg,Charlotte 4,82158.0,,2024-02-02,154922.2579231273,0,115064346.358143
Mecklenburg,Charlotte 4,82158.0,,2024-02-03,,0,
Mecklenburg,Charlotte 4,82158.0,,2024-02-04,,0,
Mecklenburg,Charlotte 4,82158.0,,2024-02-05,,0,
Mecklenburg,Charlotte 4,82158.0,,2024-02-06,142175.93607921153,0,97081442.1553049
Mecklenburg,Charlotte 4,82158.0,,2024-02-07,,0,
Mecklenburg,Charlotte 4,82158.0,,2024-02-08,,0,
Mecklenburg,Charlotte 4,82158.0,,2024-02-09,172757.40678766876,0,113187428.155997
Mecklenburg,Charlotte 4,82158.0,,2024-02-10,,0,
Mecklenburg,Charlotte 4,82158.0,,2024-02-11,,0,
Mecklenburg,Charlotte 4,82158.0,,2024-02-12,,0,
Mecklenburg,Charlotte 4,82158.0,,2024-02-13,166254.7045950881,0,99505025.1768233
Mecklenburg,Charlotte 4,82158.0,,2024-02-14,,0,
Mecklenburg,Charlotte 4,82158.0,,2024-02-15,,0,
Mecklenburg,Charlotte 4,82158.0,,2024-02-16,244202.53888934085,0,158084182.727178
Mecklenburg,Charlotte 4,82158.0,,2024-02-17,,0,
Mecklenburg,Charlotte 4,82158.0,,2024-02-18,,0,
Mecklenburg,Charlotte 4,82158.0,,2024-02-19,,0,
Mecklenburg,Charlotte 4,82158.0,,2024-02-20,177620.6114165809,0,110481369.351254
Mecklenburg,Charlotte 4,82158.0,,2024-02-21,,0,
Mecklenburg,Charlotte 4,82158.0,,2024-02-22,,0,
Mecklenburg,Charlotte 4,82158.0,,2024-02-23,223577.100795229,0,123717816.594569
Mecklenburg,Charlotte 4,82158.0,,2024-02-24,,0,
Mecklenburg,Charlotte 4,82158.0,,2024-02-25,,0,
Mecklenburg,Charlotte 4,82158.0,,2024-02-26,,0,
Mecklenburg,Charlotte 4,82158.0,,2024-02-27,122345.14457059596,0,74464876.8044745
Mecklenburg,Charlotte 4,82158.0,,2024-02-28,,0,
Mecklenburg,Charlotte 4,82158.0,,2024-02-29,,0,
Mecklenburg,Charlotte 4,82158.0,,2024-03-01,154852.42135659372,0,93394126.8953059
Mecklenburg,Charlotte 4,82158.0,,2024-03-02,,0,
Mecklenburg,Charlotte 4,82158.0,,2024-03-03,,0,
Mecklenburg,Charlotte 4,82158.0,,2024-03-04,,0,
Mecklenburg,Charlotte 4,82158.0,,2024-03-05,89483.36158191648,0,60400680.9203793
Mecklenburg,Charlotte 4,82158.0,,2024-03-06,,0,
Mecklenburg,Charlotte 4,82158.0,,2024-03-07,,0,
Mecklenburg,Charlotte 4,82158.0,,2024-03-08,98513.75944506435,0,70036548.9496049
Mecklenburg,Charlotte 4,82158.0,,2024-03-09,,0,
Mecklenburg,Charlotte 4,82158.0,,2024-03-10,,0,
Mecklenburg,Charlotte 4,82158.0,,2024-03-11,,0,
Mecklenburg,Charlotte 4,82158.0,,2024-03-12,45728.58187173533,0,37840423.2059947
Mecklenburg,Charlotte 4,82158.0,,2024-03-13,,0,
Mecklenburg,Charlotte 4,82158.0,,2024-03-14,,0,
Mecklenburg,Charlotte 4,82158.0,,2024-03-15,41362.59179500239,0,22964484.986473095
Mecklenburg,Charlotte 4,82158.0,,2024-03-16,,0,
Mecklenburg,Charlotte 4,82158.0,,2024-03-17,,0,
Mecklenburg,Charlotte 4,82158.0,,2024-03-18,,0,
Mecklenburg,Charlotte 4,82158.0,,2024-03-19,43088.80132934773,0,24776554.808178905
Mecklenburg,Charlotte 4,82158.0,,2024-03-20,,0,
Mecklenburg,Charlotte 4,82158.0,,2024-03-21,,0,
Mecklenburg,Charlotte 4,82158.0,,2024-03-22,,0,
Mecklenburg,Charlotte 4,82158.0,,2024-03-23,,0,
Mecklenburg,Charlotte 4,82158.0,,2024-03-24,,0,
Mecklenburg,Charlotte 4,82158.0,,2024-03-25,,0,
Mecklenburg,Charlotte 4,82158.0,,2024-03-26,28608.72594157245,0,21775617.5160161
Mecklenburg,Charlotte 4,82158.0,,2024-03-27,,0,
Mecklenburg,Charlotte 4,82158.0,,2024-03-28,,0,
Mecklenburg,Charlotte 4,82158.0,,2024-03-29,30043.02914154964,0,25801891.5994978
Mecklenburg,Charlotte 4,82158.0,,2024-03-30,,0,
Mecklenburg,Charlotte 4,82158.0,,2024-03-31,,0,
Mecklenburg,Charlotte 4,82158.0,,2024-04-01,,0,
Mecklenburg,Charlotte 4,82158.0,,2024-04-02,53531.20585228766,0,27624025.6370943
Mecklenburg,Charlotte 4,82158.0,,2024-04-03,,0,
Mecklenburg,Charlotte 4,82158.0,,2024-04-04,,0,
Mecklenburg,Charlotte 4,82158.0,,2024-04-05,38174.44171170026,0,29936027.5174189
Mecklenburg,Charlotte 4,82158.0,,2024-04-06,,0,
Mecklenburg,Charlotte 4,82158.0,,2024-04-07,,0,
Mecklenburg,Charlotte 4,82158.0,,2024-04-08,,0,
Mecklenburg,Charlotte 4,82158.0,,2024-04-09,36156.410220042664,0,24022183.7564328
Mecklenburg,Charlotte 4,82158.0,,2024-04-10,,0,
Mecklenburg,Charlotte 4,82158.0,,2024-04-11,,0,
Mecklenburg,Charlotte 4,82158.0,,2024-04-12,35544.4622972412,0,24893012.429899
Mecklenburg,Charlotte 4,82158.0,,2024-04-13,,0,
Mecklenburg,Charlotte 4,82158.0,,2024-04-14,,0,
Mecklenburg,Charlotte 4,82158.0,,2024-04-15,,0,
Mecklenburg,Charlotte 4,82158.0,,2024-04-16,12794.06112225512,0,8417798.93038773
Mecklenburg,Charlotte 4,82158.0,,2024-04-17,,0,
Mecklenburg,Charlotte 4,82158.0,,2024-04-18,,0,
Mecklenburg,Charlotte 4,82158.0,,2024-04-19,26434.52288201925,0,18427750.4971302
Mecklenburg,Charlotte 4,82158.0,,2024-04-20,,0,
Mecklenburg,Charlotte 4,82158.0,,2024-04-21,,0,
Mecklenburg,Charlotte 4,82158.0,,2024-04-22,,0,
Mecklenburg,Charlotte 4,82158.0,,2024-04-23,13123.261789661892,0,8930673.39501591
Mecklenburg,Charlotte 4,82158.0,,2024-04-24,,0,
Mecklenburg,Charlotte 4,82158.0,,2024-04-25,,0,
Mecklenburg,Charlotte 4,82158.0,,2024-04-26,16120.471457125579,0,10598969.2296522
Mecklenburg,Charlotte 4,82158.0,,2024-04-27,,0,
Mecklenburg,Charlotte 4,82158.0,,2024-04-28,,0,
Mecklenburg,Charlotte 4,82158.0,,2024-04-29,,0,
Mecklenburg,Charlotte 4,82158.0,,2024-04-30,14968.099411748983,0,9310271.51864294
Mecklenburg,Charlotte 4,82158.0,,2024-05-01,,0,
Mecklenburg,Charlotte 4,82158.0,,2024-05-02,,0,
Mecklenburg,Charlotte 4,82158.0,,2024-05-03,15797.670714380652,0,10212043.2969728
Mecklenburg,Charlotte 4,82158.0,,2024-05-04,,0,
Mecklenburg,Charlotte 4,82158.0,,2024-05-05,,0,
Mecklenburg,Charlotte 4,82158.0,,2024-05-06,,0,
Mecklenburg,Charlotte 4,82158.0,,2024-05-07,9967.647666325302,0,8041568.090346
Mecklenburg,Charlotte 4,82158.0,,2024-05-08,,0,
Mecklenburg,Charlotte 4,82158.0,,2024-05-09,,0,
Mecklenburg,Charlotte 4,82158.0,,2024-05-10,8732.697177848328,0,7121698.53912435
Mecklenburg,Charlotte 4,82158.0,,2024-05-11,,0,
Mecklenburg,Charlotte 4,82158.0,,2024-05-12,,0,
Mecklenburg,Charlotte 4,82158.0,,2024-05-13,,0,
Mecklenburg,Charlotte 4,82158.0,,2024-05-14,23180.491798061565,0,10370597.881699
Mecklenburg,Charlotte 4,82158.0,,2024-05-15,,0,
New Hanover,New Hanover County (North),67743.0,4.870000000000001,2021-01-22,16992.64546796644,0,6390331.86955674
New Hanover,New Hanover County (North),67743.0,6.2,2021-01-23,,0,
New Hanover,New Hanover County (North),67743.0,3.4000000000000004,2021-01-24,,0,
New Hanover,New Hanover County (North),67743.0,3.99,2021-01-25,,0,
New Hanover,New Hanover County (North),67743.0,4.58,2021-01-26,27522.717889045794,0,10596388.9920385
New Hanover,New Hanover County (North),67743.0,5.460000000000001,2021-01-27,,0,
New Hanover,New Hanover County (North),67743.0,4.870000000000001,2021-01-28,,0,
New Hanover,New Hanover County (North),67743.0,2.8000000000000003,2021-01-29,,0,
New Hanover,New Hanover County (North),67743.0,6.790000000000001,2021-01-30,4506.939094329983,0,1745268.60378784
New Hanover,New Hanover County (North),67743.0,2.5100000000000002,2021-01-31,,0,
New Hanover,New Hanover County (North),67743.0,4.13,2021-02-01,,0,
New Hanover,New Hanover County (North),67743.0,3.4000000000000004,2021-02-02,,0,
New Hanover,New Hanover County (North),67743.0,3.84,2021-02-03,0.0,0,128501.197869569
New Hanover,New Hanover County (North),67743.0,2.66,2021-02-04,,0,
New Hanover,New Hanover County (North),67743.0,3.25,2021-02-05,8999.999999999993,0,3555570.34675169
New Hanover,New Hanover County (North),67743.0,2.8000000000000003,2021-02-06,,0,
New Hanover,New Hanover County (North),67743.0,4.28,2021-02-07,,0,
New Hanover,New Hanover County (North),67743.0,3.4000000000000004,2021-02-08,,0,
New Hanover,New Hanover County (North),67743.0,4.58,2021-02-09,0.0,0,440038.650513576
New Hanover,New Hanover County (North),67743.0,2.66,2021-02-10,,0,
New Hanover,New Hanover County (North),67743.0,2.95,2021-02-11,,0,
New Hanover,New Hanover County (North),67743.0,2.95,2021-02-12,9417.40410091868,0,3657323.38855884
New Hanover,New Hanover County (North),67743.0,5.0200000000000005,2021-02-13,,0,
New Hanover,New Hanover County (North),67743.0,2.2100000000000004,2021-02-14,,0,
New Hanover,New Hanover County (North),67743.0,1.4800000000000002,2021-02-15,,0,
New Hanover,New Hanover County (North),67743.0,5.760000000000001,2021-02-16,9585.144756340404,0,4413399.48564079
New Hanover,New Hanover County (North),67743.0,3.99,2021-02-17,,0,
New Hanover,New Hanover County (North),67743.0,3.84,2021-02-18,,0,
New Hanover,New Hanover County (North),67743.0,2.5100000000000002,2021-02-19,,0,
New Hanover,New Hanover County (North),67743.0,1.77,2021-02-20,10738.365797457263,0,4644366.74706224
New Hanover,New Hanover County (North),67743.0,0.8900000000000001,2021-02-21,,0,
New Hanover,New Hanover County (North),67743.0,1.03,2021-02-22,,0,
New Hanover,New Hanover County (North),67743.0,1.62,2021-02-23,0.0,0,688573.876313908
New Hanover,New Hanover County (North),67743.0,0.8900000000000001,2021-02-24,,0,
New Hanover,New Hanover County (North),67743.0,1.92,2021-02-25,,0,
New Hanover,New Hanover County (North),67743.0,1.03,2021-02-26,1870.8286933869701,0,742232.083687229
New Hanover,New Hanover County (North),67743.0,1.4800000000000002,2021-02-27,,0,
New Hanover,New Hanover County (North),67743.0,1.62,2021-02-28,,0,
New Hanover,New Hanover County (North),67743.0,1.4800000000000002,2021-03-01,,0,
New Hanover,New Hanover County (North),67743.0,1.77,2021-03-02,0.0,0,413858.866042529
New Hanover,New Hanover County (North),67743.0,1.77,2021-03-03,,0,
New Hanover,New Hanover County (North),67743.0,2.3600000000000003,2021-03-04,,0,
New Hanover,New Hanover County (North),67743.0,1.62,2021-03-05,0.0,0,563533.671882546
New Hanover,New Hanover County (North),67743.0,1.33,2021-03-06,,0,
New Hanover,New Hanover County (North),67743.0,0.30000000000000004,2021-03-07,,0,
New Hanover,New Hanover County (North),67743.0,1.03,2021-03-08,,0,
New Hanover,New Hanover County (North),67743.0,1.03,2021-03-09,0.0,0,209266.24153049
New Hanover,New Hanover County (North),67743.0,1.1800000000000002,2021-03-10,,0,
New Hanover,New Hanover County (North),67743.0,1.4800000000000002,2021-03-11,,0,
New Hanover,New Hanover County (North),67743.0,1.92,2021-03-12,0.0,0,78030.4431507718
New Hanover,New Hanover County (North),67743.0,1.33,2021-03-13,,0,
New Hanover,New Hanover County (North),67743.0,2.07,2021-03-14,,0,
New Hanover,New Hanover County (North),67743.0,1.03,2021-03-15,,0,
New Hanover,New Hanover County (North),67743.0,0.30000000000000004,2021-03-16,5590.16994374948,0,1889851.75288471
New Hanover,New Hanover County (North),67743.0,1.4800000000000002,2021-03-17,,0,
New Hanover,New Hanover County (North),67743.0,2.07,2021-03-18,,0,
New Hanover,New Hanover County (North),67743.0,1.33,2021-03-19,0.0,0,496252.790985051
New Hanover,New Hanover County (North),67743.0,2.07,2021-03-20,,0,
New Hanover,New Hanover County (North),67743.0,1.4800000000000002,2021-03-21,,0,
New Hanover,New Hanover County (North),67743.0,1.03,2021-03-22,,0,
New Hanover,New Hanover County (North),67743.0,1.77,2021-03-23,0.0,0,478937.982536925
New Hanover,New Hanover County (North),67743.0,2.8000000000000003,2021-03-24,,0,
New Hanover,New Hanover County (North),67743.0,2.66,2021-03-25,,0,
New Hanover,New Hanover County (North),67743.0,1.92,2021-03-26,0.0,0,105092.064924337
New Hanover,New Hanover County (North),67743.0,1.03,2021-03-27,,0,
New Hanover,New Hanover County (North),67743.0,1.62,2021-03-28,,0,
New Hanover,New Hanover County (North),67743.0,1.1800000000000002,2021-03-29,,0,
New Hanover,New Hanover County (North),67743.0,2.2100000000000004,2021-03-30,0.0,0,113891.242556233
New Hanover,New Hanover County (North),67743.0,1.77,2021-03-31,,0,
New Hanover,New Hanover County (North),67743.0,1.03,2021-04-30,0.0,0,110570.798166838
New Hanover,New Hanover County (North),67743.0,1.03,2021-05-01,,0,
New Hanover,New Hanover County (North),67743.0,0.30000000000000004,2021-05-02,,0,
New Hanover,New Hanover County (North),67743.0,0.7400000000000001,2021-05-03,,0,
New Hanover,New Hanover County (North),67743.0,0.8900000000000001,2021-05-04,0.0,0,204797.665118563
New Hanover,New Hanover County (North),67743.0,0.8900000000000001,2021-05-05,,0,
New Hanover,New Hanover County (North),67743.0,0.7400000000000001,2021-05-06,,0,
New Hanover,New Hanover County (North),67743.0,0.30000000000000004,2021-05-07,0.0,0,98783.2205844877
New Hanover,New Hanover County (North),67743.0,0.30000000000000004,2021-05-08,,0,
New Hanover,New Hanover County (North),67743.0,0.30000000000000004,2021-05-09,,0,
New Hanover,New Hanover County (North),67743.0,0.30000000000000004,2021-05-10,,0,
New Hanover,New Hanover County (North),67743.0,0.30000000000000004,2021-05-11,0.0,0,110404.775947368
New Hanover,New Hanover County (North),67743.0,0.30000000000000004,2021-05-12,,0,
New Hanover,New Hanover County (North),67743.0,0.7400000000000001,2021-05-13,,0,
New Hanover,New Hanover County (North),67743.0,0.7400000000000001,2021-05-14,0.0,0,299974.009487926
New Hanover,New Hanover County (North),67743.0,0.30000000000000004,2021-05-15,,0,
New Hanover,New Hanover County (North),67743.0,0.30000000000000004,2021-05-16,,0,
New Hanover,New Hanover County (North),67743.0,0.30000000000000004,2021-05-17,,0,
New Hanover,New Hanover County (North),67743.0,1.33,2021-05-18,0.0,0,398500.489339421
New Hanover,New Hanover County (North),67743.0,0.30000000000000004,2021-05-19,,0,
New Hanover,New Hanover County (North),67743.0,,2021-05-20,,0,
New Hanover,New Hanover County (North),67743.0,0.30000000000000004,2021-05-21,0.0,0,105756.153802216
New Hanover,New Hanover County (North),67743.0,0.30000000000000004,2021-05-22,,0,
New Hanover,New Hanover County (North),67743.0,0.7400000000000001,2021-05-23,,0,
New Hanover,New Hanover County (North),67743.0,0.7400000000000001,2021-05-24,,0,
New Hanover,New Hanover County (North),67743.0,0.30000000000000004,2021-05-25,0.0,0,230499.109642701
New Hanover,New Hanover County (North),67743.0,0.8900000000000001,2021-05-26,,0,
New Hanover,New Hanover County (North),67743.0,0.30000000000000004,2021-05-27,,0,
New Hanover,New Hanover County (North),67743.0,0.30000000000000004,2021-05-28,0.0,0,48478.4880851604
New Hanover,New Hanover County (North),67743.0,0.30000000000000004,2021-05-29,,0,
New Hanover,New Hanover County (North),67743.0,0.30000000000000004,2021-05-30,,0,
New Hanover,New Hanover County (North),67743.0,0.30000000000000004,2021-05-31,,0,
New Hanover,New Hanover County (North),67743.0,0.30000000000000004,2021-06-01,0.0,0,45988.1547931144
New Hanover,New Hanover County (North),67743.0,0.30000000000000004,2021-06-02,,0,
New Hanover,New Hanover County (North),67743.0,0.30000000000000004,2021-06-03,,0,
New Hanover,New Hanover County (North),67743.0,0.30000000000000004,2021-06-04,3000.0,0,534760.462335593
New Hanover,New Hanover County (North),67743.0,0.30000000000000004,2021-06-05,,0,
New Hanover,New Hanover County (North),67743.0,0.30000000000000004,2021-06-06,,0,
New Hanover,New Hanover County (North),67743.0,,2021-06-07,,0,
New Hanover,New Hanover County (North),67743.0,0.30000000000000004,2021-06-08,0.0,0,121087.877944036
New Hanover,New Hanover County (North),67743.0,0.30000000000000004,2021-06-09,,0,
New Hanover,New Hanover County (North),67743.0,0.30000000000000004,2021-06-10,,0,
New Hanover,New Hanover County (North),67743.0,0.30000000000000004,2021-06-11,0.0,0,121030.197993431
New Hanover,New Hanover County (North),67743.0,0.30000000000000004,2021-06-12,,0,
New Hanover,New Hanover County (North),67743.0,,2021-06-13,,0,
New Hanover,New Hanover County (North),67743.0,,2021-06-14,,0,
New Hanover,New Hanover County (North),67743.0,0.30000000000000004,2021-06-15,0.0,0,592818.427303409
New Hanover,New Hanover County (North),67743.0,,2021-06-16,,0,
New Hanover,New Hanover County (North),67743.0,0.30000000000000004,2021-06-17,,0,
New Hanover,New Hanover County (North),67743.0,,2021-06-18,0.0,0,125014.731260704
New Hanover,New Hanover County (North),67743.0,,2021-06-19,,0,
New Hanover,New Hanover County (North),67743.0,0.30000000000000004,2021-06-20,,0,
New Hanover,New Hanover County (North),67743.0,0.30000000000000004,2021-06-21,,0,
New Hanover,New Hanover County (North),67743.0,0.30000000000000004,2021-06-22,0.0,0,130327.442283736
New Hanover,New Hanover County (North),67743.0,0.30000000000000004,2021-07-10,19851.007531105344,0,7975516.11384627
New Hanover,New Hanover County (North),67743.0,0.30000000000000004,2021-07-11,,0,
New Hanover,New Hanover County (North),67743.0,1.1800000000000002,2021-07-12,,0,
New Hanover,New Hanover County (North),67743.0,0.30000000000000004,2021-07-13,,0,
New Hanover,New Hanover County (North),67743.0,0.30000000000000004,2021-07-14,8714.212528966682,0,3457274.38644242
New Hanover,New Hanover County (North),67743.0,1.4800000000000002,2021-07-15,,0,
New Hanover,New Hanover County (North),67743.0,0.8900000000000001,2021-07-16,,0,
New Hanover,New Hanover County (North),67743.0,0.7400000000000001,2021-07-17,9617.692030835686,0,3869463.1501023294
New Hanover,New Hanover County (North),67743.0,0.7400000000000001,2021-07-18,,0,
New Hanover,New Hanover County (North),67743.0,0.30000000000000004,2021-07-19,,0,
New Hanover,New Hanover County (North),67743.0,0.30000000000000004,2021-07-20,,0,
New Hanover,New Hanover County (North),67743.0,1.33,2021-07-21,28394.541729001357,0,13946688.1849616
New Hanover,New Hanover County (North),67743.0,1.03,2021-07-22,,0,
New Hanover,New Hanover County (North),67743.0,1.62,2021-07-23,,0,
New Hanover,New Hanover County (North),67743.0,1.4800000000000002,2021-07-24,18824.850597016743,0,7973483.430473969
New Hanover,New Hanover County (North),67743.0,0.8900000000000001,2021-07-25,,0,
New Hanover,New Hanover County (North),67743.0,2.3600000000000003,2021-07-26,,0,
New Hanover,New Hanover County (North),67743.0,1.62,2021-07-27,,0,
New Hanover,New Hanover County (North),67743.0,3.1,2021-07-28,25514.701644346183,0,10151210.6553311
New Hanover,New Hanover County (North),67743.0,2.66,2021-07-29,,0,
New Hanover,New Hanover County (North),67743.0,2.07,2021-07-30,,0,
New Hanover,New Hanover County (North),67743.0,3.4000000000000004,2021-07-31,24098.75515457182,0,9951450.7943557
New Hanover,New Hanover County (North),67743.0,1.92,2021-08-01,,0,
New Hanover,New Hanover County (North),67743.0,2.66,2021-08-02,,0,
New Hanover,New Hanover County (North),67743.0,3.99,2021-08-03,,0,
New Hanover,New Hanover County (North),67743.0,2.5100000000000002,2021-08-04,72111.02550927973,0,31832893.4370538
New Hanover,New Hanover County (North),67743.0,3.99,2021-08-05,,0,
New Hanover,New Hanover County (North),67743.0,2.95,2021-08-06,,0,
New Hanover,New Hanover County (North),67743.0,3.69,2021-08-07,47203.01897124808,0,21496845.5827489
New Hanover,New Hanover County (North),67743.0,1.62,2021-08-08,,0,
New Hanover,New Hanover County (North),67743.0,3.4000000000000004,2021-08-09,,0,
New Hanover,New Hanover County (North),67743.0,5.3100000000000005,2021-08-10,,0,
New Hanover,New Hanover County (North),67743.0,3.84,2021-08-11,68190.90848492931,0,31550348.8482188
New Hanover,New Hanover County (North),67743.0,4.720000000000001,2021-08-12,,0,
New Hanover,New Hanover County (North),67743.0,3.69,2021-08-13,,0,
New Hanover,New Hanover County (North),67743.0,3.84,2021-08-14,42953.46318982905,0,18241440.4535777
New Hanover,New Hanover County (North),67743.0,2.07,2021-08-15,,0,
New Hanover,New Hanover County (North),67743.0,2.2100000000000004,2021-08-16,,0,
New Hanover,New Hanover County (North),67743.0,5.170000000000001,2021-08-17,,0,
New Hanover,New Hanover County (North),67743.0,4.870000000000001,2021-08-18,136679.36932836656,0,58732252.6460528
New Hanover,New Hanover County (North),67743.0,5.9,2021-08-19,,0,
New Hanover,New Hanover County (North),67743.0,6.940000000000001,2021-08-20,,0,
New Hanover,New Hanover County (North),67743.0,3.84,2021-08-21,84852.8137423857,0,36130050.7726267
New Hanover,New Hanover County (North),67743.0,1.4800000000000002,2021-08-22,,0,
New Hanover,New Hanover County (North),67743.0,1.62,2021-08-23,,0,
New Hanover,New Hanover County (North),67743.0,7.970000000000001,2021-08-24,,0,
New Hanover,New Hanover County (North),67743.0,6.2,2021-08-25,7858.116822750849,0,3464518.11508844
New Hanover,New Hanover County (North),67743.0,7.38,2021-08-26,,0,
New Hanover,New Hanover County (North),67743.0,7.090000000000001,2021-08-27,,0,
New Hanover,New Hanover County (North),67743.0,5.3100000000000005,2021-08-28,114564.392373896,0,50445592.3273268
New Hanover,New Hanover County (North),67743.0,1.92,2021-08-29,,0,
New Hanover,New Hanover County (North),67743.0,3.1,2021-08-30,,0,
New Hanover,New Hanover County (North),67743.0,8.120000000000001,2021-08-31,,0,
New Hanover,New Hanover County (North),67743.0,6.3500000000000005,2021-09-01,0.0,0,616453.185243515
New Hanover,New Hanover County (North),67743.0,6.2,2021-09-02,,0,
New Hanover,New Hanover County (North),67743.0,5.460000000000001,2021-09-03,,0,
New Hanover,New Hanover County (North),67743.0,4.13,2021-09-04,49937.46088859544,0,19449416.9611678
New Hanover,New Hanover County (North),67743.0,2.2100000000000004,2021-09-05,,0,
New Hanover,New Hanover County (North),67743.0,1.62,2021-09-06,,0,
New Hanover,New Hanover County (North),67743.0,2.3600000000000003,2021-09-07,,0,
New Hanover,New Hanover County (North),67743.0,6.3500000000000005,2021-09-08,45716.517802649876,0,18699568.1252365
New Hanover,New Hanover County (North),67743.0,5.460000000000001,2021-09-09,,0,
New Hanover,New Hanover County (North),67743.0,4.28,2021-09-10,,0,
New Hanover,New Hanover County (North),67743.0,4.720000000000001,2021-09-11,37449.966622148015,0,15171788.988873
New Hanover,New Hanover County (North),67743.0,1.92,2021-09-12,,0,
New Hanover,New Hanover County (North),67743.0,1.62,2021-09-13,,0,
New Hanover,New Hanover County (North),67743.0,5.170000000000001,2021-09-14,,0,
New Hanover,New Hanover County (North),67743.0,5.460000000000001,2021-09-15,63737.74391990987,0,25144832.1183155
New Hanover,New Hanover County (North),67743.0,3.69,2021-09-16,,0,
New Hanover,New Hanover County (North),67743.0,3.1,2021-09-17,,0,
New Hanover,New Hanover County (North),67743.0,3.25,2021-09-18,10565.273304557726,0,4150337.48928333
New Hanover,New Hanover County (North),67743.0,1.77,2021-09-19,,0,
New Hanover,New Hanover County (North),67743.0,1.33,2021-09-20,,0,
New Hanover,New Hanover County (North),67743.0,2.8000000000000003,2021-09-21,,0,
New Hanover,New Hanover County (North),67743.0,2.07,2021-09-22,0.0,0,452451.32481922
New Hanover,New Hanover County (North),67743.0,2.5100000000000002,2021-09-23,,0,
New Hanover,New Hanover County (North),67743.0,2.66,2021-09-24,,0,
New Hanover,New Hanover County (North),67743.0,1.03,2021-09-25,12549.900398011148,0,6528859.34368624
New Hanover,New Hanover County (North),67743.0,1.03,2021-09-26,,0,
New Hanover,New Hanover County (North),67743.0,0.8900000000000001,2021-09-27,,0,
New Hanover,New Hanover County (North),67743.0,2.07,2021-09-28,,0,
New Hanover,New Hanover County (North),67743.0,1.77,2021-09-29,18530.38046020644,0,8180103.14472517
New Hanover,New Hanover County (North),67743.0,1.03,2021-09-30,,0,
New Hanover,New Hanover County (North),67743.0,1.1800000000000002,2021-10-01,,0,
New Hanover,New Hanover County (North),67743.0,1.4800000000000002,2021-10-02,18110.770276274834,0,7286463.11187041
New Hanover,New Hanover County (North),67743.0,0.30000000000000004,2021-10-03,,0,
New Hanover,New Hanover County (North),67743.0,0.30000000000000004,2021-10-04,,0,
New Hanover,New Hanover County (North),67743.0,0.8900000000000001,2021-10-05,,0,
New Hanover,New Hanover County (North),67743.0,1.92,2021-10-06,30363.423719995742,0,12368744.5677207
New Hanover,New Hanover County (North),67743.0,1.77,2021-10-07,,0,
New Hanover,New Hanover County (North),67743.0,1.33,2021-10-08,,0,
New Hanover,New Hanover County (North),67743.0,1.33,2021-10-09,8124.0384046359695,0,3313921.22184484
New Hanover,New Hanover County (North),67743.0,1.33,2021-10-10,,0,
New Hanover,New Hanover County (North),67743.0,1.1800000000000002,2021-10-11,,0,
New Hanover,New Hanover County (North),67743.0,1.77,2021-10-12,,0,
New Hanover,New Hanover County (North),67743.0,1.03,2021-10-13,11661.903789690612,0,4802687.11693454
New Hanover,New Hanover County (North),67743.0,0.7400000000000001,2021-10-14,,0,
New Hanover,New Hanover County (North),67743.0,1.1800000000000002,2021-10-15,,0,
New Hanover,New Hanover County (North),67743.0,2.5100000000000002,2021-10-16,5979.130371550695,0,2405569.29543967
New Hanover,New Hanover County (North),67743.0,1.1800000000000002,2021-10-17,,0,
New Hanover,New Hanover County (North),67743.0,0.30000000000000004,2021-10-18,,0,
New Hanover,New Hanover County (North),67743.0,1.1800000000000002,2021-10-19,,0,
New Hanover,New Hanover County (North),67743.0,1.92,2021-10-20,8674.675786448744,0,3407657.43450721
New Hanover,New Hanover County (North),67743.0,0.30000000000000004,2021-10-21,,0,
New Hanover,New Hanover County (North),67743.0,0.30000000000000004,2021-10-22,,0,
New Hanover,New Hanover County (North),67743.0,0.30000000000000004,2021-10-23,18674.84939698311,0,6887290.41212291
New Hanover,New Hanover County (North),67743.0,1.1800000000000002,2021-10-24,,0,
New Hanover,New Hanover County (North),67743.0,0.30000000000000004,2021-10-25,,0,
New Hanover,New Hanover County (North),67743.0,0.30000000000000004,2021-10-26,,0,
New Hanover,New Hanover County (North),67743.0,0.7400000000000001,2021-10-27,12747.548783981963,0,4736915.96563167
New Hanover,New Hanover County (North),67743.0,0.7400000000000001,2021-10-28,,0,
New Hanover,New Hanover County (North),67743.0,0.30000000000000004,2021-10-29,,0,
New Hanover,New Hanover County (North),67743.0,0.8900000000000001,2021-10-30,15612.494995995992,0,5766617.21310459
New Hanover,New Hanover County (North),67743.0,0.30000000000000004,2021-10-31,,0,
New Hanover,New Hanover County (North),67743.0,0.30000000000000004,2021-11-01,,0,
New Hanover,New Hanover County (North),67743.0,0.7400000000000001,2021-11-02,,0,
New Hanover,New Hanover County (North),67743.0,1.4800000000000002,2021-11-03,12747.548783981963,0,4694176.87421245
New Hanover,New Hanover County (North),67743.0,1.03,2021-11-04,,0,
New Hanover,New Hanover County (North),67743.0,0.30000000000000004,2021-11-05,,0,
New Hanover,New Hanover County (North),67743.0,0.30000000000000004,2021-11-06,0.0,0,120034.064676613
New Hanover,New Hanover County (North),67743.0,0.30000000000000004,2021-11-07,,0,
New Hanover,New Hanover County (North),67743.0,0.30000000000000004,2021-11-08,,0,
New Hanover,New Hanover County (North),67743.0,1.33,2021-11-09,,0,
New Hanover,New Hanover County (North),67743.0,0.30000000000000004,2021-11-10,,0,
New Hanover,New Hanover County (North),67743.0,0.30000000000000004,2021-11-11,,0,
New Hanover,New Hanover County (North),67743.0,0.30000000000000004,2021-11-12,,0,
New Hanover,New Hanover County (North),67743.0,0.7400000000000001,2021-11-13,3535.53390593274,0,1345393.95101481
New Hanover,New Hanover County (North),67743.0,0.30000000000000004,2021-11-14,,0,
New Hanover,New Hanover County (North),67743.0,0.30000000000000004,2021-11-15,,0,
New Hanover,New Hanover County (North),67743.0,1.33,2021-11-16,,0,
New Hanover,New Hanover County (North),67743.0,1.03,2021-11-17,12108.88103831235,0,4276302.73747755
New Hanover,New Hanover County (North),67743.0,1.03,2021-11-18,,0,
New Hanover,New Hanover County (North),67743.0,1.03,2021-11-19,,0,
New Hanover,New Hanover County (North),67743.0,0.8900000000000001,2021-11-20,17139.136501002606,0,6138953.15623515
New Hanover,New Hanover County (North),67743.0,1.03,2021-11-21,,0,
New Hanover,New Hanover County (North),67743.0,1.03,2021-11-22,,0,
New Hanover,New Hanover County (North),67743.0,1.1800000000000002,2021-11-23,,0,
New Hanover,New Hanover County (North),67743.0,1.1800000000000002,2021-11-24,17491.0691497118,0,6812342.69696432
New Hanover,New Hanover County (North),67743.0,1.03,2021-11-25,,0,
New Hanover,New Hanover County (North),67743.0,0.30000000000000004,2021-11-26,,0,
New Hanover,New Hanover County (North),67743.0,0.7400000000000001,2021-11-27,,0,
New Hanover,New Hanover County (North),67743.0,1.1800000000000002,2021-11-28,,0,
New Hanover,New Hanover County (North),67743.0,2.07,2021-11-29,,0,
New Hanover,New Hanover County (North),67743.0,2.5100000000000002,2021-11-30,,0,
New Hanover,New Hanover County (North),67743.0,1.62,2021-12-01,15874.507866387556,0,5171495.81375757
New Hanover,New Hanover County (North),67743.0,1.33,2021-12-02,,0,
New Hanover,New Hanover County (North),67743.0,2.07,2021-12-03,,0,
New Hanover,New Hanover County (North),67743.0,1.92,2021-12-04,0.0,0,631470.006184006
New Hanover,New Hanover County (North),67743.0,1.62,2021-12-05,,0,
New Hanover,New Hanover County (North),67743.0,1.1800000000000002,2021-12-06,,0,
New Hanover,New Hanover County (North),67743.0,2.95,2021-12-07,,0,
New Hanover,New Hanover County (North),67743.0,1.1800000000000002,2021-12-08,0.0,0,110570.798166838
New Hanover,New Hanover County (North),67743.0,2.07,2021-12-09,,0,
New Hanover,New Hanover County (North),67743.0,1.62,2021-12-10,,0,
New Hanover,New Hanover County (North),67743.0,0.8900000000000001,2021-12-11,18457.721961282245,0,6600934.54022292
New Hanover,New Hanover County (North),67743.0,1.92,2021-12-12,,0,
New Hanover,New Hanover County (North),67743.0,1.4800000000000002,2021-12-13,,0,
New Hanover,New Hanover County (North),67743.0,2.3600000000000003,2021-12-14,,0,
New Hanover,New Hanover County (North),67743.0,3.1,2021-12-15,49937.460888595524,0,16547351.8765746
New Hanover,New Hanover County (North),67743.0,1.62,2021-12-16,,0,
New Hanover,New Hanover County (North),67743.0,3.54,2021-12-17,,0,
New Hanover,New Hanover County (North),67743.0,3.25,2021-12-18,32834.813841409254,0,11118713.3748215
New Hanover,New Hanover County (North),67743.0,2.95,2021-12-19,,0,
New Hanover,New Hanover County (North),67743.0,2.07,2021-12-20,,0,
New Hanover,New Hanover County (North),67743.0,5.61,2021-12-21,,0,
New Hanover,New Hanover County (North),67743.0,4.58,2021-12-22,15540.270267920067,0,5644419.40819271
New Hanover,New Hanover County (North),67743.0,6.640000000000001,2021-12-23,,0,
New Hanover,New Hanover County (North),67743.0,5.460000000000001,2021-12-24,,0,
New Hanover,New Hanover County (North),67743.0,3.1,2021-12-25,,0,
New Hanover,New Hanover County (North),67743.0,1.92,2021-12-26,,0,
New Hanover,New Hanover County (North),67743.0,4.13,2021-12-27,,0,
New Hanover,New Hanover County (North),67743.0,12.700000000000001,2021-12-28,,0,
New Hanover,New Hanover County (North),67743.0,16.680000000000003,2021-12-29,62249.49798994368,0,26157789.8480628
New Hanover,New Hanover County (North),67743.0,16.09,2021-12-30,,0,
New Hanover,New Hanover County (North),67743.0,19.040000000000003,2021-12-31,,0,
New Hanover,New Hanover County (North),67743.0,6.2,2022-01-01,,0,
New Hanover,New Hanover County (North),67743.0,2.66,2022-01-02,,0,
New Hanover,New Hanover County (North),67743.0,6.640000000000001,2022-01-03,,0,
New Hanover,New Hanover County (North),67743.0,23.91,2022-01-04,,0,
New Hanover,New Hanover County (North),67743.0,32.62,2022-01-18,,0,
New Hanover,New Hanover County (North),67743.0,25.830000000000002,2022-01-19,8317.902379807068,0,3504552.07210564
New Hanover,New Hanover County (North),67743.0,30.410000000000004,2022-01-20,,0,
New Hanover,New Hanover County (North),67743.0,21.400000000000002,2022-01-21,,0,
New Hanover,New Hanover County (North),67743.0,10.48,2022-01-22,232163.73532487807,0,80951765.4529688
New Hanover,New Hanover County (North),67743.0,5.760000000000001,2022-01-23,,0,
New Hanover,New Hanover County (North),67743.0,9.0,2022-01-24,,0,
New Hanover,New Hanover County (North),67743.0,25.090000000000003,2022-01-25,,0,
New Hanover,New Hanover County (North),67743.0,17.57,2022-01-26,231219.59259543754,0,81526977.7698943
New Hanover,New Hanover County (North),67743.0,13.730000000000002,2022-01-27,,0,
New Hanover,New Hanover County (North),67743.0,11.07,2022-01-28,,0,
New Hanover,New Hanover County (North),67743.0,9.600000000000001,2022-01-29,61237.24356957946,0,22413221.6589798
New Hanover,New Hanover County (North),67743.0,4.13,2022-01-30,,0,
New Hanover,New Hanover County (North),67743.0,5.760000000000001,2022-01-31,,0,
New Hanover,New Hanover County (North),67743.0,10.190000000000001,2022-02-01,,0,
New Hanover,New Hanover County (North),67743.0,8.120000000000001,2022-02-02,28361.505601783574,0,10491428.4675766
New Hanover,New Hanover County (North),67743.0,8.86,2022-02-03,,0,
New Hanover,New Hanover County (North),67743.0,5.170000000000001,2022-02-04,,0,
New Hanover,New Hanover County (North),67743.0,6.2,2022-02-05,85805.01150865262,0,30685978.7670322
New Hanover,New Hanover County (North),67743.0,2.3600000000000003,2022-02-06,,0,
New Hanover,New Hanover County (North),67743.0,2.07,2022-02-07,,0,
New Hanover,New Hanover County (North),67743.0,5.0200000000000005,2022-02-08,,0,
New Hanover,New Hanover County (North),67743.0,4.43,2022-02-09,77540.31209635416,0,27297033.105709706
New Hanover,New Hanover County (North),67743.0,2.5100000000000002,2022-02-10,,0,
New Hanover,New Hanover County (North),67743.0,4.43,2022-02-11,,0,
New Hanover,New Hanover County (North),67743.0,2.5100000000000002,2022-02-12,6937.21846275581,0,2446031.70972438
New Hanover,New Hanover County (North),67743.0,1.03,2022-02-13,,0,
New Hanover,New Hanover County (North),67743.0,0.8900000000000001,2022-02-14,,0,
New Hanover,New Hanover County (North),67743.0,2.66,2022-02-15,,0,
New Hanover,New Hanover County (North),67743.0,0.8900000000000001,2022-02-16,0.0,0,97621.0650481997
New Hanover,New Hanover County (North),67743.0,2.2100000000000004,2022-02-17,,0,
New Hanover,New Hanover County (North),67743.0,1.1800000000000002,2022-02-18,,0,
New Hanover,New Hanover County (North),67743.0,1.1800000000000002,2022-02-19,19230.509613632217,0,6576420.39885497
New Hanover,New Hanover County (North),67743.0,0.30000000000000004,2022-02-20,,0,
New Hanover,New Hanover County (North),67743.0,0.8900000000000001,2022-02-21,,0,
New Hanover,New Hanover County (North),67743.0,1.33,2022-02-22,,0,
New Hanover,New Hanover County (North),67743.0,0.8900000000000001,2022-02-23,13247.641299491783,0,4730279.1518956
New Hanover,New Hanover County (North),67743.0,0.8900000000000001,2022-02-24,,0,
New Hanover,New Hanover County (North),67743.0,1.1800000000000002,2022-02-25,,0,
New Hanover,New Hanover County (North),67743.0,0.30000000000000004,2022-02-26,8587.782018658847,0,2874452.83527527
New Hanover,New Hanover County (North),67743.0,0.30000000000000004,2022-02-27,,0,
New Hanover,New Hanover County (North),67743.0,0.30000000000000004,2022-02-28,,0,
New Hanover,New Hanover County (North),67743.0,0.30000000000000004,2022-03-01,,0,
New Hanover,New Hanover County (North),67743.0,0.7400000000000001,2022-03-02,3622.844186547362,0,1210593.09470887
New Hanover,New Hanover County (North),67743.0,0.30000000000000004,2022-03-03,,0,
New Hanover,New Hanover County (North),67743.0,1.03,2022-03-04,,0,
New Hanover,New Hanover County (North),67743.0,,2022-03-05,3856.8121551353784,0,1303860.75651948
New Hanover,New Hanover County (North),67743.0,0.30000000000000004,2022-03-06,,0,
New Hanover,New Hanover County (North),67743.0,,2022-03-07,,0,
New Hanover,New Hanover County (North),67743.0,0.30000000000000004,2022-03-08,,0,
New Hanover,New Hanover County (North),67743.0,0.30000000000000004,2022-03-09,9103.570728016572,0,3250573.43032045
New Hanover,New Hanover County (North),67743.0,0.7400000000000001,2022-03-10,,0,
New Hanover,New Hanover County (North),67743.0,0.7400000000000001,2022-03-11,,0,
New Hanover,New Hanover County (North),67743.0,0.30000000000000004,2022-03-12,0.0,0,375203.537654963
New Hanover,New Hanover County (North),67743.0,,2022-03-13,,0,
New Hanover,New Hanover County (North),67743.0,0.30000000000000004,2022-03-14,,0,
New Hanover,New Hanover County (North),67743.0,0.30000000000000004,2022-03-15,,0,
New Hanover,New Hanover County (North),67743.0,0.30000000000000004,2022-03-16,0.0,0,394822.023283981
New Hanover,New Hanover County (North),67743.0,0.30000000000000004,2022-03-17,,0,
New Hanover,New Hanover County (North),67743.0,0.30000000000000004,2022-03-18,,0,
New Hanover,New Hanover County (North),67743.0,0.30000000000000004,2022-03-19,0.0,0,101771.620534942
New Hanover,New Hanover County (North),67743.0,,2022-03-20,,0,
New Hanover,New Hanover County (North),67743.0,,2022-03-21,,0,
New Hanover,New Hanover County (North),67743.0,0.30000000000000004,2022-03-22,,0,
New Hanover,New Hanover County (North),67743.0,0.30000000000000004,2022-03-23,5099.019513592792,0,1701015.83848548
New Hanover,New Hanover County (North),67743.0,,2022-03-24,,0,
New Hanover,New Hanover County (North),67743.0,0.30000000000000004,2022-03-25,,0,
New Hanover,New Hanover County (North),67743.0,,2022-03-26,0.0,0,105756.153802216
New Hanover,New Hanover County (North),67743.0,,2022-03-27,,0,
New Hanover,New Hanover County (North),67743.0,0.30000000000000004,2022-03-28,,0,
New Hanover,New Hanover County (North),67743.0,0.30000000000000004,2022-03-29,,0,
New Hanover,New Hanover County (North),67743.0,0.30000000000000004,2022-03-30,4107.919181288749,0,1404819.9472324
New Hanover,New Hanover County (North),67743.0,0.30000000000000004,2022-03-31,,0,
New Hanover,New Hanover County (North),67743.0,0.30000000000000004,2022-04-01,,0,
New Hanover,New Hanover County (North),67743.0,0.30000000000000004,2022-04-02,4609.7722286464505,0,1553259.90463574
New Hanover,New Hanover County (North),67743.0,,2022-04-03,,0,
New Hanover,New Hanover County (North),67743.0,0.30000000000000004,2022-04-04,,0,
New Hanover,New Hanover County (North),67743.0,0.7400000000000001,2022-04-05,,0,
New Hanover,New Hanover County (North),67743.0,,2022-04-06,21324.868112136162,0,7709709.01367477
New Hanover,New Hanover County (North),67743.0,0.30000000000000004,2022-04-07,,0,
New Hanover,New Hanover County (North),67743.0,1.1800000000000002,2022-04-08,,0,
New Hanover,New Hanover County (North),67743.0,0.30000000000000004,2022-04-09,0.0,0,257508.311861506
New Hanover,New Hanover County (North),67743.0,0.30000000000000004,2022-04-10,,0,
New Hanover,New Hanover County (North),67743.0,0.30000000000000004,2022-04-11,,0,
New Hanover,New Hanover County (North),67743.0,0.30000000000000004,2022-04-12,,0,
New Hanover,New Hanover County (North),67743.0,0.30000000000000004,2022-04-13,31257.998976262108,0,10741962.7171392
New Hanover,New Hanover County (North),67743.0,0.8900000000000001,2022-04-14,,0,
New Hanover,New Hanover County (North),67743.0,0.7400000000000001,2022-04-15,13750.000000000018,0,5040271.02431249
New Hanover,New Hanover County (North),67743.0,0.7400000000000001,2022-04-16,,0,
New Hanover,New Hanover County (North),67743.0,0.30000000000000004,2022-04-17,,0,
New Hanover,New Hanover County (North),67743.0,0.30000000000000004,2022-04-18,,0,
New Hanover,New Hanover County (North),67743.0,0.7400000000000001,2022-04-19,,0,
New Hanover,New Hanover County (North),67743.0,0.7400000000000001,2022-04-20,,0,
New Hanover,New Hanover County (North),67743.0,0.30000000000000004,2022-04-21,,0,
New Hanover,New Hanover County (North),67743.0,0.7400000000000001,2022-04-22,,0,
New Hanover,New Hanover County (North),67743.0,0.30000000000000004,2022-04-23,23228.48466861325,0,8268136.9935979
New Hanover,New Hanover County (North),67743.0,1.1800000000000002,2022-04-24,,0,
New Hanover,New Hanover County (North),67743.0,,2022-04-25,,0,
New Hanover,New Hanover County (North),67743.0,1.03,2022-04-26,,0,
New Hanover,New Hanover County (North),67743.0,1.1800000000000002,2022-04-27,51143.18136369704,0,17947118.7288781
New Hanover,New Hanover County (North),67743.0,1.4800000000000002,2022-04-28,,0,
New Hanover,New Hanover County (North),67743.0,1.4800000000000002,2022-04-29,,0,
New Hanover,New Hanover County (North),67743.0,1.4800000000000002,2022-04-30,12845.232578665147,0,4550703.94250015
New Hanover,New Hanover County (North),67743.0,0.30000000000000004,2022-05-01,,0,
New Hanover,New Hanover County (North),67743.0,1.1800000000000002,2022-05-02,,0,
New Hanover,New Hanover County (North),67743.0,1.92,2022-05-03,,0,
New Hanover,New Hanover County (North),67743.0,1.62,2022-05-04,3269.1742076555065,0,1147215.64215844
New Hanover,New Hanover County (North),67743.0,1.62,2022-05-05,,0,
New Hanover,New Hanover County (North),67743.0,0.8900000000000001,2022-05-06,,0,
New Hanover,New Hanover County (North),67743.0,1.03,2022-05-07,21177.818584547404,0,7289693.83013543
New Hanover,New Hanover County (North),67743.0,1.03,2022-05-08,,0,
New Hanover,New Hanover County (North),67743.0,1.4800000000000002,2022-05-09,,0,
New Hanover,New Hanover County (North),67743.0,2.95,2022-05-10,,0,
New Hanover,New Hanover County (North),67743.0,1.4800000000000002,2022-05-11,54083.26913195986,0,20248137.9140753
New Hanover,New Hanover County (North),67743.0,1.77,2022-05-12,,0,
New Hanover,New Hanover County (North),67743.0,1.62,2022-05-13,,0,
New Hanover,New Hanover County (North),67743.0,1.77,2022-05-14,24787.849846245263,0,10111348.2676915
New Hanover,New Hanover County (North),67743.0,1.77,2022-05-15,,0,
New Hanover,New Hanover County (North),67743.0,1.62,2022-05-16,,0,
New Hanover,New Hanover County (North),67743.0,2.2100000000000004,2022-05-17,,0,
New Hanover,New Hanover County (North),67743.0,3.4000000000000004,2022-05-18,53547.87577486153,0,19868161.3787724
New Hanover,New Hanover County (North),67743.0,2.2100000000000004,2022-05-19,,0,
New Hanover,New Hanover County (North),67743.0,1.77,2022-05-20,,0,
New Hanover,New Hanover County (North),67743.0,2.8000000000000003,2022-05-21,57997.844787543654,0,21000721.4021938
New Hanover,New Hanover County (North),67743.0,1.1800000000000002,2022-05-22,,0,
New Hanover,New Hanover County (North),67743.0,1.1800000000000002,2022-05-23,,0,
New Hanover,New Hanover County (North),67743.0,2.3600000000000003,2022-05-24,,0,
New Hanover,New Hanover County (North),67743.0,3.54,2022-05-25,77338.54149129019,0,26707411.9312664
New Hanover,New Hanover County (North),67743.0,2.2100000000000004,2022-05-26,,0,
New Hanover,New Hanover County (North),67743.0,2.07,2022-05-27,,0,
New Hanover,New Hanover County (North),67743.0,1.92,2022-05-28,46505.37603331474,0,15566011.0729476
New Hanover,New Hanover County (North),67743.0,2.07,2022-05-29,,0,
New Hanover,New Hanover County (North),67743.0,1.33,2022-05-30,,0,
New Hanover,New Hanover County (North),67743.0,1.4800000000000002,2022-05-31,,0,
New Hanover,New Hanover County (North),67743.0,3.69,2022-06-01,31569.368064628754,0,10584357.2801776
New Hanover,New Hanover County (North),67743.0,3.1,2022-06-02,,0,
New Hanover,New Hanover County (North),67743.0,3.54,2022-06-03,,0,
New Hanover,New Hanover County (North),67743.0,1.33,2022-06-04,25868.658643230847,0,8817614.28651409
New Hanover,New Hanover County (North),67743.0,1.77,2022-06-05,,0,
New Hanover,New Hanover County (North),67743.0,1.1800000000000002,2022-06-06,,0,
New Hanover,New Hanover County (North),67743.0,4.13,2022-06-07,,0,
New Hanover,New Hanover County (North),67743.0,3.54,2022-06-08,26078.007976070596,0,9384424.25886745
New Hanover,New Hanover County (North),67743.0,2.07,2022-06-09,,0,
New Hanover,New Hanover County (North),67743.0,1.92,2022-06-10,,0,
New Hanover,New Hanover County (North),67743.0,2.95,2022-06-11,56723.01120356715,0,20190452.9723453
New Hanover,New Hanover County (North),67743.0,1.4800000000000002,2022-06-12,,0,
New Hanover,New Hanover County (North),67743.0,0.8900000000000001,2022-06-13,,0,
New Hanover,New Hanover County (North),67743.0,2.66,2022-06-14,,0,
New Hanover,New Hanover County (North),67743.0,2.2100000000000004,2022-06-15,35830.32933144768,0,13274301.5951148
New Hanover,New Hanover County (North),67743.0,2.95,2022-06-16,,0,
New Hanover,New Hanover County (North),67743.0,2.3600000000000003,2022-06-17,,0,
New Hanover,New Hanover County (North),67743.0,2.8000000000000003,2022-06-18,34134.84290281708,0,13447277.8292441
New Hanover,New Hanover County (North),67743.0,0.8900000000000001,2022-06-19,,0,
New Hanover,New Hanover County (North),67743.0,1.62,2022-06-20,,0,
New Hanover,New Hanover County (North),67743.0,2.8000000000000003,2022-06-21,,0,
New Hanover,New Hanover County (North),67743.0,1.1800000000000002,2022-06-22,55159.99456127609,0,20928656.079140306
New Hanover,New Hanover County (North),67743.0,3.99,2022-06-23,,0,
New Hanover,New Hanover County (North),67743.0,2.95,2022-06-24,,0,
New Hanover,New Hanover County (North),67743.0,1.92,2022-06-25,18090.052515125575,0,6408795.85452954
New Hanover,New Hanover County (North),67743.0,1.62,2022-06-26,,0,
New Hanover,New Hanover County (North),67743.0,1.77,2022-06-27,,0,
New Hanover,New Hanover County (North),67743.0,1.1800000000000002,2022-06-28,,0,
New Hanover,New Hanover County (North),67743.0,2.07,2022-06-29,10410.331406828516,0,3781161.82185844
New Hanover,New Hanover County (North),67743.0,4.28,2022-06-30,,0,
New Hanover,New Hanover County (North),67743.0,3.1,2022-07-01,,0,
New Hanover,New Hanover County (North),67743.0,2.3600000000000003,2022-07-02,16998.161665309577,0,6069461.56890959
New Hanover,New Hanover County (North),67743.0,2.95,2022-07-03,,0,
New Hanover,New Hanover County (North),67743.0,1.62,2022-07-04,,0,
New Hanover,New Hanover County (North),67743.0,1.92,2022-07-05,,0,
New Hanover,New Hanover County (North),67743.0,5.9,2022-07-06,41636.82264534602,0,17775355.3473352
New Hanover,New Hanover County (North),67743.0,3.25,2022-07-07,,0,
New Hanover,New Hanover County (North),67743.0,2.8000000000000003,2022-07-08,,0,
New Hanover,New Hanover County (North),67743.0,4.720000000000001,2022-07-09,42109.23295430587,0,15741669.8838962
New Hanover,New Hanover County (North),67743.0,2.3600000000000003,2022-07-10,,0,
New Hanover,New Hanover County (North),67743.0,2.5100000000000002,2022-07-11,,0,
New Hanover,New Hanover County (North),67743.0,2.66,2022-07-12,,0,
New Hanover,New Hanover County (North),67743.0,2.2100000000000004,2022-07-13,34098.20376500795,0,12975555.6887551
New Hanover,New Hanover County (North),67743.0,3.1,2022-07-14,,0,
New Hanover,New Hanover County (North),67743.0,2.8000000000000003,2022-07-15,,0,
New Hanover,New Hanover County (North),67743.0,3.4000000000000004,2022-07-16,25495.097567963927,0,9659034.66074671
New Hanover,New Hanover County (North),67743.0,2.2100000000000004,2022-07-17,,0,
New Hanover,New Hanover County (North),67743.0,1.4800000000000002,2022-07-18,,0,
New Hanover,New Hanover County (North),67743.0,4.28,2022-07-19,,0,
New Hanover,New Hanover County (North),67743.0,3.54,2022-07-20,57657.39328134782,0,23519344.65035
New Hanover,New Hanover County (North),67743.0,3.99,2022-07-21,,0,
New Hanover,New Hanover County (North),67743.0,3.69,2022-07-22,,0,
New Hanover,New Hanover County (North),67743.0,1.92,2022-07-23,50977.93640389928,0,18971594.4656379
New Hanover,New Hanover County (North),67743.0,3.25,2022-07-24,,0,
New Hanover,New Hanover County (North),67743.0,1.77,2022-07-25,,0,
New Hanover,New Hanover County (North),67743.0,4.43,2022-07-26,,0,
New Hanover,New Hanover County (North),67743.0,2.5100000000000002,2022-07-27,33203.91543176799,0,11837427.4450961
New Hanover,New Hanover County (North),67743.0,3.99,2022-07-28,,0,
New Hanover,New Hanover County (North),67743.0,2.07,2022-07-29,,0,
New Hanover,New Hanover County (North),67743.0,2.2100000000000004,2022-07-30,47138.094997570784,0,17437224.9029594
New Hanover,New Hanover County (North),67743.0,1.03,2022-07-31,,0,
New Hanover,New Hanover County (North),67743.0,1.33,2022-08-01,,0,
New Hanover,New Hanover County (North),67743.0,2.66,2022-08-02,,0,
New Hanover,New Hanover County (North),67743.0,3.69,2022-08-03,21977.26097583591,0,8547323.81113309
New Hanover,New Hanover County (North),67743.0,2.5100000000000002,2022-08-04,,0,
New Hanover,New Hanover County (North),67743.0,2.2100000000000004,2022-08-05,,0,
New Hanover,New Hanover County (North),67743.0,2.2100000000000004,2022-08-06,46985.286925802626,0,17223169.4735367
New Hanover,New Hanover County (North),67743.0,2.07,2022-08-07,,0,
New Hanover,New Hanover County (North),67743.0,2.5100000000000002,2022-08-08,,0,
New Hanover,New Hanover County (North),67743.0,3.69,2022-08-09,,0,
New Hanover,New Hanover County (North),67743.0,2.66,2022-08-10,44316.64296570764,0,14734356.4749157
New Hanover,New Hanover County (North),67743.0,2.66,2022-08-11,,0,
New Hanover,New Hanover County (North),67743.0,3.84,2022-08-12,,0,
New Hanover,New Hanover County (North),67743.0,1.92,2022-08-13,41630.8179117346,0,13655273.3121131
New Hanover,New Hanover County (North),67743.0,1.33,2022-08-14,,0,
New Hanover,New Hanover County (North),67743.0,1.03,2022-08-15,,0,
New Hanover,New Hanover County (North),67743.0,2.5100000000000002,2022-08-16,,0,
New Hanover,New Hanover County (North),67743.0,1.92,2022-08-17,35041.0473587763,0,14176303.3238067
New Hanover,New Hanover County (North),67743.0,1.77,2022-08-18,,0,
New Hanover,New Hanover County (North),67743.0,1.33,2022-08-19,,0,
New Hanover,New Hanover County (North),67743.0,1.92,2022-08-20,40983.99077688758,0,14817190.964436
New Hanover,New Hanover County (North),67743.0,0.8900000000000001,2022-08-21,,0,
New Hanover,New Hanover County (North),67743.0,0.7400000000000001,2022-08-22,,0,
New Hanover,New Hanover County (North),67743.0,1.4800000000000002,2022-08-23,,0,
New Hanover,New Hanover County (North),67743.0,1.4800000000000002,2022-08-24,21837.46780192247,0,8712601.32276716
New Hanover,New Hanover County (North),67743.0,1.62,2022-08-25,,0,
New Hanover,New Hanover County (North),67743.0,1.1800000000000002,2022-08-26,,0,
New Hanover,New Hanover County (North),67743.0,1.33,2022-08-27,28266.588050205144,0,10724832.4540044
New Hanover,New Hanover County (North),67743.0,0.30000000000000004,2022-08-28,,0,
New Hanover,New Hanover County (North),67743.0,1.03,2022-08-29,,0,
New Hanover,New Hanover County (North),67743.0,2.5100000000000002,2022-08-30,,0,
New Hanover,New Hanover County (North),67743.0,1.77,2022-08-31,64807.40698407861,0,25603032.7247176
New Hanover,New Hanover County (North),67743.0,2.5100000000000002,2022-09-01,,0,
New Hanover,New Hanover County (North),67743.0,1.03,2022-09-02,,0,
New Hanover,New Hanover County (North),67743.0,1.1800000000000002,2022-09-03,33985.29093593288,0,13122494.2700259
New Hanover,New Hanover County (North),67743.0,0.8900000000000001,2022-09-04,,0,
New Hanover,New Hanover County (North),67743.0,0.8900000000000001,2022-09-05,,0,
New Hanover,New Hanover County (North),67743.0,0.30000000000000004,2022-09-06,,0,
New Hanover,New Hanover County (North),67743.0,1.92,2022-09-07,59947.89404140901,0,23046751.6312818
New Hanover,New Hanover County (North),67743.0,1.62,2022-09-08,,0,
New Hanover,New Hanover County (North),67743.0,1.4800000000000002,2022-09-09,,0,
New Hanover,New Hanover County (North),67743.0,1.4800000000000002,2022-09-10,27202.9410174709,0,10002051.9472591
New Hanover,New Hanover County (North),67743.0,1.1800000000000002,2022-09-11,,0,
New Hanover,New Hanover County (North),67743.0,0.8900000000000001,2022-09-12,,0,
New Hanover,New Hanover County (North),67743.0,1.77,2022-09-13,,0,
New Hanover,New Hanover County (North),67743.0,2.07,2022-09-14,14071.247279470286,0,5779194.17460173
New Hanover,New Hanover County (North),67743.0,1.1800000000000002,2022-09-15,,0,
New Hanover,New Hanover County (North),67743.0,1.62,2022-09-16,,0,
New Hanover,New Hanover County (North),67743.0,0.30000000000000004,2022-09-17,31272.991542223794,0,11778139.0242492
New Hanover,New Hanover County (North),67743.0,1.03,2022-09-18,,0,
New Hanover,New Hanover County (North),67743.0,0.30000000000000004,2022-09-19,,0,
New Hanover,New Hanover County (North),67743.0,0.8900000000000001,2022-09-20,,0,
New Hanover,New Hanover County (North),67743.0,2.07,2022-09-21,40486.10872879735,0,13664392.4911978
New Hanover,New Hanover County (North),67743.0,1.4800000000000002,2022-09-22,,0,
New Hanover,New Hanover County (North),67743.0,0.30000000000000004,2022-09-23,,0,
New Hanover,New Hanover County (North),67743.0,0.30000000000000004,2022-09-24,23323.807579381224,0,8693059.17773498
New Hanover,New Hanover County (North),67743.0,0.30000000000000004,2022-09-25,,0,
New Hanover,New Hanover County (North),67743.0,0.30000000000000004,2022-09-26,,0,
New Hanover,New Hanover County (North),67743.0,2.07,2022-09-27,,0,
New Hanover,New Hanover County (North),67743.0,0.7400000000000001,2022-09-28,40435.13323831151,0,15070652.804175
New Hanover,New Hanover County (North),67743.0,0.8900000000000001,2022-09-29,,0,
New Hanover,New Hanover County (North),67743.0,1.33,2022-09-30,,0,
New Hanover,New Hanover County (North),67743.0,0.30000000000000004,2022-10-01,13062.350477613158,0,5269942.56550857
New Hanover,New Hanover County (North),67743.0,0.8900000000000001,2022-10-02,,0,
New Hanover,New Hanover County (North),67743.0,0.30000000000000004,2022-10-03,,0,
New Hanover,New Hanover County (North),67743.0,0.7400000000000001,2022-10-04,,0,
New Hanover,New Hanover County (North),67743.0,0.30000000000000004,2022-10-05,8351.646544245043,0,3733442.31328228
New Hanover,New Hanover County (North),67743.0,1.33,2022-10-06,,0,
New Hanover,New Hanover County (North),67743.0,0.7400000000000001,2022-10-07,,0,
New Hanover,New Hanover County (North),67743.0,0.30000000000000004,2022-10-08,13093.495724780269,0,5428837.82644772
New Hanover,New Hanover County (North),67743.0,0.30000000000000004,2022-10-09,,0,
New Hanover,New Hanover County (North),67743.0,0.30000000000000004,2022-10-10,,0,
New Hanover,New Hanover County (North),67743.0,0.30000000000000004,2022-10-11,,0,
New Hanover,New Hanover County (North),67743.0,0.30000000000000004,2022-10-12,14391.789167154207,0,5597207.14826453
New Hanover,New Hanover County (North),67743.0,0.30000000000000004,2022-10-13,,0,
New Hanover,New Hanover County (North),67743.0,0.30000000000000004,2022-10-14,,0,
New Hanover,New Hanover County (North),67743.0,0.30000000000000004,2022-10-15,0.0,0,411988.19820937107
New Hanover,New Hanover County (North),67743.0,0.30000000000000004,2022-10-16,,0,
New Hanover,New Hanover County (North),67743.0,0.30000000000000004,2022-10-17,,0,
New Hanover,New Hanover County (North),67743.0,2.07,2022-10-18,,0,
New Hanover,New Hanover County (North),67743.0,0.30000000000000004,2022-10-19,21968.727773815255,0,7169107.73292591
New Hanover,New Hanover County (North),67743.0,0.8900000000000001,2022-10-20,,0,
New Hanover,New Hanover County (North),67743.0,0.7400000000000001,2022-10-21,,0,
New Hanover,New Hanover County (North),67743.0,,2022-10-22,18381.37644465181,0,4293403.07936149
New Hanover,New Hanover County (North),67743.0,0.30000000000000004,2022-10-23,,0,
New Hanover,New Hanover County (North),67743.0,0.30000000000000004,2022-10-24,,0,
New Hanover,New Hanover County (North),67743.0,0.30000000000000004,2022-10-25,,0,
New Hanover,New Hanover County (North),67743.0,0.30000000000000004,2022-10-26,17282.577932704407,0,4394073.0526311
New Hanover,New Hanover County (North),67743.0,0.30000000000000004,2022-10-27,,0,
New Hanover,New Hanover County (North),67743.0,0.30000000000000004,2022-10-28,,0,
New Hanover,New Hanover County (North),67743.0,,2022-10-29,0.0,0,695309.552968541
New Hanover,New Hanover County (North),67743.0,0.30000000000000004,2022-10-30,,0,
New Hanover,New Hanover County (North),67743.0,0.30000000000000004,2022-10-31,,0,
New Hanover,New Hanover County (North),67743.0,0.30000000000000004,2022-11-01,,0,
New Hanover,New Hanover County (North),67743.0,0.7400000000000001,2022-11-02,20856.653614614228,0,6491531.60653759
New Hanover,New Hanover County (North),67743.0,0.30000000000000004,2022-11-03,,0,
New Hanover,New Hanover County (North),67743.0,0.7400000000000001,2022-11-04,,0,
New Hanover,New Hanover County (North),67743.0,0.30000000000000004,2022-11-05,14124.446891825533,0,4135710.10768667
New Hanover,New Hanover County (North),67743.0,0.30000000000000004,2022-11-06,,0,
New Hanover,New Hanover County (North),67743.0,,2022-11-07,,0,
New Hanover,New Hanover County (North),67743.0,0.30000000000000004,2022-11-08,,0,
New Hanover,New Hanover County (North),67743.0,0.30000000000000004,2022-11-09,10937.321427113693,0,3080270.55359503
New Hanover,New Hanover County (North),67743.0,0.8900000000000001,2022-11-10,,0,
New Hanover,New Hanover County (North),67743.0,0.7400000000000001,2022-11-11,0.0,0,694265.286413997
New Hanover,New Hanover County (North),67743.0,0.7400000000000001,2022-11-12,,0,
New Hanover,New Hanover County (North),67743.0,0.30000000000000004,2022-11-13,,0,
New Hanover,New Hanover County (North),67743.0,,2022-11-14,,0,
New Hanover,New Hanover County (North),67743.0,0.30000000000000004,2022-11-15,,0,
New Hanover,New Hanover County (North),67743.0,0.30000000000000004,2022-11-16,,0,
New Hanover,New Hanover County (North),67743.0,0.30000000000000004,2022-11-17,5018.71497497119,0,1545224.13535081
New Hanover,New Hanover County (North),67743.0,0.30000000000000004,2022-11-18,,0,
New Hanover,New Hanover County (North),67743.0,0.30000000000000004,2022-11-19,15819.292019556377,0,4013194.8683873294
New Hanover,New Hanover County (North),67743.0,0.30000000000000004,2022-11-20,,0,
New Hanover,New Hanover County (North),67743.0,0.8900000000000001,2022-11-21,,0,
New Hanover,New Hanover County (North),67743.0,0.7400000000000001,2022-11-22,,0,
New Hanover,New Hanover County (North),67743.0,1.03,2022-11-23,95393.92014169457,0,24733525.7401101
New Hanover,New Hanover County (North),67743.0,0.30000000000000004,2022-11-24,,0,
New Hanover,New Hanover County (North),67743.0,0.30000000000000004,2022-11-25,,0,
New Hanover,New Hanover County (North),67743.0,0.30000000000000004,2022-11-26,,0,
New Hanover,New Hanover County (North),67743.0,0.30000000000000004,2022-11-27,,0,
New Hanover,New Hanover County (North),67743.0,0.30000000000000004,2022-11-28,,0,
New Hanover,New Hanover County (North),67743.0,1.1800000000000002,2022-11-29,,0,
New Hanover,New Hanover County (North),67743.0,1.62,2022-11-30,15841.006912440884,0,4461292.2329159
New Hanover,New Hanover County (North),67743.0,0.8900000000000001,2022-12-01,,0,
New Hanover,New Hanover County (North),67743.0,0.7400000000000001,2022-12-02,,0,
New Hanover,New Hanover County (North),67743.0,0.7400000000000001,2022-12-03,13062.350477613158,0,3474366.5667342
New Hanover,New Hanover County (North),67743.0,0.30000000000000004,2022-12-04,,0,
New Hanover,New Hanover County (North),67743.0,0.8900000000000001,2022-12-05,,0,
New Hanover,New Hanover County (North),67743.0,0.8900000000000001,2022-12-06,,0,
New Hanover,New Hanover County (North),67743.0,0.7400000000000001,2022-12-07,21708.293346092407,0,6319908.01447047
New Hanover,New Hanover County (North),67743.0,1.1800000000000002,2022-12-08,,0,
New Hanover,New Hanover County (North),67743.0,0.7400000000000001,2022-12-09,,0,
New Hanover,New Hanover County (North),67743.0,0.7400000000000001,2022-12-10,22538.85533916932,0,5591935.8239812
New Hanover,New Hanover County (North),67743.0,0.8900000000000001,2022-12-11,,0,
New Hanover,New Hanover County (North),67743.0,0.30000000000000004,2022-12-12,,0,
New Hanover,New Hanover County (North),67743.0,1.4800000000000002,2022-12-13,,0,
New Hanover,New Hanover County (North),67743.0,1.03,2022-12-14,28093.593575760315,0,7519520.731187889
New Hanover,New Hanover County (North),67743.0,1.62,2022-12-15,,0,
New Hanover,New Hanover County (North),67743.0,0.30000000000000004,2022-12-16,,0,
New Hanover,New Hanover County (North),67743.0,0.7400000000000001,2022-12-17,29118.293219211853,0,8233107.464817659
New Hanover,New Hanover County (North),67743.0,1.03,2022-12-18,,0,
New Hanover,New Hanover County (North),67743.0,1.4800000000000002,2022-12-19,,0,
New Hanover,New Hanover County (North),67743.0,1.92,2022-12-20,,0,
New Hanover,New Hanover County (North),67743.0,1.1800000000000002,2022-12-21,46967.40891298989,0,11678954.4626246
New Hanover,New Hanover County (North),67743.0,2.3600000000000003,2022-12-22,,0,
New Hanover,New Hanover County (North),67743.0,1.77,2022-12-23,,0,
New Hanover,New Hanover County (North),67743.0,1.92,2022-12-24,,0,
New Hanover,New Hanover County (North),67743.0,1.4800000000000002,2022-12-25,,0,
New Hanover,New Hanover County (North),67743.0,1.4800000000000002,2022-12-26,,0,
New Hanover,New Hanover County (North),67743.0,3.54,2022-12-27,,0,
New Hanover,New Hanover County (North),67743.0,3.25,2022-12-28,,0,
New Hanover,New Hanover County (North),67743.0,3.1,2022-12-29,,0,
New Hanover,New Hanover County (North),67743.0,3.69,2022-12-30,,0,
New Hanover,New Hanover County (North),67743.0,1.92,2022-12-31,,0,
New Hanover,New Hanover County (North),67743.0,1.33,2023-01-01,,0,
New Hanover,New Hanover County (North),67743.0,0.7400000000000001,2023-01-02,,0,
New Hanover,New Hanover County (North),67743.0,3.1,2023-01-03,,0,
New Hanover,New Hanover County (North),67743.0,4.13,2023-01-04,159980.4675577617,0,39780874.4139546
New Hanover,New Hanover County (North),67743.0,2.2100000000000004,2023-01-05,,0,
New Hanover,New Hanover County (North),67743.0,1.92,2023-01-06,,0,
New Hanover,New Hanover County (North),67743.0,2.66,2023-01-07,47347.12240464041,0,12143772.6247865
New Hanover,New Hanover County (North),67743.0,1.4800000000000002,2023-01-08,,0,
New Hanover,New Hanover County (North),67743.0,2.07,2023-01-09,,0,
New Hanover,New Hanover County (North),67743.0,1.4800000000000002,2023-01-10,,0,
New Hanover,New Hanover County (North),67743.0,1.92,2023-01-11,88670.73925484103,0,26607371.1222595
New Hanover,New Hanover County (North),67743.0,1.33,2023-01-12,,0,
New Hanover,New Hanover County (North),67743.0,1.4800000000000002,2023-01-13,,0,
New Hanover,New Hanover County (North),67743.0,1.1800000000000002,2023-01-14,43171.17093616985,0,13195580.6950669
New Hanover,New Hanover County (North),67743.0,0.30000000000000004,2023-01-15,,0,
New Hanover,New Hanover County (North),67743.0,0.30000000000000004,2023-01-16,,0,
New Hanover,New Hanover County (North),67743.0,0.7400000000000001,2023-01-17,,0,
New Hanover,New Hanover County (North),67743.0,0.7400000000000001,2023-01-18,26597.697268748638,0,8100053.60943731
New Hanover,New Hanover County (North),67743.0,1.03,2023-01-19,,0,
New Hanover,New Hanover County (North),67743.0,1.03,2023-01-20,,0,
New Hanover,New Hanover County (North),67743.0,0.30000000000000004,2023-01-21,44860.89611231588,0,13636854.178601
New Hanover,New Hanover County (North),67743.0,0.30000000000000004,2023-01-22,,0,
New Hanover,New Hanover County (North),67743.0,0.7400000000000001,2023-01-23,,0,
New Hanover,New Hanover County (North),67743.0,2.2100000000000004,2023-01-24,,0,
New Hanover,New Hanover County (North),67743.0,1.4800000000000002,2023-01-25,31105.666686312958,0,10637468.5344188
New Hanover,New Hanover County (North),67743.0,1.33,2023-01-26,,0,
New Hanover,New Hanover County (North),67743.0,0.30000000000000004,2023-01-27,,0,
New Hanover,New Hanover County (North),67743.0,1.1800000000000002,2023-01-28,26009.613607279894,0,8662186.1511894
New Hanover,New Hanover County (North),67743.0,0.7400000000000001,2023-01-29,,0,
New Hanover,New Hanover County (North),67743.0,0.30000000000000004,2023-01-30,,0,
New Hanover,New Hanover County (North),67743.0,1.03,2023-01-31,,0,
New Hanover,New Hanover County (North),67743.0,1.4800000000000002,2023-02-01,52141.63403653551,0,13402623.604162
New Hanover,New Hanover County (North),67743.0,0.30000000000000004,2023-02-02,,0,
New Hanover,New Hanover County (North),67743.0,1.03,2023-02-03,,0,
New Hanover,New Hanover County (North),67743.0,0.30000000000000004,2023-02-04,13747.727084867538,0,4263548.79314717
New Hanover,New Hanover County (North),67743.0,0.30000000000000004,2023-02-05,,0,
New Hanover,New Hanover County (North),67743.0,0.7400000000000001,2023-02-06,,0,
New Hanover,New Hanover County (North),67743.0,1.92,2023-02-07,,0,
New Hanover,New Hanover County (North),67743.0,0.8900000000000001,2023-02-08,30112.289849827117,0,9405955.98905014
New Hanover,New Hanover County (North),67743.0,1.1800000000000002,2023-02-09,,0,
New Hanover,New Hanover County (North),67743.0,0.30000000000000004,2023-02-10,,0,
New Hanover,New Hanover County (North),67743.0,0.30000000000000004,2023-02-11,9807.522622966513,0,2942936.94190645
New Hanover,New Hanover County (North),67743.0,0.30000000000000004,2023-02-12,,0,
New Hanover,New Hanover County (North),67743.0,0.7400000000000001,2023-02-13,,0,
New Hanover,New Hanover County (North),67743.0,1.33,2023-02-14,,0,
New Hanover,New Hanover County (North),67743.0,0.30000000000000004,2023-02-15,32484.611741561628,0,10491869.2835571
New Hanover,New Hanover County (North),67743.0,1.1800000000000002,2023-02-16,,0,
New Hanover,New Hanover County (North),67743.0,0.30000000000000004,2023-02-17,,0,
New Hanover,New Hanover County (North),67743.0,1.1800000000000002,2023-02-18,15054.069217324597,0,4769625.93033268
New Hanover,New Hanover County (North),67743.0,0.30000000000000004,2023-02-19,,0,
New Hanover,New Hanover County (North),67743.0,0.30000000000000004,2023-02-20,,0,
New Hanover,New Hanover County (North),67743.0,0.30000000000000004,2023-02-21,,0,
New Hanover,New Hanover County (North),67743.0,0.30000000000000004,2023-02-22,14387.49456993818,0,4968450.87492983
New Hanover,New Hanover County (North),67743.0,0.30000000000000004,2023-02-23,,0,
New Hanover,New Hanover County (North),67743.0,0.30000000000000004,2023-02-24,,0,
New Hanover,New Hanover County (North),67743.0,0.7400000000000001,2023-02-25,24083.189157584595,0,7738008.345710171
New Hanover,New Hanover County (North),67743.0,,2023-02-26,,0,
New Hanover,New Hanover County (North),67743.0,0.30000000000000004,2023-02-27,,0,
New Hanover,New Hanover County (North),67743.0,0.30000000000000004,2023-02-28,,0,
New Hanover,New Hanover County (North),67743.0,0.8900000000000001,2023-03-01,15791.611697353777,0,4888589.53297258
New Hanover,New Hanover County (North),67743.0,0.30000000000000004,2023-03-02,,0,
New Hanover,New Hanover County (North),67743.0,,2023-03-03,,0,
New Hanover,New Hanover County (North),67743.0,0.30000000000000004,2023-03-04,9526.279441628818,0,3098087.31698255
New Hanover,New Hanover County (North),67743.0,0.30000000000000004,2023-03-05,,0,
New Hanover,New Hanover County (North),67743.0,0.30000000000000004,2023-03-06,,0,
New Hanover,New Hanover County (North),67743.0,,2023-03-07,,0,
New Hanover,New Hanover County (North),67743.0,0.30000000000000004,2023-03-08,16267.298484997445,0,5444896.2666815
New Hanover,New Hanover County (North),67743.0,0.30000000000000004,2023-03-09,,0,
New Hanover,New Hanover County (North),67743.0,0.30000000000000004,2023-03-10,,0,
New Hanover,New Hanover County (North),67743.0,0.30000000000000004,2023-03-11,12196.310917650495,0,3980051.4537356906
New Hanover,New Hanover County (North),67743.0,0.30000000000000004,2023-03-12,,0,
New Hanover,New Hanover County (North),67743.0,0.30000000000000004,2023-03-13,,0,
New Hanover,New Hanover County (North),67743.0,0.30000000000000004,2023-03-14,,0,
New Hanover,New Hanover County (North),67743.0,0.30000000000000004,2023-03-15,28264.376872664303,0,9239375.83884139
New Hanover,New Hanover County (North),67743.0,0.30000000000000004,2023-03-16,,0,
New Hanover,New Hanover County (North),67743.0,0.30000000000000004,2023-03-17,,0,
New Hanover,New Hanover County (North),67743.0,0.30000000000000004,2023-03-18,6334.248335280215,0,2088307.50816144
New Hanover,New Hanover County (North),67743.0,0.30000000000000004,2023-03-19,,0,
New Hanover,New Hanover County (North),67743.0,0.30000000000000004,2023-03-20,,0,
New Hanover,New Hanover County (North),67743.0,,2023-03-21,,0,
New Hanover,New Hanover County (North),67743.0,0.30000000000000004,2023-03-22,20206.78944841314,0,7350648.5225769505
New Hanover,New Hanover County (North),67743.0,0.30000000000000004,2023-03-23,,0,
New Hanover,New Hanover County (North),67743.0,,2023-03-24,,0,
New Hanover,New Hanover County (North),67743.0,0.30000000000000004,2023-03-25,15756.9004350475,0,5124377.643118
New Hanover,New Hanover County (North),67743.0,0.30000000000000004,2023-03-26,,0,
New Hanover,New Hanover County (North),67743.0,0.30000000000000004,2023-03-27,,0,
New Hanover,New Hanover County (North),67743.0,0.30000000000000004,2023-03-28,,0,
New Hanover,New Hanover County (North),67743.0,0.30000000000000004,2023-03-29,17708.650869702087,0,5749220.43432692
New Hanover,New Hanover County (North),67743.0,0.30000000000000004,2023-03-30,,0,
New Hanover,New Hanover County (North),67743.0,0.30000000000000004,2023-03-31,,0,
New Hanover,New Hanover County (North),67743.0,0.30000000000000004,2023-04-01,25585.592894048787,0,8435189.60944569
New Hanover,New Hanover County (North),67743.0,,2023-04-02,,0,
New Hanover,New Hanover County (North),67743.0,,2023-04-03,,0,
New Hanover,New Hanover County (North),67743.0,0.30000000000000004,2023-04-04,,0,
New Hanover,New Hanover County (North),67743.0,,2023-04-05,14478.535250932691,0,4959437.87826545
New Hanover,New Hanover County (North),67743.0,0.30000000000000004,2023-04-06,,0,
New Hanover,New Hanover County (North),67743.0,0.30000000000000004,2023-04-07,6829.767943349175,0,2186794.24400868
New Hanover,New Hanover County (North),67743.0,0.30000000000000004,2023-04-08,,0,
New Hanover,New Hanover County (North),67743.0,0.30000000000000004,2023-04-09,,0,
New Hanover,New Hanover County (North),67743.0,0.30000000000000004,2023-04-10,,0,
New Hanover,New Hanover County (North),67743.0,0.30000000000000004,2023-04-11,,0,
New Hanover,New Hanover County (North),67743.0,0.30000000000000004,2023-04-12,2999.4892788606508,0,1082747.48662808
New Hanover,New Hanover County (North),67743.0,,2023-04-13,,0,
New Hanover,New Hanover County (North),67743.0,,2023-04-14,,0,
New Hanover,New Hanover County (North),67743.0,0.30000000000000004,2023-04-15,0.0,0,431592.47156371
New Hanover,New Hanover County (North),67743.0,,2023-04-16,,0,
New Hanover,New Hanover County (North),67743.0,,2023-04-17,,0,
New Hanover,New Hanover County (North),67743.0,,2023-04-18,,0,
New Hanover,New Hanover County (North),67743.0,0.30000000000000004,2023-04-19,4974.6659171747415,0,1698448.89091353
New Hanover,New Hanover County (North),67743.0,0.30000000000000004,2023-04-20,,0,
New Hanover,New Hanover County (North),67743.0,0.30000000000000004,2023-04-21,,0,
New Hanover,New Hanover County (North),67743.0,0.30000000000000004,2023-04-22,0.0,0,244289.801173331
New Hanover,New Hanover County (North),67743.0,,2023-04-23,,0,
New Hanover,New Hanover County (North),67743.0,0.30000000000000004,2023-04-24,,0,
New Hanover,New Hanover County (North),67743.0,,2023-04-25,,0,
New Hanover,New Hanover County (North),67743.0,0.30000000000000004,2023-04-26,11647.7017029112,0,3937703.0934341494
New Hanover,New Hanover County (North),67743.0,0.30000000000000004,2023-04-27,,0,
New Hanover,New Hanover County (North),67743.0,0.30000000000000004,2023-04-28,,0,
New Hanover,New Hanover County (North),67743.0,,2023-04-29,7451.510552817467,0,2581566.77279037
New Hanover,New Hanover County (North),67743.0,0.30000000000000004,2023-04-30,,0,
New Hanover,New Hanover County (North),67743.0,0.30000000000000004,2023-05-01,,0,
New Hanover,New Hanover County (North),67743.0,,2023-05-02,,0,
New Hanover,New Hanover County (North),67743.0,,2023-05-03,8124.018079928193,0,2950744.39068894
New Hanover,New Hanover County (North),67743.0,0.30000000000000004,2023-05-04,,0,
New Hanover,New Hanover County (North),67743.0,0.30000000000000004,2023-05-05,,0,
New Hanover,New Hanover County (North),67743.0,0.7400000000000001,2023-05-06,0.0,0,253511.507461811
New Hanover,New Hanover County (North),67743.0,,2023-05-07,,0,
New Hanover,New Hanover County (North),67743.0,,2023-05-08,,0,
New Hanover,New Hanover County (North),67743.0,0.30000000000000004,2023-05-09,,0,
New Hanover,New Hanover County (North),67743.0,0.30000000000000004,2023-05-10,5511.32864348516,0,1672258.80338152
New Hanover,New Hanover County (North),67743.0,0.30000000000000004,2023-05-11,,0,
New Hanover,New Hanover County (North),67743.0,0.30000000000000004,2023-05-12,,0,
New Hanover,New Hanover County (North),67743.0,0.30000000000000004,2023-05-13,3681.0828478180188,0,1227996.91396037
New Hanover,New Hanover County (North),67743.0,,2023-05-14,,0,
New Hanover,New Hanover County (North),67743.0,,2023-05-15,,0,
New Hanover,New Hanover County (North),67743.0,0.30000000000000004,2023-05-16,,0,
New Hanover,New Hanover County (North),67743.0,,2023-05-17,4671.63179627847,0,1608039.34295877
New Hanover,New Hanover County (North),67743.0,0.30000000000000004,2023-05-18,,0,
New Hanover,New Hanover County (North),67743.0,,2023-05-19,,0,
New Hanover,New Hanover County (North),67743.0,,2023-05-20,3913.671833713197,0,1235606.56422448
New Hanover,New Hanover County (North),67743.0,,2023-05-21,,0,
New Hanover,New Hanover County (North),67743.0,,2023-05-22,,0,
New Hanover,New Hanover County (North),67743.0,0.30000000000000004,2023-05-23,,0,
New Hanover,New Hanover County (North),67743.0,0.30000000000000004,2023-05-24,9274.815887390976,0,3052586.25502508
New Hanover,New Hanover County (North),67743.0,,2023-05-25,,0,
New Hanover,New Hanover County (North),67743.0,,2023-05-26,,0,
New Hanover,New Hanover County (North),67743.0,,2023-05-27,10829.945107894127,0,3830692.73221298
New Hanover,New Hanover County (North),67743.0,,2023-05-28,,0,
New Hanover,New Hanover County (North),67743.0,,2023-05-29,,0,
New Hanover,New Hanover County (North),67743.0,,2023-05-30,,0,
New Hanover,New Hanover County (North),67743.0,,2023-05-31,3501.8524765472375,0,1422589.5353251
New Hanover,New Hanover County (North),67743.0,,2023-06-01,,0,
New Hanover,New Hanover County (North),67743.0,,2023-06-02,,0,
New Hanover,New Hanover County (North),67743.0,,2023-06-03,4563.079392142987,0,1647167.99554753
New Hanover,New Hanover County (North),67743.0,,2023-06-04,,0,
New Hanover,New Hanover County (North),67743.0,,2023-06-05,,0,
New Hanover,New Hanover County (North),67743.0,,2023-06-06,,0,
New Hanover,New Hanover County (North),67743.0,,2023-06-07,11271.97719900994,0,4591715.61262085
New Hanover,New Hanover County (North),67743.0,,2023-06-08,,0,
New Hanover,New Hanover County (North),67743.0,,2023-06-09,,0,
New Hanover,New Hanover County (North),67743.0,,2023-06-10,4989.666822594469,0,1767698.35363327
New Hanover,New Hanover County (North),67743.0,,2023-06-11,,0,
New Hanover,New Hanover County (North),67743.0,,2023-06-12,,0,
New Hanover,New Hanover County (North),67743.0,,2023-06-13,,0,
New Hanover,New Hanover County (North),67743.0,,2023-06-14,10022.70713143412,0,3393946.69244798
New Hanover,New Hanover County (North),67743.0,,2023-06-15,,0,
New Hanover,New Hanover County (North),67743.0,,2023-06-16,,0,
New Hanover,New Hanover County (North),67743.0,,2023-06-17,10108.633661380765,0,3485178.08315617
New Hanover,New Hanover County (North),67743.0,,2023-06-18,,0,
New Hanover,New Hanover County (North),67743.0,,2023-06-19,,0,
New Hanover,New Hanover County (North),67743.0,,2023-06-20,,0,
New Hanover,New Hanover County (North),67743.0,,2023-06-21,7112.133321725629,0,2599111.97280064
New Hanover,New Hanover County (North),67743.0,,2023-06-22,,0,
New Hanover,New Hanover County (North),67743.0,,2023-06-23,,0,
New Hanover,New Hanover County (North),67743.0,,2023-06-24,0.0,0,106420.242680095
New Hanover,New Hanover County (North),67743.0,,2023-06-25,,0,
New Hanover,New Hanover County (North),67743.0,,2023-06-26,,0,
New Hanover,New Hanover County (North),67743.0,,2023-06-27,,0,
New Hanover,New Hanover County (North),67743.0,,2023-06-28,3557.6038805405833,0,1210660.11561394
New Hanover,New Hanover County (North),67743.0,,2023-06-29,,0,
New Hanover,New Hanover County (North),67743.0,,2023-06-30,,0,
New Hanover,New Hanover County (North),67743.0,,2023-07-01,10269.332987102927,0,3867670.6526492294
New Hanover,New Hanover County (North),67743.0,,2023-07-02,,0,
New Hanover,New Hanover County (North),67743.0,,2023-07-03,,0,
New Hanover,New Hanover County (North),67743.0,,2023-07-04,,0,
New Hanover,New Hanover County (North),67743.0,,2023-07-05,,0,
New Hanover,New Hanover County (North),67743.0,,2023-07-06,12479.663457000748,0,4574609.89930851
New Hanover,New Hanover County (North),67743.0,,2023-07-07,,0,
New Hanover,New Hanover County (North),67743.0,,2023-07-08,31664.806962936033,0,11607215.2018715
New Hanover,New Hanover County (North),67743.0,,2023-07-09,,0,
New Hanover,New Hanover County (North),67743.0,,2023-07-10,,0,
New Hanover,New Hanover County (North),67743.0,,2023-07-11,,0,
New Hanover,New Hanover County (North),67743.0,,2023-07-12,17198.651109898114,0,6727284.25637863
New Hanover,New Hanover County (North),67743.0,,2023-07-13,,0,
New Hanover,New Hanover County (North),67743.0,,2023-07-14,,0,
New Hanover,New Hanover County (North),67743.0,,2023-07-15,27462.13393019562,0,10066661.6664838
New Hanover,New Hanover County (North),67743.0,,2023-07-16,,0,
New Hanover,New Hanover County (North),67743.0,,2023-07-17,,0,
New Hanover,New Hanover County (North),67743.0,,2023-07-18,,0,
New Hanover,New Hanover County (North),67743.0,,2023-07-19,6759.940828143392,0,2311754.27227058
New Hanover,New Hanover County (North),67743.0,,2023-07-20,,0,
New Hanover,New Hanover County (North),67743.0,,2023-07-21,,0,
New Hanover,New Hanover County (North),67743.0,,2023-07-22,48401.776826889276,0,18851305.6614489
New Hanover,New Hanover County (North),67743.0,,2023-07-23,,0,
New Hanover,New Hanover County (North),67743.0,,2023-07-24,,0,
New Hanover,New Hanover County (North),67743.0,,2023-07-25,,0,
New Hanover,New Hanover County (North),67743.0,,2023-07-26,15607.331610496383,0,6697877.96291727
New Hanover,New Hanover County (North),67743.0,,2023-07-27,,0,
New Hanover,New Hanover County (North),67743.0,,2023-07-28,,0,
New Hanover,New Hanover County (North),67743.0,,2023-07-29,38879.130648716906,0,14860040.7173929
New Hanover,New Hanover County (North),67743.0,,2023-07-30,,0,
New Hanover,New Hanover County (North),67743.0,,2023-07-31,,0,
New Hanover,New Hanover County (North),67743.0,,2023-08-01,,0,
New Hanover,New Hanover County (North),67743.0,,2023-08-02,89199.6816137816,0,33644527.180232
New Hanover,New Hanover County (North),67743.0,,2023-08-03,,0,
New Hanover,New Hanover County (North),67743.0,,2023-08-04,,0,
New Hanover,New Hanover County (North),67743.0,,2023-08-05,17853.08936850987,0,6913436.30418215
New Hanover,New Hanover County (North),67743.0,,2023-08-06,,0,
New Hanover,New Hanover County (North),67743.0,,2023-08-07,,0,
New Hanover,New Hanover County (North),67743.0,,2023-08-08,,0,
New Hanover,New Hanover County (North),67743.0,,2023-08-09,40324.771543060226,0,13700071.9249299
New Hanover,New Hanover County (North),67743.0,,2023-08-10,,0,
New Hanover,New Hanover County (North),67743.0,,2023-08-11,,0,
New Hanover,New Hanover County (North),67743.0,,2023-08-12,129255.61341775443,0,46947246.1170187
New Hanover,New Hanover County (North),67743.0,,2023-08-13,,0,
New Hanover,New Hanover County (North),67743.0,,2023-08-14,,0,
New Hanover,New Hanover County (North),67743.0,,2023-08-15,,0,
New Hanover,New Hanover County (North),67743.0,,2023-08-16,53436.05150083605,0,19259341.1764412
New Hanover,New Hanover County (North),67743.0,,2023-08-17,,0,
New Hanover,New Hanover County (North),67743.0,,2023-08-18,,0,
New Hanover,New Hanover County (North),67743.0,,2023-08-19,87755.21864823767,0,30304615.6336008
New Hanover,New Hanover County (North),67743.0,,2023-08-20,,0,
New Hanover,New Hanover County (North),67743.0,,2023-08-21,,0,
New Hanover,New Hanover County (North),67743.0,,2023-08-22,,0,
New Hanover,New Hanover County (North),67743.0,,2023-08-23,117966.05613480521,0,36057178.4190694
New Hanover,New Hanover County (North),67743.0,,2023-08-24,,0,
New Hanover,New Hanover County (North),67743.0,,2023-08-25,,0,
New Hanover,New Hanover County (North),67743.0,,2023-08-26,181481.46682237275,0,60237380.5468593
New Hanover,New Hanover County (North),67743.0,,2023-08-27,,0,
New Hanover,New Hanover County (North),67743.0,,2023-08-28,,0,
New Hanover,New Hanover County (North),67743.0,,2023-08-29,,0,
New Hanover,New Hanover County (North),67743.0,,2023-08-30,118823.39163649557,0,39838277.0205739
New Hanover,New Hanover County (North),67743.0,,2023-08-31,,0,
New Hanover,New Hanover County (North),67743.0,,2023-09-01,,0,
New Hanover,New Hanover County (North),67743.0,,2023-09-02,76841.30139449758,0,36153816.992978
New Hanover,New Hanover County (North),67743.0,,2023-09-03,,0,
New Hanover,New Hanover County (North),67743.0,,2023-09-04,,0,
New Hanover,New Hanover County (North),67743.0,,2023-09-05,,0,
New Hanover,New Hanover County (North),67743.0,,2023-09-06,130936.31123565389,0,49240507.2623181
New Hanover,New Hanover County (North),67743.0,,2023-09-07,,0,
New Hanover,New Hanover County (North),67743.0,,2023-09-08,,0,
New Hanover,New Hanover County (North),67743.0,,2023-09-09,122229.26981701239,0,44121989.5731803
New Hanover,New Hanover County (North),67743.0,,2023-09-10,,0,
New Hanover,New Hanover County (North),67743.0,,2023-09-11,,0,
New Hanover,New Hanover County (North),67743.0,,2023-09-12,,0,
New Hanover,New Hanover County (North),67743.0,,2023-09-13,144863.0360029777,0,48730562.7097079
New Hanover,New Hanover County (North),67743.0,,2023-09-14,,0,
New Hanover,New Hanover County (North),67743.0,,2023-09-15,,0,
New Hanover,New Hanover County (North),67743.0,,2023-09-16,51986.01735082239,0,17080918.70849
New Hanover,New Hanover County (North),67743.0,,2023-09-17,,0,
New Hanover,New Hanover County (North),67743.0,,2023-09-18,,0,
New Hanover,New Hanover County (North),67743.0,,2023-09-19,,0,
New Hanover,New Hanover County (North),67743.0,,2023-09-20,60451.79898067551,0,20267857.0356892
New Hanover,New Hanover County (North),67743.0,,2023-09-21,,0,
New Hanover,New Hanover County (North),67743.0,,2023-09-22,,0,
New Hanover,New Hanover County (North),67743.0,,2023-09-23,83266.06031271092,0,25730042.310405
New Hanover,New Hanover County (North),67743.0,,2023-09-24,,0,
New Hanover,New Hanover County (North),67743.0,,2023-09-25,,0,
New Hanover,New Hanover County (North),67743.0,,2023-09-26,,0,
New Hanover,New Hanover County (North),67743.0,,2023-09-27,56703.92579001927,0,16856682.7044427
New Hanover,New Hanover County (North),67743.0,,2023-09-28,,0,
New Hanover,New Hanover County (North),67743.0,,2023-09-29,,0,
New Hanover,New Hanover County (North),67743.0,,2023-09-30,40662.15931305177,0,16064129.7653755
New Hanover,New Hanover County (North),67743.0,,2023-10-01,,0,
New Hanover,New Hanover County (North),67743.0,,2023-10-02,,0,
New Hanover,New Hanover County (North),67743.0,,2023-10-03,,0,
New Hanover,New Hanover County (North),67743.0,,2023-10-04,52587.82368571648,0,19629489.8538565
New Hanover,New Hanover County (North),67743.0,,2023-10-05,,0,
New Hanover,New Hanover County (North),67743.0,,2023-10-06,,0,
New Hanover,New Hanover County (North),67743.0,,2023-10-07,107019.77387380338,0,37734686.0082688
New Hanover,New Hanover County (North),67743.0,,2023-10-08,,0,
New Hanover,New Hanover County (North),67743.0,,2023-10-09,,0,
New Hanover,New Hanover County (North),67743.0,,2023-10-10,,0,
New Hanover,New Hanover County (North),67743.0,,2023-10-11,58107.339008385854,0,19774050.2102279
New Hanover,New Hanover County (North),67743.0,,2023-10-12,,0,
New Hanover,New Hanover County (North),67743.0,,2023-10-13,,0,
New Hanover,New Hanover County (North),67743.0,,2023-10-14,51205.718430659676,0,15994756.1725945
New Hanover,New Hanover County (North),67743.0,,2023-10-15,,0,
New Hanover,New Hanover County (North),67743.0,,2023-10-16,,0,
New Hanover,New Hanover County (North),67743.0,,2023-10-17,,0,
New Hanover,New Hanover County (North),67743.0,,2023-10-18,26889.824824316907,0,8940304.09334273
New Hanover,New Hanover County (North),67743.0,,2023-10-19,,0,
New Hanover,New Hanover County (North),67743.0,,2023-10-20,,0,
New Hanover,New Hanover County (North),67743.0,,2023-10-21,32060.19338681538,0,10731002.9038903
New Hanover,New Hanover County (North),67743.0,,2023-10-22,,0,
New Hanover,New Hanover County (North),67743.0,,2023-10-23,,0,
New Hanover,New Hanover County (North),67743.0,,2023-10-24,,0,
New Hanover,New Hanover County (North),67743.0,,2023-10-25,35085.58259441597,0,11371140.830002
New Hanover,New Hanover County (North),67743.0,,2023-10-26,,0,
New Hanover,New Hanover County (North),67743.0,,2023-10-27,,0,
New Hanover,New Hanover County (North),67743.0,,2023-10-28,49327.006801548385,0,15297663.3169999
New Hanover,New Hanover County (North),67743.0,,2023-10-29,,0,
New Hanover,New Hanover County (North),67743.0,,2023-10-30,,0,
New Hanover,New Hanover County (North),67743.0,,2023-10-31,,0,
New Hanover,New Hanover County (North),67743.0,,2023-11-01,26156.849438916637,0,7644242.81533992
New Hanover,New Hanover County (North),67743.0,,2023-11-02,,0,
New Hanover,New Hanover County (North),67743.0,,2023-11-03,,0,
New Hanover,New Hanover County (North),67743.0,,2023-11-04,101408.97396187382,0,32866369.5762604
New Hanover,New Hanover County (North),67743.0,,2023-11-05,,0,
New Hanover,New Hanover County (North),67743.0,,2023-11-06,,0,
New Hanover,New Hanover County (North),67743.0,,2023-11-07,,0,
New Hanover,New Hanover County (North),67743.0,,2023-11-08,54705.36344797632,0,16782227.5150181
New Hanover,New Hanover County (North),67743.0,,2023-11-09,,0,
New Hanover,New Hanover County (North),67743.0,,2023-11-10,54918.58701751164,0,15098430.7003935
New Hanover,New Hanover County (North),67743.0,,2023-11-11,,0,
New Hanover,New Hanover County (North),67743.0,,2023-11-12,,0,
New Hanover,New Hanover County (North),67743.0,,2023-11-13,,0,
New Hanover,New Hanover County (North),67743.0,,2023-11-14,,0,
New Hanover,New Hanover County (North),67743.0,,2023-11-15,34715.94191405849,0,10029212.8502728
New Hanover,New Hanover County (North),67743.0,,2023-11-16,,0,
New Hanover,New Hanover County (North),67743.0,,2023-11-17,,0,
New Hanover,New Hanover County (North),67743.0,,2023-11-18,47131.23804866577,0,13405221.1374303
New Hanover,New Hanover County (North),67743.0,,2023-11-19,,0,
New Hanover,New Hanover County (North),67743.0,,2023-11-20,,0,
New Hanover,New Hanover County (North),67743.0,,2023-11-21,,0,
New Hanover,New Hanover County (North),67743.0,,2023-11-22,71380.63985175188,0,22097215.6309184
New Hanover,New Hanover County (North),67743.0,,2023-11-23,,0,
New Hanover,New Hanover County (North),67743.0,,2023-11-24,,0,
New Hanover,New Hanover County (North),67743.0,,2023-11-25,,0,
New Hanover,New Hanover County (North),67743.0,,2023-11-26,,0,
New Hanover,New Hanover County (North),67743.0,,2023-11-27,,0,
New Hanover,New Hanover County (North),67743.0,,2023-11-28,,0,
New Hanover,New Hanover County (North),67743.0,,2023-11-29,37808.022133162616,0,10668974.7909527
New Hanover,New Hanover County (North),67743.0,,2023-11-30,,0,
New Hanover,New Hanover County (North),67743.0,,2023-12-01,,0,
New Hanover,New Hanover County (North),67743.0,,2023-12-02,112603.6162829596,0,31586638.3237992
New Hanover,New Hanover County (North),67743.0,,2023-12-03,,0,
New Hanover,New Hanover County (North),67743.0,,2023-12-04,,0,
New Hanover,New Hanover County (North),67743.0,,2023-12-05,,0,
New Hanover,New Hanover County (North),67743.0,,2023-12-06,50263.48905434522,0,13200726.7745995
New Hanover,New Hanover County (North),67743.0,,2023-12-07,,0,
New Hanover,New Hanover County (North),67743.0,,2023-12-08,,0,
New Hanover,New Hanover County (North),67743.0,,2023-12-09,126074.24161976944,0,32970047.269601
New Hanover,New Hanover County (North),67743.0,,2023-12-10,,0,
New Hanover,New Hanover County (North),67743.0,,2023-12-11,,0,
New Hanover,New Hanover County (North),67743.0,,2023-12-12,,0,
New Hanover,New Hanover County (North),67743.0,,2023-12-13,80799.47792424679,0,17472975.6617259
New Hanover,New Hanover County (North),67743.0,,2023-12-14,,0,
New Hanover,New Hanover County (North),67743.0,,2023-12-15,,0,
New Hanover,New Hanover County (North),67743.0,,2023-12-16,104283.74369958139,0,15675313.8825718
New Hanover,New Hanover County (North),67743.0,,2023-12-17,,0,
New Hanover,New Hanover County (North),67743.0,,2023-12-18,,0,
New Hanover,New Hanover County (North),67743.0,,2023-12-19,,0,
New Hanover,New Hanover County (North),67743.0,,2023-12-20,88051.70333755705,0,17122388.9404466
New Hanover,New Hanover County (North),67743.0,,2023-12-21,,0,
New Hanover,New Hanover County (North),67743.0,,2023-12-22,,0,
New Hanover,New Hanover County (North),67743.0,,2023-12-23,156973.4111772523,0,41664584.7642451
New Hanover,New Hanover County (North),67743.0,,2023-12-24,,0,
New Hanover,New Hanover County (North),67743.0,,2023-12-25,,0,
New Hanover,New Hanover County (North),67743.0,,2023-12-26,,0,
New Hanover,New Hanover County (North),67743.0,,2023-12-27,,0,
New Hanover,New Hanover County (North),67743.0,,2023-12-28,,0,
New Hanover,New Hanover County (North),67743.0,,2023-12-29,,0,
New Hanover,New Hanover County (North),67743.0,,2023-12-30,214696.06423965964,0,62984072.5721807
New Hanover,New Hanover County (North),67743.0,,2023-12-31,,0,
New Hanover,New Hanover County (North),67743.0,,2024-01-01,,0,
New Hanover,New Hanover County (North),67743.0,,2024-01-02,,0,
New Hanover,New Hanover County (North),67743.0,,2024-01-03,51032.80361041212,0,14828599.1008907
New Hanover,New Hanover County (North),67743.0,,2024-01-04,,0,
New Hanover,New Hanover County (North),67743.0,,2024-01-05,,0,
New Hanover,New Hanover County (North),67743.0,,2024-01-06,223870.65908689346,0,60046233.0566424
New Hanover,New Hanover County (North),67743.0,,2024-01-07,,0,
New Hanover,New Hanover County (North),67743.0,,2024-01-08,,0,
New Hanover,New Hanover County (North),67743.0,,2024-01-09,,0,
New Hanover,New Hanover County (North),67743.0,,2024-01-10,175293.39335888403,0,44959925.8300208
New Hanover,New Hanover County (North),67743.0,,2024-01-11,,0,
New Hanover,New Hanover County (North),67743.0,,2024-01-12,,0,
New Hanover,New Hanover County (North),67743.0,,2024-01-13,34444.16351139919,0,10085426.7976573
New Hanover,New Hanover County (North),67743.0,,2024-01-14,,0,
New Hanover,New Hanover County (North),67743.0,,2024-01-15,,0,
New Hanover,New Hanover County (North),67743.0,,2024-01-16,,0,
New Hanover,New Hanover County (North),67743.0,,2024-01-17,11808.952617672006,0,3530307.32958837
New Hanover,New Hanover County (North),67743.0,,2024-01-18,,0,
New Hanover,New Hanover County (North),67743.0,,2024-01-19,,0,
New Hanover,New Hanover County (North),67743.0,,2024-01-20,100818.37134173508,0,27717377.2250249
New Hanover,New Hanover County (North),67743.0,,2024-01-21,,0,
New Hanover,New Hanover County (North),67743.0,,2024-01-22,,0,
New Hanover,New Hanover County (North),67743.0,,2024-01-23,,0,
New Hanover,New Hanover County (North),67743.0,,2024-01-24,84447.81479508682,0,20526978.4013867
New Hanover,New Hanover County (North),67743.0,,2024-01-25,,0,
New Hanover,New Hanover County (North),67743.0,,2024-01-26,,0,
New Hanover,New Hanover County (North),67743.0,,2024-01-27,103652.17990954175,0,27222226.9548
New Hanover,New Hanover County (North),67743.0,,2024-01-28,,0,
New Hanover,New Hanover County (North),67743.0,,2024-01-29,,0,
New Hanover,New Hanover County (North),67743.0,,2024-01-30,,0,
New Hanover,New Hanover County (North),67743.0,,2024-01-31,84089.13789345908,0,22977147.4606304
New Hanover,New Hanover County (North),67743.0,,2024-02-01,,0,
New Hanover,New Hanover County (North),67743.0,,2024-02-02,,0,
New Hanover,New Hanover County (North),67743.0,,2024-02-03,171061.22178915958,0,44543551.2769849
New Hanover,New Hanover County (North),67743.0,,2024-02-04,,0,
New Hanover,New Hanover County (North),67743.0,,2024-02-05,,0,
New Hanover,New Hanover County (North),67743.0,,2024-02-06,,0,
New Hanover,New Hanover County (North),67743.0,,2024-02-07,135484.53466122216,0,37777883.4116866
New Hanover,New Hanover County (North),67743.0,,2024-02-08,,0,
New Hanover,New Hanover County (North),67743.0,,2024-02-09,,0,
New Hanover,New Hanover County (North),67743.0,,2024-02-10,241184.4107731678,0,71159110.0762463
New Hanover,New Hanover County (North),67743.0,,2024-02-11,,0,
New Hanover,New Hanover County (North),67743.0,,2024-02-12,,0,
New Hanover,New Hanover County (North),67743.0,,2024-02-13,,0,
New Hanover,New Hanover County (North),67743.0,,2024-02-14,160007.08029813314,0,44794457.2401631
New Hanover,New Hanover County (North),67743.0,,2024-02-15,,0,
New Hanover,New Hanover County (North),67743.0,,2024-02-16,,0,
New Hanover,New Hanover County (North),67743.0,,2024-02-17,197652.11863271298,0,53455720.5405989
New Hanover,New Hanover County (North),67743.0,,2024-02-18,,0,
New Hanover,New Hanover County (North),67743.0,,2024-02-19,,0,
New Hanover,New Hanover County (North),67743.0,,2024-02-20,,0,
New Hanover,New Hanover County (North),67743.0,,2024-02-21,93214.17138223501,0,25158018.1658917
New Hanover,New Hanover County (North),67743.0,,2024-02-22,,0,
New Hanover,New Hanover County (North),67743.0,,2024-02-23,,0,
New Hanover,New Hanover County (North),67743.0,,2024-02-24,139087.713332271,0,37849930.005073
New Hanover,New Hanover County (North),67743.0,,2024-02-25,,0,
New Hanover,New Hanover County (North),67743.0,,2024-02-26,,0,
New Hanover,New Hanover County (North),67743.0,,2024-02-27,,0,
New Hanover,New Hanover County (North),67743.0,,2024-02-28,165158.3163962299,0,51497008.1505911
New Hanover,New Hanover County (North),67743.0,,2024-02-29,,0,
New Hanover,New Hanover County (North),67743.0,,2024-03-01,,0,
New Hanover,New Hanover County (North),67743.0,,2024-03-02,128935.88173972366,0,45101966.7120892
New Hanover,New Hanover County (North),67743.0,,2024-03-03,,0,
New Hanover,New Hanover County (North),67743.0,,2024-03-04,,0,
New Hanover,New Hanover County (North),67743.0,,2024-03-05,,0,
New Hanover,New Hanover County (North),67743.0,,2024-03-06,36288.95055034151,0,13241431.6311442
New Hanover,New Hanover County (North),67743.0,,2024-03-07,,0,
New Hanover,New Hanover County (North),67743.0,,2024-03-08,,0,
New Hanover,New Hanover County (North),67743.0,,2024-03-09,79728.7401129606,0,27443719.1236493
New Hanover,New Hanover County (North),67743.0,,2024-03-10,,0,
New Hanover,New Hanover County (North),67743.0,,2024-03-11,,0,
New Hanover,New Hanover County (North),67743.0,,2024-03-12,,0,
New Hanover,New Hanover County (North),67743.0,,2024-03-13,50751.04186625895,0,20843932.2885308
New Hanover,New Hanover County (North),67743.0,,2024-03-14,,0,
New Hanover,New Hanover County (North),67743.0,,2024-03-15,,0,
New Hanover,New Hanover County (North),67743.0,,2024-03-16,75798.33243548298,0,28462711.8828599
New Hanover,New Hanover County (North),67743.0,,2024-03-17,,0,
New Hanover,New Hanover County (North),67743.0,,2024-03-18,,0,
New Hanover,New Hanover County (North),67743.0,,2024-03-19,,0,
New Hanover,New Hanover County (North),67743.0,,2024-03-20,40607.18865064223,0,14000238.6716698
New Hanover,New Hanover County (North),67743.0,,2024-03-21,,0,
New Hanover,New Hanover County (North),67743.0,,2024-03-22,,0,
New Hanover,New Hanover County (North),67743.0,,2024-03-23,54013.6279100007,0,19588239.1423092
New Hanover,New Hanover County (North),67743.0,,2024-03-24,,0,
New Hanover,New Hanover County (North),67743.0,,2024-03-25,,0,
New Hanover,New Hanover County (North),67743.0,,2024-03-26,,0,
New Hanover,New Hanover County (North),67743.0,,2024-03-27,44464.61190752806,0,19976431.3507616
New Hanover,New Hanover County (North),67743.0,,2024-03-28,,0,
New Hanover,New Hanover County (North),67743.0,,2024-03-29,61410.50398751015,0,24535564.5724192
New Hanover,New Hanover County (North),67743.0,,2024-03-30,,0,
New Hanover,New Hanover County (North),67743.0,,2024-03-31,,0,
New Hanover,New Hanover County (North),67743.0,,2024-04-01,,0,
New Hanover,New Hanover County (North),67743.0,,2024-04-02,,0,
New Hanover,New Hanover County (North),67743.0,,2024-04-03,20523.779488915996,0,7936166.79142068
New Hanover,New Hanover County (North),67743.0,,2024-04-04,,0,
New Hanover,New Hanover County (North),67743.0,,2024-04-05,,0,
New Hanover,New Hanover County (North),67743.0,,2024-04-06,34837.428148472725,0,13159522.5996697
New Hanover,New Hanover County (North),67743.0,,2024-04-07,,0,
New Hanover,New Hanover County (North),67743.0,,2024-04-08,,0,
New Hanover,New Hanover County (North),67743.0,,2024-04-09,,0,
New Hanover,New Hanover County (North),67743.0,,2024-04-10,37049.88388955094,0,14450724.6611315
New Hanover,New Hanover County (North),67743.0,,2024-04-11,,0,
New Hanover,New Hanover County (North),67743.0,,2024-04-12,,0,
New Hanover,New Hanover County (North),67743.0,,2024-04-13,18808.25350743658,0,7419942.21630242
New Hanover,New Hanover County (North),67743.0,,2024-04-14,,0,
New Hanover,New Hanover County (North),67743.0,,2024-04-15,,0,
New Hanover,New Hanover County (North),67743.0,,2024-04-16,,0,
New Hanover,New Hanover County (North),67743.0,,2024-04-17,13179.716189472389,0,4860683.53305803
New Hanover,New Hanover County (North),67743.0,,2024-04-18,,0,
New Hanover,New Hanover County (North),67743.0,,2024-04-19,,0,
New Hanover,New Hanover County (North),67743.0,,2024-04-20,11873.499905251185,0,4465202.60725394
New Hanover,New Hanover County (North),67743.0,,2024-04-21,,0,
New Hanover,New Hanover County (North),67743.0,,2024-04-22,,0,
New Hanover,New Hanover County (North),67743.0,,2024-04-23,,0,
New Hanover,New Hanover County (North),67743.0,,2024-04-24,22367.141934452637,0,8224012.08003328
New Hanover,New Hanover County (North),67743.0,,2024-04-25,,0,
New Hanover,New Hanover County (North),67743.0,,2024-04-26,,0,
New Hanover,New Hanover County (North),67743.0,,2024-04-27,19700.964443397173,0,7353791.32561237
New Hanover,New Hanover County (North),67743.0,,2024-04-28,,0,
New Hanover,New Hanover County (North),67743.0,,2024-04-29,,0,
New Hanover,New Hanover County (North),67743.0,,2024-04-30,,0,
New Hanover,New Hanover County (North),67743.0,,2024-05-01,15189.991005138647,0,5848225.24159497
New Hanover,New Hanover County (North),67743.0,,2024-05-02,,0,
New Hanover,New Hanover County (North),67743.0,,2024-05-03,,0,
New Hanover,New Hanover County (North),67743.0,,2024-05-04,16272.406091294552,0,6019454.21724856
New Hanover,New Hanover County (North),67743.0,,2024-05-05,,0,
New Hanover,New Hanover County (North),67743.0,,2024-05-06,,0,
New Hanover,New Hanover County (North),67743.0,,2024-05-07,,0,
New Hanover,New Hanover County (North),67743.0,,2024-05-08,12863.840795034741,0,4751376.75139744
New Hanover,New Hanover County (North),67743.0,,2024-05-09,,0,
New Hanover,New Hanover County (North),67743.0,,2024-05-10,,0,
New Hanover,New Hanover County (North),67743.0,,2024-05-11,26250.51618540103,0,9651861.77333257
New Hanover,New Hanover County (North),67743.0,,2024-05-12,,0,
New Hanover,New Hanover County (North),67743.0,,2024-05-13,,0,
New Hanover,New Hanover County (North),67743.0,,2024-05-14,,0,
New Hanover,New Hanover County (North),67743.0,,2024-05-15,12182.610557676064,0,4833325.70798003
New Hanover,Wilmington City,58361.0,9.42,2021-01-05,21385.04150101188,0,5659255.65496744
New Hanover,Wilmington City,58361.0,8.05,2021-01-06,,0,
New Hanover,Wilmington City,58361.0,7.03,2021-01-07,,0,
New Hanover,Wilmington City,58361.0,5.140000000000001,2021-01-08,,0,
New Hanover,Wilmington City,58361.0,4.800000000000001,2021-01-09,,0,
New Hanover,Wilmington City,58361.0,4.63,2021-01-10,,0,
New Hanover,Wilmington City,58361.0,3.08,2021-01-11,,0,
New Hanover,Wilmington City,58361.0,5.65,2021-01-12,,0,
New Hanover,Wilmington City,58361.0,2.91,2021-01-13,,0,
New Hanover,Wilmington City,58361.0,6.68,2021-01-14,,0,
New Hanover,Wilmington City,58361.0,7.71,2021-01-15,,0,
New Hanover,Wilmington City,58361.0,4.63,2021-01-16,,0,
New Hanover,Wilmington City,58361.0,3.7700000000000005,2021-01-17,,0,
New Hanover,Wilmington City,58361.0,3.6,2021-01-18,,0,
New Hanover,Wilmington City,58361.0,5.65,2021-01-19,,0,
New Hanover,Wilmington City,58361.0,2.74,2021-01-20,,0,
New Hanover,Wilmington City,58361.0,5.140000000000001,2021-01-21,,0,
New Hanover,Wilmington City,58361.0,4.970000000000001,2021-01-22,18472.953201911154,0,3870150.9582283106
New Hanover,Wilmington City,58361.0,4.11,2021-01-23,,0,
New Hanover,Wilmington City,58361.0,4.28,2021-01-24,,0,
New Hanover,Wilmington City,58361.0,3.6,2021-01-25,,0,
New Hanover,Wilmington City,58361.0,7.370000000000001,2021-01-26,13162.446581088203,0,2749043.08403771
New Hanover,Wilmington City,58361.0,3.7700000000000005,2021-01-27,,0,
New Hanover,Wilmington City,58361.0,4.46,2021-01-28,,0,
New Hanover,Wilmington City,58361.0,5.140000000000001,2021-01-29,,0,
New Hanover,Wilmington City,58361.0,7.540000000000001,2021-01-30,17524.982168321916,0,3807951.81927802
New Hanover,Wilmington City,58361.0,3.4299999999999997,2021-01-31,,0,
New Hanover,Wilmington City,58361.0,3.2600000000000002,2021-02-01,,0,
New Hanover,Wilmington City,58361.0,3.2600000000000002,2021-02-02,,0,
New Hanover,Wilmington City,58361.0,4.28,2021-02-03,13638.181696985876,0,3485312.68489804
New Hanover,Wilmington City,58361.0,4.63,2021-02-04,,0,
New Hanover,Wilmington City,58361.0,3.94,2021-02-05,15588.457268119919,0,3660165.81341517
New Hanover,Wilmington City,58361.0,6.170000000000001,2021-02-06,,0,
New Hanover,Wilmington City,58361.0,3.7700000000000005,2021-02-07,,0,
New Hanover,Wilmington City,58361.0,4.11,2021-02-08,,0,
New Hanover,Wilmington City,58361.0,4.28,2021-02-09,16583.12395177701,0,3990518.32525454
New Hanover,Wilmington City,58361.0,4.11,2021-02-10,,0,
New Hanover,Wilmington City,58361.0,5.140000000000001,2021-02-11,,0,
New Hanover,Wilmington City,58361.0,5.3100000000000005,2021-02-12,18553.97531527948,0,4296296.47925323
New Hanover,Wilmington City,58361.0,4.28,2021-02-13,,0,
New Hanover,Wilmington City,58361.0,2.5700000000000003,2021-02-14,,0,
New Hanover,Wilmington City,58361.0,1.7100000000000002,2021-02-15,,0,
New Hanover,Wilmington City,58361.0,2.4000000000000004,2021-02-16,9874.208829065745,0,2939706.99895638
New Hanover,Wilmington City,58361.0,2.91,2021-02-17,,0,
New Hanover,Wilmington City,58361.0,2.06,2021-02-18,,0,
New Hanover,Wilmington City,58361.0,1.37,2021-02-19,,0,
New Hanover,Wilmington City,58361.0,3.4299999999999997,2021-02-20,8077.747210701757,0,2247690.98216385
New Hanover,Wilmington City,58361.0,1.2000000000000002,2021-02-21,,0,
New Hanover,Wilmington City,58361.0,2.06,2021-02-22,,0,
New Hanover,Wilmington City,58361.0,3.08,2021-02-23,5612.486080160921,0,1565354.78613657
New Hanover,Wilmington City,58361.0,1.7100000000000002,2021-02-24,,0,
New Hanover,Wilmington City,58361.0,2.74,2021-02-25,,0,
New Hanover,Wilmington City,58361.0,1.8800000000000001,2021-02-26,6873.863542433757,0,1796780.41681466
New Hanover,Wilmington City,58361.0,2.4000000000000004,2021-02-27,,0,
New Hanover,Wilmington City,58361.0,1.37,2021-02-28,,0,
New Hanover,Wilmington City,58361.0,1.8800000000000001,2021-03-01,,0,
New Hanover,Wilmington City,58361.0,3.08,2021-03-02,10118.053172424026,0,2546347.87783122
New Hanover,Wilmington City,58361.0,1.7100000000000002,2021-03-03,,0,
New Hanover,Wilmington City,58361.0,2.5700000000000003,2021-03-04,,0,
New Hanover,Wilmington City,58361.0,2.06,2021-03-05,3968.626966596889,0,936980.851775248
New Hanover,Wilmington City,58361.0,2.23,2021-03-06,,0,
New Hanover,Wilmington City,58361.0,2.23,2021-03-07,,0,
New Hanover,Wilmington City,58361.0,0.86,2021-03-08,,0,
New Hanover,Wilmington City,58361.0,1.2000000000000002,2021-03-09,4643.5439052516795,0,1048136.51966741
New Hanover,Wilmington City,58361.0,3.6,2021-03-10,,0,
New Hanover,Wilmington City,58361.0,3.08,2021-03-11,,0,
New Hanover,Wilmington City,58361.0,2.4000000000000004,2021-03-12,11736.694594305496,0,2481718.14942077
New Hanover,Wilmington City,58361.0,1.37,2021-03-13,,0,
New Hanover,Wilmington City,58361.0,1.37,2021-03-14,,0,
New Hanover,Wilmington City,58361.0,1.37,2021-03-15,,0,
New Hanover,Wilmington City,58361.0,3.08,2021-03-16,0.0,0,62438.5668714763
New Hanover,Wilmington City,58361.0,2.74,2021-03-17,,0,
New Hanover,Wilmington City,58361.0,1.7100000000000002,2021-03-18,,0,
New Hanover,Wilmington City,58361.0,2.5700000000000003,2021-03-19,8874.119674649426,0,1847648.55466324
New Hanover,Wilmington City,58361.0,3.08,2021-03-20,,0,
New Hanover,Wilmington City,58361.0,2.23,2021-03-21,,0,
New Hanover,Wilmington City,58361.0,2.23,2021-03-22,,0,
New Hanover,Wilmington City,58361.0,3.08,2021-03-23,0.0,0,61089.5854884505
New Hanover,Wilmington City,58361.0,3.7700000000000005,2021-03-24,,0,
New Hanover,Wilmington City,58361.0,4.11,2021-03-25,,0,
New Hanover,Wilmington City,58361.0,3.94,2021-03-26,5916.079783099622,0,1174206.55810374
New Hanover,Wilmington City,58361.0,3.94,2021-03-27,,0,
New Hanover,Wilmington City,58361.0,1.37,2021-03-28,,0,
New Hanover,Wilmington City,58361.0,2.5700000000000003,2021-03-29,,0,
New Hanover,Wilmington City,58361.0,3.2600000000000002,2021-03-30,5511.351921262155,0,1172522.10767132
New Hanover,Wilmington City,58361.0,4.28,2021-03-31,,0,
New Hanover,Wilmington City,58361.0,2.91,2021-04-29,,0,
New Hanover,Wilmington City,58361.0,1.8800000000000001,2021-04-30,6098.155458825237,0,1143103.05987541
New Hanover,Wilmington City,58361.0,2.23,2021-05-01,,0,
New Hanover,Wilmington City,58361.0,0.34,2021-05-02,,0,
New Hanover,Wilmington City,58361.0,1.03,2021-05-03,,0,
New Hanover,Wilmington City,58361.0,2.91,2021-05-04,7348.469228349544,0,1334578.00873158
New Hanover,Wilmington City,58361.0,1.2000000000000002,2021-05-05,,0,
New Hanover,Wilmington City,58361.0,1.7100000000000002,2021-05-06,,0,
New Hanover,Wilmington City,58361.0,0.34,2021-05-07,0.0,0,50297.7344242447
New Hanover,Wilmington City,58361.0,1.2000000000000002,2021-05-08,,0,
New Hanover,Wilmington City,58361.0,1.03,2021-05-09,,0,
New Hanover,Wilmington City,58361.0,0.34,2021-05-10,,0,
New Hanover,Wilmington City,58361.0,2.06,2021-05-11,0.0,0,221861.221233668
New Hanover,Wilmington City,58361.0,1.03,2021-05-12,,0,
New Hanover,Wilmington City,58361.0,1.2000000000000002,2021-05-13,,0,
New Hanover,Wilmington City,58361.0,0.86,2021-05-14,3605.5512754639904,0,638444.832489606
New Hanover,Wilmington City,58361.0,0.34,2021-05-15,,0,
New Hanover,Wilmington City,58361.0,0.34,2021-05-16,,0,
New Hanover,Wilmington City,58361.0,0.34,2021-05-17,,0,
New Hanover,Wilmington City,58361.0,0.34,2021-05-18,3418.698582794339,0,605358.31479576
New Hanover,Wilmington City,58361.0,0.34,2021-05-19,,0,
New Hanover,Wilmington City,58361.0,0.34,2021-05-20,,0,
New Hanover,Wilmington City,58361.0,1.2000000000000002,2021-05-21,0.0,0,225152.686959833
New Hanover,Wilmington City,58361.0,0.34,2021-05-22,,0,
New Hanover,Wilmington City,58361.0,0.34,2021-05-23,,0,
New Hanover,Wilmington City,58361.0,,2021-05-24,,0,
New Hanover,Wilmington City,58361.0,0.34,2021-05-25,2598.0762113533146,0,500492.286641024
New Hanover,Wilmington City,58361.0,1.37,2021-05-26,,0,
New Hanover,Wilmington City,58361.0,0.34,2021-05-27,,0,
New Hanover,Wilmington City,58361.0,0.34,2021-05-28,0.0,0,126226.115125978
New Hanover,Wilmington City,58361.0,0.34,2021-05-29,,0,
New Hanover,Wilmington City,58361.0,0.34,2021-05-30,,0,
New Hanover,Wilmington City,58361.0,0.34,2021-05-31,,0,
New Hanover,Wilmington City,58361.0,0.34,2021-06-01,0.0,0,125069.845369099
New Hanover,Wilmington City,58361.0,0.34,2021-06-02,,0,
New Hanover,Wilmington City,58361.0,0.34,2021-06-03,,0,
New Hanover,Wilmington City,58361.0,,2021-06-04,0.0,0,486046.596910367
New Hanover,Wilmington City,58361.0,0.34,2021-06-05,,0,
New Hanover,Wilmington City,58361.0,0.34,2021-06-06,,0,
New Hanover,Wilmington City,58361.0,0.34,2021-06-07,,0,
New Hanover,Wilmington City,58361.0,0.34,2021-06-08,0.0,0,138174.235947063
New Hanover,Wilmington City,58361.0,0.34,2021-06-09,,0,
New Hanover,Wilmington City,58361.0,0.34,2021-06-10,,0,
New Hanover,Wilmington City,58361.0,0.34,2021-06-11,0.0,0,59547.8924792783
New Hanover,Wilmington City,58361.0,0.34,2021-06-12,,0,
New Hanover,Wilmington City,58361.0,0.34,2021-06-13,,0,
New Hanover,Wilmington City,58361.0,0.34,2021-06-14,,0,
New Hanover,Wilmington City,58361.0,0.34,2021-06-15,0.0,0,239956.285376839
New Hanover,Wilmington City,58361.0,0.34,2021-06-16,,0,
New Hanover,Wilmington City,58361.0,0.34,2021-06-17,,0,
New Hanover,Wilmington City,58361.0,,2021-06-18,0.0,0,66100.0877682604
New Hanover,Wilmington City,58361.0,0.34,2021-06-19,,0,
New Hanover,Wilmington City,58361.0,0.34,2021-06-20,,0,
New Hanover,Wilmington City,58361.0,,2021-06-21,,0,
New Hanover,Wilmington City,58361.0,0.34,2021-07-10,6595.452979136462,0,1390327.27418096
New Hanover,Wilmington City,58361.0,0.34,2021-07-11,,0,
New Hanover,Wilmington City,58361.0,0.34,2021-07-12,,0,
New Hanover,Wilmington City,58361.0,0.86,2021-07-13,,0,
New Hanover,Wilmington City,58361.0,0.34,2021-07-14,0.0,0,387858.61600132
New Hanover,Wilmington City,58361.0,1.37,2021-07-15,,0,
New Hanover,Wilmington City,58361.0,1.03,2021-07-16,,0,
New Hanover,Wilmington City,58361.0,2.06,2021-07-17,7322.9092579384105,0,1510427.29634345
New Hanover,Wilmington City,58361.0,0.34,2021-07-18,,0,
New Hanover,Wilmington City,58361.0,0.34,2021-07-19,,0,
New Hanover,Wilmington City,58361.0,0.34,2021-07-20,,0,
New Hanover,Wilmington City,58361.0,1.03,2021-07-21,22248.595461286994,0,5743474.86114767
New Hanover,Wilmington City,58361.0,1.8800000000000001,2021-07-22,,0,
New Hanover,Wilmington City,58361.0,3.2600000000000002,2021-07-23,,0,
New Hanover,Wilmington City,58361.0,2.23,2021-07-24,10928.746497197206,0,2403029.50596738
New Hanover,Wilmington City,58361.0,3.08,2021-07-25,,0,
New Hanover,Wilmington City,58361.0,2.5700000000000003,2021-07-26,,0,
New Hanover,Wilmington City,58361.0,4.11,2021-07-27,,0,
New Hanover,Wilmington City,58361.0,3.2600000000000002,2021-07-28,23062.415311497614,0,4726949.08359438
New Hanover,Wilmington City,58361.0,3.08,2021-07-29,,0,
New Hanover,Wilmington City,58361.0,4.11,2021-07-30,,0,
New Hanover,Wilmington City,58361.0,2.4000000000000004,2021-07-31,37274.32091936756,0,7905813.14773101
New Hanover,Wilmington City,58361.0,2.5700000000000003,2021-08-01,,0,
New Hanover,Wilmington City,58361.0,3.08,2021-08-02,,0,
New Hanover,Wilmington City,58361.0,4.800000000000001,2021-08-03,,0,
New Hanover,Wilmington City,58361.0,6.0,2021-08-04,71151.24735378857,0,16106345.0206178
New Hanover,Wilmington City,58361.0,3.4299999999999997,2021-08-05,,0,
New Hanover,Wilmington City,58361.0,4.46,2021-08-06,,0,
New Hanover,Wilmington City,58361.0,7.2,2021-08-07,40353.903156943845,0,10522057.0816364
New Hanover,Wilmington City,58361.0,4.970000000000001,2021-08-08,,0,
New Hanover,Wilmington City,58361.0,3.4299999999999997,2021-08-09,,0,
New Hanover,Wilmington City,58361.0,6.51,2021-08-10,,0,
New Hanover,Wilmington City,58361.0,8.74,2021-08-11,84963.22733983211,0,24633582.5200345
New Hanover,Wilmington City,58361.0,6.51,2021-08-12,,0,
New Hanover,Wilmington City,58361.0,5.140000000000001,2021-08-13,,0,
New Hanover,Wilmington City,58361.0,6.8500000000000005,2021-08-14,76852.13074469699,0,19939072.7178064
New Hanover,Wilmington City,58361.0,4.63,2021-08-15,,0,
New Hanover,Wilmington City,58361.0,6.34,2021-08-16,,0,
New Hanover,Wilmington City,58361.0,10.790000000000001,2021-08-17,,0,
New Hanover,Wilmington City,58361.0,8.22,2021-08-18,244795.8332978729,0,62876485.7279423
New Hanover,Wilmington City,58361.0,8.05,2021-08-19,,0,
New Hanover,Wilmington City,58361.0,9.08,2021-08-20,,0,
New Hanover,Wilmington City,58361.0,8.22,2021-08-21,38624.79773409825,0,10472046.2818029
New Hanover,Wilmington City,58361.0,5.83,2021-08-22,,0,
New Hanover,Wilmington City,58361.0,7.2,2021-08-23,,0,
New Hanover,Wilmington City,58361.0,21.76,2021-08-24,,0,
New Hanover,Wilmington City,58361.0,21.25,2021-08-25,28680.350416269364,0,8929245.08893922
New Hanover,Wilmington City,58361.0,18.85,2021-08-26,,0,
New Hanover,Wilmington City,58361.0,18.680000000000003,2021-08-27,,0,
New Hanover,Wilmington City,58361.0,12.51,2021-08-28,153582.22553407657,0,41938423.9306982
New Hanover,Wilmington City,58361.0,5.65,2021-08-29,,0,
New Hanover,Wilmington City,58361.0,4.970000000000001,2021-08-30,,0,
New Hanover,Wilmington City,58361.0,10.450000000000001,2021-08-31,,0,
New Hanover,Wilmington City,58361.0,11.65,2021-09-01,28248.893783651067,0,6669478.58337284
New Hanover,Wilmington City,58361.0,11.82,2021-09-02,,0,
New Hanover,Wilmington City,58361.0,10.280000000000001,2021-09-03,,0,
New Hanover,Wilmington City,58361.0,7.71,2021-09-04,162980.06013006627,0,36999135.0158022
New Hanover,Wilmington City,58361.0,4.970000000000001,2021-09-05,,0,
New Hanover,Wilmington City,58361.0,3.4299999999999997,2021-09-06,,0,
New Hanover,Wilmington City,58361.0,2.74,2021-09-07,,0,
New Hanover,Wilmington City,58361.0,10.11,2021-09-08,144568.3229480095,0,31881673.7365218
New Hanover,Wilmington City,58361.0,7.71,2021-09-09,,0,
New Hanover,Wilmington City,58361.0,6.51,2021-09-10,,0,
New Hanover,Wilmington City,58361.0,4.970000000000001,2021-09-11,28312.982887714265,0,7308996.45969312
New Hanover,Wilmington City,58361.0,2.4000000000000004,2021-09-12,,0,
New Hanover,Wilmington City,58361.0,3.2600000000000002,2021-09-13,,0,
New Hanover,Wilmington City,58361.0,7.2,2021-09-14,,0,
New Hanover,Wilmington City,58361.0,5.3100000000000005,2021-09-15,17146.428199482252,0,4003734.0261947494
New Hanover,Wilmington City,58361.0,6.170000000000001,2021-09-16,,0,
New Hanover,Wilmington City,58361.0,5.140000000000001,2021-09-17,,0,
New Hanover,Wilmington City,58361.0,5.3100000000000005,2021-09-18,31993.163332187083,0,7117711.0953955
New Hanover,Wilmington City,58361.0,2.23,2021-09-19,,0,
New Hanover,Wilmington City,58361.0,2.06,2021-09-20,,0,
New Hanover,Wilmington City,58361.0,3.7700000000000005,2021-09-21,,0,
New Hanover,Wilmington City,58361.0,3.7700000000000005,2021-09-22,55181.518645285665,0,12061813.3118202
New Hanover,Wilmington City,58361.0,2.4000000000000004,2021-09-23,,0,
New Hanover,Wilmington City,58361.0,2.06,2021-09-24,,0,
New Hanover,Wilmington City,58361.0,2.4000000000000004,2021-09-25,31855.140872392985,0,23616460.7606622
New Hanover,Wilmington City,58361.0,1.8800000000000001,2021-09-26,,0,
New Hanover,Wilmington City,58361.0,1.7100000000000002,2021-09-27,,0,
New Hanover,Wilmington City,58361.0,3.2600000000000002,2021-09-28,,0,
New Hanover,Wilmington City,58361.0,2.06,2021-09-29,37649.70119403342,0,16556947.8408745
New Hanover,Wilmington City,58361.0,2.4000000000000004,2021-09-30,,0,
New Hanover,Wilmington City,58361.0,1.54,2021-10-01,,0,
New Hanover,Wilmington City,58361.0,2.5700000000000003,2021-10-02,27221.315177632387,0,9834524.17293895
New Hanover,Wilmington City,58361.0,2.06,2021-10-03,,0,
New Hanover,Wilmington City,58361.0,0.86,2021-10-04,,0,
New Hanover,Wilmington City,58361.0,3.6,2021-10-05,,0,
New Hanover,Wilmington City,58361.0,2.06,2021-10-06,35235.81274782801,0,11358728.9201842
New Hanover,Wilmington City,58361.0,1.03,2021-10-07,,0,
New Hanover,Wilmington City,58361.0,2.74,2021-10-08,,0,
New Hanover,Wilmington City,58361.0,1.37,2021-10-09,7984.359711335657,0,2366711.64473527
New Hanover,Wilmington City,58361.0,1.2000000000000002,2021-10-10,,0,
New Hanover,Wilmington City,58361.0,0.34,2021-10-11,,0,
New Hanover,Wilmington City,58361.0,1.54,2021-10-12,,0,
New Hanover,Wilmington City,58361.0,1.54,2021-10-13,7035.623639735143,0,2062671.5916598
New Hanover,Wilmington City,58361.0,1.8800000000000001,2021-10-14,,0,
New Hanover,Wilmington City,58361.0,1.8800000000000001,2021-10-15,,0,
New Hanover,Wilmington City,58361.0,0.86,2021-10-16,20560.88519495209,0,5521171.05159717
New Hanover,Wilmington City,58361.0,0.34,2021-10-17,,0,
New Hanover,Wilmington City,58361.0,0.86,2021-10-18,,0,
New Hanover,Wilmington City,58361.0,1.54,2021-10-19,,0,
New Hanover,Wilmington City,58361.0,0.86,2021-10-20,10703.387314303833,0,2631173.60680855
New Hanover,Wilmington City,58361.0,0.34,2021-10-21,,0,
New Hanover,Wilmington City,58361.0,,2021-10-22,,0,
New Hanover,Wilmington City,58361.0,0.34,2021-10-23,0.0,0,323073.509824865
New Hanover,Wilmington City,58361.0,0.34,2021-10-24,,0,
New Hanover,Wilmington City,58361.0,0.34,2021-10-25,,0,
New Hanover,Wilmington City,58361.0,1.03,2021-10-26,,0,
New Hanover,Wilmington City,58361.0,0.34,2021-10-27,7599.342076785326,0,1759678.23899425
New Hanover,Wilmington City,58361.0,0.86,2021-10-28,,0,
New Hanover,Wilmington City,58361.0,0.34,2021-10-29,,0,
New Hanover,Wilmington City,58361.0,0.34,2021-10-30,8215.838362577499,0,1902432.05736008
New Hanover,Wilmington City,58361.0,,2021-10-31,,0,
New Hanover,Wilmington City,58361.0,0.34,2021-11-01,,0,
New Hanover,Wilmington City,58361.0,0.34,2021-11-02,,0,
New Hanover,Wilmington City,58361.0,0.34,2021-11-03,11779.21898938976,0,2574752.27027311
New Hanover,Wilmington City,58361.0,0.34,2021-11-04,,0,
New Hanover,Wilmington City,58361.0,0.34,2021-11-05,,0,
New Hanover,Wilmington City,58361.0,0.34,2021-11-06,0.0,0,168141.906574082
New Hanover,Wilmington City,58361.0,0.34,2021-11-07,,0,
New Hanover,Wilmington City,58361.0,0.34,2021-11-08,,0,
New Hanover,Wilmington City,58361.0,0.86,2021-11-09,,0,
New Hanover,Wilmington City,58361.0,,2021-11-10,,0,
New Hanover,Wilmington City,58361.0,,2021-11-11,,0,
New Hanover,Wilmington City,58361.0,0.34,2021-11-12,,0,
New Hanover,Wilmington City,58361.0,,2021-11-13,8649.421946003094,0,1823305.73433971
New Hanover,Wilmington City,58361.0,1.03,2021-11-14,,0,
New Hanover,Wilmington City,58361.0,0.34,2021-11-15,,0,
New Hanover,Wilmington City,58361.0,0.34,2021-11-16,,0,
New Hanover,Wilmington City,58361.0,0.86,2021-11-17,3968.626966596889,0,787681.7050638071
New Hanover,Wilmington City,58361.0,1.03,2021-11-18,,0,
New Hanover,Wilmington City,58361.0,0.86,2021-11-19,,0,
New Hanover,Wilmington City,58361.0,0.34,2021-11-20,19416.487838947607,0,4067824.9002199
New Hanover,Wilmington City,58361.0,0.34,2021-11-21,,0,
New Hanover,Wilmington City,58361.0,0.86,2021-11-22,,0,
New Hanover,Wilmington City,58361.0,1.37,2021-11-23,,0,
New Hanover,Wilmington City,58361.0,0.86,2021-11-24,7984.359711335657,0,1776328.43357592
New Hanover,Wilmington City,58361.0,1.37,2021-11-25,,0,
New Hanover,Wilmington City,58361.0,0.34,2021-11-26,,0,
New Hanover,Wilmington City,58361.0,0.34,2021-11-27,,0,
New Hanover,Wilmington City,58361.0,0.86,2021-11-28,,0,
New Hanover,Wilmington City,58361.0,1.37,2021-11-29,,0,
New Hanover,Wilmington City,58361.0,2.5700000000000003,2021-11-30,,0,
New Hanover,Wilmington City,58361.0,2.5700000000000003,2021-12-01,30993.951022739915,0,5789732.29280274
New Hanover,Wilmington City,58361.0,1.8800000000000001,2021-12-02,,0,
New Hanover,Wilmington City,58361.0,1.54,2021-12-03,,0,
New Hanover,Wilmington City,58361.0,1.03,2021-12-04,47275.78661429134,0,9413826.55085922
New Hanover,Wilmington City,58361.0,0.34,2021-12-05,,0,
New Hanover,Wilmington City,58361.0,1.7100000000000002,2021-12-06,,0,
New Hanover,Wilmington City,58361.0,1.7100000000000002,2021-12-07,,0,
New Hanover,Wilmington City,58361.0,1.03,2021-12-08,,0,
New Hanover,Wilmington City,58361.0,1.54,2021-12-09,,0,
New Hanover,Wilmington City,58361.0,2.06,2021-12-10,,0,
New Hanover,Wilmington City,58361.0,1.03,2021-12-11,31734.248061045975,0,6771940.9603645
New Hanover,Wilmington City,58361.0,0.34,2021-12-12,,0,
New Hanover,Wilmington City,58361.0,1.03,2021-12-13,,0,
New Hanover,Wilmington City,58361.0,2.4000000000000004,2021-12-14,,0,
New Hanover,Wilmington City,58361.0,3.4299999999999997,2021-12-15,13297.086146972219,0,2673666.46720105
New Hanover,Wilmington City,58361.0,2.23,2021-12-16,,0,
New Hanover,Wilmington City,58361.0,3.08,2021-12-17,,0,
New Hanover,Wilmington City,58361.0,3.4299999999999997,2021-12-18,24173.849507267165,0,4954752.3202549
New Hanover,Wilmington City,58361.0,2.74,2021-12-19,,0,
New Hanover,Wilmington City,58361.0,3.08,2021-12-20,,0,
New Hanover,Wilmington City,58361.0,6.170000000000001,2021-12-21,,0,
New Hanover,Wilmington City,58361.0,5.65,2021-12-22,78660.66361276139,0,16275612.5249189
New Hanover,Wilmington City,58361.0,11.31,2021-12-23,,0,
New Hanover,Wilmington City,58361.0,11.14,2021-12-24,,0,
New Hanover,Wilmington City,58361.0,5.3100000000000005,2021-12-25,,0,
New Hanover,Wilmington City,58361.0,2.4000000000000004,2021-12-26,,0,
New Hanover,Wilmington City,58361.0,5.65,2021-12-27,,0,
New Hanover,Wilmington City,58361.0,19.53,2021-12-28,,0,
New Hanover,Wilmington City,58361.0,20.560000000000002,2021-12-29,127082.65027138843,0,22915013.2255741
New Hanover,Wilmington City,58361.0,22.96,2021-12-30,,0,
New Hanover,Wilmington City,58361.0,22.790000000000003,2021-12-31,,0,
New Hanover,Wilmington City,58361.0,13.37,2022-01-01,,0,
New Hanover,Wilmington City,58361.0,9.42,2022-01-02,,0,
New Hanover,Wilmington City,58361.0,11.14,2022-01-03,,0,
New Hanover,Wilmington City,58361.0,30.330000000000002,2022-01-04,,0,
New Hanover,Wilmington City,58361.0,30.5,2022-01-18,,0,
New Hanover,Wilmington City,58361.0,48.32,2022-01-19,201215.05907858905,0,47506268.2968998
New Hanover,Wilmington City,58361.0,45.75,2022-01-20,,0,
New Hanover,Wilmington City,58361.0,32.9,2022-01-21,,0,
New Hanover,Wilmington City,58361.0,10.620000000000001,2022-01-22,329440.81410778506,0,67095918.66575501
New Hanover,Wilmington City,58361.0,5.83,2022-01-23,,0,
New Hanover,Wilmington City,58361.0,9.940000000000001,2022-01-24,,0,
New Hanover,Wilmington City,58361.0,33.93,2022-01-25,,0,
New Hanover,Wilmington City,58361.0,22.450000000000003,2022-01-26,253229.14524201234,0,51738435.944504
New Hanover,Wilmington City,58361.0,17.48,2022-01-27,,0,
New Hanover,Wilmington City,58361.0,16.62,2022-01-28,,0,
New Hanover,Wilmington City,58361.0,13.71,2022-01-29,84075.85860400117,0,17232466.6524612
New Hanover,Wilmington City,58361.0,7.2,2022-01-30,,0,
New Hanover,Wilmington City,58361.0,5.3100000000000005,2022-01-31,,0,
New Hanover,Wilmington City,58361.0,15.590000000000002,2022-02-01,,0,
New Hanover,Wilmington City,58361.0,10.97,2022-02-02,105652.73304557733,0,22751386.7278973
New Hanover,Wilmington City,58361.0,9.08,2022-02-03,,0,
New Hanover,Wilmington City,58361.0,8.57,2022-02-04,,0,
New Hanover,Wilmington City,58361.0,6.51,2022-02-05,58094.7501931113,0,12623237.3627312
New Hanover,Wilmington City,58361.0,2.91,2022-02-06,,0,
New Hanover,Wilmington City,58361.0,3.2600000000000002,2022-02-07,,0,
New Hanover,Wilmington City,58361.0,7.03,2022-02-08,,0,
New Hanover,Wilmington City,58361.0,6.51,2022-02-09,50311.52949374524,0,10736246.4269478
New Hanover,Wilmington City,58361.0,5.65,2022-02-10,,0,
New Hanover,Wilmington City,58361.0,3.94,2022-02-11,,0,
New Hanover,Wilmington City,58361.0,4.63,2022-02-12,43839.194791875496,0,9326645.40576313
New Hanover,Wilmington City,58361.0,1.37,2022-02-13,,0,
New Hanover,Wilmington City,58361.0,2.5700000000000003,2022-02-14,,0,
New Hanover,Wilmington City,58361.0,2.74,2022-02-15,,0,
New Hanover,Wilmington City,58361.0,2.74,2022-02-16,32612.305959560712,0,6536255.80449448
New Hanover,Wilmington City,58361.0,1.7100000000000002,2022-02-17,,0,
New Hanover,Wilmington City,58361.0,1.8800000000000001,2022-02-18,,0,
New Hanover,Wilmington City,58361.0,1.8800000000000001,2022-02-19,7952.986860293429,0,1666179.70509217
New Hanover,Wilmington City,58361.0,0.86,2022-02-20,,0,
New Hanover,Wilmington City,58361.0,1.54,2022-02-21,,0,
New Hanover,Wilmington City,58361.0,2.06,2022-02-22,,0,
New Hanover,Wilmington City,58361.0,1.54,2022-02-23,3674.2346141747657,0,795980.455207769
New Hanover,Wilmington City,58361.0,1.37,2022-02-24,,0,
New Hanover,Wilmington City,58361.0,1.2000000000000002,2022-02-25,,0,
New Hanover,Wilmington City,58361.0,1.2000000000000002,2022-02-26,0.0,0,61667.7203668902
New Hanover,Wilmington City,58361.0,0.34,2022-02-27,,0,
New Hanover,Wilmington City,58361.0,0.86,2022-02-28,,0,
New Hanover,Wilmington City,58361.0,1.2000000000000002,2022-03-01,,0,
New Hanover,Wilmington City,58361.0,0.34,2022-03-02,6123.724356957951,0,1219391.21631129
New Hanover,Wilmington City,58361.0,0.34,2022-03-03,,0,
New Hanover,Wilmington City,58361.0,0.34,2022-03-04,,0,
New Hanover,Wilmington City,58361.0,0.34,2022-03-05,0.0,0,60704.1622361576
New Hanover,Wilmington City,58361.0,0.34,2022-03-06,,0,
New Hanover,Wilmington City,58361.0,,2022-03-07,,0,
New Hanover,Wilmington City,58361.0,1.2000000000000002,2022-03-08,,0,
New Hanover,Wilmington City,58361.0,0.34,2022-03-09,0.0,0,62631.2784976228
New Hanover,Wilmington City,58361.0,0.34,2022-03-10,,0,
New Hanover,Wilmington City,58361.0,0.34,2022-03-11,,0,
New Hanover,Wilmington City,58361.0,0.34,2022-03-12,0.0,0,60126.0273577179
New Hanover,Wilmington City,58361.0,0.34,2022-03-13,,0,
New Hanover,Wilmington City,58361.0,0.34,2022-03-14,,0,
New Hanover,Wilmington City,58361.0,0.34,2022-03-15,,0,
New Hanover,Wilmington City,58361.0,,2022-03-16,0.0,0,64365.6831329415
New Hanover,Wilmington City,58361.0,0.34,2022-03-17,,0,
New Hanover,Wilmington City,58361.0,0.34,2022-03-18,,0,
New Hanover,Wilmington City,58361.0,0.34,2022-03-19,0.0,0,66100.0877682604
New Hanover,Wilmington City,58361.0,0.34,2022-03-20,,0,
New Hanover,Wilmington City,58361.0,0.86,2022-03-21,,0,
New Hanover,Wilmington City,58361.0,0.34,2022-03-22,,0,
New Hanover,Wilmington City,58361.0,0.34,2022-03-23,0.0,0,158674.466935729
New Hanover,Wilmington City,58361.0,0.34,2022-03-24,,0,
New Hanover,Wilmington City,58361.0,0.34,2022-03-25,,0,
New Hanover,Wilmington City,58361.0,0.34,2022-03-26,0.0,0,300202.801623334
New Hanover,Wilmington City,58361.0,,2022-03-27,,0,
New Hanover,Wilmington City,58361.0,0.34,2022-03-28,,0,
New Hanover,Wilmington City,58361.0,0.34,2022-03-29,,0,
New Hanover,Wilmington City,58361.0,0.34,2022-03-30,10313.825672368152,0,2214301.90311344
New Hanover,Wilmington City,58361.0,0.34,2022-03-31,,0,
New Hanover,Wilmington City,58361.0,0.34,2022-04-01,,0,
New Hanover,Wilmington City,58361.0,0.34,2022-04-02,0.0,0,148311.563559609
New Hanover,Wilmington City,58361.0,0.34,2022-04-03,,0,
New Hanover,Wilmington City,58361.0,0.34,2022-04-04,,0,
New Hanover,Wilmington City,58361.0,0.34,2022-04-05,,0,
New Hanover,Wilmington City,58361.0,0.34,2022-04-06,2250.0000000000005,0,483058.318054866
New Hanover,Wilmington City,58361.0,0.86,2022-04-07,,0,
New Hanover,Wilmington City,58361.0,0.34,2022-04-08,,0,
New Hanover,Wilmington City,58361.0,0.34,2022-04-09,6937.21846275581,0,1561363.05560456
New Hanover,Wilmington City,58361.0,0.34,2022-04-10,,0,
New Hanover,Wilmington City,58361.0,0.34,2022-04-11,,0,
New Hanover,Wilmington City,58361.0,1.03,2022-04-12,,0,
New Hanover,Wilmington City,58361.0,1.54,2022-04-13,3968.626966596889,0,815997.060474596
New Hanover,Wilmington City,58361.0,2.74,2022-04-14,,0,
New Hanover,Wilmington City,58361.0,1.37,2022-04-15,27000.000000000007,0,5954314.01106903
New Hanover,Wilmington City,58361.0,0.34,2022-04-16,,0,
New Hanover,Wilmington City,58361.0,0.34,2022-04-17,,0,
New Hanover,Wilmington City,58361.0,0.34,2022-04-18,,0,
New Hanover,Wilmington City,58361.0,1.37,2022-04-19,,0,
New Hanover,Wilmington City,58361.0,1.03,2022-04-20,,0,
New Hanover,Wilmington City,58361.0,1.2000000000000002,2022-04-21,,0,
New Hanover,Wilmington City,58361.0,0.34,2022-04-22,,0,
New Hanover,Wilmington City,58361.0,0.34,2022-04-23,9778.803607803988,0,2086751.21489124
New Hanover,Wilmington City,58361.0,1.03,2022-04-24,,0,
New Hanover,Wilmington City,58361.0,0.34,2022-04-25,,0,
New Hanover,Wilmington City,58361.0,1.37,2022-04-26,,0,
New Hanover,Wilmington City,58361.0,1.54,2022-04-27,18919.236242512572,0,3840935.2925863694
New Hanover,Wilmington City,58361.0,1.8800000000000001,2022-04-28,,0,
New Hanover,Wilmington City,58361.0,2.5700000000000003,2022-04-29,,0,
New Hanover,Wilmington City,58361.0,2.4000000000000004,2022-04-30,42558.782877333404,0,9081846.35211341
New Hanover,Wilmington City,58361.0,0.86,2022-05-01,,0,
New Hanover,Wilmington City,58361.0,0.34,2022-05-02,,0,
New Hanover,Wilmington City,58361.0,1.8800000000000001,2022-05-03,,0,
New Hanover,Wilmington City,58361.0,1.54,2022-05-04,16665.833312498973,0,3556411.32666557
New Hanover,Wilmington City,58361.0,2.5700000000000003,2022-05-05,,0,
New Hanover,Wilmington City,58361.0,2.06,2022-05-06,,0,
New Hanover,Wilmington City,58361.0,2.5700000000000003,2022-05-07,24372.11521390789,0,5090238.68468567
New Hanover,Wilmington City,58361.0,1.03,2022-05-08,,0,
New Hanover,Wilmington City,58361.0,0.34,2022-05-09,,0,
New Hanover,Wilmington City,58361.0,2.5700000000000003,2022-05-10,,0,
New Hanover,Wilmington City,58361.0,2.4000000000000004,2022-05-11,15982.412208424625,0,3431305.40438273
New Hanover,Wilmington City,58361.0,3.08,2022-05-12,,0,
New Hanover,Wilmington City,58361.0,2.5700000000000003,2022-05-13,,0,
New Hanover,Wilmington City,58361.0,3.6,2022-05-14,27500.000000000036,0,5993231.09610869
New Hanover,Wilmington City,58361.0,2.06,2022-05-15,,0,
New Hanover,Wilmington City,58361.0,1.03,2022-05-16,,0,
New Hanover,Wilmington City,58361.0,2.4000000000000004,2022-05-17,,0,
New Hanover,Wilmington City,58361.0,4.28,2022-05-18,22706.001409319062,0,4712807.40137209
New Hanover,Wilmington City,58361.0,2.06,2022-05-19,,0,
New Hanover,Wilmington City,58361.0,3.4299999999999997,2022-05-20,,0,
New Hanover,Wilmington City,58361.0,2.91,2022-05-21,41713.307229228376,0,8766145.75351842
New Hanover,Wilmington City,58361.0,1.7100000000000002,2022-05-22,,0,
New Hanover,Wilmington City,58361.0,1.03,2022-05-23,,0,
New Hanover,Wilmington City,58361.0,2.06,2022-05-24,,0,
New Hanover,Wilmington City,58361.0,3.4299999999999997,2022-05-25,66238.20649745897,0,13447512.457296
New Hanover,Wilmington City,58361.0,1.8800000000000001,2022-05-26,,0,
New Hanover,Wilmington City,58361.0,2.23,2022-05-27,,0,
New Hanover,Wilmington City,58361.0,4.46,2022-05-28,35950.4867839088,0,7135349.57207267
New Hanover,Wilmington City,58361.0,1.37,2022-05-29,,0,
New Hanover,Wilmington City,58361.0,2.5700000000000003,2022-05-30,,0,
New Hanover,Wilmington City,58361.0,2.06,2022-05-31,,0,
New Hanover,Wilmington City,58361.0,3.7700000000000005,2022-06-01,55621.48865321753,0,10173743.1585656
New Hanover,Wilmington City,58361.0,3.4299999999999997,2022-06-02,,0,
New Hanover,Wilmington City,58361.0,2.91,2022-06-03,,0,
New Hanover,Wilmington City,58361.0,3.2600000000000002,2022-06-04,72929.76072907423,0,14474889.8711012
New Hanover,Wilmington City,58361.0,1.03,2022-06-05,,0,
New Hanover,Wilmington City,58361.0,1.8800000000000001,2022-06-06,,0,
New Hanover,Wilmington City,58361.0,2.5700000000000003,2022-06-07,,0,
New Hanover,Wilmington City,58361.0,2.5700000000000003,2022-06-08,49636.176323322914,0,10624324.1226026
New Hanover,Wilmington City,58361.0,2.91,2022-06-09,,0,
New Hanover,Wilmington City,58361.0,2.5700000000000003,2022-06-10,,0,
New Hanover,Wilmington City,58361.0,4.46,2022-06-11,76034.53162872783,0,16915858.6722971
New Hanover,Wilmington City,58361.0,1.37,2022-06-12,,0,
New Hanover,Wilmington City,58361.0,2.4000000000000004,2022-06-13,,0,
New Hanover,Wilmington City,58361.0,2.91,2022-06-14,,0,
New Hanover,Wilmington City,58361.0,2.91,2022-06-15,58496.79478398802,0,12634712.291218
New Hanover,Wilmington City,58361.0,3.94,2022-06-16,,0,
New Hanover,Wilmington City,58361.0,3.94,2022-06-17,,0,
New Hanover,Wilmington City,58361.0,2.4000000000000004,2022-06-18,18374.57482501294,0,4040229.6343350494
New Hanover,Wilmington City,58361.0,2.06,2022-06-19,,0,
New Hanover,Wilmington City,58361.0,1.54,2022-06-20,,0,
New Hanover,Wilmington City,58361.0,3.2600000000000002,2022-06-21,,0,
New Hanover,Wilmington City,58361.0,3.6,2022-06-22,57835.97496368509,0,12116847.3432075
New Hanover,Wilmington City,58361.0,4.11,2022-06-23,,0,
New Hanover,Wilmington City,58361.0,3.94,2022-06-24,,0,
New Hanover,Wilmington City,58361.0,3.4299999999999997,2022-06-25,26663.411259626962,0,5240194.32936448
New Hanover,Wilmington City,58361.0,3.94,2022-06-26,,0,
New Hanover,Wilmington City,58361.0,3.08,2022-06-27,,0,
New Hanover,Wilmington City,58361.0,3.7700000000000005,2022-06-28,,0,
New Hanover,Wilmington City,58361.0,4.28,2022-06-29,22500.0,0,4436547.69452202
New Hanover,Wilmington City,58361.0,3.6,2022-06-30,,0,
New Hanover,Wilmington City,58361.0,5.48,2022-07-01,,0,
New Hanover,Wilmington City,58361.0,4.28,2022-07-02,35087.39089758597,0,7123352.98823956
New Hanover,Wilmington City,58361.0,2.74,2022-07-03,,0,
New Hanover,Wilmington City,58361.0,1.7100000000000002,2022-07-04,,0,
New Hanover,Wilmington City,58361.0,1.54,2022-07-05,,0,
New Hanover,Wilmington City,58361.0,6.34,2022-07-06,27382.70439529304,0,6038711.86821684
New Hanover,Wilmington City,58361.0,6.34,2022-07-07,,0,
New Hanover,Wilmington City,58361.0,4.46,2022-07-08,,0,
New Hanover,Wilmington City,58361.0,5.140000000000001,2022-07-09,84705.37173048715,0,16921962.2620867
New Hanover,Wilmington City,58361.0,4.46,2022-07-10,,0,
New Hanover,Wilmington City,58361.0,2.91,2022-07-11,,0,
New Hanover,Wilmington City,58361.0,4.63,2022-07-12,,0,
New Hanover,Wilmington City,58361.0,4.970000000000001,2022-07-13,69955.34289816621,0,14338278.9503474
New Hanover,Wilmington City,58361.0,4.11,2022-07-14,,0,
New Hanover,Wilmington City,58361.0,5.140000000000001,2022-07-15,,0,
New Hanover,Wilmington City,58361.0,3.08,2022-07-16,43517.956064135215,0,9117170.24998068
New Hanover,Wilmington City,58361.0,3.4299999999999997,2022-07-17,,0,
New Hanover,Wilmington City,58361.0,2.5700000000000003,2022-07-18,,0,
New Hanover,Wilmington City,58361.0,4.800000000000001,2022-07-19,,0,
New Hanover,Wilmington City,58361.0,3.94,2022-07-20,31374.75099502784,0,7000479.42141206
New Hanover,Wilmington City,58361.0,4.800000000000001,2022-07-21,,0,
New Hanover,Wilmington City,58361.0,5.140000000000001,2022-07-22,,0,
New Hanover,Wilmington City,58361.0,4.28,2022-07-23,24738.63375370599,0,5311201.24979579
New Hanover,Wilmington City,58361.0,2.4000000000000004,2022-07-24,,0,
New Hanover,Wilmington City,58361.0,2.23,2022-07-25,,0,
New Hanover,Wilmington City,58361.0,4.28,2022-07-26,,0,
New Hanover,Wilmington City,58361.0,3.08,2022-07-27,21794.494717703375,0,4353981.44887055
New Hanover,Wilmington City,58361.0,3.94,2022-07-28,,0,
New Hanover,Wilmington City,58361.0,3.6,2022-07-29,,0,
New Hanover,Wilmington City,58361.0,3.4299999999999997,2022-07-30,40388.73605350874,0,8147224.888729141
New Hanover,Wilmington City,58361.0,1.8800000000000001,2022-07-31,,0,
New Hanover,Wilmington City,58361.0,1.37,2022-08-01,,0,
New Hanover,Wilmington City,58361.0,4.63,2022-08-02,,0,
New Hanover,Wilmington City,58361.0,4.63,2022-08-03,75746.28703771558,0,15918253.3480633
New Hanover,Wilmington City,58361.0,4.28,2022-08-04,,0,
New Hanover,Wilmington City,58361.0,4.970000000000001,2022-08-05,,0,
New Hanover,Wilmington City,58361.0,3.7700000000000005,2022-08-06,64981.968652850155,0,13150325.7605612
New Hanover,Wilmington City,58361.0,2.23,2022-08-07,,0,
New Hanover,Wilmington City,58361.0,2.91,2022-08-08,,0,
New Hanover,Wilmington City,58361.0,4.800000000000001,2022-08-09,,0,
New Hanover,Wilmington City,58361.0,3.7700000000000005,2022-08-10,54977.80091773405,0,10269963.6173248
New Hanover,Wilmington City,58361.0,4.63,2022-08-11,,0,
New Hanover,Wilmington City,58361.0,3.2600000000000002,2022-08-12,,0,
New Hanover,Wilmington City,58361.0,2.5700000000000003,2022-08-13,34445.60929929971,0,6836665.80235432
New Hanover,Wilmington City,58361.0,2.23,2022-08-14,,0,
New Hanover,Wilmington City,58361.0,1.54,2022-08-15,,0,
New Hanover,Wilmington City,58361.0,4.63,2022-08-16,,0,
New Hanover,Wilmington City,58361.0,3.08,2022-08-17,54806.47771933536,0,12050932.2008231
New Hanover,Wilmington City,58361.0,1.54,2022-08-18,,0,
New Hanover,Wilmington City,58361.0,3.08,2022-08-19,,0,
New Hanover,Wilmington City,58361.0,0.86,2022-08-20,51526.69211195304,0,10327133.592478
New Hanover,Wilmington City,58361.0,1.54,2022-08-21,,0,
New Hanover,Wilmington City,58361.0,1.03,2022-08-22,,0,
New Hanover,Wilmington City,58361.0,2.23,2022-08-23,,0,
New Hanover,Wilmington City,58361.0,1.54,2022-08-24,43982.24073418729,0,11582236.7462051
New Hanover,Wilmington City,58361.0,2.4000000000000004,2022-08-25,,0,
New Hanover,Wilmington City,58361.0,2.91,2022-08-26,,0,
New Hanover,Wilmington City,58361.0,2.4000000000000004,2022-08-27,22065.244163616233,0,5195225.65039561
New Hanover,Wilmington City,58361.0,1.03,2022-08-28,,0,
New Hanover,Wilmington City,58361.0,2.23,2022-08-29,,0,
New Hanover,Wilmington City,58361.0,4.46,2022-08-30,,0,
New Hanover,Wilmington City,58361.0,5.3100000000000005,2022-08-31,54943.15243958982,0,13221372.3599371
New Hanover,Wilmington City,58361.0,2.06,2022-09-01,,0,
New Hanover,Wilmington City,58361.0,3.08,2022-09-02,,0,
New Hanover,Wilmington City,58361.0,3.4299999999999997,2022-09-03,14849.242404917508,0,3419177.94089358
New Hanover,Wilmington City,58361.0,1.7100000000000002,2022-09-04,,0,
New Hanover,Wilmington City,58361.0,1.54,2022-09-05,,0,
New Hanover,Wilmington City,58361.0,2.5700000000000003,2022-09-06,,0,
New Hanover,Wilmington City,58361.0,4.63,2022-09-07,41707.313507345476,0,8981303.10152915
New Hanover,Wilmington City,58361.0,2.91,2022-09-08,,0,
New Hanover,Wilmington City,58361.0,3.6,2022-09-09,,0,
New Hanover,Wilmington City,58361.0,2.06,2022-09-10,31094.61368147226,0,7200164.76325879
New Hanover,Wilmington City,58361.0,0.86,2022-09-11,,0,
New Hanover,Wilmington City,58361.0,0.34,2022-09-12,,0,
New Hanover,Wilmington City,58361.0,2.4000000000000004,2022-09-13,,0,
New Hanover,Wilmington City,58361.0,1.7100000000000002,2022-09-14,25209.12533191109,0,6491384.54506814
New Hanover,Wilmington City,58361.0,2.23,2022-09-15,,0,
New Hanover,Wilmington City,58361.0,1.2000000000000002,2022-09-16,,0,
New Hanover,Wilmington City,58361.0,0.86,2022-09-17,44850.44592866385,0,9919966.31385036
New Hanover,Wilmington City,58361.0,1.03,2022-09-18,,0,
New Hanover,Wilmington City,58361.0,1.03,2022-09-19,,0,
New Hanover,Wilmington City,58361.0,1.8800000000000001,2022-09-20,,0,
New Hanover,Wilmington City,58361.0,1.8800000000000001,2022-09-21,28024.54281518257,0,5634939.83233727
New Hanover,Wilmington City,58361.0,1.37,2022-09-22,,0,
New Hanover,Wilmington City,58361.0,1.2000000000000002,2022-09-23,,0,
New Hanover,Wilmington City,58361.0,1.54,2022-09-24,27658.633371878677,0,5794584.40009403
New Hanover,Wilmington City,58361.0,0.86,2022-09-25,,0,
New Hanover,Wilmington City,58361.0,0.34,2022-09-26,,0,
New Hanover,Wilmington City,58361.0,1.8800000000000001,2022-09-27,,0,
New Hanover,Wilmington City,58361.0,1.2000000000000002,2022-09-28,31470.22402208156,0,6572714.36340131
New Hanover,Wilmington City,58361.0,0.34,2022-09-29,,0,
New Hanover,Wilmington City,58361.0,0.86,2022-09-30,,0,
New Hanover,Wilmington City,58361.0,0.86,2022-10-01,8536.685539481934,0,1688799.82857597
New Hanover,Wilmington City,58361.0,0.34,2022-10-02,,0,
New Hanover,Wilmington City,58361.0,0.34,2022-10-03,,0,
New Hanover,Wilmington City,58361.0,1.03,2022-10-04,,0,
New Hanover,Wilmington City,58361.0,1.8800000000000001,2022-10-05,74624.05778299656,0,20619470.6994957
New Hanover,Wilmington City,58361.0,1.03,2022-10-06,,0,
New Hanover,Wilmington City,58361.0,0.34,2022-10-07,,0,
New Hanover,Wilmington City,58361.0,0.34,2022-10-08,8198.619142375492,0,1850584.87855567
New Hanover,Wilmington City,58361.0,0.34,2022-10-09,,0,
New Hanover,Wilmington City,58361.0,0.86,2022-10-10,,0,
New Hanover,Wilmington City,58361.0,0.34,2022-10-11,,0,
New Hanover,Wilmington City,58361.0,,2022-10-12,37686.03835250663,0,7724255.332695929
New Hanover,Wilmington City,58361.0,1.2000000000000002,2022-10-13,,0,
New Hanover,Wilmington City,58361.0,0.34,2022-10-14,,0,
New Hanover,Wilmington City,58361.0,0.86,2022-10-15,8396.427811873336,0,1720959.67463625
New Hanover,Wilmington City,58361.0,0.34,2022-10-16,,0,
New Hanover,Wilmington City,58361.0,,2022-10-17,,0,
New Hanover,Wilmington City,58361.0,0.34,2022-10-18,,0,
New Hanover,Wilmington City,58361.0,0.86,2022-10-19,30031.233740890548,0,6038428.39959182
New Hanover,Wilmington City,58361.0,0.34,2022-10-20,,0,
New Hanover,Wilmington City,58361.0,1.37,2022-10-21,,0,
New Hanover,Wilmington City,58361.0,0.34,2022-10-22,17361.95553501967,0,3310815.83005525
New Hanover,Wilmington City,58361.0,0.86,2022-10-23,,0,
New Hanover,Wilmington City,58361.0,0.34,2022-10-24,,0,
New Hanover,Wilmington City,58361.0,0.34,2022-10-25,,0,
New Hanover,Wilmington City,58361.0,0.34,2022-10-26,14585.952145814808,0,2790910.13854566
New Hanover,Wilmington City,58361.0,1.03,2022-10-27,,0,
New Hanover,Wilmington City,58361.0,0.34,2022-10-28,,0,
New Hanover,Wilmington City,58361.0,0.34,2022-10-29,7348.469228349544,0,1506166.60985421
New Hanover,Wilmington City,58361.0,0.34,2022-10-30,,0,
New Hanover,Wilmington City,58361.0,0.34,2022-10-31,,0,
New Hanover,Wilmington City,58361.0,0.34,2022-11-01,,0,
New Hanover,Wilmington City,58361.0,1.2000000000000002,2022-11-02,8003.905296791061,0,1583400.70401368
New Hanover,Wilmington City,58361.0,0.86,2022-11-03,,0,
New Hanover,Wilmington City,58361.0,1.37,2022-11-04,,0,
New Hanover,Wilmington City,58361.0,1.2000000000000002,2022-11-05,26769.85244636213,0,5087479.24795403
New Hanover,Wilmington City,58361.0,0.34,2022-11-06,,0,
New Hanover,Wilmington City,58361.0,0.34,2022-11-07,,0,
New Hanover,Wilmington City,58361.0,0.34,2022-11-08,,0,
New Hanover,Wilmington City,58361.0,0.34,2022-11-09,8767.838958375107,0,1580980.13585497
New Hanover,Wilmington City,58361.0,0.34,2022-11-10,,0,
New Hanover,Wilmington City,58361.0,0.34,2022-11-11,4937.1044145328815,0,957486.266544617
New Hanover,Wilmington City,58361.0,0.34,2022-11-12,,0,
New Hanover,Wilmington City,58361.0,0.34,2022-11-13,,0,
New Hanover,Wilmington City,58361.0,0.34,2022-11-14,,0,
New Hanover,Wilmington City,58361.0,0.86,2022-11-15,,0,
New Hanover,Wilmington City,58361.0,0.34,2022-11-16,,0,
New Hanover,Wilmington City,58361.0,0.86,2022-11-17,5830.951894845306,0,1111925.88869411
New Hanover,Wilmington City,58361.0,0.34,2022-11-18,,0,
New Hanover,Wilmington City,58361.0,0.34,2022-11-19,19118.05429430517,0,3546490.30337717
New Hanover,Wilmington City,58361.0,0.34,2022-11-20,,0,
New Hanover,Wilmington City,58361.0,0.34,2022-11-21,,0,
New Hanover,Wilmington City,58361.0,2.06,2022-11-22,,0,
New Hanover,Wilmington City,58361.0,0.86,2022-11-23,10037.429949942361,0,1842459.7788079
New Hanover,Wilmington City,58361.0,0.34,2022-11-24,,0,
New Hanover,Wilmington City,58361.0,0.34,2022-11-25,,0,
New Hanover,Wilmington City,58361.0,1.54,2022-11-26,,0,
New Hanover,Wilmington City,58361.0,1.03,2022-11-27,,0,
New Hanover,Wilmington City,58361.0,1.03,2022-11-28,,0,
New Hanover,Wilmington City,58361.0,2.06,2022-11-29,,0,
New Hanover,Wilmington City,58361.0,0.86,2022-11-30,48595.91032175443,0,9298454.94164441
New Hanover,Wilmington City,58361.0,0.86,2022-12-01,,0,
New Hanover,Wilmington City,58361.0,2.23,2022-12-02,,0,
New Hanover,Wilmington City,58361.0,0.86,2022-12-03,12369.316876852996,0,2310613.23253955
New Hanover,Wilmington City,58361.0,0.34,2022-12-04,,0,
New Hanover,Wilmington City,58361.0,1.03,2022-12-05,,0,
New Hanover,Wilmington City,58361.0,1.03,2022-12-06,,0,
New Hanover,Wilmington City,58361.0,1.8800000000000001,2022-12-07,35428.62543198651,0,6641118.02526684
New Hanover,Wilmington City,58361.0,1.7100000000000002,2022-12-08,,0,
New Hanover,Wilmington City,58361.0,1.37,2022-12-09,,0,
New Hanover,Wilmington City,58361.0,0.86,2022-12-10,30446.674695276648,0,5312282.96350534
New Hanover,Wilmington City,58361.0,0.34,2022-12-11,,0,
New Hanover,Wilmington City,58361.0,0.34,2022-12-12,,0,
New Hanover,Wilmington City,58361.0,1.2000000000000002,2022-12-13,,0,
New Hanover,Wilmington City,58361.0,1.2000000000000002,2022-12-14,35999.99999999997,0,6491369.78461644
New Hanover,Wilmington City,58361.0,2.5700000000000003,2022-12-15,,0,
New Hanover,Wilmington City,58361.0,2.06,2022-12-16,,0,
New Hanover,Wilmington City,58361.0,0.34,2022-12-17,30409.702399069934,0,5443902.0817596
New Hanover,Wilmington City,58361.0,1.03,2022-12-18,,0,
New Hanover,Wilmington City,58361.0,1.2000000000000002,2022-12-19,,0,
New Hanover,Wilmington City,58361.0,1.03,2022-12-20,,0,
New Hanover,Wilmington City,58361.0,1.7100000000000002,2022-12-21,66143.78277661474,0,11411946.2716215
New Hanover,Wilmington City,58361.0,2.4000000000000004,2022-12-22,,0,
New Hanover,Wilmington City,58361.0,1.54,2022-12-23,,0,
New Hanover,Wilmington City,58361.0,2.4000000000000004,2022-12-24,,0,
New Hanover,Wilmington City,58361.0,1.7100000000000002,2022-12-25,,0,
New Hanover,Wilmington City,58361.0,1.2000000000000002,2022-12-26,,0,
New Hanover,Wilmington City,58361.0,2.06,2022-12-27,,0,
New Hanover,Wilmington City,58361.0,3.4299999999999997,2022-12-28,,0,
New Hanover,Wilmington City,58361.0,2.91,2022-12-29,,0,
New Hanover,Wilmington City,58361.0,3.6,2022-12-30,,0,
New Hanover,Wilmington City,58361.0,3.08,2022-12-31,,0,
New Hanover,Wilmington City,58361.0,2.5700000000000003,2023-01-01,,0,
New Hanover,Wilmington City,58361.0,1.7100000000000002,2023-01-02,,0,
New Hanover,Wilmington City,58361.0,1.7100000000000002,2023-01-03,,0,
New Hanover,Wilmington City,58361.0,1.8800000000000001,2023-01-04,99498.74371066196,0,16134171.126366
New Hanover,Wilmington City,58361.0,3.2600000000000002,2023-01-05,,0,
New Hanover,Wilmington City,58361.0,2.5700000000000003,2023-01-06,,0,
New Hanover,Wilmington City,58361.0,1.2000000000000002,2023-01-07,80039.05296791067,0,12771035.1864709
New Hanover,Wilmington City,58361.0,0.34,2023-01-08,,0,
New Hanover,Wilmington City,58361.0,1.54,2023-01-09,,0,
New Hanover,Wilmington City,58361.0,1.37,2023-01-10,,0,
New Hanover,Wilmington City,58361.0,2.5700000000000003,2023-01-11,39182.266396930194,0,6683967.8844744
New Hanover,Wilmington City,58361.0,1.03,2023-01-12,,0,
New Hanover,Wilmington City,58361.0,1.8800000000000001,2023-01-13,,0,
New Hanover,Wilmington City,58361.0,1.2000000000000002,2023-01-14,67915.38853603063,0,11188991.8932385
New Hanover,Wilmington City,58361.0,0.34,2023-01-15,,0,
New Hanover,Wilmington City,58361.0,1.7100000000000002,2023-01-16,,0,
New Hanover,Wilmington City,58361.0,1.2000000000000002,2023-01-17,,0,
New Hanover,Wilmington City,58361.0,1.54,2023-01-18,54703.747586431404,0,8409196.06739801
New Hanover,Wilmington City,58361.0,1.7100000000000002,2023-01-19,,0,
New Hanover,Wilmington City,58361.0,1.03,2023-01-20,,0,
New Hanover,Wilmington City,58361.0,1.54,2023-01-21,45754.098177103166,0,7508264.680115221
New Hanover,Wilmington City,58361.0,0.34,2023-01-22,,0,
New Hanover,Wilmington City,58361.0,1.03,2023-01-23,,0,
New Hanover,Wilmington City,58361.0,3.2600000000000002,2023-01-24,,0,
New Hanover,Wilmington City,58361.0,1.2000000000000002,2023-01-25,52488.09388804289,0,9872970.79815307
New Hanover,Wilmington City,58361.0,2.23,2023-01-26,,0,
New Hanover,Wilmington City,58361.0,1.8800000000000001,2023-01-27,,0,
New Hanover,Wilmington City,58361.0,2.06,2023-01-28,51052.056765619134,0,9304833.71536496
New Hanover,Wilmington City,58361.0,0.86,2023-01-29,,0,
New Hanover,Wilmington City,58361.0,1.37,2023-01-30,,0,
New Hanover,Wilmington City,58361.0,1.54,2023-01-31,,0,
New Hanover,Wilmington City,58361.0,2.91,2023-02-01,65954.52979136456,0,9839239.17112682
New Hanover,Wilmington City,58361.0,1.7100000000000002,2023-02-02,,0,
New Hanover,Wilmington City,58361.0,1.7100000000000002,2023-02-03,,0,
New Hanover,Wilmington City,58361.0,0.86,2023-02-04,11869.077470469212,0,2055499.04280986
New Hanover,Wilmington City,58361.0,0.34,2023-02-05,,0,
New Hanover,Wilmington City,58361.0,1.03,2023-02-06,,0,
New Hanover,Wilmington City,58361.0,1.03,2023-02-07,,0,
New Hanover,Wilmington City,58361.0,1.8800000000000001,2023-02-08,21917.45879430371,0,3937848.65578521
New Hanover,Wilmington City,58361.0,1.03,2023-02-09,,0,
New Hanover,Wilmington City,58361.0,1.03,2023-02-10,,0,
New Hanover,Wilmington City,58361.0,1.03,2023-02-11,40583.24777540612,0,6843987.3877325
New Hanover,Wilmington City,58361.0,0.34,2023-02-12,,0,
New Hanover,Wilmington City,58361.0,0.34,2023-02-13,,0,
New Hanover,Wilmington City,58361.0,0.86,2023-02-14,,0,
New Hanover,Wilmington City,58361.0,1.2000000000000002,2023-02-15,23688.077169749336,0,4394251.35502366
New Hanover,Wilmington City,58361.0,1.37,2023-02-16,,0,
New Hanover,Wilmington City,58361.0,1.03,2023-02-17,,0,
New Hanover,Wilmington City,58361.0,0.86,2023-02-18,15588.457268119919,0,2841178.43527531
New Hanover,Wilmington City,58361.0,0.34,2023-02-19,,0,
New Hanover,Wilmington City,58361.0,0.34,2023-02-20,,0,
New Hanover,Wilmington City,58361.0,0.34,2023-02-21,,0,
New Hanover,Wilmington City,58361.0,0.34,2023-02-22,20512.19149676602,0,3765195.67224616
New Hanover,Wilmington City,58361.0,0.34,2023-02-23,,0,
New Hanover,Wilmington City,58361.0,0.34,2023-02-24,,0,
New Hanover,Wilmington City,58361.0,,2023-02-25,21505.813167606553,0,3724398.84151464
New Hanover,Wilmington City,58361.0,0.86,2023-02-26,,0,
New Hanover,Wilmington City,58361.0,0.34,2023-02-27,,0,
New Hanover,Wilmington City,58361.0,0.34,2023-02-28,,0,
New Hanover,Wilmington City,58361.0,0.34,2023-03-01,8407.585860400126,0,1396047.93133863
New Hanover,Wilmington City,58361.0,1.2000000000000002,2023-03-02,,0,
New Hanover,Wilmington City,58361.0,0.34,2023-03-03,,0,
New Hanover,Wilmington City,58361.0,0.34,2023-03-04,11653.862020806686,0,2086257.96079967
New Hanover,Wilmington City,58361.0,0.34,2023-03-05,,0,
New Hanover,Wilmington City,58361.0,0.34,2023-03-06,,0,
New Hanover,Wilmington City,58361.0,0.34,2023-03-07,,0,
New Hanover,Wilmington City,58361.0,0.34,2023-03-08,15949.13790773659,0,2824157.50100465
New Hanover,Wilmington City,58361.0,,2023-03-09,,0,
New Hanover,Wilmington City,58361.0,0.34,2023-03-10,,0,
New Hanover,Wilmington City,58361.0,0.34,2023-03-11,9082.95106229248,0,1537646.6082253
New Hanover,Wilmington City,58361.0,0.34,2023-03-12,,0,
New Hanover,Wilmington City,58361.0,,2023-03-13,,0,
New Hanover,Wilmington City,58361.0,1.2000000000000002,2023-03-14,,0,
New Hanover,Wilmington City,58361.0,0.86,2023-03-15,8215.838362577499,0,1401511.57166863
New Hanover,Wilmington City,58361.0,0.34,2023-03-16,,0,
New Hanover,Wilmington City,58361.0,0.86,2023-03-17,,0,
New Hanover,Wilmington City,58361.0,0.34,2023-03-18,14192.277782301193,0,2485449.36612175
New Hanover,Wilmington City,58361.0,0.34,2023-03-19,,0,
New Hanover,Wilmington City,58361.0,0.86,2023-03-20,,0,
New Hanover,Wilmington City,58361.0,0.86,2023-03-21,,0,
New Hanover,Wilmington City,58361.0,0.34,2023-03-22,13600.882326709554,0,2496563.24061375
New Hanover,Wilmington City,58361.0,0.86,2023-03-23,,0,
New Hanover,Wilmington City,58361.0,0.34,2023-03-24,,0,
New Hanover,Wilmington City,58361.0,1.37,2023-03-25,0.0,0,51646.7158072705
New Hanover,Wilmington City,58361.0,,2023-03-26,,0,
New Hanover,Wilmington City,58361.0,0.34,2023-03-27,,0,
New Hanover,Wilmington City,58361.0,0.34,2023-03-28,,0,
New Hanover,Wilmington City,58361.0,0.34,2023-03-29,11580.095434839906,0,2163185.08226458
New Hanover,Wilmington City,58361.0,1.2000000000000002,2023-03-30,,0,
New Hanover,Wilmington City,58361.0,0.34,2023-03-31,,0,
New Hanover,Wilmington City,58361.0,,2023-04-01,25678.525621226767,0,4430377.91947249
New Hanover,Wilmington City,58361.0,0.34,2023-04-02,,0,
New Hanover,Wilmington City,58361.0,,2023-04-03,,0,
New Hanover,Wilmington City,58361.0,1.37,2023-04-04,,0,
New Hanover,Wilmington City,58361.0,0.34,2023-04-05,28800.71006989237,0,5267946.51006612
New Hanover,Wilmington City,58361.0,0.34,2023-04-06,,0,
New Hanover,Wilmington City,58361.0,2.74,2023-04-07,0.0,0,491883.207412063
New Hanover,Wilmington City,58361.0,0.34,2023-04-08,,0,
New Hanover,Wilmington City,58361.0,0.34,2023-04-09,,0,
New Hanover,Wilmington City,58361.0,,2023-04-10,,0,
New Hanover,Wilmington City,58361.0,1.54,2023-04-11,,0,
New Hanover,Wilmington City,58361.0,0.34,2023-04-12,18452.079867727676,0,3422948.86920215
New Hanover,Wilmington City,58361.0,0.34,2023-04-13,,0,
New Hanover,Wilmington City,58361.0,2.06,2023-04-14,,0,
New Hanover,Wilmington City,58361.0,,2023-04-15,0.0,0,115004.616245615
New Hanover,Wilmington City,58361.0,,2023-04-16,,0,
New Hanover,Wilmington City,58361.0,,2023-04-17,,0,
New Hanover,Wilmington City,58361.0,1.03,2023-04-18,,0,
New Hanover,Wilmington City,58361.0,0.34,2023-04-19,3901.6544490767005,0,756674.4063173939
New Hanover,Wilmington City,58361.0,0.34,2023-04-20,,0,
New Hanover,Wilmington City,58361.0,1.03,2023-04-21,,0,
New Hanover,Wilmington City,58361.0,0.34,2023-04-22,2870.757284411205,0,523229.050129241
New Hanover,Wilmington City,58361.0,0.34,2023-04-23,,0,
New Hanover,Wilmington City,58361.0,0.34,2023-04-24,,0,
New Hanover,Wilmington City,58361.0,1.03,2023-04-25,,0,
New Hanover,Wilmington City,58361.0,0.34,2023-04-26,3586.201410963975,0,648974.949551341
New Hanover,Wilmington City,58361.0,0.34,2023-04-27,,0,
New Hanover,Wilmington City,58361.0,0.34,2023-04-28,,0,
New Hanover,Wilmington City,58361.0,0.34,2023-04-29,3476.215623922085,0,662892.477356732
New Hanover,Wilmington City,58361.0,0.34,2023-04-30,,0,
New Hanover,Wilmington City,58361.0,,2023-05-01,,0,
New Hanover,Wilmington City,58361.0,0.34,2023-05-02,,0,
New Hanover,Wilmington City,58361.0,0.34,2023-05-03,0.0,0,216035.28292886
New Hanover,Wilmington City,58361.0,,2023-05-04,,0,
New Hanover,Wilmington City,58361.0,0.34,2023-05-05,,0,
New Hanover,Wilmington City,58361.0,0.34,2023-05-06,0.0,0,289515.465073157
New Hanover,Wilmington City,58361.0,0.34,2023-05-07,,0,
New Hanover,Wilmington City,58361.0,0.34,2023-05-08,,0,
New Hanover,Wilmington City,58361.0,0.34,2023-05-09,,0,
New Hanover,Wilmington City,58361.0,0.34,2023-05-10,11652.4620171018,0,1912173.38959971
New Hanover,Wilmington City,58361.0,0.34,2023-05-11,,0,
New Hanover,Wilmington City,58361.0,0.34,2023-05-12,,0,
New Hanover,Wilmington City,58361.0,0.34,2023-05-13,3462.1501460797476,0,590596.270088103
New Hanover,Wilmington City,58361.0,,2023-05-14,,0,
New Hanover,Wilmington City,58361.0,0.34,2023-05-15,,0,
New Hanover,Wilmington City,58361.0,0.34,2023-05-16,,0,
New Hanover,Wilmington City,58361.0,0.34,2023-05-17,4845.969822027372,0,851802.7721468031
New Hanover,Wilmington City,58361.0,0.34,2023-05-18,,0,
New Hanover,Wilmington City,58361.0,0.34,2023-05-19,,0,
New Hanover,Wilmington City,58361.0,,2023-05-20,8640.655778353865,0,1462770.74040238
New Hanover,Wilmington City,58361.0,,2023-05-21,,0,
New Hanover,Wilmington City,58361.0,,2023-05-22,,0,
New Hanover,Wilmington City,58361.0,0.34,2023-05-23,,0,
New Hanover,Wilmington City,58361.0,,2023-05-24,7633.637637948238,0,1470540.67933426
New Hanover,Wilmington City,58361.0,,2023-05-25,,0,
New Hanover,Wilmington City,58361.0,,2023-05-26,,0,
New Hanover,Wilmington City,58361.0,,2023-05-27,0.0,0,123303.918448907
New Hanover,Wilmington City,58361.0,,2023-05-28,,0,
New Hanover,Wilmington City,58361.0,,2023-05-29,,0,
New Hanover,Wilmington City,58361.0,,2023-05-30,,0,
New Hanover,Wilmington City,58361.0,,2023-05-31,7306.107367658249,0,1502222.85583902
New Hanover,Wilmington City,58361.0,,2023-06-01,,0,
New Hanover,Wilmington City,58361.0,,2023-06-02,,0,
New Hanover,Wilmington City,58361.0,,2023-06-03,0.0,0,131640.072269462
New Hanover,Wilmington City,58361.0,,2023-06-04,,0,
New Hanover,Wilmington City,58361.0,,2023-06-05,,0,
New Hanover,Wilmington City,58361.0,,2023-06-06,,0,
New Hanover,Wilmington City,58361.0,,2023-06-07,5247.572765098175,0,1106192.94256881
New Hanover,Wilmington City,58361.0,,2023-06-08,,0,
New Hanover,Wilmington City,58361.0,,2023-06-09,,0,
New Hanover,Wilmington City,58361.0,,2023-06-10,5263.732669123698,0,1020831.50735329
New Hanover,Wilmington City,58361.0,,2023-06-11,,0,
New Hanover,Wilmington City,58361.0,,2023-06-12,,0,
New Hanover,Wilmington City,58361.0,,2023-06-13,,0,
New Hanover,Wilmington City,58361.0,,2023-06-14,6845.051248748981,0,1265349.84735509
New Hanover,Wilmington City,58361.0,,2023-06-15,,0,
New Hanover,Wilmington City,58361.0,,2023-06-16,,0,
New Hanover,Wilmington City,58361.0,,2023-06-17,6912.746789084655,0,1300282.4474677
New Hanover,Wilmington City,58361.0,,2023-06-18,,0,
New Hanover,Wilmington City,58361.0,,2023-06-19,,0,
New Hanover,Wilmington City,58361.0,,2023-06-20,,0,
New Hanover,Wilmington City,58361.0,,2023-06-21,10116.07416207,0,1968440.59216427
New Hanover,Wilmington City,58361.0,,2023-06-22,,0,
New Hanover,Wilmington City,58361.0,,2023-06-23,,0,
New Hanover,Wilmington City,58361.0,,2023-06-24,0.0,0,468714.995260191
New Hanover,Wilmington City,58361.0,,2023-06-25,,0,
New Hanover,Wilmington City,58361.0,,2023-06-26,,0,
New Hanover,Wilmington City,58361.0,,2023-06-27,,0,
New Hanover,Wilmington City,58361.0,,2023-06-28,2962.840228224268,0,528481.731803436
New Hanover,Wilmington City,58361.0,,2023-06-29,,0,
New Hanover,Wilmington City,58361.0,,2023-06-30,,0,
New Hanover,Wilmington City,58361.0,,2023-07-01,13114.511046928148,0,2619943.18055702
New Hanover,Wilmington City,58361.0,,2023-07-02,,0,
New Hanover,Wilmington City,58361.0,,2023-07-03,,0,
New Hanover,Wilmington City,58361.0,,2023-07-04,,0,
New Hanover,Wilmington City,58361.0,,2023-07-05,,0,
New Hanover,Wilmington City,58361.0,,2023-07-06,21814.967338962502,0,3820387.22580581
New Hanover,Wilmington City,58361.0,,2023-07-07,,0,
New Hanover,Wilmington City,58361.0,,2023-07-08,21013.062604008977,0,4116094.6263304306
New Hanover,Wilmington City,58361.0,,2023-07-09,,0,
New Hanover,Wilmington City,58361.0,,2023-07-10,,0,
New Hanover,Wilmington City,58361.0,,2023-07-11,,0,
New Hanover,Wilmington City,58361.0,,2023-07-12,24672.70556708367,0,4928974.20765932
New Hanover,Wilmington City,58361.0,,2023-07-13,,0,
New Hanover,Wilmington City,58361.0,,2023-07-14,,0,
New Hanover,Wilmington City,58361.0,,2023-07-15,12647.118248834397,0,2337897.6378839
New Hanover,Wilmington City,58361.0,,2023-07-16,,0,
New Hanover,Wilmington City,58361.0,,2023-07-17,,0,
New Hanover,Wilmington City,58361.0,,2023-07-18,,0,
New Hanover,Wilmington City,58361.0,,2023-07-19,24587.443950114033,0,4433505.29829779
New Hanover,Wilmington City,58361.0,,2023-07-20,,0,
New Hanover,Wilmington City,58361.0,,2023-07-21,,0,
New Hanover,Wilmington City,58361.0,,2023-07-22,25519.874607842437,0,5313401.34718546
New Hanover,Wilmington City,58361.0,,2023-07-23,,0,
New Hanover,Wilmington City,58361.0,,2023-07-24,,0,
New Hanover,Wilmington City,58361.0,,2023-07-25,,0,
New Hanover,Wilmington City,58361.0,,2023-07-26,57997.75168056085,0,12715016.0130085
New Hanover,Wilmington City,58361.0,,2023-07-27,,0,
New Hanover,Wilmington City,58361.0,,2023-07-28,,0,
New Hanover,Wilmington City,58361.0,,2023-07-29,66523.15687037107,0,13419066.1132123
New Hanover,Wilmington City,58361.0,,2023-07-30,,0,
New Hanover,Wilmington City,58361.0,,2023-07-31,,0,
New Hanover,Wilmington City,58361.0,,2023-08-01,,0,
New Hanover,Wilmington City,58361.0,,2023-08-02,38994.35856633623,0,7967120.534065209
New Hanover,Wilmington City,58361.0,,2023-08-03,,0,
New Hanover,Wilmington City,58361.0,,2023-08-04,,0,
New Hanover,Wilmington City,58361.0,,2023-08-05,70449.48260988151,0,14485254.2719364
New Hanover,Wilmington City,58361.0,,2023-08-06,,0,
New Hanover,Wilmington City,58361.0,,2023-08-07,,0,
New Hanover,Wilmington City,58361.0,,2023-08-08,,0,
New Hanover,Wilmington City,58361.0,,2023-08-09,51920.00000000006,0,10136551.5272184
New Hanover,Wilmington City,58361.0,,2023-08-10,,0,
New Hanover,Wilmington City,58361.0,,2023-08-11,,0,
New Hanover,Wilmington City,58361.0,,2023-08-12,100032.91458315111,0,20697727.2084638
New Hanover,Wilmington City,58361.0,,2023-08-13,,0,
New Hanover,Wilmington City,58361.0,,2023-08-14,,0,
New Hanover,Wilmington City,58361.0,,2023-08-15,,0,
New Hanover,Wilmington City,58361.0,,2023-08-16,46094.99755938819,0,9417885.43459022
New Hanover,Wilmington City,58361.0,,2023-08-17,,0,
New Hanover,Wilmington City,58361.0,,2023-08-18,,0,
New Hanover,Wilmington City,58361.0,,2023-08-19,51647.94284383459,0,10585933.5545607
New Hanover,Wilmington City,58361.0,,2023-08-20,,0,
New Hanover,Wilmington City,58361.0,,2023-08-21,,0,
New Hanover,Wilmington City,58361.0,,2023-08-22,,0,
New Hanover,Wilmington City,58361.0,,2023-08-23,24265.50638251758,0,4375454.85944143
New Hanover,Wilmington City,58361.0,,2023-08-24,,0,
New Hanover,Wilmington City,58361.0,,2023-08-25,,0,
New Hanover,Wilmington City,58361.0,,2023-08-26,85814.48362601738,0,16475604.4807501
New Hanover,Wilmington City,58361.0,,2023-08-27,,0,
New Hanover,Wilmington City,58361.0,,2023-08-28,,0,
New Hanover,Wilmington City,58361.0,,2023-08-29,,0,
New Hanover,Wilmington City,58361.0,,2023-08-30,150411.80272837632,0,29950863.2958198
New Hanover,Wilmington City,58361.0,,2023-08-31,,0,
New Hanover,Wilmington City,58361.0,,2023-09-01,,0,
New Hanover,Wilmington City,58361.0,,2023-09-02,38823.70409942874,0,17123594.4652464
New Hanover,Wilmington City,58361.0,,2023-09-03,,0,
New Hanover,Wilmington City,58361.0,,2023-09-04,,0,
New Hanover,Wilmington City,58361.0,,2023-09-05,,0,
New Hanover,Wilmington City,58361.0,,2023-09-06,68001.15293140267,0,16231294.1287509
New Hanover,Wilmington City,58361.0,,2023-09-07,,0,
New Hanover,Wilmington City,58361.0,,2023-09-08,,0,
New Hanover,Wilmington City,58361.0,,2023-09-09,64445.95565277926,0,15048292.4196108
New Hanover,Wilmington City,58361.0,,2023-09-10,,0,
New Hanover,Wilmington City,58361.0,,2023-09-11,,0,
New Hanover,Wilmington City,58361.0,,2023-09-12,,0,
New Hanover,Wilmington City,58361.0,,2023-09-13,71508.18694387386,0,16140763.1154973
New Hanover,Wilmington City,58361.0,,2023-09-14,,0,
New Hanover,Wilmington City,58361.0,,2023-09-15,,0,
New Hanover,Wilmington City,58361.0,,2023-09-16,82810.61767672062,0,18047387.9617487
New Hanover,Wilmington City,58361.0,,2023-09-17,,0,
New Hanover,Wilmington City,58361.0,,2023-09-18,,0,
New Hanover,Wilmington City,58361.0,,2023-09-19,,0,
New Hanover,Wilmington City,58361.0,,2023-09-20,62235.584676292725,0,13159682.9746176
New Hanover,Wilmington City,58361.0,,2023-09-21,,0,
New Hanover,Wilmington City,58361.0,,2023-09-22,,0,
New Hanover,Wilmington City,58361.0,,2023-09-23,54019.79637133042,0,12123223.0197693
New Hanover,Wilmington City,58361.0,,2023-09-24,,0,
New Hanover,Wilmington City,58361.0,,2023-09-25,,0,
New Hanover,Wilmington City,58361.0,,2023-09-26,,0,
New Hanover,Wilmington City,58361.0,,2023-09-27,63674.90557511647,0,12266306.4900398
New Hanover,Wilmington City,58361.0,,2023-09-28,,0,
New Hanover,Wilmington City,58361.0,,2023-09-29,,0,
New Hanover,Wilmington City,58361.0,,2023-09-30,20588.365646646176,0,4767373.10135478
New Hanover,Wilmington City,58361.0,,2023-10-01,,0,
New Hanover,Wilmington City,58361.0,,2023-10-02,,0,
New Hanover,Wilmington City,58361.0,,2023-10-03,,0,
New Hanover,Wilmington City,58361.0,,2023-10-04,73088.91023951587,0,15217579.2435758
New Hanover,Wilmington City,58361.0,,2023-10-05,,0,
New Hanover,Wilmington City,58361.0,,2023-10-06,,0,
New Hanover,Wilmington City,58361.0,,2023-10-07,57599.40277468163,0,11805764.5083525
New Hanover,Wilmington City,58361.0,,2023-10-08,,0,
New Hanover,Wilmington City,58361.0,,2023-10-09,,0,
New Hanover,Wilmington City,58361.0,,2023-10-10,,0,
New Hanover,Wilmington City,58361.0,,2023-10-11,61897.25680512831,0,12887405.3164189
New Hanover,Wilmington City,58361.0,,2023-10-12,,0,
New Hanover,Wilmington City,58361.0,,2023-10-13,,0,
New Hanover,Wilmington City,58361.0,,2023-10-14,35284.67656079618,0,7254950.539757099
New Hanover,Wilmington City,58361.0,,2023-10-15,,0,
New Hanover,Wilmington City,58361.0,,2023-10-16,,0,
New Hanover,Wilmington City,58361.0,,2023-10-17,,0,
New Hanover,Wilmington City,58361.0,,2023-10-18,53220.000000000044,0,10908147.5999383
New Hanover,Wilmington City,58361.0,,2023-10-19,,0,
New Hanover,Wilmington City,58361.0,,2023-10-20,,0,
New Hanover,Wilmington City,58361.0,,2023-10-21,28525.988151157908,0,5624751.42071032
New Hanover,Wilmington City,58361.0,,2023-10-22,,0,
New Hanover,Wilmington City,58361.0,,2023-10-23,,0,
New Hanover,Wilmington City,58361.0,,2023-10-24,,0,
New Hanover,Wilmington City,58361.0,,2023-10-25,27681.27164709024,0,5350462.86672311
New Hanover,Wilmington City,58361.0,,2023-10-26,,0,
New Hanover,Wilmington City,58361.0,,2023-10-27,,0,
New Hanover,Wilmington City,58361.0,,2023-10-28,56299.0586066943,0,10918459.6697254
New Hanover,Wilmington City,58361.0,,2023-10-29,,0,
New Hanover,Wilmington City,58361.0,,2023-10-30,,0,
New Hanover,Wilmington City,58361.0,,2023-10-31,,0,
New Hanover,Wilmington City,58361.0,,2023-11-01,30772.091251652066,0,5788207.11176316
New Hanover,Wilmington City,58361.0,,2023-11-02,,0,
New Hanover,Wilmington City,58361.0,,2023-11-03,,0,
New Hanover,Wilmington City,58361.0,,2023-11-04,82309.7321098788,0,15642561.1554153
New Hanover,Wilmington City,58361.0,,2023-11-05,,0,
New Hanover,Wilmington City,58361.0,,2023-11-06,,0,
New Hanover,Wilmington City,58361.0,,2023-11-07,,0,
New Hanover,Wilmington City,58361.0,,2023-11-08,36857.33576915187,0,6693773.66216364
New Hanover,Wilmington City,58361.0,,2023-11-09,,0,
New Hanover,Wilmington City,58361.0,,2023-11-10,39005.9072449289,0,6653883.38409946
New Hanover,Wilmington City,58361.0,,2023-11-11,,0,
New Hanover,Wilmington City,58361.0,,2023-11-12,,0,
New Hanover,Wilmington City,58361.0,,2023-11-13,,0,
New Hanover,Wilmington City,58361.0,,2023-11-14,,0,
New Hanover,Wilmington City,58361.0,,2023-11-15,16931.579961716518,0,2976156.94647095
New Hanover,Wilmington City,58361.0,,2023-11-16,,0,
New Hanover,Wilmington City,58361.0,,2023-11-17,,0,
New Hanover,Wilmington City,58361.0,,2023-11-18,56374.97317072533,0,9763075.83122352
New Hanover,Wilmington City,58361.0,,2023-11-19,,0,
New Hanover,Wilmington City,58361.0,,2023-11-20,,0,
New Hanover,Wilmington City,58361.0,,2023-11-21,,0,
New Hanover,Wilmington City,58361.0,,2023-11-22,47436.18871705439,0,8522727.64503039
New Hanover,Wilmington City,58361.0,,2023-11-23,,0,
New Hanover,Wilmington City,58361.0,,2023-11-24,,0,
New Hanover,Wilmington City,58361.0,,2023-11-25,,0,
New Hanover,Wilmington City,58361.0,,2023-11-26,,0,
New Hanover,Wilmington City,58361.0,,2023-11-27,,0,
New Hanover,Wilmington City,58361.0,,2023-11-28,,0,
New Hanover,Wilmington City,58361.0,,2023-11-29,195278.16058125882,0,36984996.3377556
New Hanover,Wilmington City,58361.0,,2023-11-30,,0,
New Hanover,Wilmington City,58361.0,,2023-12-01,,0,
New Hanover,Wilmington City,58361.0,,2023-12-02,63201.13606573857,0,11601132.1380885
New Hanover,Wilmington City,58361.0,,2023-12-03,,0,
New Hanover,Wilmington City,58361.0,,2023-12-04,,0,
New Hanover,Wilmington City,58361.0,,2023-12-05,,0,
New Hanover,Wilmington City,58361.0,,2023-12-06,50080.403353008325,0,8510560.48034629
New Hanover,Wilmington City,58361.0,,2023-12-07,,0,
New Hanover,Wilmington City,58361.0,,2023-12-08,,0,
New Hanover,Wilmington City,58361.0,,2023-12-09,111565.49466568962,0,18669756.5266077
New Hanover,Wilmington City,58361.0,,2023-12-10,,0,
New Hanover,Wilmington City,58361.0,,2023-12-11,,0,
New Hanover,Wilmington City,58361.0,,2023-12-12,,0,
New Hanover,Wilmington City,58361.0,,2023-12-13,142860.83858076727,0,28817920.3768082
New Hanover,Wilmington City,58361.0,,2023-12-14,,0,
New Hanover,Wilmington City,58361.0,,2023-12-15,,0,
New Hanover,Wilmington City,58361.0,,2023-12-16,50762.6949639201,0,9252094.14679578
New Hanover,Wilmington City,58361.0,,2023-12-17,,0,
New Hanover,Wilmington City,58361.0,,2023-12-18,,0,
New Hanover,Wilmington City,58361.0,,2023-12-19,,0,
New Hanover,Wilmington City,58361.0,,2023-12-20,76784.00354240461,0,18477095.9991251
New Hanover,Wilmington City,58361.0,,2023-12-21,,0,
New Hanover,Wilmington City,58361.0,,2023-12-22,,0,
New Hanover,Wilmington City,58361.0,,2023-12-23,171664.6032238446,0,34405532.7041097
New Hanover,Wilmington City,58361.0,,2023-12-24,,0,
New Hanover,Wilmington City,58361.0,,2023-12-25,,0,
New Hanover,Wilmington City,58361.0,,2023-12-26,,0,
New Hanover,Wilmington City,58361.0,,2023-12-27,,0,
New Hanover,Wilmington City,58361.0,,2023-12-28,,0,
New Hanover,Wilmington City,58361.0,,2023-12-29,,0,
New Hanover,Wilmington City,58361.0,,2023-12-30,189894.5812812994,0,45326213.8855503
New Hanover,Wilmington City,58361.0,,2023-12-31,,0,
New Hanover,Wilmington City,58361.0,,2024-01-01,,0,
New Hanover,Wilmington City,58361.0,,2024-01-02,,0,
New Hanover,Wilmington City,58361.0,,2024-01-03,67620.89617862222,0,13421201.6519138
New Hanover,Wilmington City,58361.0,,2024-01-04,,0,
New Hanover,Wilmington City,58361.0,,2024-01-05,,0,
New Hanover,Wilmington City,58361.0,,2024-01-06,179380.08250639206,0,34788400.4611965
New Hanover,Wilmington City,58361.0,,2024-01-07,,0,
New Hanover,Wilmington City,58361.0,,2024-01-08,,0,
New Hanover,Wilmington City,58361.0,,2024-01-09,,0,
New Hanover,Wilmington City,58361.0,,2024-01-10,142220.3529738271,0,23522906.676979
New Hanover,Wilmington City,58361.0,,2024-01-11,,0,
New Hanover,Wilmington City,58361.0,,2024-01-12,,0,
New Hanover,Wilmington City,58361.0,,2024-01-13,127183.31966103098,0,23840592.922116905
New Hanover,Wilmington City,58361.0,,2024-01-14,,0,
New Hanover,Wilmington City,58361.0,,2024-01-15,,0,
New Hanover,Wilmington City,58361.0,,2024-01-16,,0,
New Hanover,Wilmington City,58361.0,,2024-01-17,62009.21221883085,0,11905207.7401374
New Hanover,Wilmington City,58361.0,,2024-01-18,,0,
New Hanover,Wilmington City,58361.0,,2024-01-19,,0,
New Hanover,Wilmington City,58361.0,,2024-01-20,132458.4765124528,0,23884359.7819239
New Hanover,Wilmington City,58361.0,,2024-01-21,,0,
New Hanover,Wilmington City,58361.0,,2024-01-22,,0,
New Hanover,Wilmington City,58361.0,,2024-01-23,,0,
New Hanover,Wilmington City,58361.0,,2024-01-24,96296.94283828532,0,15240225.0082231
New Hanover,Wilmington City,58361.0,,2024-01-25,,0,
New Hanover,Wilmington City,58361.0,,2024-01-26,,0,
New Hanover,Wilmington City,58361.0,,2024-01-27,108574.91422976117,0,18169302.4320928
New Hanover,Wilmington City,58361.0,,2024-01-28,,0,
New Hanover,Wilmington City,58361.0,,2024-01-29,,0,
New Hanover,Wilmington City,58361.0,,2024-01-30,,0,
New Hanover,Wilmington City,58361.0,,2024-01-31,87329.72002703328,0,15576999.8119191
New Hanover,Wilmington City,58361.0,,2024-02-01,,0,
New Hanover,Wilmington City,58361.0,,2024-02-02,,0,
New Hanover,Wilmington City,58361.0,,2024-02-03,276499.54792006424,0,46808420.4262805
New Hanover,Wilmington City,58361.0,,2024-02-04,,0,
New Hanover,Wilmington City,58361.0,,2024-02-05,,0,
New Hanover,Wilmington City,58361.0,,2024-02-06,,0,
New Hanover,Wilmington City,58361.0,,2024-02-07,139749.41574117576,0,23295507.557287905
New Hanover,Wilmington City,58361.0,,2024-02-08,,0,
New Hanover,Wilmington City,58361.0,,2024-02-09,,0,
New Hanover,Wilmington City,58361.0,,2024-02-10,212186.42746415242,0,38948710.9908933
New Hanover,Wilmington City,58361.0,,2024-02-11,,0,
New Hanover,Wilmington City,58361.0,,2024-02-12,,0,
New Hanover,Wilmington City,58361.0,,2024-02-13,,0,
New Hanover,Wilmington City,58361.0,,2024-02-14,242446.03523258533,0,43716857.4308016
New Hanover,Wilmington City,58361.0,,2024-02-15,,0,
New Hanover,Wilmington City,58361.0,,2024-02-16,,0,
New Hanover,Wilmington City,58361.0,,2024-02-17,189507.3001232408,0,32327397.682039905
New Hanover,Wilmington City,58361.0,,2024-02-18,,0,
New Hanover,Wilmington City,58361.0,,2024-02-19,,0,
New Hanover,Wilmington City,58361.0,,2024-02-20,,0,
New Hanover,Wilmington City,58361.0,,2024-02-21,84434.4384715147,0,14293848.6668851
New Hanover,Wilmington City,58361.0,,2024-02-22,,0,
New Hanover,Wilmington City,58361.0,,2024-02-23,,0,
New Hanover,Wilmington City,58361.0,,2024-02-24,88206.01340044792,0,15847728.2681786
New Hanover,Wilmington City,58361.0,,2024-02-25,,0,
New Hanover,Wilmington City,58361.0,,2024-02-26,,0,
New Hanover,Wilmington City,58361.0,,2024-02-27,,0,
New Hanover,Wilmington City,58361.0,,2024-02-28,198145.73424628668,0,36242895.6325768
New Hanover,Wilmington City,58361.0,,2024-02-29,,0,
New Hanover,Wilmington City,58361.0,,2024-03-01,,0,
New Hanover,Wilmington City,58361.0,,2024-03-02,170350.06310535962,0,36020434.8819525
New Hanover,Wilmington City,58361.0,,2024-03-03,,0,
New Hanover,Wilmington City,58361.0,,2024-03-04,,0,
New Hanover,Wilmington City,58361.0,,2024-03-05,,0,
New Hanover,Wilmington City,58361.0,,2024-03-06,26023.95819240415,0,5924743.07514879
New Hanover,Wilmington City,58361.0,,2024-03-07,,0,
New Hanover,Wilmington City,58361.0,,2024-03-08,,0,
New Hanover,Wilmington City,58361.0,,2024-03-09,37528.8688878309,0,8300588.934083781
New Hanover,Wilmington City,58361.0,,2024-03-10,,0,
New Hanover,Wilmington City,58361.0,,2024-03-11,,0,
New Hanover,Wilmington City,58361.0,,2024-03-12,,0,
New Hanover,Wilmington City,58361.0,,2024-03-13,32692.23761078458,0,7866972.089141979
New Hanover,Wilmington City,58361.0,,2024-03-14,,0,
New Hanover,Wilmington City,58361.0,,2024-03-15,,0,
New Hanover,Wilmington City,58361.0,,2024-03-16,50181.367059895936,0,11847669.3442786
New Hanover,Wilmington City,58361.0,,2024-03-17,,0,
New Hanover,Wilmington City,58361.0,,2024-03-18,,0,
New Hanover,Wilmington City,58361.0,,2024-03-19,,0,
New Hanover,Wilmington City,58361.0,,2024-03-20,20469.97801659788,0,4514247.29298162
New Hanover,Wilmington City,58361.0,,2024-03-21,,0,
New Hanover,Wilmington City,58361.0,,2024-03-22,,0,
New Hanover,Wilmington City,58361.0,,2024-03-23,39149.02808499851,0,8379613.303623051
New Hanover,Wilmington City,58361.0,,2024-03-24,,0,
New Hanover,Wilmington City,58361.0,,2024-03-25,,0,
New Hanover,Wilmington City,58361.0,,2024-03-26,,0,
New Hanover,Wilmington City,58361.0,,2024-03-27,19436.388553432476,0,5042717.24131959
New Hanover,Wilmington City,58361.0,,2024-03-28,,0,
New Hanover,Wilmington City,58361.0,,2024-03-29,41991.24422605759,0,30532587.7217094
New Hanover,Wilmington City,58361.0,,2024-03-30,,0,
New Hanover,Wilmington City,58361.0,,2024-03-31,,0,
New Hanover,Wilmington City,58361.0,,2024-04-01,,0,
New Hanover,Wilmington City,58361.0,,2024-04-02,,0,
New Hanover,Wilmington City,58361.0,,2024-04-03,16034.36309929396,0,3577661.18780815
New Hanover,Wilmington City,58361.0,,2024-04-04,,0,
New Hanover,Wilmington City,58361.0,,2024-04-05,,0,
New Hanover,Wilmington City,58361.0,,2024-04-06,17244.129435839903,0,3981808.0933583095
New Hanover,Wilmington City,58361.0,,2024-04-07,,0,
New Hanover,Wilmington City,58361.0,,2024-04-08,,0,
New Hanover,Wilmington City,58361.0,,2024-04-09,,0,
New Hanover,Wilmington City,58361.0,,2024-04-10,0.0,0,743036.333392843
New Hanover,Wilmington City,58361.0,,2024-04-11,,0,
New Hanover,Wilmington City,58361.0,,2024-04-12,,0,
New Hanover,Wilmington City,58361.0,,2024-04-13,32729.362963553092,0,7897134.690829659
New Hanover,Wilmington City,58361.0,,2024-04-14,,0,
New Hanover,Wilmington City,58361.0,,2024-04-15,,0,
New Hanover,Wilmington City,58361.0,,2024-04-16,,0,
New Hanover,Wilmington City,58361.0,,2024-04-17,14232.83527621959,0,3083379.23178782
New Hanover,Wilmington City,58361.0,,2024-04-18,,0,
New Hanover,Wilmington City,58361.0,,2024-04-19,,0,
New Hanover,Wilmington City,58361.0,,2024-04-20,13795.651488784455,0,3409229.5427581
New Hanover,Wilmington City,58361.0,,2024-04-21,,0,
New Hanover,Wilmington City,58361.0,,2024-04-22,,0,
New Hanover,Wilmington City,58361.0,,2024-04-23,,0,
New Hanover,Wilmington City,58361.0,,2024-04-24,20289.346958441056,0,4290172.17599652
New Hanover,Wilmington City,58361.0,,2024-04-25,,0,
New Hanover,Wilmington City,58361.0,,2024-04-26,,0,
New Hanover,Wilmington City,58361.0,,2024-04-27,19595.489276871875,0,4308686.17258775
New Hanover,Wilmington City,58361.0,,2024-04-28,,0,
New Hanover,Wilmington City,58361.0,,2024-04-29,,0,
New Hanover,Wilmington City,58361.0,,2024-04-30,,0,
New Hanover,Wilmington City,58361.0,,2024-05-01,7802.691843203857,0,1766277.49463496
New Hanover,Wilmington City,58361.0,,2024-05-02,,0,
New Hanover,Wilmington City,58361.0,,2024-05-03,,0,
New Hanover,Wilmington City,58361.0,,2024-05-04,19240.920191753627,0,7324216.6028268
New Hanover,Wilmington City,58361.0,,2024-05-05,,0,
New Hanover,Wilmington City,58361.0,,2024-05-06,,0,
New Hanover,Wilmington City,58361.0,,2024-05-07,,0,
New Hanover,Wilmington City,58361.0,,2024-05-08,7285.1080980312245,0,1682190.01682053
New Hanover,Wilmington City,58361.0,,2024-05-09,,0,
New Hanover,Wilmington City,58361.0,,2024-05-10,,0,
New Hanover,Wilmington City,58361.0,,2024-05-11,9609.57855475463,0,2312423.1255964306
New Hanover,Wilmington City,58361.0,,2024-05-12,,0,
New Hanover,Wilmington City,58361.0,,2024-05-13,,0,
New Hanover,Wilmington City,58361.0,,2024-05-14,,0,
New Hanover,Wilmington City,58361.0,,2024-05-15,8780.72889912906,0,2107275.63521227
Onslow,Jacksonville,41819.0,0.48,2022-03-19,3316.6247903554045,0,1086783.52812618
Onslow,Jacksonville,41819.0,,2022-03-20,,0,
Onslow,Jacksonville,41819.0,,2022-03-21,,0,
Onslow,Jacksonville,41819.0,0.48,2022-03-22,,0,
Onslow,Jacksonville,41819.0,,2022-03-23,0.0,0,220726.778000573
Onslow,Jacksonville,41819.0,0.48,2022-03-24,,0,
Onslow,Jacksonville,41819.0,,2022-03-25,,0,
Onslow,Jacksonville,41819.0,0.48,2022-03-26,0.0,0,141167.125057652
Onslow,Jacksonville,41819.0,0.48,2022-03-27,,0,
Onslow,Jacksonville,41819.0,0.48,2022-03-28,,0,
Onslow,Jacksonville,41819.0,,2022-03-29,,0,
Onslow,Jacksonville,41819.0,0.48,2022-03-30,0.0,0,104658.385818604
Onslow,Jacksonville,41819.0,0.48,2022-03-31,,0,
Onslow,Jacksonville,41819.0,0.48,2022-04-01,,0,
Onslow,Jacksonville,41819.0,0.48,2022-04-02,0.0,0,126563.629362033
Onslow,Jacksonville,41819.0,,2022-04-03,,0,
Onslow,Jacksonville,41819.0,0.48,2022-04-04,,0,
Onslow,Jacksonville,41819.0,,2022-04-05,,0,
Onslow,Jacksonville,41819.0,0.48,2022-04-06,0.0,0,109526.217717144
Onslow,Jacksonville,41819.0,0.48,2022-04-07,,0,
Onslow,Jacksonville,41819.0,,2022-04-08,,0,
Onslow,Jacksonville,41819.0,1.2000000000000002,2022-04-09,0.0,0,660956.997857654
Onslow,Jacksonville,41819.0,,2022-04-10,,0,
Onslow,Jacksonville,41819.0,,2022-04-11,,0,
Onslow,Jacksonville,41819.0,0.48,2022-04-12,,0,
Onslow,Jacksonville,41819.0,0.48,2022-04-13,0.0,0,109526.217717144
Onslow,Jacksonville,41819.0,,2022-04-14,,0,
Onslow,Jacksonville,41819.0,0.48,2022-04-15,,0,
Onslow,Jacksonville,41819.0,0.48,2022-04-16,3000.0,0,1007608.50570315
Onslow,Jacksonville,41819.0,0.48,2022-04-17,,0,
Onslow,Jacksonville,41819.0,,2022-04-18,,0,
Onslow,Jacksonville,41819.0,1.67,2022-04-19,,0,
Onslow,Jacksonville,41819.0,0.48,2022-04-20,3750.0000000000027,0,1382389.71819029
Onslow,Jacksonville,41819.0,0.48,2022-04-21,,0,
Onslow,Jacksonville,41819.0,1.67,2022-04-22,,0,
Onslow,Jacksonville,41819.0,0.48,2022-04-23,0.0,0,442823.45432314
Onslow,Jacksonville,41819.0,0.48,2022-04-24,,0,
Onslow,Jacksonville,41819.0,,2022-04-25,,0,
Onslow,Jacksonville,41819.0,1.4300000000000002,2022-04-26,,0,
Onslow,Jacksonville,41819.0,1.4300000000000002,2022-04-27,0.0,0,475668.693321483
Onslow,Jacksonville,41819.0,0.48,2022-04-28,,0,
Onslow,Jacksonville,41819.0,0.48,2022-04-29,,0,
Onslow,Jacksonville,41819.0,0.48,2022-04-30,0.0,0,658318.88029075
Onslow,Jacksonville,41819.0,0.48,2022-05-01,,0,
Onslow,Jacksonville,41819.0,0.48,2022-05-02,,0,
Onslow,Jacksonville,41819.0,1.4300000000000002,2022-05-03,,0,
Onslow,Jacksonville,41819.0,1.4300000000000002,2022-05-04,0.0,0,465501.744436724
Onslow,Jacksonville,41819.0,2.39,2022-05-05,,0,
Onslow,Jacksonville,41819.0,1.2000000000000002,2022-05-06,,0,
Onslow,Jacksonville,41819.0,1.4300000000000002,2022-05-07,26045.633031278034,0,7850860.943376871
Onslow,Jacksonville,41819.0,0.48,2022-05-08,,0,
Onslow,Jacksonville,41819.0,0.48,2022-05-09,,0,
Onslow,Jacksonville,41819.0,2.39,2022-05-10,,0,
Onslow,Jacksonville,41819.0,2.15,2022-05-11,0.0,0,592486.992261674
Onslow,Jacksonville,41819.0,2.87,2022-05-12,,0,
Onslow,Jacksonville,41819.0,2.6300000000000003,2022-05-13,,0,
Onslow,Jacksonville,41819.0,3.35,2022-05-14,27308.423608842768,0,8676446.27127589
Onslow,Jacksonville,41819.0,1.4300000000000002,2022-05-15,,0,
Onslow,Jacksonville,41819.0,1.9100000000000001,2022-05-16,,0,
Onslow,Jacksonville,41819.0,3.35,2022-05-17,,0,
Onslow,Jacksonville,41819.0,3.59,2022-05-18,14407.029534223928,0,4577408.76854941
Onslow,Jacksonville,41819.0,3.83,2022-05-19,,0,
Onslow,Jacksonville,41819.0,3.35,2022-05-20,,0,
Onslow,Jacksonville,41819.0,1.4300000000000002,2022-05-21,23478.71376374782,0,7268395.345130551
Onslow,Jacksonville,41819.0,2.15,2022-05-22,,0,
Onslow,Jacksonville,41819.0,2.6300000000000003,2022-05-23,,0,
Onslow,Jacksonville,41819.0,3.35,2022-05-24,,0,
Onslow,Jacksonville,41819.0,3.35,2022-05-25,13062.350477613134,0,4682250.58303424
Onslow,Jacksonville,41819.0,1.4300000000000002,2022-05-26,,0,
Onslow,Jacksonville,41819.0,2.6300000000000003,2022-05-27,,0,
Onslow,Jacksonville,41819.0,3.1100000000000003,2022-05-28,10155.048005794952,0,3226467.02960826
Onslow,Jacksonville,41819.0,1.2000000000000002,2022-05-29,,0,
Onslow,Jacksonville,41819.0,2.15,2022-05-30,,0,
Onslow,Jacksonville,41819.0,0.48,2022-05-31,,0,
Onslow,Jacksonville,41819.0,4.07,2022-06-01,15481.844205391051,0,4671833.34545887
Onslow,Jacksonville,41819.0,6.220000000000001,2022-06-02,,0,
Onslow,Jacksonville,41819.0,3.35,2022-06-03,,0,
Onslow,Jacksonville,41819.0,2.87,2022-06-04,23490.68964504873,0,7080731.63918994
Onslow,Jacksonville,41819.0,1.67,2022-06-05,,0,
Onslow,Jacksonville,41819.0,1.67,2022-06-06,,0,
Onslow,Jacksonville,41819.0,4.54,2022-06-07,,0,
Onslow,Jacksonville,41819.0,3.83,2022-06-08,25337.71891863986,0,8050312.972407609
Onslow,Jacksonville,41819.0,3.59,2022-06-09,,0,
Onslow,Jacksonville,41819.0,2.15,2022-06-10,,0,
Onslow,Jacksonville,41819.0,1.67,2022-06-11,62299.67897188563,0,18835207.5364257
Onslow,Jacksonville,41819.0,2.87,2022-06-12,,0,
Onslow,Jacksonville,41819.0,2.39,2022-06-13,,0,
Onslow,Jacksonville,41819.0,3.1100000000000003,2022-06-14,,0,
Onslow,Jacksonville,41819.0,3.1100000000000003,2022-06-15,41308.292145766594,0,13834934.2076033
Onslow,Jacksonville,41819.0,2.6300000000000003,2022-06-16,,0,
Onslow,Jacksonville,41819.0,1.67,2022-06-17,,0,
Onslow,Jacksonville,41819.0,3.1100000000000003,2022-06-18,22798.026230356005,0,7614856.95346417
Onslow,Jacksonville,41819.0,3.59,2022-06-19,,0,
Onslow,Jacksonville,41819.0,1.9100000000000001,2022-06-20,,0,
Onslow,Jacksonville,41819.0,2.6300000000000003,2022-06-21,,0,
Onslow,Jacksonville,41819.0,4.78,2022-06-22,16488.63244784114,0,5104449.099614
Onslow,Jacksonville,41819.0,5.0200000000000005,2022-06-23,,0,
Onslow,Jacksonville,41819.0,4.07,2022-06-24,,0,
Onslow,Jacksonville,41819.0,3.1100000000000003,2022-06-25,10624.264680437896,0,3202441.82706491
Onslow,Jacksonville,41819.0,2.6300000000000003,2022-06-26,,0,
Onslow,Jacksonville,41819.0,2.6300000000000003,2022-06-27,,0,
Onslow,Jacksonville,41819.0,3.59,2022-06-28,,0,
Onslow,Jacksonville,41819.0,5.74,2022-06-29,12124.355652982154,0,3856546.38114824
Onslow,Jacksonville,41819.0,3.35,2022-06-30,,0,
Onslow,Jacksonville,41819.0,2.87,2022-07-01,,0,
Onslow,Jacksonville,41819.0,3.59,2022-07-02,30079.062485390084,0,9322036.90160004
Onslow,Jacksonville,41819.0,2.6300000000000003,2022-07-03,,0,
Onslow,Jacksonville,41819.0,1.67,2022-07-04,,0,
Onslow,Jacksonville,41819.0,4.78,2022-07-05,,0,
Onslow,Jacksonville,41819.0,4.78,2022-07-06,38119.87670494227,0,9948655.46338486
Onslow,Jacksonville,41819.0,4.3,2022-07-07,,0,
Onslow,Jacksonville,41819.0,5.260000000000001,2022-07-08,,0,
Onslow,Jacksonville,41819.0,5.260000000000001,2022-07-09,71151.24735378857,0,24345149.8589363
Onslow,Jacksonville,41819.0,4.07,2022-07-10,,0,
Onslow,Jacksonville,41819.0,2.15,2022-07-11,,0,
Onslow,Jacksonville,41819.0,7.65,2022-07-12,,0,
Onslow,Jacksonville,41819.0,5.260000000000001,2022-07-13,49239.84666913572,0,17650215.4930087
Onslow,Jacksonville,41819.0,5.5,2022-07-14,,0,
Onslow,Jacksonville,41819.0,5.0200000000000005,2022-07-15,,0,
Onslow,Jacksonville,41819.0,4.54,2022-07-16,243721.15213907868,0,85377281.3988648
Onslow,Jacksonville,41819.0,5.0200000000000005,2022-07-17,,0,
Onslow,Jacksonville,41819.0,3.35,2022-07-18,,0,
Onslow,Jacksonville,41819.0,7.41,2022-07-19,,0,
Onslow,Jacksonville,41819.0,3.59,2022-07-20,95426.67341996165,0,32651242.969741695
Onslow,Jacksonville,41819.0,5.5,2022-07-21,,0,
Onslow,Jacksonville,41819.0,5.98,2022-07-22,,0,
Onslow,Jacksonville,41819.0,6.93,2022-07-23,177165.1771652658,0,62062242.2475957
Onslow,Jacksonville,41819.0,4.54,2022-07-24,,0,
Onslow,Jacksonville,41819.0,4.07,2022-07-25,,0,
Onslow,Jacksonville,41819.0,9.090000000000002,2022-07-26,,0,
Onslow,Jacksonville,41819.0,7.65,2022-07-27,197246.67297574374,0,70703840.8688449
Onslow,Jacksonville,41819.0,6.7,2022-07-28,,0,
Onslow,Jacksonville,41819.0,6.7,2022-07-29,,0,
Onslow,Jacksonville,41819.0,4.78,2022-07-30,59947.89404140901,0,21512433.1004779
Onslow,Jacksonville,41819.0,1.9100000000000001,2022-07-31,,0,
Onslow,Jacksonville,41819.0,2.87,2022-08-01,,0,
Onslow,Jacksonville,41819.0,6.46,2022-08-02,,0,
Onslow,Jacksonville,41819.0,5.0200000000000005,2022-08-03,43463.346626784245,0,17014818.7081945
Onslow,Jacksonville,41819.0,5.74,2022-08-04,,0,
Onslow,Jacksonville,41819.0,3.1100000000000003,2022-08-05,,0,
Onslow,Jacksonville,41819.0,6.220000000000001,2022-08-06,23799.29095582475,0,8337063.66146421
Onslow,Jacksonville,41819.0,5.260000000000001,2022-08-07,,0,
Onslow,Jacksonville,41819.0,3.35,2022-08-08,,0,
Onslow,Jacksonville,41819.0,6.7,2022-08-09,,0,
Onslow,Jacksonville,41819.0,3.59,2022-08-10,58630.1969977929,0,19105657.518726
Onslow,Jacksonville,41819.0,4.78,2022-08-11,,0,
Onslow,Jacksonville,41819.0,3.35,2022-08-12,,0,
Onslow,Jacksonville,41819.0,4.07,2022-08-13,99498.74371066196,0,31612791.5778142
Onslow,Jacksonville,41819.0,2.6300000000000003,2022-08-14,,0,
Onslow,Jacksonville,41819.0,0.48,2022-08-15,,0,
Onslow,Jacksonville,41819.0,4.3,2022-08-16,,0,
Onslow,Jacksonville,41819.0,3.35,2022-08-17,36958.59169394852,0,11742502.5950868
Onslow,Jacksonville,41819.0,1.67,2022-08-18,,0,
Onslow,Jacksonville,41819.0,1.2000000000000002,2022-08-19,,0,
Onslow,Jacksonville,41819.0,1.67,2022-08-20,29843.340965783344,0,9238717.36507845
Onslow,Jacksonville,41819.0,1.4300000000000002,2022-08-21,,0,
Onslow,Jacksonville,41819.0,1.67,2022-08-22,,0,
Onslow,Jacksonville,41819.0,3.83,2022-08-23,,0,
Onslow,Jacksonville,41819.0,1.9100000000000001,2022-08-24,27471.57621979491,0,12333984.2398709
Onslow,Jacksonville,41819.0,4.07,2022-08-25,,0,
Onslow,Jacksonville,41819.0,3.35,2022-08-26,,0,
Onslow,Jacksonville,41819.0,2.39,2022-08-27,43201.56247174404,0,15133819.6280802
Onslow,Jacksonville,41819.0,2.39,2022-08-28,,0,
Onslow,Jacksonville,41819.0,0.48,2022-08-29,,0,
Onslow,Jacksonville,41819.0,1.9100000000000001,2022-08-30,,0,
Onslow,Jacksonville,41819.0,0.48,2022-08-31,,0,
Onslow,Jacksonville,41819.0,2.39,2022-09-01,,0,
Onslow,Jacksonville,41819.0,2.87,2022-09-02,,0,
Onslow,Jacksonville,41819.0,1.2000000000000002,2022-09-03,20865.641614865326,0,7309385.09064507
Onslow,Jacksonville,41819.0,2.39,2022-09-04,,0,
Onslow,Jacksonville,41819.0,2.15,2022-09-05,,0,
Onslow,Jacksonville,41819.0,2.6300000000000003,2022-09-06,,0,
Onslow,Jacksonville,41819.0,3.35,2022-09-07,19592.72824289667,0,6703858.65263871
Onslow,Jacksonville,41819.0,4.3,2022-09-08,,0,
Onslow,Jacksonville,41819.0,2.15,2022-09-09,,0,
Onslow,Jacksonville,41819.0,2.15,2022-09-10,15465.687828221555,0,5417742.24415113
Onslow,Jacksonville,41819.0,1.67,2022-09-11,,0,
Onslow,Jacksonville,41819.0,3.1100000000000003,2022-09-12,,0,
Onslow,Jacksonville,41819.0,3.59,2022-09-13,,0,
Onslow,Jacksonville,41819.0,3.35,2022-09-14,8692.669325356857,0,3470003.26041148
Onslow,Jacksonville,41819.0,1.9100000000000001,2022-09-15,,0,
Onslow,Jacksonville,41819.0,3.35,2022-09-16,,0,
Onslow,Jacksonville,41819.0,1.4300000000000002,2022-09-17,9310.612224768036,0,3109873.6146895
Onslow,Jacksonville,41819.0,1.2000000000000002,2022-09-18,,0,
Onslow,Jacksonville,41819.0,1.4300000000000002,2022-09-19,,0,
Onslow,Jacksonville,41819.0,2.6300000000000003,2022-09-20,,0,
Onslow,Jacksonville,41819.0,4.07,2022-09-21,0.0,0,2276996.98701547
Onslow,Jacksonville,41819.0,3.59,2022-09-22,,0,
Onslow,Jacksonville,41819.0,0.48,2022-09-23,,0,
Onslow,Jacksonville,41819.0,1.2000000000000002,2022-09-24,21633.307652783926,0,7225824.794730899
Onslow,Jacksonville,41819.0,,2022-09-25,,0,
Onslow,Jacksonville,41819.0,0.48,2022-09-26,,0,
Onslow,Jacksonville,41819.0,2.39,2022-09-27,,0,
Onslow,Jacksonville,41819.0,0.48,2022-09-28,22262.636860893188,0,7254662.90594252
Onslow,Jacksonville,41819.0,0.48,2022-09-29,,0,
Onslow,Jacksonville,41819.0,1.2000000000000002,2022-09-30,,0,
Onslow,Jacksonville,41819.0,0.48,2022-10-01,18447.560814373286,0,5710882.05688829
Onslow,Jacksonville,41819.0,0.48,2022-10-02,,0,
Onslow,Jacksonville,41819.0,1.2000000000000002,2022-10-03,,0,
Onslow,Jacksonville,41819.0,0.48,2022-10-04,,0,
Onslow,Jacksonville,41819.0,1.67,2022-10-05,27636.027210871005,0,10131383.8323806
Onslow,Jacksonville,41819.0,1.2000000000000002,2022-10-06,,0,
Onslow,Jacksonville,41819.0,0.48,2022-10-07,,0,
Onslow,Jacksonville,41819.0,0.48,2022-10-08,17931.421089260475,0,6427587.97459275
Onslow,Jacksonville,41819.0,0.48,2022-10-09,,0,
Onslow,Jacksonville,41819.0,0.48,2022-10-10,,0,
Onslow,Jacksonville,41819.0,0.48,2022-10-11,,0,
Onslow,Jacksonville,41819.0,1.67,2022-10-12,22079.592453335048,0,7734640.84473437
Onslow,Jacksonville,41819.0,1.4300000000000002,2022-10-13,,0,
Onslow,Jacksonville,41819.0,1.67,2022-10-14,,0,
Onslow,Jacksonville,41819.0,,2022-10-15,30103.986446980718,0,10055148.994326
Onslow,Jacksonville,41819.0,1.2000000000000002,2022-10-16,,0,
Onslow,Jacksonville,41819.0,0.48,2022-10-17,,0,
Onslow,Jacksonville,41819.0,0.48,2022-10-18,,0,
Onslow,Jacksonville,41819.0,1.2000000000000002,2022-10-19,13247.641299491783,0,4424895.92946042
Onslow,Jacksonville,41819.0,1.67,2022-10-20,,0,
Onslow,Jacksonville,41819.0,0.48,2022-10-21,,0,
Onslow,Jacksonville,41819.0,1.2000000000000002,2022-10-22,172173.60424873518,0,53300442.1054836
Onslow,Jacksonville,41819.0,0.48,2022-10-23,,0,
Onslow,Jacksonville,41819.0,0.48,2022-10-24,,0,
Onslow,Jacksonville,41819.0,0.48,2022-10-25,,0,
Onslow,Jacksonville,41819.0,0.48,2022-10-26,48708.315511830275,0,15872441.8837976
Onslow,Jacksonville,41819.0,1.2000000000000002,2022-10-27,,0,
Onslow,Jacksonville,41819.0,1.2000000000000002,2022-10-28,,0,
Onslow,Jacksonville,41819.0,1.2000000000000002,2022-10-29,25826.34314028993,0,7784761.01643832
Onslow,Jacksonville,41819.0,0.48,2022-10-30,,0,
Onslow,Jacksonville,41819.0,0.48,2022-10-31,,0,
Onslow,Jacksonville,41819.0,0.48,2022-11-01,,0,
Onslow,Jacksonville,41819.0,0.48,2022-11-02,26156.978036462853,0,8097515.873994019
Onslow,Jacksonville,41819.0,1.2000000000000002,2022-11-03,,0,
Onslow,Jacksonville,41819.0,0.48,2022-11-04,,0,
Onslow,Jacksonville,41819.0,0.48,2022-11-05,9250.000000000013,0,2788201.14062985
Onslow,Jacksonville,41819.0,0.48,2022-11-06,,0,
Onslow,Jacksonville,41819.0,0.48,2022-11-07,,0,
Onslow,Jacksonville,41819.0,1.2000000000000002,2022-11-08,,0,
Onslow,Jacksonville,41819.0,0.48,2022-11-09,11423.659658795874,0,3536466.07407226
Onslow,Jacksonville,41819.0,0.48,2022-11-10,,0,
Onslow,Jacksonville,41819.0,0.48,2022-11-11,,0,
Onslow,Jacksonville,41819.0,0.48,2022-11-12,11489.12529307606,0,3556732.52121482
Onslow,Jacksonville,41819.0,0.48,2022-11-13,,0,
Onslow,Jacksonville,41819.0,0.48,2022-11-14,,0,
Onslow,Jacksonville,41819.0,1.4300000000000002,2022-11-15,,0,
Onslow,Jacksonville,41819.0,0.48,2022-11-16,9746.794344808972,0,2937948.44428983
Onslow,Jacksonville,41819.0,0.48,2022-11-17,,0,
Onslow,Jacksonville,41819.0,1.2000000000000002,2022-11-18,,0,
Onslow,Jacksonville,41819.0,0.48,2022-11-19,12990.381056766597,0,3974447.14050361
Onslow,Jacksonville,41819.0,,2022-11-20,,0,
Onslow,Jacksonville,41819.0,,2022-11-21,,0,
Onslow,Jacksonville,41819.0,0.48,2022-11-22,,0,
Onslow,Jacksonville,41819.0,0.48,2022-11-23,9276.98765763974,0,2838322.97969333
Onslow,Jacksonville,41819.0,0.48,2022-11-24,,0,
Onslow,Jacksonville,41819.0,1.2000000000000002,2022-11-25,,0,
Onslow,Jacksonville,41819.0,1.2000000000000002,2022-11-26,12602.083161128561,0,3695944.88002967
Onslow,Jacksonville,41819.0,0.48,2022-11-27,,0,
Onslow,Jacksonville,41819.0,1.2000000000000002,2022-11-28,,0,
Onslow,Jacksonville,41819.0,0.48,2022-11-29,,0,
Onslow,Jacksonville,41819.0,2.15,2022-11-30,14966.629547095774,0,4267491.81916988
Onslow,Jacksonville,41819.0,0.48,2022-12-01,,0,
Onslow,Jacksonville,41819.0,0.48,2022-12-02,,0,
Onslow,Jacksonville,41819.0,1.4300000000000002,2022-12-03,24603.099398246573,0,7416042.141104951
Onslow,Jacksonville,41819.0,0.48,2022-12-04,,0,
Onslow,Jacksonville,41819.0,0.48,2022-12-05,,0,
Onslow,Jacksonville,41819.0,0.48,2022-12-06,,0,
Onslow,Jacksonville,41819.0,1.9100000000000001,2022-12-07,30093.603971608347,0,9316192.24231835
Onslow,Jacksonville,41819.0,2.6300000000000003,2022-12-08,,0,
Onslow,Jacksonville,41819.0,2.15,2022-12-09,,0,
Onslow,Jacksonville,41819.0,2.15,2022-12-10,45490.383599174034,0,13712036.696098
Onslow,Jacksonville,41819.0,1.4300000000000002,2022-12-11,,0,
Onslow,Jacksonville,41819.0,0.48,2022-12-12,,0,
Onslow,Jacksonville,41819.0,2.87,2022-12-13,,0,
Onslow,Jacksonville,41819.0,2.6300000000000003,2022-12-14,46187.11941656464,0,14298323.4580206
Onslow,Jacksonville,41819.0,2.39,2022-12-15,,0,
Onslow,Jacksonville,41819.0,1.4300000000000002,2022-12-16,,0,
Onslow,Jacksonville,41819.0,2.15,2022-12-17,33606.175027813006,0,11224928.5532065
Onslow,Jacksonville,41819.0,1.67,2022-12-18,,0,
Onslow,Jacksonville,41819.0,1.4300000000000002,2022-12-19,,0,
Onslow,Jacksonville,41819.0,1.67,2022-12-20,,0,
Onslow,Jacksonville,41819.0,3.35,2022-12-21,15247.950681976921,0,4720366.49344842
Onslow,Jacksonville,41819.0,1.67,2022-12-22,,0,
Onslow,Jacksonville,41819.0,2.6300000000000003,2022-12-23,,0,
Onslow,Jacksonville,41819.0,1.67,2022-12-24,25879.52858921507,0,10330779.3292599
Onslow,Jacksonville,41819.0,1.2000000000000002,2022-12-25,,0,
Onslow,Jacksonville,41819.0,1.67,2022-12-26,,0,
Onslow,Jacksonville,41819.0,4.54,2022-12-27,,0,
Onslow,Jacksonville,41819.0,3.1100000000000003,2022-12-28,7697.402159170323,0,2382914.26805915
Onslow,Jacksonville,41819.0,4.07,2022-12-29,,0,
Onslow,Jacksonville,41819.0,4.3,2022-12-30,,0,
Onslow,Jacksonville,41819.0,2.6300000000000003,2022-12-31,,0,
Onslow,Jacksonville,41819.0,1.4300000000000002,2023-01-01,,0,
Onslow,Jacksonville,41819.0,0.48,2023-01-02,,0,
Onslow,Jacksonville,41819.0,2.39,2023-01-03,,0,
Onslow,Jacksonville,41819.0,3.59,2023-01-04,,0,
Onslow,Jacksonville,41819.0,6.7,2023-01-05,,0,
Onslow,Jacksonville,41819.0,2.6300000000000003,2023-01-06,,0,
Onslow,Jacksonville,41819.0,1.2000000000000002,2023-01-07,404150.3433129808,0,134991819.946411
Onslow,Jacksonville,41819.0,1.67,2023-01-08,,0,
Onslow,Jacksonville,41819.0,0.48,2023-01-09,,0,
Onslow,Jacksonville,41819.0,1.9100000000000001,2023-01-10,,0,
Onslow,Jacksonville,41819.0,2.15,2023-01-11,416383.23693443777,0,132293494.317692
Onslow,Jacksonville,41819.0,1.2000000000000002,2023-01-12,,0,
Onslow,Jacksonville,41819.0,1.9100000000000001,2023-01-13,,0,
Onslow,Jacksonville,41819.0,1.2000000000000002,2023-01-14,91241.43795447341,0,28989276.1832504
Onslow,Jacksonville,41819.0,0.48,2023-01-15,,0,
Onslow,Jacksonville,41819.0,0.48,2023-01-16,,0,
Onslow,Jacksonville,41819.0,1.67,2023-01-17,,0,
Onslow,Jacksonville,41819.0,3.1100000000000003,2023-01-18,103531.39620424327,0,32519187.0382996
Onslow,Jacksonville,41819.0,1.4300000000000002,2023-01-19,,0,
Onslow,Jacksonville,41819.0,1.2000000000000002,2023-01-20,,0,
Onslow,Jacksonville,41819.0,1.2000000000000002,2023-01-21,53047.148839499394,0,15989850.9082653
Onslow,Jacksonville,41819.0,0.48,2023-01-22,,0,
Onslow,Jacksonville,41819.0,0.48,2023-01-23,,0,
Onslow,Jacksonville,41819.0,0.48,2023-01-24,,0,
Onslow,Jacksonville,41819.0,0.48,2023-01-25,47203.01897124808,0,18073750.2785388
Onslow,Jacksonville,41819.0,2.6300000000000003,2023-01-26,,0,
Onslow,Jacksonville,41819.0,1.4300000000000002,2023-01-27,,0,
Onslow,Jacksonville,41819.0,1.9100000000000001,2023-01-28,21494.185260204682,0,7879780.96033177
Onslow,Jacksonville,41819.0,1.2000000000000002,2023-01-29,,0,
Onslow,Jacksonville,41819.0,0.48,2023-01-30,,0,
Onslow,Jacksonville,41819.0,1.9100000000000001,2023-01-31,,0,
Onslow,Jacksonville,41819.0,0.48,2023-02-01,22487.49652584741,0,8427127.88695625
Onslow,Jacksonville,41819.0,1.4300000000000002,2023-02-02,,0,
Onslow,Jacksonville,41819.0,0.48,2023-02-03,,0,
Onslow,Jacksonville,41819.0,1.4300000000000002,2023-02-04,7537.406715840676,0,3381018.63957079
Onslow,Jacksonville,41819.0,0.48,2023-02-05,,0,
Onslow,Jacksonville,41819.0,0.48,2023-02-06,,0,
Onslow,Jacksonville,41819.0,4.54,2023-02-07,,0,
Onslow,Jacksonville,41819.0,0.48,2023-02-08,14924.8115565993,0,5720969.59378506
Onslow,Jacksonville,41819.0,1.67,2023-02-09,,0,
Onslow,Jacksonville,41819.0,1.4300000000000002,2023-02-10,,0,
Onslow,Jacksonville,41819.0,1.4300000000000002,2023-02-11,23608.790735656075,0,8472066.27364031
Onslow,Jacksonville,41819.0,0.48,2023-02-12,,0,
Onslow,Jacksonville,41819.0,,2023-02-13,,0,
Onslow,Jacksonville,41819.0,1.4300000000000002,2023-02-14,,0,
Onslow,Jacksonville,41819.0,1.9100000000000001,2023-02-15,42253.69806300986,0,20676589.243873905
Onslow,Jacksonville,41819.0,0.48,2023-02-16,,0,
Onslow,Jacksonville,41819.0,0.48,2023-02-17,,0,
Onslow,Jacksonville,41819.0,1.67,2023-02-18,50873.61791734498,0,21160490.2496202
Onslow,Jacksonville,41819.0,0.48,2023-02-19,,0,
Onslow,Jacksonville,41819.0,,2023-02-20,,0,
Onslow,Jacksonville,41819.0,,2023-02-21,,0,
Onslow,Jacksonville,41819.0,1.4300000000000002,2023-02-22,40233.69234857767,0,16078624.6178792
Onslow,Jacksonville,41819.0,0.48,2023-02-23,,0,
Onslow,Jacksonville,41819.0,0.48,2023-02-24,,0,
Onslow,Jacksonville,41819.0,0.48,2023-02-25,10368.220676663866,0,3805219.12782989
Onslow,Jacksonville,41819.0,0.48,2023-02-26,,0,
Onslow,Jacksonville,41819.0,,2023-02-27,,0,
Onslow,Jacksonville,41819.0,0.48,2023-02-28,,0,
Onslow,Jacksonville,41819.0,0.48,2023-03-01,8466.847110938068,0,3107399.96607782
Onslow,Jacksonville,41819.0,1.2000000000000002,2023-03-02,,0,
Onslow,Jacksonville,41819.0,0.48,2023-03-03,,0,
Onslow,Jacksonville,41819.0,0.48,2023-03-04,9327.37905308881,0,3267448.30778991
Onslow,Jacksonville,41819.0,0.48,2023-03-05,,0,
Onslow,Jacksonville,41819.0,0.48,2023-03-06,,0,
Onslow,Jacksonville,41819.0,0.48,2023-03-07,,0,
Onslow,Jacksonville,41819.0,,2023-03-08,11578.536176909425,0,3961718.29528672
Onslow,Jacksonville,41819.0,0.48,2023-03-09,,0,
Onslow,Jacksonville,41819.0,,2023-03-10,,0,
Onslow,Jacksonville,41819.0,0.48,2023-03-11,5916.079783099622,0,1976052.6994043
Onslow,Jacksonville,41819.0,,2023-03-12,,0,
Onslow,Jacksonville,41819.0,0.48,2023-03-13,,0,
Onslow,Jacksonville,41819.0,0.48,2023-03-14,,0,
Onslow,Jacksonville,41819.0,0.48,2023-03-15,5123.475382979798,0,1753051.14999607
Onslow,Jacksonville,41819.0,0.48,2023-03-16,,0,
Onslow,Jacksonville,41819.0,0.48,2023-03-17,,0,
Onslow,Jacksonville,41819.0,0.48,2023-03-18,23068.814681784144,0,7705304.05188579
Onslow,Jacksonville,41819.0,0.48,2023-03-19,,0,
Onslow,Jacksonville,41819.0,0.48,2023-03-20,,0,
Onslow,Jacksonville,41819.0,0.48,2023-03-21,,0,
Onslow,Jacksonville,41819.0,0.48,2023-03-22,46800.97546157557,0,15632174.9006479
Onslow,Jacksonville,41819.0,0.48,2023-03-23,,0,
Onslow,Jacksonville,41819.0,0.48,2023-03-24,,0,
Onslow,Jacksonville,41819.0,0.48,2023-03-25,12606.158131345977,0,4210631.65438115
Onslow,Jacksonville,41819.0,0.48,2023-03-26,,0,
Onslow,Jacksonville,41819.0,,2023-03-27,,0,
Onslow,Jacksonville,41819.0,2.39,2023-03-28,,0,
Onslow,Jacksonville,41819.0,0.48,2023-03-29,14170.643101143998,0,5785011.6287278
Onslow,Jacksonville,41819.0,1.67,2023-03-30,,0,
Onslow,Jacksonville,41819.0,1.4300000000000002,2023-03-31,,0,
Onslow,Jacksonville,41819.0,0.48,2023-04-01,41565.224696253,0,14560598.6766137
Onslow,Jacksonville,41819.0,0.48,2023-04-02,,0,
Onslow,Jacksonville,41819.0,0.48,2023-04-03,,0,
Onslow,Jacksonville,41819.0,0.48,2023-04-04,,0,
Onslow,Jacksonville,41819.0,,2023-04-05,24669.77889929296,0,8240048.3047769
Onslow,Jacksonville,41819.0,,2023-04-06,,0,
Onslow,Jacksonville,41819.0,0.48,2023-04-07,,0,
Onslow,Jacksonville,41819.0,,2023-04-08,0.0,0,567302.273573841
Onslow,Jacksonville,41819.0,,2023-04-09,,0,
Onslow,Jacksonville,41819.0,,2023-04-10,,0,
Onslow,Jacksonville,41819.0,0.48,2023-04-11,,0,
Onslow,Jacksonville,41819.0,0.48,2023-04-12,6822.954519487883,0,3118903.86647816
Onslow,Jacksonville,41819.0,,2023-04-13,,0,
Onslow,Jacksonville,41819.0,0.48,2023-04-14,,0,
Onslow,Jacksonville,41819.0,,2023-04-15,0.0,0,431616.202006888
Onslow,Jacksonville,41819.0,,2023-04-16,,0,
Onslow,Jacksonville,41819.0,,2023-04-17,,0,
Onslow,Jacksonville,41819.0,0.48,2023-04-18,,0,
Onslow,Jacksonville,41819.0,1.4300000000000002,2023-04-19,0.0,0,215275.915757739
Onslow,Jacksonville,41819.0,,2023-04-20,,0,
Onslow,Jacksonville,41819.0,0.48,2023-04-21,,0,
Onslow,Jacksonville,41819.0,0.48,2023-04-22,0.0,0,104080.162692534
Onslow,Jacksonville,41819.0,,2023-04-23,,0,
Onslow,Jacksonville,41819.0,0.48,2023-04-24,,0,
Onslow,Jacksonville,41819.0,0.48,2023-04-25,,0,
Onslow,Jacksonville,41819.0,,2023-04-26,0.0,0,472120.778982925
Onslow,Jacksonville,41819.0,,2023-04-27,,0,
Onslow,Jacksonville,41819.0,,2023-04-28,,0,
Onslow,Jacksonville,41819.0,0.48,2023-04-29,5608.008205058198,0,1918839.1664228
Onslow,Jacksonville,41819.0,,2023-04-30,,0,
Onslow,Jacksonville,41819.0,,2023-05-01,,0,
Onslow,Jacksonville,41819.0,0.48,2023-05-02,,0,
Onslow,Jacksonville,41819.0,,2023-05-03,6066.913075011877,0,2322984.29780851
Onslow,Jacksonville,41819.0,,2023-05-04,,0,
Onslow,Jacksonville,41819.0,,2023-05-05,,0,
Onslow,Jacksonville,41819.0,,2023-05-06,3657.9444470563003,0,1281404.38224879
Onslow,Jacksonville,41819.0,0.48,2023-05-07,,0,
Onslow,Jacksonville,41819.0,,2023-05-08,,0,
Onslow,Jacksonville,41819.0,,2023-05-09,,0,
Onslow,Jacksonville,41819.0,,2023-05-10,0.0,0,515357.245340886
Onslow,Jacksonville,41819.0,0.48,2023-05-11,,0,
Onslow,Jacksonville,41819.0,,2023-05-12,,0,
Onslow,Jacksonville,41819.0,,2023-05-13,0.0,0,803917.4342252659
Onslow,Jacksonville,41819.0,,2023-05-14,,0,
Onslow,Jacksonville,41819.0,0.48,2023-05-15,,0,
Onslow,Jacksonville,41819.0,,2023-05-16,,0,
Onslow,Jacksonville,41819.0,0.48,2023-05-17,0.0,0,626314.405974458
Onslow,Jacksonville,41819.0,0.48,2023-05-18,,0,
Onslow,Jacksonville,41819.0,,2023-05-19,,0,
Onslow,Jacksonville,41819.0,,2023-05-20,0.0,0,91977.8181934029
Onslow,Jacksonville,41819.0,,2023-05-21,,0,
Onslow,Jacksonville,41819.0,,2023-05-22,,0,
Onslow,Jacksonville,41819.0,,2023-05-23,,0,
Onslow,Jacksonville,41819.0,,2023-05-24,0.0,0,101659.693792708
Onslow,Jacksonville,41819.0,,2023-05-25,,0,
Onslow,Jacksonville,41819.0,,2023-05-26,,0,
Onslow,Jacksonville,41819.0,,2023-05-27,3611.28770108392,0,1176800.1738267
Onslow,Jacksonville,41819.0,,2023-05-28,,0,
Onslow,Jacksonville,41819.0,,2023-05-29,,0,
Onslow,Jacksonville,41819.0,,2023-05-30,,0,
Onslow,Jacksonville,41819.0,,2023-05-31,25569.578023111735,0,9790436.6709856
Onslow,Jacksonville,41819.0,,2023-06-01,,0,
Onslow,Jacksonville,41819.0,,2023-06-02,,0,
Onslow,Jacksonville,41819.0,,2023-06-03,0.0,0,118602.976091493
Onslow,Jacksonville,41819.0,,2023-06-04,,0,
Onslow,Jacksonville,41819.0,,2023-06-05,,0,
Onslow,Jacksonville,41819.0,,2023-06-06,,0,
Onslow,Jacksonville,41819.0,,2023-06-07,2730.0118137107024,0,1023064.46876369
Onslow,Jacksonville,41819.0,,2023-06-08,,0,
Onslow,Jacksonville,41819.0,,2023-06-09,,0,
Onslow,Jacksonville,41819.0,,2023-06-10,7378.625743490458,0,2705008.53803547
Onslow,Jacksonville,41819.0,,2023-06-11,,0,
Onslow,Jacksonville,41819.0,,2023-06-12,,0,
Onslow,Jacksonville,41819.0,,2023-06-13,,0,
Onslow,Jacksonville,41819.0,,2023-06-14,21241.424140697338,0,7441024.42589009
Onslow,Jacksonville,41819.0,,2023-06-15,,0,
Onslow,Jacksonville,41819.0,,2023-06-16,,0,
Onslow,Jacksonville,41819.0,,2023-06-17,0.0,0,596675.427837796
Onslow,Jacksonville,41819.0,,2023-06-18,,0,
Onslow,Jacksonville,41819.0,,2023-06-19,,0,
Onslow,Jacksonville,41819.0,,2023-06-20,,0,
Onslow,Jacksonville,41819.0,,2023-06-21,0.0,0,356019.675519778
Onslow,Jacksonville,41819.0,,2023-06-22,,0,
Onslow,Jacksonville,41819.0,,2023-06-23,,0,
Onslow,Jacksonville,41819.0,,2023-06-24,5260.908467537311,0,2100087.88460745
Onslow,Jacksonville,41819.0,,2023-06-25,,0,
Onslow,Jacksonville,41819.0,,2023-06-26,,0,
Onslow,Jacksonville,41819.0,,2023-06-27,,0,
Onslow,Jacksonville,41819.0,,2023-06-28,0.0,0,504677.431791049
Onslow,Jacksonville,41819.0,,2023-06-29,,0,
Onslow,Jacksonville,41819.0,,2023-06-30,,0,
Onslow,Jacksonville,41819.0,,2023-07-01,0.0,0,1198525.33618146
Onslow,Jacksonville,41819.0,,2023-07-02,,0,
Onslow,Jacksonville,41819.0,,2023-07-03,,0,
Onslow,Jacksonville,41819.0,,2023-07-04,,0,
Onslow,Jacksonville,41819.0,,2023-07-05,,0,
Onslow,Jacksonville,41819.0,,2023-07-06,,0,
Onslow,Jacksonville,41819.0,,2023-07-07,,0,
Onslow,Jacksonville,41819.0,,2023-07-08,,0,9815369.90673504
Onslow,Jacksonville,41819.0,,2023-07-09,,0,
Onslow,Jacksonville,41819.0,,2023-07-10,,0,
Onslow,Jacksonville,41819.0,,2023-07-11,,0,
Onslow,Jacksonville,41819.0,,2023-07-12,13767.817546728314,0,5838904.48446157
Onslow,Jacksonville,41819.0,,2023-07-13,,0,
Onslow,Jacksonville,41819.0,,2023-07-14,,0,
Onslow,Jacksonville,41819.0,,2023-07-15,,0,
Onslow,Jacksonville,41819.0,,2023-07-16,,0,
Onslow,Jacksonville,41819.0,,2023-07-17,,0,
Onslow,Jacksonville,41819.0,,2023-07-18,,0,
Onslow,Jacksonville,41819.0,,2023-07-19,,0,
Onslow,Jacksonville,41819.0,,2023-07-20,,0,
Onslow,Jacksonville,41819.0,,2023-07-21,,0,
Onslow,Jacksonville,41819.0,,2023-07-22,12492.317639253335,0,4584779.5406983
Onslow,Jacksonville,41819.0,,2023-07-23,,0,
Onslow,Jacksonville,41819.0,,2023-07-24,,0,
Onslow,Jacksonville,41819.0,,2023-07-25,,0,
Onslow,Jacksonville,41819.0,,2023-07-26,31875.53293672124,0,12218509.6960934
Onslow,Jacksonville,41819.0,,2023-07-27,,0,
Onslow,Jacksonville,41819.0,,2023-07-28,,0,
Onslow,Jacksonville,41819.0,,2023-07-29,11269.782606598947,0,4136099.4985027094
Onslow,Jacksonville,41819.0,,2023-07-30,,0,
Onslow,Jacksonville,41819.0,,2023-07-31,,0,
Onslow,Jacksonville,41819.0,,2023-08-01,,0,
Onslow,Jacksonville,41819.0,,2023-08-02,9440.000000000013,0,3387564.67955714
Onslow,Jacksonville,41819.0,,2023-08-03,,0,
Onslow,Jacksonville,41819.0,,2023-08-04,,0,
Onslow,Jacksonville,41819.0,,2023-08-05,19944.753696147796,0,6669226.38122356
Onslow,Jacksonville,41819.0,,2023-08-06,,0,
Onslow,Jacksonville,41819.0,,2023-08-07,,0,
Onslow,Jacksonville,41819.0,,2023-08-08,,0,
Onslow,Jacksonville,41819.0,,2023-08-09,8860.0,0,2890391.28090103
Onslow,Jacksonville,41819.0,,2023-08-10,,0,
Onslow,Jacksonville,41819.0,,2023-08-11,,0,
Onslow,Jacksonville,41819.0,,2023-08-12,18554.557391649123,0,6053039.60562078
Onslow,Jacksonville,41819.0,,2023-08-13,,0,
Onslow,Jacksonville,41819.0,,2023-08-14,,0,
Onslow,Jacksonville,41819.0,,2023-08-15,,0,
Onslow,Jacksonville,41819.0,,2023-08-16,14221.78610442444,0,4510829.10914627
Onslow,Jacksonville,41819.0,,2023-08-17,,0,
Onslow,Jacksonville,41819.0,,2023-08-18,,0,
Onslow,Jacksonville,41819.0,,2023-08-19,70379.99999999997,0,24108016.3958583
Onslow,Jacksonville,41819.0,,2023-08-20,,0,
Onslow,Jacksonville,41819.0,,2023-08-21,,0,
Onslow,Jacksonville,41819.0,,2023-08-22,,0,
Onslow,Jacksonville,41819.0,,2023-08-23,39386.25648624148,0,12206501.99982
Onslow,Jacksonville,41819.0,,2023-08-24,,0,
Onslow,Jacksonville,41819.0,,2023-08-25,,0,
Onslow,Jacksonville,41819.0,,2023-08-26,20204.949888579307,0,6103122.94310138
Onslow,Jacksonville,41819.0,,2023-08-27,,0,
Onslow,Jacksonville,41819.0,,2023-08-28,,0,
Onslow,Jacksonville,41819.0,,2023-08-29,,0,
Onslow,Jacksonville,41819.0,,2023-08-30,18649.761392575503,0,6691832.46987983
Onslow,Jacksonville,41819.0,,2023-08-31,,0,
Onslow,Jacksonville,41819.0,,2023-09-01,,0,
Onslow,Jacksonville,41819.0,,2023-09-02,33058.25161741014,0,31544864.6210636
Onslow,Jacksonville,41819.0,,2023-09-03,,0,
Onslow,Jacksonville,41819.0,,2023-09-04,,0,
Onslow,Jacksonville,41819.0,,2023-09-05,,0,
Onslow,Jacksonville,41819.0,,2023-09-06,79888.42469344361,0,36486718.8092986
Onslow,Jacksonville,41819.0,,2023-09-07,,0,
Onslow,Jacksonville,41819.0,,2023-09-08,,0,
Onslow,Jacksonville,41819.0,,2023-09-09,21780.00000000002,0,8703959.88375622
Onslow,Jacksonville,41819.0,,2023-09-10,,0,
Onslow,Jacksonville,41819.0,,2023-09-11,,0,
Onslow,Jacksonville,41819.0,,2023-09-12,,0,
Onslow,Jacksonville,41819.0,,2023-09-13,36645.60000873235,0,13449225.5183075
Onslow,Jacksonville,41819.0,,2023-09-14,,0,
Onslow,Jacksonville,41819.0,,2023-09-15,,0,
Onslow,Jacksonville,41819.0,,2023-09-16,42710.49051462651,0,14978417.7867346
Onslow,Jacksonville,41819.0,,2023-09-17,,0,
Onslow,Jacksonville,41819.0,,2023-09-18,,0,
Onslow,Jacksonville,41819.0,,2023-09-19,,0,
Onslow,Jacksonville,41819.0,,2023-09-20,29885.581807955536,0,10238111.0130559
Onslow,Jacksonville,41819.0,,2023-09-21,,0,
Onslow,Jacksonville,41819.0,,2023-09-22,,0,
Onslow,Jacksonville,41819.0,,2023-09-23,14907.810033670277,0,4984947.99572411
Onslow,Jacksonville,41819.0,,2023-09-24,,0,
Onslow,Jacksonville,41819.0,,2023-09-25,,0,
Onslow,Jacksonville,41819.0,,2023-09-26,,0,
Onslow,Jacksonville,41819.0,,2023-09-27,12220.965591965301,0,6179596.75015489
Onslow,Jacksonville,41819.0,,2023-09-28,,0,
Onslow,Jacksonville,41819.0,,2023-09-29,,0,
Onslow,Jacksonville,41819.0,,2023-09-30,18802.12753919088,0,7973945.502501861
Onslow,Jacksonville,41819.0,,2023-10-01,,0,
Onslow,Jacksonville,41819.0,,2023-10-02,,0,
Onslow,Jacksonville,41819.0,,2023-10-03,,0,
Onslow,Jacksonville,41819.0,,2023-10-04,14508.61812854691,0,5798091.37555602
Onslow,Jacksonville,41819.0,,2023-10-05,,0,
Onslow,Jacksonville,41819.0,,2023-10-06,,0,
Onslow,Jacksonville,41819.0,,2023-10-07,9238.073392217659,0,3465789.36828082
Onslow,Jacksonville,41819.0,,2023-10-08,,0,
Onslow,Jacksonville,41819.0,,2023-10-09,,0,
Onslow,Jacksonville,41819.0,,2023-10-10,,0,
Onslow,Jacksonville,41819.0,,2023-10-11,15470.26717700654,0,5551539.26611647
Onslow,Jacksonville,41819.0,,2023-10-12,,0,
Onslow,Jacksonville,41819.0,,2023-10-13,,0,
Onslow,Jacksonville,41819.0,,2023-10-14,24696.250727590246,0,8862303.67396947
Onslow,Jacksonville,41819.0,,2023-10-15,,0,
Onslow,Jacksonville,41819.0,,2023-10-16,,0,
Onslow,Jacksonville,41819.0,,2023-10-17,,0,
Onslow,Jacksonville,41819.0,,2023-10-18,13042.16251672417,0,4573840.2126542
Onslow,Jacksonville,41819.0,,2023-10-19,,0,
Onslow,Jacksonville,41819.0,,2023-10-20,,0,
Onslow,Jacksonville,41819.0,,2023-10-21,45172.91666474503,0,14736727.3657616
Onslow,Jacksonville,41819.0,,2023-10-22,,0,
Onslow,Jacksonville,41819.0,,2023-10-23,,0,
Onslow,Jacksonville,41819.0,,2023-10-24,,0,
Onslow,Jacksonville,41819.0,,2023-10-25,21011.452747500814,0,7025914.53904641
Onslow,Jacksonville,41819.0,,2023-10-26,,0,
Onslow,Jacksonville,41819.0,,2023-10-27,,0,
Onslow,Jacksonville,41819.0,,2023-10-28,20764.681553060254,0,6604695.61499552
Onslow,Jacksonville,41819.0,,2023-10-29,,0,
Onslow,Jacksonville,41819.0,,2023-10-30,,0,
Onslow,Jacksonville,41819.0,,2023-10-31,,0,
Onslow,Jacksonville,41819.0,,2023-11-01,12951.193210464971,0,4119431.77589985
Onslow,Jacksonville,41819.0,,2023-11-02,,0,
Onslow,Jacksonville,41819.0,,2023-11-03,,0,
Onslow,Jacksonville,41819.0,,2023-11-04,41665.07890308148,0,12572940.4312704
Onslow,Jacksonville,41819.0,,2023-11-05,,0,
Onslow,Jacksonville,41819.0,,2023-11-06,,0,
Onslow,Jacksonville,41819.0,,2023-11-07,,0,
Onslow,Jacksonville,41819.0,,2023-11-08,6643.873910135516,0,2059054.79234745
Onslow,Jacksonville,41819.0,,2023-11-09,,0,
Onslow,Jacksonville,41819.0,,2023-11-10,,0,
Onslow,Jacksonville,41819.0,,2023-11-11,31849.954474064816,0,9620622.12276377
Onslow,Jacksonville,41819.0,,2023-11-12,,0,
Onslow,Jacksonville,41819.0,,2023-11-13,,0,
Onslow,Jacksonville,41819.0,,2023-11-14,,0,
Onslow,Jacksonville,41819.0,,2023-11-15,20201.04704338788,0,6590172.71323701
Onslow,Jacksonville,41819.0,,2023-11-16,,0,
Onslow,Jacksonville,41819.0,,2023-11-17,,0,
Onslow,Jacksonville,41819.0,,2023-11-18,45769.99890758143,0,14931513.0665149
Onslow,Jacksonville,41819.0,,2023-11-19,,0,
Onslow,Jacksonville,41819.0,,2023-11-20,,0,
Onslow,Jacksonville,41819.0,,2023-11-21,,0,
Onslow,Jacksonville,41819.0,,2023-11-22,35665.239096903955,0,10471540.2376125
Onslow,Jacksonville,41819.0,,2023-11-23,,0,
Onslow,Jacksonville,41819.0,,2023-11-24,,0,
Onslow,Jacksonville,41819.0,,2023-11-25,8674.09937688058,0,2546770.55166413
Onslow,Jacksonville,41819.0,,2023-11-26,,0,
Onslow,Jacksonville,41819.0,,2023-11-27,,0,
Onslow,Jacksonville,41819.0,,2023-11-28,,0,
Onslow,Jacksonville,41819.0,,2023-11-29,12408.603462693205,0,3744445.8591955095
Onslow,Jacksonville,41819.0,,2023-11-30,,0,
Onslow,Jacksonville,41819.0,,2023-12-01,,0,
Onslow,Jacksonville,41819.0,,2023-12-02,50860.000000000015,0,14518017.8305077
Onslow,Jacksonville,41819.0,,2023-12-03,,0,
Onslow,Jacksonville,41819.0,,2023-12-04,,0,
Onslow,Jacksonville,41819.0,,2023-12-05,,0,
Onslow,Jacksonville,41819.0,,2023-12-06,37831.652420999104,0,11416157.7231663
Onslow,Jacksonville,41819.0,,2023-12-07,,0,
Onslow,Jacksonville,41819.0,,2023-12-08,,0,
Onslow,Jacksonville,41819.0,,2023-12-09,72006.86911677245,0,21141673.1370305
Onslow,Jacksonville,41819.0,,2023-12-10,,0,
Onslow,Jacksonville,41819.0,,2023-12-11,,0,
Onslow,Jacksonville,41819.0,,2023-12-12,,0,
Onslow,Jacksonville,41819.0,,2023-12-13,69818.93497708143,0,24485253.2694151
Onslow,Jacksonville,41819.0,,2023-12-14,,0,
Onslow,Jacksonville,41819.0,,2023-12-15,,0,
Onslow,Jacksonville,41819.0,,2023-12-16,21479.161994826514,0,7007131.21342068
Onslow,Jacksonville,41819.0,,2023-12-17,,0,
Onslow,Jacksonville,41819.0,,2023-12-18,,0,
Onslow,Jacksonville,41819.0,,2023-12-19,,0,
Onslow,Jacksonville,41819.0,,2023-12-20,39429.99812258018,0,22510633.7318326
Onslow,Jacksonville,41819.0,,2023-12-21,,0,
Onslow,Jacksonville,41819.0,,2023-12-22,,0,
Onslow,Jacksonville,41819.0,,2023-12-23,231023.20229795107,0,90439835.1613316
Onslow,Jacksonville,41819.0,,2023-12-24,,0,
Onslow,Jacksonville,41819.0,,2023-12-25,,0,
Onslow,Jacksonville,41819.0,,2023-12-26,,0,
Onslow,Jacksonville,41819.0,,2023-12-27,169824.39121178375,0,58171770.4994364
Onslow,Jacksonville,41819.0,,2023-12-28,,0,
Onslow,Jacksonville,41819.0,,2023-12-29,,0,
Onslow,Jacksonville,41819.0,,2023-12-30,266051.12290685764,0,158398433.274395
Onslow,Jacksonville,41819.0,,2023-12-31,,0,
Onslow,Jacksonville,41819.0,,2024-01-01,,0,
Onslow,Jacksonville,41819.0,,2024-01-02,,0,
Onslow,Jacksonville,41819.0,,2024-01-03,8992.218858546534,0,3813582.42439116
Onslow,Jacksonville,41819.0,,2024-01-04,,0,
Onslow,Jacksonville,41819.0,,2024-01-05,,0,
Onslow,Jacksonville,41819.0,,2024-01-06,102305.08882748698,0,41579734.5173626
Onslow,Jacksonville,41819.0,,2024-01-07,,0,
Onslow,Jacksonville,41819.0,,2024-01-08,,0,
Onslow,Jacksonville,41819.0,,2024-01-09,,0,
Onslow,Jacksonville,41819.0,,2024-01-10,59943.65354230586,0,24362827.1951627
Onslow,Jacksonville,41819.0,,2024-01-11,,0,
Onslow,Jacksonville,41819.0,,2024-01-12,,0,
Onslow,Jacksonville,41819.0,,2024-01-13,36397.47243971758,0,17810880.9796718
Onslow,Jacksonville,41819.0,,2024-01-14,,0,
Onslow,Jacksonville,41819.0,,2024-01-15,,0,
Onslow,Jacksonville,41819.0,,2024-01-16,,0,
Onslow,Jacksonville,41819.0,,2024-01-17,103630.97980244207,0,44794882.2346701
Onslow,Jacksonville,41819.0,,2024-01-18,,0,
Onslow,Jacksonville,41819.0,,2024-01-19,,0,
Onslow,Jacksonville,41819.0,,2024-01-20,96009.62035129612,0,39934463.4504689
Onslow,Jacksonville,41819.0,,2024-01-21,,0,
Onslow,Jacksonville,41819.0,,2024-01-22,,0,
Onslow,Jacksonville,41819.0,,2024-01-23,,0,
Onslow,Jacksonville,41819.0,,2024-01-24,100818.39997350978,0,38645647.119576
Onslow,Jacksonville,41819.0,,2024-01-25,,0,
Onslow,Jacksonville,41819.0,,2024-01-26,,0,
Onslow,Jacksonville,41819.0,,2024-01-27,121289.84788513833,0,45503542.5064749
Onslow,Jacksonville,41819.0,,2024-01-28,,0,
Onslow,Jacksonville,41819.0,,2024-01-29,,0,
Onslow,Jacksonville,41819.0,,2024-01-30,,0,
Onslow,Jacksonville,41819.0,,2024-01-31,136890.48611255342,0,51356334.9461322
Onslow,Jacksonville,41819.0,,2024-02-01,,0,
Onslow,Jacksonville,41819.0,,2024-02-02,,0,
Onslow,Jacksonville,41819.0,,2024-02-03,65324.44565398166,0,24507357.7167218
Onslow,Jacksonville,41819.0,,2024-02-04,,0,
Onslow,Jacksonville,41819.0,,2024-02-05,,0,
Onslow,Jacksonville,41819.0,,2024-02-06,,0,
Onslow,Jacksonville,41819.0,,2024-02-07,51483.60710784611,0,17635232.2289554
Onslow,Jacksonville,41819.0,,2024-02-08,,0,
Onslow,Jacksonville,41819.0,,2024-02-09,,0,
Onslow,Jacksonville,41819.0,,2024-02-10,134105.99986577788,0,47030499.2870428
Onslow,Jacksonville,41819.0,,2024-02-11,,0,
Onslow,Jacksonville,41819.0,,2024-02-12,,0,
Onslow,Jacksonville,41819.0,,2024-02-13,,0,
Onslow,Jacksonville,41819.0,,2024-02-14,132381.42698778334,0,61541041.1178538
Onslow,Jacksonville,41819.0,,2024-02-15,,0,
Onslow,Jacksonville,41819.0,,2024-02-16,,0,
Onslow,Jacksonville,41819.0,,2024-02-17,68394.23659929253,0,27890251.8524939
Onslow,Jacksonville,41819.0,,2024-02-18,,0,
Onslow,Jacksonville,41819.0,,2024-02-19,,0,
Onslow,Jacksonville,41819.0,,2024-02-20,,0,
Onslow,Jacksonville,41819.0,,2024-02-21,44079.35419585236,0,17255970.3434004
Onslow,Jacksonville,41819.0,,2024-02-22,,0,
Onslow,Jacksonville,41819.0,,2024-02-23,,0,
Onslow,Jacksonville,41819.0,,2024-02-24,38720.00000000002,0,14526336.676745
Onslow,Jacksonville,41819.0,,2024-02-25,,0,
Onslow,Jacksonville,41819.0,,2024-02-26,,0,
Onslow,Jacksonville,41819.0,,2024-02-27,,0,
Onslow,Jacksonville,41819.0,,2024-02-28,30565.824049783972,0,10968612.9187083
Onslow,Jacksonville,41819.0,,2024-02-29,,0,
Onslow,Jacksonville,41819.0,,2024-03-01,,0,
Onslow,Jacksonville,41819.0,,2024-03-02,110504.1175703421,0,37852160.8155109
Onslow,Jacksonville,41819.0,,2024-03-03,,0,
Onslow,Jacksonville,41819.0,,2024-03-04,,0,
Onslow,Jacksonville,41819.0,,2024-03-05,,0,
Onslow,Jacksonville,41819.0,,2024-03-06,47599.95117061892,0,21739895.8655553
Onslow,Jacksonville,41819.0,,2024-03-07,,0,
Onslow,Jacksonville,41819.0,,2024-03-08,,0,
Onslow,Jacksonville,41819.0,,2024-03-09,28724.90208860598,0,15461991.0602381
Onslow,Jacksonville,41819.0,,2024-03-10,,0,
Onslow,Jacksonville,41819.0,,2024-03-11,,0,
Onslow,Jacksonville,41819.0,,2024-03-12,,0,
Onslow,Jacksonville,41819.0,,2024-03-13,20294.140119062464,0,8110164.43855129
Onslow,Jacksonville,41819.0,,2024-03-14,,0,
Onslow,Jacksonville,41819.0,,2024-03-15,,0,
Onslow,Jacksonville,41819.0,,2024-03-16,15820.000000000005,0,6670566.90570314
Onslow,Jacksonville,41819.0,,2024-03-17,,0,
Onslow,Jacksonville,41819.0,,2024-03-18,,0,
Onslow,Jacksonville,41819.0,,2024-03-19,,0,
Onslow,Jacksonville,41819.0,,2024-03-20,13350.86713933343,0,5444304.45428856
Onslow,Jacksonville,41819.0,,2024-03-21,,0,
Onslow,Jacksonville,41819.0,,2024-03-22,,0,
Onslow,Jacksonville,41819.0,,2024-03-23,0.0,0,842431.0171061511
Onslow,Jacksonville,41819.0,,2024-03-24,,0,
Onslow,Jacksonville,41819.0,,2024-03-25,,0,
Onslow,Jacksonville,41819.0,,2024-03-26,,0,
Onslow,Jacksonville,41819.0,,2024-03-27,0.0,0,1729285.41098459
Onslow,Jacksonville,41819.0,,2024-03-28,,0,
Onslow,Jacksonville,41819.0,,2024-03-29,,0,
Onslow,Jacksonville,41819.0,,2024-03-30,28108.70327852213,0,23383198.0505496
Onslow,Jacksonville,41819.0,,2024-03-31,,0,
Onslow,Jacksonville,41819.0,,2024-04-01,,0,
Onslow,Jacksonville,41819.0,,2024-04-02,,0,
Onslow,Jacksonville,41819.0,,2024-04-03,27693.622225630035,0,58272331.5127601
Onslow,Jacksonville,41819.0,,2024-04-04,,0,
Onslow,Jacksonville,41819.0,,2024-04-05,,0,
Onslow,Jacksonville,41819.0,,2024-04-06,11907.913335257374,0,5632829.21817514
Onslow,Jacksonville,41819.0,,2024-04-07,,0,
Onslow,Jacksonville,41819.0,,2024-04-08,,0,
Onslow,Jacksonville,41819.0,,2024-04-09,,0,
Onslow,Jacksonville,41819.0,,2024-04-10,25360.39819142258,0,10341630.052577
Onslow,Jacksonville,41819.0,,2024-04-11,,0,
Onslow,Jacksonville,41819.0,,2024-04-12,,0,
Onslow,Jacksonville,41819.0,,2024-04-13,0.0,0,949975.4022686381
Onslow,Jacksonville,41819.0,,2024-04-14,,0,
Onslow,Jacksonville,41819.0,,2024-04-15,,0,
Onslow,Jacksonville,41819.0,,2024-04-16,,0,
Onslow,Jacksonville,41819.0,,2024-04-17,0.0,0,1026339.04907875
Onslow,Jacksonville,41819.0,,2024-04-18,,0,
Onslow,Jacksonville,41819.0,,2024-04-19,,0,
Onslow,Jacksonville,41819.0,,2024-04-20,28947.455846757955,0,10860033.3048868
Onslow,Jacksonville,41819.0,,2024-04-21,,0,
Onslow,Jacksonville,41819.0,,2024-04-22,,0,
Onslow,Jacksonville,41819.0,,2024-04-23,,0,
Onslow,Jacksonville,41819.0,,2024-04-24,20140.526308912576,0,7555993.44034361
Onslow,Jacksonville,41819.0,,2024-04-25,,0,
Onslow,Jacksonville,41819.0,,2024-04-26,,0,
Onslow,Jacksonville,41819.0,,2024-04-27,26454.549703217373,0,9493273.11315763
Onslow,Jacksonville,41819.0,,2024-04-28,,0,
Onslow,Jacksonville,41819.0,,2024-04-29,,0,
Onslow,Jacksonville,41819.0,,2024-04-30,,0,
Onslow,Jacksonville,41819.0,,2024-05-01,119559.6470386225,0,41929144.8588196
Onslow,Jacksonville,41819.0,,2024-05-02,,0,
Onslow,Jacksonville,41819.0,,2024-05-03,,0,
Onslow,Jacksonville,41819.0,,2024-05-04,8251.83615930419,0,2893889.72152905
Onslow,Jacksonville,41819.0,,2024-05-05,,0,
Onslow,Jacksonville,41819.0,,2024-05-06,,0,
Onslow,Jacksonville,41819.0,,2024-05-07,,0,
Onslow,Jacksonville,41819.0,,2024-05-08,7314.178012599927,0,2624708.80248696
Onslow,Jacksonville,41819.0,,2024-05-09,,0,
Onslow,Jacksonville,41819.0,,2024-05-10,,0,
Onslow,Jacksonville,41819.0,,2024-05-11,14799.17565271795,0,5190018.49790905
Onslow,Jacksonville,41819.0,,2024-05-12,,0,
Onslow,Jacksonville,41819.0,,2024-05-13,,0,
Onslow,Jacksonville,41819.0,,2024-05-14,,0,
Onslow,Jacksonville,41819.0,,2024-05-15,12976.779261434636,0,4021734.89276034
Orange,Chapel Hill - Carrboro,78141.0,4.1000000000000005,2021-01-06,14207.040508142452,0,6531345.29266412
Orange,Chapel Hill - Carrboro,78141.0,4.4799999999999995,2021-01-07,,0,
Orange,Chapel Hill - Carrboro,78141.0,3.2,2021-01-08,28861.739379323622,0,11422926.181823
Orange,Chapel Hill - Carrboro,78141.0,3.4600000000000004,2021-01-09,,0,
Orange,Chapel Hill - Carrboro,78141.0,2.8200000000000003,2021-01-10,,0,
Orange,Chapel Hill - Carrboro,78141.0,2.5600000000000005,2021-01-11,,0,
Orange,Chapel Hill - Carrboro,78141.0,3.9700000000000006,2021-01-12,65954.52979136456,0,25752090.1089336
Orange,Chapel Hill - Carrboro,78141.0,4.86,2021-01-13,,0,
Orange,Chapel Hill - Carrboro,78141.0,2.18,2021-01-14,,0,
Orange,Chapel Hill - Carrboro,78141.0,2.69,2021-01-15,14404.860290887935,0,5296434.91024577
Orange,Chapel Hill - Carrboro,78141.0,2.18,2021-01-16,,0,
Orange,Chapel Hill - Carrboro,78141.0,1.2800000000000002,2021-01-17,,0,
Orange,Chapel Hill - Carrboro,78141.0,2.18,2021-01-18,,0,
Orange,Chapel Hill - Carrboro,78141.0,2.18,2021-01-19,12903.487900563956,0,4594383.7905343
Orange,Chapel Hill - Carrboro,78141.0,2.5600000000000005,2021-01-20,,0,
Orange,Chapel Hill - Carrboro,78141.0,2.43,2021-01-21,,0,
Orange,Chapel Hill - Carrboro,78141.0,2.43,2021-01-22,,0,
Orange,Chapel Hill - Carrboro,78141.0,3.33,2021-01-23,23515.95203260969,0,8293288.203637939
Orange,Chapel Hill - Carrboro,78141.0,1.6600000000000001,2021-01-24,,0,
Orange,Chapel Hill - Carrboro,78141.0,2.18,2021-01-25,,0,
Orange,Chapel Hill - Carrboro,78141.0,3.33,2021-01-26,14142.13562373096,0,5131326.25668514
Orange,Chapel Hill - Carrboro,78141.0,6.2700000000000005,2021-01-27,,0,
Orange,Chapel Hill - Carrboro,78141.0,4.220000000000001,2021-01-28,,0,
Orange,Chapel Hill - Carrboro,78141.0,3.2,2021-01-29,12737.739202857008,0,6368026.51537692
Orange,Chapel Hill - Carrboro,78141.0,2.69,2021-01-30,,0,
Orange,Chapel Hill - Carrboro,78141.0,2.5600000000000005,2021-01-31,,0,
Orange,Chapel Hill - Carrboro,78141.0,2.3000000000000003,2021-02-01,,0,
Orange,Chapel Hill - Carrboro,78141.0,3.4600000000000004,2021-02-02,6708.203932499366,0,3509642.05466653
Orange,Chapel Hill - Carrboro,78141.0,2.0500000000000003,2021-02-03,,0,
Orange,Chapel Hill - Carrboro,78141.0,1.54,2021-02-04,,0,
Orange,Chapel Hill - Carrboro,78141.0,1.54,2021-02-05,,0,
Orange,Chapel Hill - Carrboro,78141.0,2.18,2021-02-06,,0,
Orange,Chapel Hill - Carrboro,78141.0,1.54,2021-02-07,,0,
Orange,Chapel Hill - Carrboro,78141.0,1.2800000000000002,2021-02-08,,0,
Orange,Chapel Hill - Carrboro,78141.0,1.2800000000000002,2021-02-09,,0,
Orange,Chapel Hill - Carrboro,78141.0,1.4100000000000001,2021-02-10,,0,
Orange,Chapel Hill - Carrboro,78141.0,1.92,2021-02-11,,0,
Orange,Chapel Hill - Carrboro,78141.0,2.0500000000000003,2021-02-12,9246.621004453478,0,3673074.37877832
Orange,Chapel Hill - Carrboro,78141.0,1.54,2021-02-13,,0,
Orange,Chapel Hill - Carrboro,78141.0,1.4100000000000001,2021-02-14,,0,
Orange,Chapel Hill - Carrboro,78141.0,1.02,2021-02-15,,0,
Orange,Chapel Hill - Carrboro,78141.0,1.54,2021-02-16,4358.898943540679,0,2590921.03079028
Orange,Chapel Hill - Carrboro,78141.0,1.4100000000000001,2021-02-17,,0,
Orange,Chapel Hill - Carrboro,78141.0,1.1500000000000001,2021-02-18,,0,
Orange,Chapel Hill - Carrboro,78141.0,0.77,2021-02-19,4943.429983321305,0,2950338.91889289
Orange,Chapel Hill - Carrboro,78141.0,1.2800000000000002,2021-02-20,,0,
Orange,Chapel Hill - Carrboro,78141.0,1.1500000000000001,2021-02-21,,0,
Orange,Chapel Hill - Carrboro,78141.0,0.6400000000000001,2021-02-22,,0,
Orange,Chapel Hill - Carrboro,78141.0,1.6600000000000001,2021-02-23,0.0,0,148967.670314067
Orange,Chapel Hill - Carrboro,78141.0,0.77,2021-02-24,,0,
Orange,Chapel Hill - Carrboro,78141.0,1.54,2021-02-25,,0,
Orange,Chapel Hill - Carrboro,78141.0,1.02,2021-02-26,0.0,0,578043.086286511
Orange,Chapel Hill - Carrboro,78141.0,0.9,2021-02-27,,0,
Orange,Chapel Hill - Carrboro,78141.0,1.02,2021-02-28,,0,
Orange,Chapel Hill - Carrboro,78141.0,1.4100000000000001,2021-03-01,,0,
Orange,Chapel Hill - Carrboro,78141.0,1.4100000000000001,2021-03-02,7097.5347832891985,0,3262920.97004916
Orange,Chapel Hill - Carrboro,78141.0,1.4100000000000001,2021-03-03,,0,
Orange,Chapel Hill - Carrboro,78141.0,0.6400000000000001,2021-03-04,,0,
Orange,Chapel Hill - Carrboro,78141.0,0.26,2021-03-05,0.0,0,609944.956472406
Orange,Chapel Hill - Carrboro,78141.0,0.77,2021-03-06,,0,
Orange,Chapel Hill - Carrboro,78141.0,0.26,2021-03-07,,0,
Orange,Chapel Hill - Carrboro,78141.0,0.26,2021-03-08,,0,
Orange,Chapel Hill - Carrboro,78141.0,0.26,2021-03-09,12881.67302798826,0,4879910.28175666
Orange,Chapel Hill - Carrboro,78141.0,0.6400000000000001,2021-03-10,,0,
Orange,Chapel Hill - Carrboro,78141.0,0.26,2021-03-11,,0,
Orange,Chapel Hill - Carrboro,78141.0,0.9,2021-03-12,6093.028803476973,0,2145855.4083208
Orange,Chapel Hill - Carrboro,78141.0,0.26,2021-03-13,,0,
Orange,Chapel Hill - Carrboro,78141.0,1.02,2021-03-14,,0,
Orange,Chapel Hill - Carrboro,78141.0,0.9,2021-03-15,,0,
Orange,Chapel Hill - Carrboro,78141.0,1.1500000000000001,2021-03-16,14747.881203752624,0,5115351.31726221
Orange,Chapel Hill - Carrboro,78141.0,1.92,2021-03-17,,0,
Orange,Chapel Hill - Carrboro,78141.0,1.79,2021-03-18,,0,
Orange,Chapel Hill - Carrboro,78141.0,0.77,2021-03-19,24647.51508773252,0,8895333.332279
Orange,Chapel Hill - Carrboro,78141.0,0.26,2021-03-20,,0,
Orange,Chapel Hill - Carrboro,78141.0,1.1500000000000001,2021-03-21,,0,
Orange,Chapel Hill - Carrboro,78141.0,0.26,2021-03-22,,0,
Orange,Chapel Hill - Carrboro,78141.0,1.02,2021-03-23,4860.555523805897,0,1954325.11872721
Orange,Chapel Hill - Carrboro,78141.0,1.54,2021-03-24,,0,
Orange,Chapel Hill - Carrboro,78141.0,0.26,2021-03-25,,0,
Orange,Chapel Hill - Carrboro,78141.0,0.26,2021-03-26,0.0,0,421323.475608176
Orange,Chapel Hill - Carrboro,78141.0,0.9,2021-03-27,,0,
Orange,Chapel Hill - Carrboro,78141.0,,2021-03-28,,0,
Orange,Chapel Hill - Carrboro,78141.0,,2021-03-29,,0,
Orange,Chapel Hill - Carrboro,78141.0,0.77,2021-03-30,0.0,0,776798.4754518908
Orange,Chapel Hill - Carrboro,78141.0,0.26,2021-03-31,,0,
Orange,Chapel Hill - Carrboro,78141.0,0.6400000000000001,2021-04-30,6093.028803476973,0,2113387.16968046
Orange,Chapel Hill - Carrboro,78141.0,0.26,2021-05-01,,0,
Orange,Chapel Hill - Carrboro,78141.0,,2021-05-02,,0,
Orange,Chapel Hill - Carrboro,78141.0,,2021-05-03,,0,
Orange,Chapel Hill - Carrboro,78141.0,,2021-05-04,0.0,0,105068.984859197
Orange,Chapel Hill - Carrboro,78141.0,0.26,2021-05-05,,0,
Orange,Chapel Hill - Carrboro,78141.0,0.26,2021-05-06,,0,
Orange,Chapel Hill - Carrboro,78141.0,0.26,2021-05-07,0.0,0,98160.3392794148
Orange,Chapel Hill - Carrboro,78141.0,0.26,2021-05-08,,0,
Orange,Chapel Hill - Carrboro,78141.0,0.26,2021-05-09,,0,
Orange,Chapel Hill - Carrboro,78141.0,,2021-05-10,,0,
Orange,Chapel Hill - Carrboro,78141.0,0.26,2021-05-11,0.0,0,109386.888346561
Orange,Chapel Hill - Carrboro,78141.0,,2021-05-12,,0,
Orange,Chapel Hill - Carrboro,78141.0,0.26,2021-05-13,,0,
Orange,Chapel Hill - Carrboro,78141.0,,2021-05-14,0.0,0,96864.9682332055
Orange,Chapel Hill - Carrboro,78141.0,0.26,2021-05-15,,0,
Orange,Chapel Hill - Carrboro,78141.0,0.26,2021-05-16,,0,
Orange,Chapel Hill - Carrboro,78141.0,,2021-05-17,,0,
Orange,Chapel Hill - Carrboro,78141.0,0.26,2021-05-18,0.0,0,93986.365908296
Orange,Chapel Hill - Carrboro,78141.0,0.26,2021-05-19,,0,
Orange,Chapel Hill - Carrboro,78141.0,,2021-05-20,,0,
Orange,Chapel Hill - Carrboro,78141.0,,2021-05-21,0.0,0,92834.9249783321
Orange,Chapel Hill - Carrboro,78141.0,,2021-05-22,,0,
Orange,Chapel Hill - Carrboro,78141.0,,2021-05-23,,0,
Orange,Chapel Hill - Carrboro,78141.0,,2021-05-24,,0,
Orange,Chapel Hill - Carrboro,78141.0,0.26,2021-05-25,0.0,0,98160.3392794148
Orange,Chapel Hill - Carrboro,78141.0,0.26,2021-05-26,,0,
Orange,Chapel Hill - Carrboro,78141.0,,2021-05-27,,0,
Orange,Chapel Hill - Carrboro,78141.0,,2021-05-28,0.0,0,96001.3875357324
Orange,Chapel Hill - Carrboro,78141.0,,2021-05-29,,0,
Orange,Chapel Hill - Carrboro,78141.0,,2021-05-30,,0,
Orange,Chapel Hill - Carrboro,78141.0,0.26,2021-05-31,,0,
Orange,Chapel Hill - Carrboro,78141.0,,2021-06-01,0.0,0,90819.9033508955
Orange,Chapel Hill - Carrboro,78141.0,0.26,2021-06-02,,0,
Orange,Chapel Hill - Carrboro,78141.0,0.26,2021-06-03,,0,
Orange,Chapel Hill - Carrboro,78141.0,,2021-06-04,0.0,0,109530.818462807
Orange,Chapel Hill - Carrboro,78141.0,0.26,2021-06-05,,0,
Orange,Chapel Hill - Carrboro,78141.0,,2021-06-06,,0,
Orange,Chapel Hill - Carrboro,78141.0,,2021-06-07,,0,
Orange,Chapel Hill - Carrboro,78141.0,,2021-06-08,0.0,0,100463.221139342
Orange,Chapel Hill - Carrboro,78141.0,0.26,2021-06-09,,0,
Orange,Chapel Hill - Carrboro,78141.0,,2021-06-10,,0,
Orange,Chapel Hill - Carrboro,78141.0,,2021-06-11,0.0,0,106364.355905406
Orange,Chapel Hill - Carrboro,78141.0,,2021-06-12,,0,
Orange,Chapel Hill - Carrboro,78141.0,,2021-06-13,,0,
Orange,Chapel Hill - Carrboro,78141.0,0.26,2021-06-14,,0,
Orange,Chapel Hill - Carrboro,78141.0,,2021-06-15,0.0,0,100477.614150966
Orange,Chapel Hill - Carrboro,78141.0,0.26,2021-06-16,,0,
Orange,Chapel Hill - Carrboro,78141.0,0.26,2021-06-17,0.0,0,94993.8767220142
Orange,Chapel Hill - Carrboro,78141.0,0.26,2021-06-18,,0,
Orange,Chapel Hill - Carrboro,78141.0,,2021-06-19,,0,
Orange,Chapel Hill - Carrboro,78141.0,0.26,2021-06-20,,0,
Orange,Chapel Hill - Carrboro,78141.0,,2021-06-21,,0,
Orange,Chapel Hill - Carrboro,78141.0,0.26,2021-06-22,0.0,0,103341.823464251
Orange,Chapel Hill - Carrboro,78141.0,0.26,2021-07-11,,0,
Orange,Chapel Hill - Carrboro,78141.0,0.26,2021-07-12,,0,
Orange,Chapel Hill - Carrboro,78141.0,0.6400000000000001,2021-07-13,,0,
Orange,Chapel Hill - Carrboro,78141.0,0.26,2021-07-14,0.0,0,453539.13747471693
Orange,Chapel Hill - Carrboro,78141.0,0.26,2021-07-15,,0,
Orange,Chapel Hill - Carrboro,78141.0,0.26,2021-07-16,,0,
Orange,Chapel Hill - Carrboro,78141.0,0.6400000000000001,2021-07-17,2850.4385627478446,0,1016300.90473289
Orange,Chapel Hill - Carrboro,78141.0,0.26,2021-07-18,,0,
Orange,Chapel Hill - Carrboro,78141.0,0.26,2021-07-19,,0,
Orange,Chapel Hill - Carrboro,78141.0,1.1500000000000001,2021-07-20,,0,
Orange,Chapel Hill - Carrboro,78141.0,1.02,2021-07-21,0.0,0,131983.916597101
Orange,Chapel Hill - Carrboro,78141.0,0.26,2021-07-22,,0,
Orange,Chapel Hill - Carrboro,78141.0,0.26,2021-07-23,,0,
Orange,Chapel Hill - Carrboro,78141.0,0.77,2021-07-24,6378.675411086546,0,2184654.3294937
Orange,Chapel Hill - Carrboro,78141.0,1.1500000000000001,2021-07-25,,0,
Orange,Chapel Hill - Carrboro,78141.0,1.1500000000000001,2021-07-26,,0,
Orange,Chapel Hill - Carrboro,78141.0,1.79,2021-07-27,,0,
Orange,Chapel Hill - Carrboro,78141.0,0.26,2021-07-28,11618.950038622272,0,3962528.1129298694
Orange,Chapel Hill - Carrboro,78141.0,1.54,2021-07-29,,0,
Orange,Chapel Hill - Carrboro,78141.0,0.9,2021-07-30,,0,
Orange,Chapel Hill - Carrboro,78141.0,2.18,2021-07-31,29402.380855978336,0,9984661.12758305
Orange,Chapel Hill - Carrboro,78141.0,1.1500000000000001,2021-08-01,,0,
Orange,Chapel Hill - Carrboro,78141.0,2.0500000000000003,2021-08-02,,0,
Orange,Chapel Hill - Carrboro,78141.0,3.33,2021-08-03,,0,
Orange,Chapel Hill - Carrboro,78141.0,2.3000000000000003,2021-08-04,16077.935190813538,0,5135846.43471916
Orange,Chapel Hill - Carrboro,78141.0,2.8200000000000003,2021-08-05,,0,
Orange,Chapel Hill - Carrboro,78141.0,2.0500000000000003,2021-08-06,,0,
Orange,Chapel Hill - Carrboro,78141.0,2.3000000000000003,2021-08-07,14102.304776170475,0,4399555.25752382
Orange,Chapel Hill - Carrboro,78141.0,1.6600000000000001,2021-08-08,,0,
Orange,Chapel Hill - Carrboro,78141.0,1.2800000000000002,2021-08-09,,0,
Orange,Chapel Hill - Carrboro,78141.0,2.3000000000000003,2021-08-10,,0,
Orange,Chapel Hill - Carrboro,78141.0,1.6600000000000001,2021-08-11,20946.360065653404,0,6981195.75614042
Orange,Chapel Hill - Carrboro,78141.0,2.0500000000000003,2021-08-12,,0,
Orange,Chapel Hill - Carrboro,78141.0,1.1500000000000001,2021-08-13,,0,
Orange,Chapel Hill - Carrboro,78141.0,2.0500000000000003,2021-08-14,10455.261833163255,0,3616312.38073289
Orange,Chapel Hill - Carrboro,78141.0,1.02,2021-08-15,,0,
Orange,Chapel Hill - Carrboro,78141.0,1.54,2021-08-16,,0,
Orange,Chapel Hill - Carrboro,78141.0,3.33,2021-08-17,,0,
Orange,Chapel Hill - Carrboro,78141.0,1.79,2021-08-18,10514.870422406566,0,3957835.6581246294
Orange,Chapel Hill - Carrboro,78141.0,2.0500000000000003,2021-08-19,,0,
Orange,Chapel Hill - Carrboro,78141.0,3.2,2021-08-20,,0,
Orange,Chapel Hill - Carrboro,78141.0,2.69,2021-08-21,54635.153518591,0,20406069.3758296
Orange,Chapel Hill - Carrboro,78141.0,2.3000000000000003,2021-08-22,,0,
Orange,Chapel Hill - Carrboro,78141.0,1.79,2021-08-23,,0,
Orange,Chapel Hill - Carrboro,78141.0,7.170000000000001,2021-08-24,,0,
Orange,Chapel Hill - Carrboro,78141.0,5.120000000000001,2021-08-25,15996.093273046392,0,6090729.14602717
Orange,Chapel Hill - Carrboro,78141.0,5.5,2021-08-26,,0,
Orange,Chapel Hill - Carrboro,78141.0,6.53,2021-08-27,,0,
Orange,Chapel Hill - Carrboro,78141.0,3.9700000000000006,2021-08-28,49529.03189039735,0,18786869.3131549
Orange,Chapel Hill - Carrboro,78141.0,1.54,2021-08-29,,0,
Orange,Chapel Hill - Carrboro,78141.0,0.9,2021-08-30,,0,
Orange,Chapel Hill - Carrboro,78141.0,4.1000000000000005,2021-08-31,,0,
Orange,Chapel Hill - Carrboro,78141.0,3.4600000000000004,2021-09-01,18200.274723201306,0,6718397.99748546
Orange,Chapel Hill - Carrboro,78141.0,3.7100000000000004,2021-09-02,,0,
Orange,Chapel Hill - Carrboro,78141.0,3.33,2021-09-03,,0,
Orange,Chapel Hill - Carrboro,78141.0,2.3000000000000003,2021-09-04,38862.739224094905,0,14025633.7555025
Orange,Chapel Hill - Carrboro,78141.0,1.1500000000000001,2021-09-05,,0,
Orange,Chapel Hill - Carrboro,78141.0,0.9,2021-09-06,,0,
Orange,Chapel Hill - Carrboro,78141.0,1.54,2021-09-07,,0,
Orange,Chapel Hill - Carrboro,78141.0,5.25,2021-09-08,,0,
Orange,Chapel Hill - Carrboro,78141.0,3.7100000000000004,2021-09-09,,0,
Orange,Chapel Hill - Carrboro,78141.0,2.18,2021-09-10,,0,
Orange,Chapel Hill - Carrboro,78141.0,1.54,2021-09-11,13327.602935261835,0,5042383.72506628
Orange,Chapel Hill - Carrboro,78141.0,0.9,2021-09-12,,0,
Orange,Chapel Hill - Carrboro,78141.0,0.9,2021-09-13,,0,
Orange,Chapel Hill - Carrboro,78141.0,2.0500000000000003,2021-09-14,,0,
Orange,Chapel Hill - Carrboro,78141.0,1.1500000000000001,2021-09-15,23157.072353818807,0,8256467.58071631
Orange,Chapel Hill - Carrboro,78141.0,1.79,2021-09-16,,0,
Orange,Chapel Hill - Carrboro,78141.0,1.54,2021-09-17,,0,
Orange,Chapel Hill - Carrboro,78141.0,1.92,2021-09-18,9055.385138137433,0,3281265.23420806
Orange,Chapel Hill - Carrboro,78141.0,1.4100000000000001,2021-09-19,,0,
Orange,Chapel Hill - Carrboro,78141.0,0.77,2021-09-20,,0,
Orange,Chapel Hill - Carrboro,78141.0,2.94,2021-09-21,,0,
Orange,Chapel Hill - Carrboro,78141.0,1.92,2021-09-22,16624.5300685463,0,5846807.71735594
Orange,Chapel Hill - Carrboro,78141.0,2.3000000000000003,2021-09-23,,0,
Orange,Chapel Hill - Carrboro,78141.0,2.94,2021-09-24,,0,
Orange,Chapel Hill - Carrboro,78141.0,2.5600000000000005,2021-09-25,31371.762781201873,0,12978652.5499411
Orange,Chapel Hill - Carrboro,78141.0,1.1500000000000001,2021-09-26,,0,
Orange,Chapel Hill - Carrboro,78141.0,1.54,2021-09-27,,0,
Orange,Chapel Hill - Carrboro,78141.0,2.8200000000000003,2021-09-28,,0,
Orange,Chapel Hill - Carrboro,78141.0,2.0500000000000003,2021-09-29,23618.054534613988,0,8123352.19424921
Orange,Chapel Hill - Carrboro,78141.0,2.18,2021-09-30,,0,
Orange,Chapel Hill - Carrboro,78141.0,1.2800000000000002,2021-10-01,,0,
Orange,Chapel Hill - Carrboro,78141.0,1.92,2021-10-02,19075.507856935314,0,6745773.92564714
Orange,Chapel Hill - Carrboro,78141.0,0.6400000000000001,2021-10-03,,0,
Orange,Chapel Hill - Carrboro,78141.0,0.26,2021-10-04,,0,
Orange,Chapel Hill - Carrboro,78141.0,1.54,2021-10-05,,0,
Orange,Chapel Hill - Carrboro,78141.0,0.77,2021-10-06,11277.743568639977,0,4157571.10276287
Orange,Chapel Hill - Carrboro,78141.0,2.0500000000000003,2021-10-07,,0,
Orange,Chapel Hill - Carrboro,78141.0,0.6400000000000001,2021-10-08,,0,
Orange,Chapel Hill - Carrboro,78141.0,1.54,2021-10-09,5291.50262212918,0,1922529.85236378
Orange,Chapel Hill - Carrboro,78141.0,0.6400000000000001,2021-10-10,,0,
Orange,Chapel Hill - Carrboro,78141.0,0.26,2021-10-11,,0,
Orange,Chapel Hill - Carrboro,78141.0,1.1500000000000001,2021-10-12,,0,
Orange,Chapel Hill - Carrboro,78141.0,1.02,2021-10-13,0.0,0,109099.02811407
Orange,Chapel Hill - Carrboro,78141.0,0.9,2021-10-14,,0,
Orange,Chapel Hill - Carrboro,78141.0,0.77,2021-10-15,,0,
Orange,Chapel Hill - Carrboro,78141.0,0.26,2021-10-16,13863.170633011778,0,4915938.74606115
Orange,Chapel Hill - Carrboro,78141.0,0.26,2021-10-17,,0,
Orange,Chapel Hill - Carrboro,78141.0,0.26,2021-10-18,,0,
Orange,Chapel Hill - Carrboro,78141.0,0.26,2021-10-19,,0,
Orange,Chapel Hill - Carrboro,78141.0,0.26,2021-10-20,7322.9092579384105,0,2476121.14153773
Orange,Chapel Hill - Carrboro,78141.0,0.77,2021-10-21,,0,
Orange,Chapel Hill - Carrboro,78141.0,0.6400000000000001,2021-10-22,,0,
Orange,Chapel Hill - Carrboro,78141.0,0.26,2021-10-23,12250.000000000005,0,3726735.2862133905
Orange,Chapel Hill - Carrboro,78141.0,0.9,2021-10-24,,0,
Orange,Chapel Hill - Carrboro,78141.0,1.02,2021-10-25,,0,
Orange,Chapel Hill - Carrboro,78141.0,0.9,2021-10-26,,0,
Orange,Chapel Hill - Carrboro,78141.0,1.2800000000000002,2021-10-27,32005.858838656437,0,11085833.2122973
Orange,Chapel Hill - Carrboro,78141.0,0.26,2021-10-28,,0,
Orange,Chapel Hill - Carrboro,78141.0,0.77,2021-10-29,,0,
Orange,Chapel Hill - Carrboro,78141.0,0.26,2021-10-30,7416.19848709567,0,2486109.49502974
Orange,Chapel Hill - Carrboro,78141.0,0.26,2021-10-31,,0,
Orange,Chapel Hill - Carrboro,78141.0,0.6400000000000001,2021-11-01,,0,
Orange,Chapel Hill - Carrboro,78141.0,1.02,2021-11-02,,0,
Orange,Chapel Hill - Carrboro,78141.0,1.1500000000000001,2021-11-03,8905.756565278443,0,2981135.2520986
Orange,Chapel Hill - Carrboro,78141.0,0.6400000000000001,2021-11-04,,0,
Orange,Chapel Hill - Carrboro,78141.0,0.77,2021-11-05,,0,
Orange,Chapel Hill - Carrboro,78141.0,0.9,2021-11-06,3968.626966596889,0,1295785.12049319
Orange,Chapel Hill - Carrboro,78141.0,0.26,2021-11-07,,0,
Orange,Chapel Hill - Carrboro,78141.0,0.77,2021-11-08,,0,
Orange,Chapel Hill - Carrboro,78141.0,1.1500000000000001,2021-11-09,,0,
Orange,Chapel Hill - Carrboro,78141.0,1.4100000000000001,2021-11-10,11905.880899790678,0,3979636.79439303
Orange,Chapel Hill - Carrboro,78141.0,1.6600000000000001,2021-11-11,,0,
Orange,Chapel Hill - Carrboro,78141.0,1.4100000000000001,2021-11-12,,0,
Orange,Chapel Hill - Carrboro,78141.0,0.77,2021-11-13,27522.717889045794,0,9026363.11196431
Orange,Chapel Hill - Carrboro,78141.0,0.6400000000000001,2021-11-14,,0,
Orange,Chapel Hill - Carrboro,78141.0,0.26,2021-11-15,,0,
Orange,Chapel Hill - Carrboro,78141.0,1.02,2021-11-16,,0,
Orange,Chapel Hill - Carrboro,78141.0,0.26,2021-11-17,8392.705165797262,0,2854117.78534898
Orange,Chapel Hill - Carrboro,78141.0,0.26,2021-11-18,,0,
Orange,Chapel Hill - Carrboro,78141.0,0.26,2021-11-19,,0,
Orange,Chapel Hill - Carrboro,78141.0,0.26,2021-11-20,6495.190528383287,0,2476278.23498213
Orange,Chapel Hill - Carrboro,78141.0,,2021-11-21,,0,
Orange,Chapel Hill - Carrboro,78141.0,0.26,2021-11-22,,0,
Orange,Chapel Hill - Carrboro,78141.0,0.6400000000000001,2021-11-23,,0,
Orange,Chapel Hill - Carrboro,78141.0,0.26,2021-11-24,0.0,0,255416.81063736
Orange,Chapel Hill - Carrboro,78141.0,0.26,2021-11-25,,0,
Orange,Chapel Hill - Carrboro,78141.0,0.26,2021-11-26,,0,
Orange,Chapel Hill - Carrboro,78141.0,1.02,2021-11-27,,0,
Orange,Chapel Hill - Carrboro,78141.0,1.02,2021-11-28,,0,
Orange,Chapel Hill - Carrboro,78141.0,1.02,2021-11-29,,0,
Orange,Chapel Hill - Carrboro,78141.0,1.92,2021-11-30,,0,
Orange,Chapel Hill - Carrboro,78141.0,2.69,2021-12-01,13430.376018563296,0,4404632.2446236
Orange,Chapel Hill - Carrboro,78141.0,0.77,2021-12-02,,0,
Orange,Chapel Hill - Carrboro,78141.0,1.2800000000000002,2021-12-03,,0,
Orange,Chapel Hill - Carrboro,78141.0,0.6400000000000001,2021-12-04,11031.2057364551,0,3730020.51214528
Orange,Chapel Hill - Carrboro,78141.0,1.54,2021-12-05,,0,
Orange,Chapel Hill - Carrboro,78141.0,0.77,2021-12-06,,0,
Orange,Chapel Hill - Carrboro,78141.0,1.54,2021-12-07,,0,
Orange,Chapel Hill - Carrboro,78141.0,1.02,2021-12-08,31448.370387032774,0,10313821.8956886
Orange,Chapel Hill - Carrboro,78141.0,0.77,2021-12-09,,0,
Orange,Chapel Hill - Carrboro,78141.0,1.02,2021-12-10,,0,
Orange,Chapel Hill - Carrboro,78141.0,0.9,2021-12-11,6538.348415311013,0,2090474.18132223
Orange,Chapel Hill - Carrboro,78141.0,0.9,2021-12-12,,0,
Orange,Chapel Hill - Carrboro,78141.0,0.26,2021-12-13,,0,
Orange,Chapel Hill - Carrboro,78141.0,1.54,2021-12-14,,0,
Orange,Chapel Hill - Carrboro,78141.0,3.58,2021-12-15,25544.07954888961,0,7919596.31737433
Orange,Chapel Hill - Carrboro,78141.0,2.43,2021-12-16,,0,
Orange,Chapel Hill - Carrboro,78141.0,3.84,2021-12-17,,0,
Orange,Chapel Hill - Carrboro,78141.0,3.58,2021-12-18,35026.775472486785,0,10384471.3779723
Orange,Chapel Hill - Carrboro,78141.0,3.33,2021-12-19,,0,
Orange,Chapel Hill - Carrboro,78141.0,3.4600000000000004,2021-12-20,,0,
Orange,Chapel Hill - Carrboro,78141.0,7.550000000000001,2021-12-21,,0,
Orange,Chapel Hill - Carrboro,78141.0,8.32,2021-12-22,144460.2021319368,0,42618516.0584702
Orange,Chapel Hill - Carrboro,78141.0,8.959999999999999,2021-12-23,,0,
Orange,Chapel Hill - Carrboro,78141.0,8.700000000000001,2021-12-24,,0,
Orange,Chapel Hill - Carrboro,78141.0,4.61,2021-12-25,,0,
Orange,Chapel Hill - Carrboro,78141.0,3.0700000000000003,2021-12-26,,0,
Orange,Chapel Hill - Carrboro,78141.0,7.170000000000001,2021-12-27,,0,
Orange,Chapel Hill - Carrboro,78141.0,12.930000000000001,2021-12-28,,0,
Orange,Chapel Hill - Carrboro,78141.0,19.07,2021-12-29,211453.3045379052,0,136750384.249247
Orange,Chapel Hill - Carrboro,78141.0,19.71,2021-12-30,,0,
Orange,Chapel Hill - Carrboro,78141.0,16.25,2021-12-31,,0,
Orange,Chapel Hill - Carrboro,78141.0,9.090000000000002,2022-01-01,,0,
Orange,Chapel Hill - Carrboro,78141.0,6.53,2022-01-02,,0,
Orange,Chapel Hill - Carrboro,78141.0,9.340000000000002,2022-01-03,,0,
Orange,Chapel Hill - Carrboro,78141.0,34.68,2022-01-04,,0,
Orange,Chapel Hill - Carrboro,78141.0,36.86000000000001,2022-01-05,49371.04414532876,0,12819465.4115178
Orange,Chapel Hill - Carrboro,78141.0,16.76,2022-01-18,,0,
Orange,Chapel Hill - Carrboro,78141.0,42.1,2022-01-19,25396.850198400592,0,11650985.1670379
Orange,Chapel Hill - Carrboro,78141.0,42.36000000000001,2022-01-20,,0,
Orange,Chapel Hill - Carrboro,78141.0,27.260000000000005,2022-01-21,,0,
Orange,Chapel Hill - Carrboro,78141.0,12.16,2022-01-22,85000.00000000003,0,33764909.5865166
Orange,Chapel Hill - Carrboro,78141.0,4.4799999999999995,2022-01-23,,0,
Orange,Chapel Hill - Carrboro,78141.0,8.06,2022-01-24,,0,
Orange,Chapel Hill - Carrboro,78141.0,27.39,2022-01-25,,0,
Orange,Chapel Hill - Carrboro,78141.0,20.86,2022-01-26,51234.75382979802,0,19557965.8914124
Orange,Chapel Hill - Carrboro,78141.0,18.81,2022-01-27,,0,
Orange,Chapel Hill - Carrboro,78141.0,11.770000000000001,2022-01-28,,0,
Orange,Chapel Hill - Carrboro,78141.0,9.340000000000002,2022-01-29,61694.8133962654,0,22146223.3722367
Orange,Chapel Hill - Carrboro,78141.0,5.760000000000001,2022-01-30,,0,
Orange,Chapel Hill - Carrboro,78141.0,3.9700000000000006,2022-01-31,,0,
Orange,Chapel Hill - Carrboro,78141.0,13.31,2022-02-01,,0,
Orange,Chapel Hill - Carrboro,78141.0,11.01,2022-02-02,40326.01517631016,0,14358380.6092291
Orange,Chapel Hill - Carrboro,78141.0,8.06,2022-02-03,,0,
Orange,Chapel Hill - Carrboro,78141.0,9.090000000000002,2022-02-04,,0,
Orange,Chapel Hill - Carrboro,78141.0,5.63,2022-02-05,27874.719729532728,0,9925003.33847368
Orange,Chapel Hill - Carrboro,78141.0,3.58,2022-02-06,,0,
Orange,Chapel Hill - Carrboro,78141.0,4.1000000000000005,2022-02-07,,0,
Orange,Chapel Hill - Carrboro,78141.0,9.090000000000002,2022-02-08,,0,
Orange,Chapel Hill - Carrboro,78141.0,6.91,2022-02-09,9437.293044088445,0,3725957.20653822
Orange,Chapel Hill - Carrboro,78141.0,4.61,2022-02-10,,0,
Orange,Chapel Hill - Carrboro,78141.0,4.61,2022-02-11,,0,
Orange,Chapel Hill - Carrboro,78141.0,2.94,2022-02-12,16937.384685954326,0,6161963.21632035
Orange,Chapel Hill - Carrboro,78141.0,2.18,2022-02-13,,0,
Orange,Chapel Hill - Carrboro,78141.0,1.79,2022-02-14,,0,
Orange,Chapel Hill - Carrboro,78141.0,3.84,2022-02-15,,0,
Orange,Chapel Hill - Carrboro,78141.0,4.220000000000001,2022-02-16,20976.17696340303,0,7102910.24862862
Orange,Chapel Hill - Carrboro,78141.0,4.1000000000000005,2022-02-17,,0,
Orange,Chapel Hill - Carrboro,78141.0,2.3000000000000003,2022-02-18,,0,
Orange,Chapel Hill - Carrboro,78141.0,3.2,2022-02-19,15951.097140949305,0,5501781.85325921
Orange,Chapel Hill - Carrboro,78141.0,2.3000000000000003,2022-02-20,,0,
Orange,Chapel Hill - Carrboro,78141.0,0.26,2022-02-21,,0,
Orange,Chapel Hill - Carrboro,78141.0,2.69,2022-02-22,,0,
Orange,Chapel Hill - Carrboro,78141.0,1.54,2022-02-23,11578.536176909425,0,4032880.56422215
Orange,Chapel Hill - Carrboro,78141.0,1.92,2022-02-24,,0,
Orange,Chapel Hill - Carrboro,78141.0,2.5600000000000005,2022-02-25,,0,
Orange,Chapel Hill - Carrboro,78141.0,2.3000000000000003,2022-02-26,5123.475382979798,0,1764684.48588759
Orange,Chapel Hill - Carrboro,78141.0,0.26,2022-02-27,,0,
Orange,Chapel Hill - Carrboro,78141.0,0.26,2022-02-28,,0,
Orange,Chapel Hill - Carrboro,78141.0,1.4100000000000001,2022-03-01,,0,
Orange,Chapel Hill - Carrboro,78141.0,0.6400000000000001,2022-03-02,12437.342963832769,0,4410334.2440555
Orange,Chapel Hill - Carrboro,78141.0,1.1500000000000001,2022-03-03,,0,
Orange,Chapel Hill - Carrboro,78141.0,1.4100000000000001,2022-03-04,,0,
Orange,Chapel Hill - Carrboro,78141.0,0.9,2022-03-05,0.0,0,263691.732406169
Orange,Chapel Hill - Carrboro,78141.0,0.26,2022-03-06,,0,
Orange,Chapel Hill - Carrboro,78141.0,0.26,2022-03-07,,0,
Orange,Chapel Hill - Carrboro,78141.0,0.6400000000000001,2022-03-08,,0,
Orange,Chapel Hill - Carrboro,78141.0,1.2800000000000002,2022-03-09,5494.315243958978,0,1900398.14950926
Orange,Chapel Hill - Carrboro,78141.0,1.54,2022-03-10,,0,
Orange,Chapel Hill - Carrboro,78141.0,1.2800000000000002,2022-03-11,,0,
Orange,Chapel Hill - Carrboro,78141.0,0.26,2022-03-12,5303.300858899106,0,2057839.9524056
Orange,Chapel Hill - Carrboro,78141.0,0.6400000000000001,2022-03-13,,0,
Orange,Chapel Hill - Carrboro,78141.0,1.2800000000000002,2022-03-14,,0,
Orange,Chapel Hill - Carrboro,78141.0,0.26,2022-03-15,,0,
Orange,Chapel Hill - Carrboro,78141.0,0.26,2022-03-16,0.0,0,420185.413238056
Orange,Chapel Hill - Carrboro,78141.0,1.02,2022-03-17,,0,
Orange,Chapel Hill - Carrboro,78141.0,0.26,2022-03-18,,0,
Orange,Chapel Hill - Carrboro,78141.0,0.6400000000000001,2022-03-19,2622.0221204253767,0,2319369.47675176
Orange,Chapel Hill - Carrboro,78141.0,0.26,2022-03-20,,0,
Orange,Chapel Hill - Carrboro,78141.0,0.77,2022-03-21,,0,
Orange,Chapel Hill - Carrboro,78141.0,1.2800000000000002,2022-03-22,,0,
Orange,Chapel Hill - Carrboro,78141.0,1.2800000000000002,2022-03-23,8440.971508067063,0,3201746.9864753294
Orange,Chapel Hill - Carrboro,78141.0,1.4100000000000001,2022-03-24,,0,
Orange,Chapel Hill - Carrboro,78141.0,1.4100000000000001,2022-03-25,,0,
Orange,Chapel Hill - Carrboro,78141.0,1.1500000000000001,2022-03-26,0.0,0,526284.648307861
Orange,Chapel Hill - Carrboro,78141.0,1.02,2022-03-27,,0,
Orange,Chapel Hill - Carrboro,78141.0,1.2800000000000002,2022-03-28,,0,
Orange,Chapel Hill - Carrboro,78141.0,1.92,2022-03-29,,0,
Orange,Chapel Hill - Carrboro,78141.0,1.6600000000000001,2022-03-30,11905.880899790658,0,4423741.19028907
Orange,Chapel Hill - Carrboro,78141.0,1.92,2022-03-31,,0,
Orange,Chapel Hill - Carrboro,78141.0,1.2800000000000002,2022-04-01,,0,
Orange,Chapel Hill - Carrboro,78141.0,1.4100000000000001,2022-04-02,15763.882770434446,0,6338319.13163873
Orange,Chapel Hill - Carrboro,78141.0,1.6600000000000001,2022-04-03,,0,
Orange,Chapel Hill - Carrboro,78141.0,1.54,2022-04-04,,0,
Orange,Chapel Hill - Carrboro,78141.0,3.4600000000000004,2022-04-05,,0,
Orange,Chapel Hill - Carrboro,78141.0,5.370000000000001,2022-04-06,8968.695557326051,0,3336747.2805512
Orange,Chapel Hill - Carrboro,78141.0,7.040000000000001,2022-04-07,,0,
Orange,Chapel Hill - Carrboro,78141.0,6.91,2022-04-08,,0,
Orange,Chapel Hill - Carrboro,78141.0,9.850000000000001,2022-04-09,38713.6926680987,0,14778271.0784283
Orange,Chapel Hill - Carrboro,78141.0,6.65,2022-04-10,,0,
Orange,Chapel Hill - Carrboro,78141.0,4.99,2022-04-11,,0,
Orange,Chapel Hill - Carrboro,78141.0,9.98,2022-04-12,,0,
Orange,Chapel Hill - Carrboro,78141.0,8.959999999999999,2022-04-13,0.0,0,103053.963231761
Orange,Chapel Hill - Carrboro,78141.0,7.290000000000001,2022-04-14,,0,
Orange,Chapel Hill - Carrboro,78141.0,6.4,2022-04-15,87500.00000000004,0,30900705.4555227
Orange,Chapel Hill - Carrboro,78141.0,5.25,2022-04-16,,0,
Orange,Chapel Hill - Carrboro,78141.0,3.0700000000000003,2022-04-17,,0,
Orange,Chapel Hill - Carrboro,78141.0,1.6600000000000001,2022-04-18,,0,
Orange,Chapel Hill - Carrboro,78141.0,7.040000000000001,2022-04-19,,0,
Orange,Chapel Hill - Carrboro,78141.0,6.91,2022-04-20,30750.000000000015,0,13674788.3825392
Orange,Chapel Hill - Carrboro,78141.0,4.3500000000000005,2022-04-21,,0,
Orange,Chapel Hill - Carrboro,78141.0,4.99,2022-04-22,,0,
Orange,Chapel Hill - Carrboro,78141.0,4.1000000000000005,2022-04-23,68647.65108872992,0,25074359.0557049
Orange,Chapel Hill - Carrboro,78141.0,2.69,2022-04-24,,0,
Orange,Chapel Hill - Carrboro,78141.0,2.3000000000000003,2022-04-25,,0,
Orange,Chapel Hill - Carrboro,78141.0,4.4799999999999995,2022-04-26,,0,
Orange,Chapel Hill - Carrboro,78141.0,4.3500000000000005,2022-04-27,52472.2148674897,0,18708545.4638812
Orange,Chapel Hill - Carrboro,78141.0,4.4799999999999995,2022-04-28,,0,
Orange,Chapel Hill - Carrboro,78141.0,4.1000000000000005,2022-04-29,,0,
Orange,Chapel Hill - Carrboro,78141.0,3.84,2022-04-30,63245.55320336759,0,21017783.9966054
Orange,Chapel Hill - Carrboro,78141.0,2.94,2022-05-01,,0,
Orange,Chapel Hill - Carrboro,78141.0,3.58,2022-05-02,,0,
Orange,Chapel Hill - Carrboro,78141.0,6.53,2022-05-03,,0,
Orange,Chapel Hill - Carrboro,78141.0,6.4,2022-05-04,46266.88880830434,0,16294368.002794
Orange,Chapel Hill - Carrboro,78141.0,4.4799999999999995,2022-05-05,,0,
Orange,Chapel Hill - Carrboro,78141.0,3.58,2022-05-06,,0,
Orange,Chapel Hill - Carrboro,78141.0,3.4600000000000004,2022-05-07,60930.28803476967,0,20573056.6657441
Orange,Chapel Hill - Carrboro,78141.0,2.69,2022-05-08,,0,
Orange,Chapel Hill - Carrboro,78141.0,3.7100000000000004,2022-05-09,,0,
Orange,Chapel Hill - Carrboro,78141.0,7.040000000000001,2022-05-10,,0,
Orange,Chapel Hill - Carrboro,78141.0,6.140000000000001,2022-05-11,47183.15377335436,0,12891364.3548996
Orange,Chapel Hill - Carrboro,78141.0,6.4,2022-05-12,,0,
Orange,Chapel Hill - Carrboro,78141.0,5.760000000000001,2022-05-13,,0,
Orange,Chapel Hill - Carrboro,78141.0,5.25,2022-05-14,60930.28803476967,0,18979161.314309105
Orange,Chapel Hill - Carrboro,78141.0,3.84,2022-05-15,,0,
Orange,Chapel Hill - Carrboro,78141.0,4.4799999999999995,2022-05-16,,0,
Orange,Chapel Hill - Carrboro,78141.0,8.32,2022-05-17,,0,
Orange,Chapel Hill - Carrboro,78141.0,6.78,2022-05-18,36373.06695894644,0,11717484.3037781
Orange,Chapel Hill - Carrboro,78141.0,7.550000000000001,2022-05-19,,0,
Orange,Chapel Hill - Carrboro,78141.0,5.63,2022-05-20,,0,
Orange,Chapel Hill - Carrboro,78141.0,7.040000000000001,2022-05-21,64951.90528383292,0,20168924.3789522
Orange,Chapel Hill - Carrboro,78141.0,2.8200000000000003,2022-05-22,,0,
Orange,Chapel Hill - Carrboro,78141.0,2.8200000000000003,2022-05-23,,0,
Orange,Chapel Hill - Carrboro,78141.0,7.81,2022-05-24,,0,
Orange,Chapel Hill - Carrboro,78141.0,4.86,2022-05-25,26551.83609470353,0,9106691.59722126
Orange,Chapel Hill - Carrboro,78141.0,6.78,2022-05-26,,0,
Orange,Chapel Hill - Carrboro,78141.0,4.3500000000000005,2022-05-27,,0,
Orange,Chapel Hill - Carrboro,78141.0,4.99,2022-05-28,42493.38183764626,0,14821310.4871863
Orange,Chapel Hill - Carrboro,78141.0,5.63,2022-05-29,,0,
Orange,Chapel Hill - Carrboro,78141.0,2.43,2022-05-30,,0,
Orange,Chapel Hill - Carrboro,78141.0,3.33,2022-05-31,,0,
Orange,Chapel Hill - Carrboro,78141.0,10.11,2022-06-01,48539.93201478549,0,14061548.8760015
Orange,Chapel Hill - Carrboro,78141.0,7.68,2022-06-02,,0,
Orange,Chapel Hill - Carrboro,78141.0,4.61,2022-06-03,,0,
Orange,Chapel Hill - Carrboro,78141.0,6.91,2022-06-04,48237.69273089249,0,16497724.2698257
Orange,Chapel Hill - Carrboro,78141.0,5.120000000000001,2022-06-05,,0,
Orange,Chapel Hill - Carrboro,78141.0,3.7100000000000004,2022-06-06,,0,
Orange,Chapel Hill - Carrboro,78141.0,5.760000000000001,2022-06-07,,0,
Orange,Chapel Hill - Carrboro,78141.0,7.420000000000001,2022-06-08,50928.87196865841,0,15617106.7921386
Orange,Chapel Hill - Carrboro,78141.0,6.65,2022-06-09,,0,
Orange,Chapel Hill - Carrboro,78141.0,4.99,2022-06-10,,0,
Orange,Chapel Hill - Carrboro,78141.0,4.61,2022-06-11,44249.29377967515,0,20642649.753223
Orange,Chapel Hill - Carrboro,78141.0,2.43,2022-06-12,,0,
Orange,Chapel Hill - Carrboro,78141.0,2.43,2022-06-13,,0,
Orange,Chapel Hill - Carrboro,78141.0,4.220000000000001,2022-06-14,,0,
Orange,Chapel Hill - Carrboro,78141.0,5.370000000000001,2022-06-15,43429.540637681195,0,20281267.0092784
Orange,Chapel Hill - Carrboro,78141.0,2.94,2022-06-16,,0,
Orange,Chapel Hill - Carrboro,78141.0,3.7100000000000004,2022-06-17,,0,
Orange,Chapel Hill - Carrboro,78141.0,2.3000000000000003,2022-06-18,23310.405401880125,0,8096583.428946989
Orange,Chapel Hill - Carrboro,78141.0,2.18,2022-06-19,,0,
Orange,Chapel Hill - Carrboro,78141.0,2.3000000000000003,2022-06-20,,0,
Orange,Chapel Hill - Carrboro,78141.0,1.79,2022-06-21,,0,
Orange,Chapel Hill - Carrboro,78141.0,3.4600000000000004,2022-06-22,34119.27607672828,0,9751796.56261115
Orange,Chapel Hill - Carrboro,78141.0,5.25,2022-06-23,,0,
Orange,Chapel Hill - Carrboro,78141.0,4.61,2022-06-24,,0,
Orange,Chapel Hill - Carrboro,78141.0,2.8200000000000003,2022-06-25,32284.86487504632,0,10134604.1922555
Orange,Chapel Hill - Carrboro,78141.0,2.3000000000000003,2022-06-26,,0,
Orange,Chapel Hill - Carrboro,78141.0,1.92,2022-06-27,,0,
Orange,Chapel Hill - Carrboro,78141.0,5.120000000000001,2022-06-28,,0,
Orange,Chapel Hill - Carrboro,78141.0,5.370000000000001,2022-06-29,32703.210851535703,0,11137264.4646542
Orange,Chapel Hill - Carrboro,78141.0,2.94,2022-06-30,,0,
Orange,Chapel Hill - Carrboro,78141.0,4.220000000000001,2022-07-01,,0,
Orange,Chapel Hill - Carrboro,78141.0,2.69,2022-07-02,29245.726183495604,0,9449766.04522182
Orange,Chapel Hill - Carrboro,78141.0,2.5600000000000005,2022-07-03,,0,
Orange,Chapel Hill - Carrboro,78141.0,3.0700000000000003,2022-07-04,,0,
Orange,Chapel Hill - Carrboro,78141.0,2.0500000000000003,2022-07-05,,0,
Orange,Chapel Hill - Carrboro,78141.0,5.63,2022-07-06,67500.00000000007,0,18965512.3430722
Orange,Chapel Hill - Carrboro,78141.0,3.33,2022-07-07,,0,
Orange,Chapel Hill - Carrboro,78141.0,4.1000000000000005,2022-07-08,,0,
Orange,Chapel Hill - Carrboro,78141.0,2.94,2022-07-09,44395.945760846276,0,14667648.7020487
Orange,Chapel Hill - Carrboro,78141.0,3.0700000000000003,2022-07-10,,0,
Orange,Chapel Hill - Carrboro,78141.0,1.54,2022-07-11,,0,
Orange,Chapel Hill - Carrboro,78141.0,3.7100000000000004,2022-07-12,,0,
Orange,Chapel Hill - Carrboro,78141.0,3.0700000000000003,2022-07-13,30532.769281544053,0,10324152.9923053
Orange,Chapel Hill - Carrboro,78141.0,3.0700000000000003,2022-07-14,,0,
Orange,Chapel Hill - Carrboro,78141.0,4.4799999999999995,2022-07-15,,0,
Orange,Chapel Hill - Carrboro,78141.0,2.94,2022-07-16,14870.272357963066,0,4754399.49953674
Orange,Chapel Hill - Carrboro,78141.0,2.69,2022-07-17,,0,
Orange,Chapel Hill - Carrboro,78141.0,2.0500000000000003,2022-07-18,,0,
Orange,Chapel Hill - Carrboro,78141.0,4.1000000000000005,2022-07-19,,0,
Orange,Chapel Hill - Carrboro,78141.0,5.63,2022-07-20,45072.85768619517,0,14410924.4852655
Orange,Chapel Hill - Carrboro,78141.0,3.84,2022-07-21,,0,
Orange,Chapel Hill - Carrboro,78141.0,3.4600000000000004,2022-07-22,,0,
Orange,Chapel Hill - Carrboro,78141.0,2.5600000000000005,2022-07-23,34134.84290281708,0,11724030.9614601
Orange,Chapel Hill - Carrboro,78141.0,3.7100000000000004,2022-07-24,,0,
Orange,Chapel Hill - Carrboro,78141.0,1.6600000000000001,2022-07-25,,0,
Orange,Chapel Hill - Carrboro,78141.0,3.9700000000000006,2022-07-26,63087.24118235006,0,20842927.780586
Orange,Chapel Hill - Carrboro,78141.0,3.0700000000000003,2022-07-27,,0,
Orange,Chapel Hill - Carrboro,78141.0,2.94,2022-07-28,,0,
Orange,Chapel Hill - Carrboro,78141.0,3.4600000000000004,2022-07-29,,0,
Orange,Chapel Hill - Carrboro,78141.0,2.18,2022-07-30,102011.02881551589,0,40621107.3379051
Orange,Chapel Hill - Carrboro,78141.0,2.5600000000000005,2022-07-31,,0,
Orange,Chapel Hill - Carrboro,78141.0,2.43,2022-08-01,,0,
Orange,Chapel Hill - Carrboro,78141.0,3.84,2022-08-02,,0,
Orange,Chapel Hill - Carrboro,78141.0,2.0500000000000003,2022-08-03,50156.00661934723,0,19291956.1665144
Orange,Chapel Hill - Carrboro,78141.0,3.58,2022-08-04,,0,
Orange,Chapel Hill - Carrboro,78141.0,4.74,2022-08-05,,0,
Orange,Chapel Hill - Carrboro,78141.0,2.94,2022-08-06,65550.55301063447,0,23784333.763514105
Orange,Chapel Hill - Carrboro,78141.0,1.54,2022-08-07,,0,
Orange,Chapel Hill - Carrboro,78141.0,2.18,2022-08-08,,0,
Orange,Chapel Hill - Carrboro,78141.0,3.84,2022-08-09,,0,
Orange,Chapel Hill - Carrboro,78141.0,2.94,2022-08-10,40148.649572557275,0,13692300.2593694
Orange,Chapel Hill - Carrboro,78141.0,3.84,2022-08-11,,0,
Orange,Chapel Hill - Carrboro,78141.0,2.18,2022-08-12,,0,
Orange,Chapel Hill - Carrboro,78141.0,2.43,2022-08-13,83179.02379807076,0,28286795.0797945
Orange,Chapel Hill - Carrboro,78141.0,1.2800000000000002,2022-08-14,,0,
Orange,Chapel Hill - Carrboro,78141.0,1.92,2022-08-15,,0,
Orange,Chapel Hill - Carrboro,78141.0,3.58,2022-08-16,,0,
Orange,Chapel Hill - Carrboro,78141.0,3.58,2022-08-17,31880.636756501593,0,11521224.1888424
Orange,Chapel Hill - Carrboro,78141.0,4.220000000000001,2022-08-18,,0,
Orange,Chapel Hill - Carrboro,78141.0,4.3500000000000005,2022-08-19,,0,
Orange,Chapel Hill - Carrboro,78141.0,3.84,2022-08-20,57008.771254956984,0,19331810.6878539
Orange,Chapel Hill - Carrboro,78141.0,1.1500000000000001,2022-08-21,,0,
Orange,Chapel Hill - Carrboro,78141.0,1.1500000000000001,2022-08-22,,0,
Orange,Chapel Hill - Carrboro,78141.0,5.63,2022-08-23,,0,
Orange,Chapel Hill - Carrboro,78141.0,3.84,2022-08-24,62249.49798994368,0,23581716.8014826
Orange,Chapel Hill - Carrboro,78141.0,4.4799999999999995,2022-08-25,,0,
Orange,Chapel Hill - Carrboro,78141.0,3.33,2022-08-26,,0,
Orange,Chapel Hill - Carrboro,78141.0,3.2,2022-08-27,86168.43969807046,0,30973119.442001306
Orange,Chapel Hill - Carrboro,78141.0,1.6600000000000001,2022-08-28,,0,
Orange,Chapel Hill - Carrboro,78141.0,1.92,2022-08-29,,0,
Orange,Chapel Hill - Carrboro,78141.0,4.61,2022-08-30,,0,
Orange,Chapel Hill - Carrboro,78141.0,4.1000000000000005,2022-08-31,102011.02881551589,0,38199654.4673974
Orange,Chapel Hill - Carrboro,78141.0,2.69,2022-09-01,,0,
Orange,Chapel Hill - Carrboro,78141.0,3.33,2022-09-02,,0,
Orange,Chapel Hill - Carrboro,78141.0,2.69,2022-09-03,39586.92966118996,0,13922629.0845592
Orange,Chapel Hill - Carrboro,78141.0,0.6400000000000001,2022-09-04,,0,
Orange,Chapel Hill - Carrboro,78141.0,1.02,2022-09-05,,0,
Orange,Chapel Hill - Carrboro,78141.0,1.1500000000000001,2022-09-06,,0,
Orange,Chapel Hill - Carrboro,78141.0,2.94,2022-09-07,15588.457268119919,0,5157706.83962225
Orange,Chapel Hill - Carrboro,78141.0,2.3000000000000003,2022-09-08,,0,
Orange,Chapel Hill - Carrboro,78141.0,3.0700000000000003,2022-09-09,,0,
Orange,Chapel Hill - Carrboro,78141.0,2.3000000000000003,2022-09-10,16042.91120713446,0,5898719.82536267
Orange,Chapel Hill - Carrboro,78141.0,0.9,2022-09-11,,0,
Orange,Chapel Hill - Carrboro,78141.0,1.54,2022-09-12,,0,
Orange,Chapel Hill - Carrboro,78141.0,2.43,2022-09-13,,0,
Orange,Chapel Hill - Carrboro,78141.0,2.3000000000000003,2022-09-14,37749.17217635378,0,13952909.6863247
Orange,Chapel Hill - Carrboro,78141.0,2.18,2022-09-15,,0,
Orange,Chapel Hill - Carrboro,78141.0,1.6600000000000001,2022-09-16,,0,
Orange,Chapel Hill - Carrboro,78141.0,1.6600000000000001,2022-09-17,35937.44565213289,0,12256110.7699152
Orange,Chapel Hill - Carrboro,78141.0,1.02,2022-09-18,,0,
Orange,Chapel Hill - Carrboro,78141.0,1.1500000000000001,2022-09-19,,0,
Orange,Chapel Hill - Carrboro,78141.0,2.3000000000000003,2022-09-20,,0,
Orange,Chapel Hill - Carrboro,78141.0,2.5600000000000005,2022-09-21,32113.08144666284,0,11029632.162669
Orange,Chapel Hill - Carrboro,78141.0,1.92,2022-09-22,,0,
Orange,Chapel Hill - Carrboro,78141.0,1.1500000000000001,2022-09-23,,0,
Orange,Chapel Hill - Carrboro,78141.0,1.6600000000000001,2022-09-24,12757.350822173068,0,4350768.45251363
Orange,Chapel Hill - Carrboro,78141.0,1.2800000000000002,2022-09-25,,0,
Orange,Chapel Hill - Carrboro,78141.0,1.4100000000000001,2022-09-26,,0,
Orange,Chapel Hill - Carrboro,78141.0,2.18,2022-09-27,,0,
Orange,Chapel Hill - Carrboro,78141.0,1.4100000000000001,2022-09-28,29625.791128677072,0,9730439.65174481
Orange,Chapel Hill - Carrboro,78141.0,1.4100000000000001,2022-09-29,,0,
Orange,Chapel Hill - Carrboro,78141.0,1.54,2022-09-30,,0,
Orange,Chapel Hill - Carrboro,78141.0,1.02,2022-10-01,33460.79795820781,0,10827933.2318229
Orange,Chapel Hill - Carrboro,78141.0,0.6400000000000001,2022-10-02,,0,
Orange,Chapel Hill - Carrboro,78141.0,0.26,2022-10-03,,0,
Orange,Chapel Hill - Carrboro,78141.0,1.54,2022-10-04,,0,
Orange,Chapel Hill - Carrboro,78141.0,0.9,2022-10-05,9874.208829065763,0,3415335.18799394
Orange,Chapel Hill - Carrboro,78141.0,1.4100000000000001,2022-10-06,,0,
Orange,Chapel Hill - Carrboro,78141.0,0.9,2022-10-07,,0,
Orange,Chapel Hill - Carrboro,78141.0,1.02,2022-10-08,24301.886341971534,0,8158419.506701621
Orange,Chapel Hill - Carrboro,78141.0,0.26,2022-10-09,,0,
Orange,Chapel Hill - Carrboro,78141.0,0.26,2022-10-10,,0,
Orange,Chapel Hill - Carrboro,78141.0,1.54,2022-10-11,,0,
Orange,Chapel Hill - Carrboro,78141.0,1.02,2022-10-12,2946.828189689516,0,973580.806330733
Orange,Chapel Hill - Carrboro,78141.0,1.02,2022-10-13,,0,
Orange,Chapel Hill - Carrboro,78141.0,2.43,2022-10-14,,0,
Orange,Chapel Hill - Carrboro,78141.0,1.02,2022-10-15,21260.291625469312,0,7487493.205506781
Orange,Chapel Hill - Carrboro,78141.0,0.9,2022-10-16,,0,
Orange,Chapel Hill - Carrboro,78141.0,0.26,2022-10-17,,0,
Orange,Chapel Hill - Carrboro,78141.0,1.02,2022-10-18,,0,
Orange,Chapel Hill - Carrboro,78141.0,1.4100000000000001,2022-10-19,3889.0872965260096,0,1490242.6488457
Orange,Chapel Hill - Carrboro,78141.0,0.6400000000000001,2022-10-20,,0,
Orange,Chapel Hill - Carrboro,78141.0,0.77,2022-10-21,,0,
Orange,Chapel Hill - Carrboro,78141.0,0.26,2022-10-22,22583.179581272416,0,6749989.00038999
Orange,Chapel Hill - Carrboro,78141.0,0.26,2022-10-23,,0,
Orange,Chapel Hill - Carrboro,78141.0,0.77,2022-10-24,,0,
Orange,Chapel Hill - Carrboro,78141.0,1.02,2022-10-25,,0,
Orange,Chapel Hill - Carrboro,78141.0,1.02,2022-10-26,19480.759738778175,0,6322859.12685587
Orange,Chapel Hill - Carrboro,78141.0,1.2800000000000002,2022-10-27,,0,
Orange,Chapel Hill - Carrboro,78141.0,1.2800000000000002,2022-10-28,,0,
Orange,Chapel Hill - Carrboro,78141.0,0.26,2022-10-29,23494.680248941502,0,7568747.154315659
Orange,Chapel Hill - Carrboro,78141.0,0.26,2022-10-30,,0,
Orange,Chapel Hill - Carrboro,78141.0,0.9,2022-10-31,,0,
Orange,Chapel Hill - Carrboro,78141.0,1.2800000000000002,2022-11-01,,0,
Orange,Chapel Hill - Carrboro,78141.0,0.6400000000000001,2022-11-02,31881.616960248426,0,10641243.3405859
Orange,Chapel Hill - Carrboro,78141.0,1.4100000000000001,2022-11-03,,0,
Orange,Chapel Hill - Carrboro,78141.0,0.9,2022-11-04,,0,
Orange,Chapel Hill - Carrboro,78141.0,1.1500000000000001,2022-11-05,23498.670175139712,0,7957071.753701739
Orange,Chapel Hill - Carrboro,78141.0,0.77,2022-11-06,,0,
Orange,Chapel Hill - Carrboro,78141.0,0.9,2022-11-07,,0,
Orange,Chapel Hill - Carrboro,78141.0,0.77,2022-11-08,,0,
Orange,Chapel Hill - Carrboro,78141.0,0.6400000000000001,2022-11-09,12374.368670764587,0,3980374.57294268
Orange,Chapel Hill - Carrboro,78141.0,0.77,2022-11-10,,0,
Orange,Chapel Hill - Carrboro,78141.0,0.26,2022-11-11,,0,
Orange,Chapel Hill - Carrboro,78141.0,0.26,2022-11-12,18624.58053218917,0,5909634.38924375
Orange,Chapel Hill - Carrboro,78141.0,0.26,2022-11-13,,0,
Orange,Chapel Hill - Carrboro,78141.0,,2022-11-14,,0,
Orange,Chapel Hill - Carrboro,78141.0,0.26,2022-11-15,,0,
Orange,Chapel Hill - Carrboro,78141.0,0.6400000000000001,2022-11-16,6422.616289332563,0,2065916.99746466
Orange,Chapel Hill - Carrboro,78141.0,0.26,2022-11-17,,0,
Orange,Chapel Hill - Carrboro,78141.0,0.6400000000000001,2022-11-18,,0,
Orange,Chapel Hill - Carrboro,78141.0,0.6400000000000001,2022-11-19,6581.223290544091,0,2161569.14713778
Orange,Chapel Hill - Carrboro,78141.0,0.26,2022-11-20,,0,
Orange,Chapel Hill - Carrboro,78141.0,0.26,2022-11-21,,0,
Orange,Chapel Hill - Carrboro,78141.0,0.9,2022-11-22,,0,
Orange,Chapel Hill - Carrboro,78141.0,0.9,2022-11-23,27102.813507088154,0,9413829.87280143
Orange,Chapel Hill - Carrboro,78141.0,1.4100000000000001,2022-11-24,,0,
Orange,Chapel Hill - Carrboro,78141.0,,2022-11-25,,0,
Orange,Chapel Hill - Carrboro,78141.0,0.26,2022-11-26,,0,
Orange,Chapel Hill - Carrboro,78141.0,1.4100000000000001,2022-11-27,,0,
Orange,Chapel Hill - Carrboro,78141.0,0.26,2022-11-28,,0,
Orange,Chapel Hill - Carrboro,78141.0,3.2,2022-11-29,,0,
Orange,Chapel Hill - Carrboro,78141.0,2.5600000000000005,2022-11-30,32083.874454311164,0,12729270.7229632
Orange,Chapel Hill - Carrboro,78141.0,2.0500000000000003,2022-12-01,,0,
Orange,Chapel Hill - Carrboro,78141.0,2.69,2022-12-02,,0,
Orange,Chapel Hill - Carrboro,78141.0,1.1500000000000001,2022-12-03,52500.00000000004,0,20066384.0365493
Orange,Chapel Hill - Carrboro,78141.0,0.9,2022-12-04,,0,
Orange,Chapel Hill - Carrboro,78141.0,1.1500000000000001,2022-12-05,,0,
Orange,Chapel Hill - Carrboro,78141.0,1.2800000000000002,2022-12-06,,0,
Orange,Chapel Hill - Carrboro,78141.0,2.69,2022-12-07,23574.350468252567,0,8188261.510631969
Orange,Chapel Hill - Carrboro,78141.0,2.18,2022-12-08,,0,
Orange,Chapel Hill - Carrboro,78141.0,2.5600000000000005,2022-12-09,,0,
Orange,Chapel Hill - Carrboro,78141.0,2.18,2022-12-10,18881.20758849922,0,6850849.03967485
Orange,Chapel Hill - Carrboro,78141.0,1.4100000000000001,2022-12-11,,0,
Orange,Chapel Hill - Carrboro,78141.0,1.4100000000000001,2022-12-12,,0,
Orange,Chapel Hill - Carrboro,78141.0,2.0500000000000003,2022-12-13,,0,
Orange,Chapel Hill - Carrboro,78141.0,2.43,2022-12-14,57445.626465380345,0,18784236.858356494
Orange,Chapel Hill - Carrboro,78141.0,1.79,2022-12-15,,0,
Orange,Chapel Hill - Carrboro,78141.0,1.92,2022-12-16,,0,
Orange,Chapel Hill - Carrboro,78141.0,1.02,2022-12-17,102469.50765959604,0,61701907.6218926
Orange,Chapel Hill - Carrboro,78141.0,1.02,2022-12-18,,0,
Orange,Chapel Hill - Carrboro,78141.0,1.54,2022-12-19,,0,
Orange,Chapel Hill - Carrboro,78141.0,2.0500000000000003,2022-12-20,,0,
Orange,Chapel Hill - Carrboro,78141.0,2.18,2022-12-21,33720.357352792074,0,10715904.1622782
Orange,Chapel Hill - Carrboro,78141.0,1.02,2022-12-22,,0,
Orange,Chapel Hill - Carrboro,78141.0,2.43,2022-12-23,,0,
Orange,Chapel Hill - Carrboro,78141.0,1.79,2022-12-24,,0,
Orange,Chapel Hill - Carrboro,78141.0,0.6400000000000001,2022-12-25,,0,
Orange,Chapel Hill - Carrboro,78141.0,1.02,2022-12-26,,0,
Orange,Chapel Hill - Carrboro,78141.0,2.3000000000000003,2022-12-27,,0,
Orange,Chapel Hill - Carrboro,78141.0,1.54,2022-12-28,,0,
Orange,Chapel Hill - Carrboro,78141.0,2.43,2022-12-29,,0,
Orange,Chapel Hill - Carrboro,78141.0,3.2,2022-12-30,,0,
Orange,Chapel Hill - Carrboro,78141.0,2.0500000000000003,2022-12-31,165981.92672697853,0,49932718.9252071
Orange,Chapel Hill - Carrboro,78141.0,0.9,2023-01-01,,0,
Orange,Chapel Hill - Carrboro,78141.0,1.54,2023-01-02,,0,
Orange,Chapel Hill - Carrboro,78141.0,2.94,2023-01-03,,0,
Orange,Chapel Hill - Carrboro,78141.0,2.8200000000000003,2023-01-04,118717.10070583769,0,40429783.8839214
Orange,Chapel Hill - Carrboro,78141.0,4.61,2023-01-05,,0,
Orange,Chapel Hill - Carrboro,78141.0,3.2,2023-01-06,,0,
Orange,Chapel Hill - Carrboro,78141.0,1.79,2023-01-07,37249.16106437841,0,13912452.256815
Orange,Chapel Hill - Carrboro,78141.0,1.02,2023-01-08,,0,
Orange,Chapel Hill - Carrboro,78141.0,1.6600000000000001,2023-01-09,,0,
Orange,Chapel Hill - Carrboro,78141.0,2.8200000000000003,2023-01-10,,0,
Orange,Chapel Hill - Carrboro,78141.0,2.5600000000000005,2023-01-11,65954.52979136456,0,24857476.5567622
Orange,Chapel Hill - Carrboro,78141.0,1.6600000000000001,2023-01-12,,0,
Orange,Chapel Hill - Carrboro,78141.0,1.6600000000000001,2023-01-13,,0,
Orange,Chapel Hill - Carrboro,78141.0,1.54,2023-01-14,44502.8089001133,0,16513875.4985007
Orange,Chapel Hill - Carrboro,78141.0,0.6400000000000001,2023-01-15,,0,
Orange,Chapel Hill - Carrboro,78141.0,1.1500000000000001,2023-01-16,,0,
Orange,Chapel Hill - Carrboro,78141.0,1.02,2023-01-17,,0,
Orange,Chapel Hill - Carrboro,78141.0,2.5600000000000005,2023-01-18,29268.15675781446,0,10435325.4904593
Orange,Chapel Hill - Carrboro,78141.0,2.3000000000000003,2023-01-19,,0,
Orange,Chapel Hill - Carrboro,78141.0,2.3000000000000003,2023-01-20,,0,
Orange,Chapel Hill - Carrboro,78141.0,2.43,2023-01-21,104880.88481701523,0,37648472.7770658
Orange,Chapel Hill - Carrboro,78141.0,1.02,2023-01-22,,0,
Orange,Chapel Hill - Carrboro,78141.0,1.4100000000000001,2023-01-23,,0,
Orange,Chapel Hill - Carrboro,78141.0,2.0500000000000003,2023-01-24,,0,
Orange,Chapel Hill - Carrboro,78141.0,2.3000000000000003,2023-01-25,60000.000000000044,0,26362788.8048528
Orange,Chapel Hill - Carrboro,78141.0,2.18,2023-01-26,,0,
Orange,Chapel Hill - Carrboro,78141.0,2.3000000000000003,2023-01-27,,0,
Orange,Chapel Hill - Carrboro,78141.0,1.6600000000000001,2023-01-28,53326.82251925384,0,27770710.064078
Orange,Chapel Hill - Carrboro,78141.0,0.9,2023-01-29,,0,
Orange,Chapel Hill - Carrboro,78141.0,0.6400000000000001,2023-01-30,,0,
Orange,Chapel Hill - Carrboro,78141.0,1.6600000000000001,2023-01-31,,0,
Orange,Chapel Hill - Carrboro,78141.0,1.6600000000000001,2023-02-01,72111.02550927973,0,29238826.8106227
Orange,Chapel Hill - Carrboro,78141.0,1.02,2023-02-02,,0,
Orange,Chapel Hill - Carrboro,78141.0,2.0500000000000003,2023-02-03,,0,
Orange,Chapel Hill - Carrboro,78141.0,1.02,2023-02-04,36769.5526217005,0,16604670.3269064
Orange,Chapel Hill - Carrboro,78141.0,0.26,2023-02-05,,0,
Orange,Chapel Hill - Carrboro,78141.0,1.79,2023-02-06,,0,
Orange,Chapel Hill - Carrboro,78141.0,1.79,2023-02-07,,0,
Orange,Chapel Hill - Carrboro,78141.0,1.4100000000000001,2023-02-08,37778.9623997272,0,14891798.6266892
Orange,Chapel Hill - Carrboro,78141.0,1.1500000000000001,2023-02-09,,0,
Orange,Chapel Hill - Carrboro,78141.0,1.54,2023-02-10,,0,
Orange,Chapel Hill - Carrboro,78141.0,1.4100000000000001,2023-02-11,67360.96792653734,0,25501757.661598
Orange,Chapel Hill - Carrboro,78141.0,0.26,2023-02-12,,0,
Orange,Chapel Hill - Carrboro,78141.0,0.6400000000000001,2023-02-13,,0,
Orange,Chapel Hill - Carrboro,78141.0,1.92,2023-02-14,,0,
Orange,Chapel Hill - Carrboro,78141.0,1.2800000000000002,2023-02-15,45866.65455426196,0,26552033.2231345
Orange,Chapel Hill - Carrboro,78141.0,0.77,2023-02-16,,0,
Orange,Chapel Hill - Carrboro,78141.0,1.4100000000000001,2023-02-17,,0,
Orange,Chapel Hill - Carrboro,78141.0,1.6600000000000001,2023-02-18,66642.70402677245,0,26101498.8852012
Orange,Chapel Hill - Carrboro,78141.0,0.26,2023-02-19,,0,
Orange,Chapel Hill - Carrboro,78141.0,0.6400000000000001,2023-02-20,,0,
Orange,Chapel Hill - Carrboro,78141.0,1.4100000000000001,2023-02-21,,0,
Orange,Chapel Hill - Carrboro,78141.0,1.4100000000000001,2023-02-22,56920.9978830308,0,21055775.3262787
Orange,Chapel Hill - Carrboro,78141.0,1.02,2023-02-23,,0,
Orange,Chapel Hill - Carrboro,78141.0,0.9,2023-02-24,,0,
Orange,Chapel Hill - Carrboro,78141.0,0.26,2023-02-25,31124.74899497184,0,11534535.3920295
Orange,Chapel Hill - Carrboro,78141.0,0.26,2023-02-26,,0,
Orange,Chapel Hill - Carrboro,78141.0,0.26,2023-02-27,,0,
Orange,Chapel Hill - Carrboro,78141.0,1.4100000000000001,2023-02-28,,0,
Orange,Chapel Hill - Carrboro,78141.0,1.4100000000000001,2023-03-01,24849.547279578386,0,8908057.54231014
Orange,Chapel Hill - Carrboro,78141.0,0.26,2023-03-02,,0,
Orange,Chapel Hill - Carrboro,78141.0,0.9,2023-03-03,,0,
Orange,Chapel Hill - Carrboro,78141.0,0.26,2023-03-04,12209.115447074784,0,5541873.44924116
Orange,Chapel Hill - Carrboro,78141.0,0.26,2023-03-05,,0,
Orange,Chapel Hill - Carrboro,78141.0,0.6400000000000001,2023-03-06,,0,
Orange,Chapel Hill - Carrboro,78141.0,1.2800000000000002,2023-03-07,,0,
Orange,Chapel Hill - Carrboro,78141.0,1.6600000000000001,2023-03-08,35999.99999999997,0,13480773.3712136
Orange,Chapel Hill - Carrboro,78141.0,1.02,2023-03-09,,0,
Orange,Chapel Hill - Carrboro,78141.0,0.26,2023-03-10,,0,
Orange,Chapel Hill - Carrboro,78141.0,0.77,2023-03-11,22649.503305812275,0,8185219.36513624
Orange,Chapel Hill - Carrboro,78141.0,0.6400000000000001,2023-03-12,,0,
Orange,Chapel Hill - Carrboro,78141.0,0.26,2023-03-13,,0,
Orange,Chapel Hill - Carrboro,78141.0,0.77,2023-03-14,,0,
Orange,Chapel Hill - Carrboro,78141.0,0.6400000000000001,2023-03-15,9103.570728016572,0,3259034.98194332
Orange,Chapel Hill - Carrboro,78141.0,0.9,2023-03-16,,0,
Orange,Chapel Hill - Carrboro,78141.0,0.26,2023-03-17,,0,
Orange,Chapel Hill - Carrboro,78141.0,0.26,2023-03-18,10680.789824493328,0,3414916.72605679
Orange,Chapel Hill - Carrboro,78141.0,0.26,2023-03-19,,0,
Orange,Chapel Hill - Carrboro,78141.0,0.6400000000000001,2023-03-20,,0,
Orange,Chapel Hill - Carrboro,78141.0,0.26,2023-03-21,,0,
Orange,Chapel Hill - Carrboro,78141.0,0.6400000000000001,2023-03-22,12266.732139204803,0,4468682.87524973
Orange,Chapel Hill - Carrboro,78141.0,1.02,2023-03-23,,0,
Orange,Chapel Hill - Carrboro,78141.0,0.9,2023-03-24,,0,
Orange,Chapel Hill - Carrboro,78141.0,0.77,2023-03-25,51566.01194546653,0,18360465.8872425
Orange,Chapel Hill - Carrboro,78141.0,0.26,2023-03-26,,0,
Orange,Chapel Hill - Carrboro,78141.0,0.26,2023-03-27,,0,
Orange,Chapel Hill - Carrboro,78141.0,0.26,2023-03-28,,0,
Orange,Chapel Hill - Carrboro,78141.0,0.26,2023-03-29,35168.86218091225,0,15316192.7283709
Orange,Chapel Hill - Carrboro,78141.0,1.02,2023-03-30,,0,
Orange,Chapel Hill - Carrboro,78141.0,0.26,2023-03-31,,0,
Orange,Chapel Hill - Carrboro,78141.0,0.9,2023-04-01,,0,
Orange,Chapel Hill - Carrboro,78141.0,0.26,2023-04-02,,0,
Orange,Chapel Hill - Carrboro,78141.0,0.26,2023-04-03,,0,
Orange,Chapel Hill - Carrboro,78141.0,0.26,2023-04-04,,0,
Orange,Chapel Hill - Carrboro,78141.0,0.26,2023-04-05,,0,
Orange,Chapel Hill - Carrboro,78141.0,0.26,2023-04-06,,0,
Orange,Chapel Hill - Carrboro,78141.0,0.26,2023-04-07,23685.953986487453,0,8640098.04020917
Orange,Chapel Hill - Carrboro,78141.0,0.9,2023-04-08,,0,
Orange,Chapel Hill - Carrboro,78141.0,,2023-04-09,,0,
Orange,Chapel Hill - Carrboro,78141.0,0.26,2023-04-10,,0,
Orange,Chapel Hill - Carrboro,78141.0,1.1500000000000001,2023-04-11,,0,
Orange,Chapel Hill - Carrboro,78141.0,1.02,2023-04-12,26777.776657706272,0,14969701.3740717
Orange,Chapel Hill - Carrboro,78141.0,0.26,2023-04-13,,0,
Orange,Chapel Hill - Carrboro,78141.0,0.26,2023-04-14,,0,
Orange,Chapel Hill - Carrboro,78141.0,0.26,2023-04-15,8281.161919335354,0,3506190.60773999
Orange,Chapel Hill - Carrboro,78141.0,0.26,2023-04-16,,0,
Orange,Chapel Hill - Carrboro,78141.0,0.26,2023-04-17,,0,
Orange,Chapel Hill - Carrboro,78141.0,0.26,2023-04-18,,0,
Orange,Chapel Hill - Carrboro,78141.0,,2023-04-19,3991.6680714333,0,1709383.46332419
Orange,Chapel Hill - Carrboro,78141.0,0.77,2023-04-20,,0,
Orange,Chapel Hill - Carrboro,78141.0,,2023-04-21,,0,
Orange,Chapel Hill - Carrboro,78141.0,0.26,2023-04-22,0.0,0,360698.572730324
Orange,Chapel Hill - Carrboro,78141.0,,2023-04-23,,0,
Orange,Chapel Hill - Carrboro,78141.0,,2023-04-24,,0,
Orange,Chapel Hill - Carrboro,78141.0,,2023-04-25,,0,
Orange,Chapel Hill - Carrboro,78141.0,0.26,2023-04-26,6263.247353490041,0,2290758.6134788906
Orange,Chapel Hill - Carrboro,78141.0,0.6400000000000001,2023-04-27,,0,
Orange,Chapel Hill - Carrboro,78141.0,0.26,2023-04-28,,0,
Orange,Chapel Hill - Carrboro,78141.0,0.26,2023-04-29,15276.588128161982,0,5705760.79855206
Orange,Chapel Hill - Carrboro,78141.0,0.9,2023-04-30,,0,
Orange,Chapel Hill - Carrboro,78141.0,0.26,2023-05-01,,0,
Orange,Chapel Hill - Carrboro,78141.0,1.02,2023-05-02,,0,
Orange,Chapel Hill - Carrboro,78141.0,0.26,2023-05-03,6246.243681845917,0,3555409.28949974
Orange,Chapel Hill - Carrboro,78141.0,0.6400000000000001,2023-05-04,,0,
Orange,Chapel Hill - Carrboro,78141.0,0.6400000000000001,2023-05-05,,0,
Orange,Chapel Hill - Carrboro,78141.0,0.77,2023-05-06,7558.116255721397,0,2951082.98833809
Orange,Chapel Hill - Carrboro,78141.0,0.6400000000000001,2023-05-07,,0,
Orange,Chapel Hill - Carrboro,78141.0,0.26,2023-05-08,,0,
Orange,Chapel Hill - Carrboro,78141.0,0.26,2023-05-09,,0,
Orange,Chapel Hill - Carrboro,78141.0,0.26,2023-05-10,5470.804611755026,0,2024777.82545473
Orange,Chapel Hill - Carrboro,78141.0,0.26,2023-05-11,,0,
Orange,Chapel Hill - Carrboro,78141.0,0.26,2023-05-12,,0,
Orange,Chapel Hill - Carrboro,78141.0,0.6400000000000001,2023-05-13,17879.24950368444,0,6132186.51392264
Orange,Chapel Hill - Carrboro,78141.0,,2023-05-14,,0,
Orange,Chapel Hill - Carrboro,78141.0,0.26,2023-05-15,,0,
Orange,Chapel Hill - Carrboro,78141.0,0.26,2023-05-16,,0,
Orange,Chapel Hill - Carrboro,78141.0,0.26,2023-05-17,11958.118266474889,0,4002890.4508729894
Orange,Chapel Hill - Carrboro,78141.0,0.26,2023-05-18,,0,
Orange,Chapel Hill - Carrboro,78141.0,0.26,2023-05-19,,0,
Orange,Chapel Hill - Carrboro,78141.0,,2023-05-20,5843.692941710749,0,1910838.4588817
Orange,Chapel Hill - Carrboro,78141.0,,2023-05-21,,0,
Orange,Chapel Hill - Carrboro,78141.0,0.26,2023-05-22,,0,
Orange,Chapel Hill - Carrboro,78141.0,,2023-05-23,,0,
Orange,Chapel Hill - Carrboro,78141.0,0.26,2023-05-24,8148.545264064012,0,2597399.71764155
Orange,Chapel Hill - Carrboro,78141.0,,2023-05-25,,0,
Orange,Chapel Hill - Carrboro,78141.0,,2023-05-26,,0,
Orange,Chapel Hill - Carrboro,78141.0,,2023-05-27,13291.574687090339,0,4120872.93036018
Orange,Chapel Hill - Carrboro,78141.0,,2023-05-28,,0,
Orange,Chapel Hill - Carrboro,78141.0,,2023-05-29,,0,
Orange,Chapel Hill - Carrboro,78141.0,,2023-05-30,,0,
Orange,Chapel Hill - Carrboro,78141.0,,2023-05-31,6713.054788190691,0,2360965.41561121
Orange,Chapel Hill - Carrboro,78141.0,,2023-06-01,,0,
Orange,Chapel Hill - Carrboro,78141.0,,2023-06-02,,0,
Orange,Chapel Hill - Carrboro,78141.0,,2023-06-03,4270.611826190715,0,1402660.62331588
Orange,Chapel Hill - Carrboro,78141.0,,2023-06-04,,0,
Orange,Chapel Hill - Carrboro,78141.0,,2023-06-05,,0,
Orange,Chapel Hill - Carrboro,78141.0,,2023-06-06,,0,
Orange,Chapel Hill - Carrboro,78141.0,,2023-06-07,0.0,0,229718.149437878
Orange,Chapel Hill - Carrboro,78141.0,,2023-06-08,,0,
Orange,Chapel Hill - Carrboro,78141.0,,2023-06-09,,0,
Orange,Chapel Hill - Carrboro,78141.0,,2023-06-10,4337.758828761693,0,1414207.96738914
Orange,Chapel Hill - Carrboro,78141.0,,2023-06-11,,0,
Orange,Chapel Hill - Carrboro,78141.0,,2023-06-12,,0,
Orange,Chapel Hill - Carrboro,78141.0,,2023-06-13,,0,
Orange,Chapel Hill - Carrboro,78141.0,,2023-06-14,2957.00748422286,0,999863.372529463
Orange,Chapel Hill - Carrboro,78141.0,,2023-06-15,,0,
Orange,Chapel Hill - Carrboro,78141.0,,2023-06-16,,0,
Orange,Chapel Hill - Carrboro,78141.0,,2023-06-17,23792.15765436165,0,7710681.41798096
Orange,Chapel Hill - Carrboro,78141.0,,2023-06-18,,0,
Orange,Chapel Hill - Carrboro,78141.0,,2023-06-19,,0,
Orange,Chapel Hill - Carrboro,78141.0,,2023-06-20,,0,
Orange,Chapel Hill - Carrboro,78141.0,,2023-06-21,5095.793358251494,0,1708247.19358608
Orange,Chapel Hill - Carrboro,78141.0,,2023-06-22,,0,
Orange,Chapel Hill - Carrboro,78141.0,,2023-06-23,,0,
Orange,Chapel Hill - Carrboro,78141.0,,2023-06-24,3797.365392874542,0,2148612.23265158
Orange,Chapel Hill - Carrboro,78141.0,,2023-06-25,,0,
Orange,Chapel Hill - Carrboro,78141.0,,2023-06-26,,0,
Orange,Chapel Hill - Carrboro,78141.0,,2023-06-27,,0,
Orange,Chapel Hill - Carrboro,78141.0,,2023-06-28,6675.181701177141,0,2457590.37340747
Orange,Chapel Hill - Carrboro,78141.0,,2023-06-29,,0,
Orange,Chapel Hill - Carrboro,78141.0,,2023-06-30,,0,
Orange,Chapel Hill - Carrboro,78141.0,,2023-07-01,32489.5983354673,0,10982674.7035703
Orange,Chapel Hill - Carrboro,78141.0,,2023-07-02,,0,
Orange,Chapel Hill - Carrboro,78141.0,,2023-07-03,,0,
Orange,Chapel Hill - Carrboro,78141.0,,2023-07-04,,0,
Orange,Chapel Hill - Carrboro,78141.0,,2023-07-05,,0,
Orange,Chapel Hill - Carrboro,78141.0,,2023-07-06,,0,
Orange,Chapel Hill - Carrboro,78141.0,,2023-07-07,,0,
Orange,Chapel Hill - Carrboro,78141.0,,2023-07-08,117460.49548678046,0,43102978.1944001
Orange,Chapel Hill - Carrboro,78141.0,,2023-07-09,,0,
Orange,Chapel Hill - Carrboro,78141.0,,2023-07-10,,0,
Orange,Chapel Hill - Carrboro,78141.0,,2023-07-11,,0,
Orange,Chapel Hill - Carrboro,78141.0,,2023-07-12,10997.072337672424,0,4240557.56019401
Orange,Chapel Hill - Carrboro,78141.0,,2023-07-13,,0,
Orange,Chapel Hill - Carrboro,78141.0,,2023-07-14,,0,
Orange,Chapel Hill - Carrboro,78141.0,,2023-07-15,41753.59146229223,0,15157945.4337604
Orange,Chapel Hill - Carrboro,78141.0,,2023-07-16,,0,
Orange,Chapel Hill - Carrboro,78141.0,,2023-07-17,,0,
Orange,Chapel Hill - Carrboro,78141.0,,2023-07-18,,0,
Orange,Chapel Hill - Carrboro,78141.0,,2023-07-19,40895.476522471305,0,15444715.6334364
Orange,Chapel Hill - Carrboro,78141.0,,2023-07-20,,0,
Orange,Chapel Hill - Carrboro,78141.0,,2023-07-21,,0,
Orange,Chapel Hill - Carrboro,78141.0,,2023-07-22,76626.46018184583,0,30301307.7995619
Orange,Chapel Hill - Carrboro,78141.0,,2023-07-23,,0,
Orange,Chapel Hill - Carrboro,78141.0,,2023-07-24,,0,
Orange,Chapel Hill - Carrboro,78141.0,,2023-07-25,,0,
Orange,Chapel Hill - Carrboro,78141.0,,2023-07-26,115580.06402490017,0,42502525.3601269
Orange,Chapel Hill - Carrboro,78141.0,,2023-07-27,,0,
Orange,Chapel Hill - Carrboro,78141.0,,2023-07-28,,0,
Orange,Chapel Hill - Carrboro,78141.0,,2023-07-29,53867.080856493376,0,19845199.6529743
Orange,Chapel Hill - Carrboro,78141.0,,2023-07-30,,0,
Orange,Chapel Hill - Carrboro,78141.0,,2023-07-31,,0,
Orange,Chapel Hill - Carrboro,78141.0,,2023-08-01,,0,
Orange,Chapel Hill - Carrboro,78141.0,,2023-08-02,35774.19181477061,0,13143195.5218858
Orange,Chapel Hill - Carrboro,78141.0,,2023-08-03,,0,
Orange,Chapel Hill - Carrboro,78141.0,,2023-08-04,,0,
Orange,Chapel Hill - Carrboro,78141.0,,2023-08-05,125714.44785703819,0,40991857.2676223
Orange,Chapel Hill - Carrboro,78141.0,,2023-08-06,,0,
Orange,Chapel Hill - Carrboro,78141.0,,2023-08-07,,0,
Orange,Chapel Hill - Carrboro,78141.0,,2023-08-08,,0,
Orange,Chapel Hill - Carrboro,78141.0,,2023-08-09,47266.15279457382,0,16644001.1238426
Orange,Chapel Hill - Carrboro,78141.0,,2023-08-10,,0,
Orange,Chapel Hill - Carrboro,78141.0,,2023-08-11,,0,
Orange,Chapel Hill - Carrboro,78141.0,,2023-08-12,72318.28537790429,0,27438073.3374448
Orange,Chapel Hill - Carrboro,78141.0,,2023-08-13,,0,
Orange,Chapel Hill - Carrboro,78141.0,,2023-08-14,,0,
Orange,Chapel Hill - Carrboro,78141.0,,2023-08-15,,0,
Orange,Chapel Hill - Carrboro,78141.0,,2023-08-16,82546.02594916376,0,30338846.648063906
Orange,Chapel Hill - Carrboro,78141.0,,2023-08-17,,0,
Orange,Chapel Hill - Carrboro,78141.0,,2023-08-18,,0,
Orange,Chapel Hill - Carrboro,78141.0,,2023-08-19,86765.51158150345,0,32104033.4225986
Orange,Chapel Hill - Carrboro,78141.0,,2023-08-20,,0,
Orange,Chapel Hill - Carrboro,78141.0,,2023-08-21,,0,
Orange,Chapel Hill - Carrboro,78141.0,,2023-08-22,,0,
Orange,Chapel Hill - Carrboro,78141.0,,2023-08-23,200245.37947228667,0,77090085.94827369
Orange,Chapel Hill - Carrboro,78141.0,,2023-08-24,,0,
Orange,Chapel Hill - Carrboro,78141.0,,2023-08-25,,0,
Orange,Chapel Hill - Carrboro,78141.0,,2023-08-26,275697.80557704845,0,97963939.3039763
Orange,Chapel Hill - Carrboro,78141.0,,2023-08-27,,0,
Orange,Chapel Hill - Carrboro,78141.0,,2023-08-28,,0,
Orange,Chapel Hill - Carrboro,78141.0,,2023-08-29,,0,
Orange,Chapel Hill - Carrboro,78141.0,,2023-08-30,364828.1239159065,0,149853109.178537
Orange,Chapel Hill - Carrboro,78141.0,,2023-08-31,,0,
Orange,Chapel Hill - Carrboro,78141.0,,2023-09-01,,0,
Orange,Chapel Hill - Carrboro,78141.0,,2023-09-02,252412.04408664786,0,89555285.4525194
Orange,Chapel Hill - Carrboro,78141.0,,2023-09-03,,0,
Orange,Chapel Hill - Carrboro,78141.0,,2023-09-04,,0,
Orange,Chapel Hill - Carrboro,78141.0,,2023-09-05,,0,
Orange,Chapel Hill - Carrboro,78141.0,,2023-09-06,211633.36220926978,0,72647068.2621056
Orange,Chapel Hill - Carrboro,78141.0,,2023-09-07,,0,
Orange,Chapel Hill - Carrboro,78141.0,,2023-09-08,,0,
Orange,Chapel Hill - Carrboro,78141.0,,2023-09-09,115633.3429422502,0,44572321.2828692
Orange,Chapel Hill - Carrboro,78141.0,,2023-09-10,,0,
Orange,Chapel Hill - Carrboro,78141.0,,2023-09-11,,0,
Orange,Chapel Hill - Carrboro,78141.0,,2023-09-12,,0,
Orange,Chapel Hill - Carrboro,78141.0,,2023-09-13,95201.04201110409,0,37346704.672639
Orange,Chapel Hill - Carrboro,78141.0,,2023-09-14,,0,
Orange,Chapel Hill - Carrboro,78141.0,,2023-09-15,,0,
Orange,Chapel Hill - Carrboro,78141.0,,2023-09-16,92641.03194589322,0,34152370.5521551
Orange,Chapel Hill - Carrboro,78141.0,,2023-09-17,,0,
Orange,Chapel Hill - Carrboro,78141.0,,2023-09-18,,0,
Orange,Chapel Hill - Carrboro,78141.0,,2023-09-19,,0,
Orange,Chapel Hill - Carrboro,78141.0,,2023-09-20,96725.6615381875,0,37673031.6512549
Orange,Chapel Hill - Carrboro,78141.0,,2023-09-21,,0,
Orange,Chapel Hill - Carrboro,78141.0,,2023-09-22,,0,
Orange,Chapel Hill - Carrboro,78141.0,,2023-09-23,131115.91207782523,0,46443441.742652
Orange,Chapel Hill - Carrboro,78141.0,,2023-09-24,,0,
Orange,Chapel Hill - Carrboro,78141.0,,2023-09-25,,0,
Orange,Chapel Hill - Carrboro,78141.0,,2023-09-26,,0,
Orange,Chapel Hill - Carrboro,78141.0,,2023-09-27,79742.90438653466,0,29961438.6467245
Orange,Chapel Hill - Carrboro,78141.0,,2023-09-28,,0,
Orange,Chapel Hill - Carrboro,78141.0,,2023-09-29,,0,
Orange,Chapel Hill - Carrboro,78141.0,,2023-09-30,83295.60132443975,0,29879955.315678295
Orange,Chapel Hill - Carrboro,78141.0,,2023-10-01,,0,
Orange,Chapel Hill - Carrboro,78141.0,,2023-10-02,,0,
Orange,Chapel Hill - Carrboro,78141.0,,2023-10-03,,0,
Orange,Chapel Hill - Carrboro,78141.0,,2023-10-04,45806.69820015416,0,16755842.5883362
Orange,Chapel Hill - Carrboro,78141.0,,2023-10-05,,0,
Orange,Chapel Hill - Carrboro,78141.0,,2023-10-06,,0,
Orange,Chapel Hill - Carrboro,78141.0,,2023-10-07,70560.00000000007,0,25396870.1746842
Orange,Chapel Hill - Carrboro,78141.0,,2023-10-08,,0,
Orange,Chapel Hill - Carrboro,78141.0,,2023-10-09,,0,
Orange,Chapel Hill - Carrboro,78141.0,,2023-10-10,,0,
Orange,Chapel Hill - Carrboro,78141.0,,2023-10-11,66932.94136042477,0,23014880.194653
Orange,Chapel Hill - Carrboro,78141.0,,2023-10-12,,0,
Orange,Chapel Hill - Carrboro,78141.0,,2023-10-13,,0,
Orange,Chapel Hill - Carrboro,78141.0,,2023-10-14,70831.59464532758,0,24228473.011780705
Orange,Chapel Hill - Carrboro,78141.0,,2023-10-15,,0,
Orange,Chapel Hill - Carrboro,78141.0,,2023-10-16,,0,
Orange,Chapel Hill - Carrboro,78141.0,,2023-10-17,,0,
Orange,Chapel Hill - Carrboro,78141.0,,2023-10-18,44719.81033851774,0,15504714.8422297
Orange,Chapel Hill - Carrboro,78141.0,,2023-10-19,,0,
Orange,Chapel Hill - Carrboro,78141.0,,2023-10-20,,0,
Orange,Chapel Hill - Carrboro,78141.0,,2023-10-21,30041.07188500437,0,9450624.80639664
Orange,Chapel Hill - Carrboro,78141.0,,2023-10-22,,0,
Orange,Chapel Hill - Carrboro,78141.0,,2023-10-23,,0,
Orange,Chapel Hill - Carrboro,78141.0,,2023-10-24,,0,
Orange,Chapel Hill - Carrboro,78141.0,,2023-10-25,37168.627015406695,0,12684995.8454656
Orange,Chapel Hill - Carrboro,78141.0,,2023-10-26,,0,
Orange,Chapel Hill - Carrboro,78141.0,,2023-10-27,,0,
Orange,Chapel Hill - Carrboro,78141.0,,2023-10-28,48667.623734881476,0,17059704.84129
Orange,Chapel Hill - Carrboro,78141.0,,2023-10-29,,0,
Orange,Chapel Hill - Carrboro,78141.0,,2023-10-30,,0,
Orange,Chapel Hill - Carrboro,78141.0,,2023-10-31,,0,
Orange,Chapel Hill - Carrboro,78141.0,,2023-11-01,36564.166243329564,0,12703657.2785717
Orange,Chapel Hill - Carrboro,78141.0,,2023-11-02,,0,
Orange,Chapel Hill - Carrboro,78141.0,,2023-11-03,,0,
Orange,Chapel Hill - Carrboro,78141.0,,2023-11-04,40701.660899771625,0,13861182.1221262
Orange,Chapel Hill - Carrboro,78141.0,,2023-11-05,,0,
Orange,Chapel Hill - Carrboro,78141.0,,2023-11-06,,0,
Orange,Chapel Hill - Carrboro,78141.0,,2023-11-07,,0,
Orange,Chapel Hill - Carrboro,78141.0,,2023-11-08,50363.79002670873,0,17466407.1716729
Orange,Chapel Hill - Carrboro,78141.0,,2023-11-09,,0,
Orange,Chapel Hill - Carrboro,78141.0,,2023-11-10,,0,
Orange,Chapel Hill - Carrboro,78141.0,,2023-11-11,45423.97604789796,0,15251545.6177384
Orange,Chapel Hill - Carrboro,78141.0,,2023-11-12,,0,
Orange,Chapel Hill - Carrboro,78141.0,,2023-11-13,,0,
Orange,Chapel Hill - Carrboro,78141.0,,2023-11-14,,0,
Orange,Chapel Hill - Carrboro,78141.0,,2023-11-15,62853.220632207216,0,21225377.9297429
Orange,Chapel Hill - Carrboro,78141.0,,2023-11-16,,0,
Orange,Chapel Hill - Carrboro,78141.0,,2023-11-17,,0,
Orange,Chapel Hill - Carrboro,78141.0,,2023-11-18,36025.801864774636,0,12123939.7105532
Orange,Chapel Hill - Carrboro,78141.0,,2023-11-19,,0,
Orange,Chapel Hill - Carrboro,78141.0,,2023-11-20,,0,
Orange,Chapel Hill - Carrboro,78141.0,,2023-11-21,,0,
Orange,Chapel Hill - Carrboro,78141.0,,2023-11-22,36969.76340765526,0,12217749.0162088
Orange,Chapel Hill - Carrboro,78141.0,,2023-11-23,,0,
Orange,Chapel Hill - Carrboro,78141.0,,2023-11-24,,0,
Orange,Chapel Hill - Carrboro,78141.0,,2023-11-25,,0,
Orange,Chapel Hill - Carrboro,78141.0,,2023-11-26,,0,
Orange,Chapel Hill - Carrboro,78141.0,,2023-11-27,,0,
Orange,Chapel Hill - Carrboro,78141.0,,2023-11-28,,0,
Orange,Chapel Hill - Carrboro,78141.0,,2023-11-29,65769.72343566282,0,22172040.599668305
Orange,Chapel Hill - Carrboro,78141.0,,2023-11-30,,0,
Orange,Chapel Hill - Carrboro,78141.0,,2023-12-01,,0,
Orange,Chapel Hill - Carrboro,78141.0,,2023-12-02,80312.63910493789,0,27953969.2264927
Orange,Chapel Hill - Carrboro,78141.0,,2023-12-03,,0,
Orange,Chapel Hill - Carrboro,78141.0,,2023-12-04,,0,
Orange,Chapel Hill - Carrboro,78141.0,,2023-12-05,,0,
Orange,Chapel Hill - Carrboro,78141.0,,2023-12-06,57380.16634325629,0,19707922.7432609
Orange,Chapel Hill - Carrboro,78141.0,,2023-12-07,,0,
Orange,Chapel Hill - Carrboro,78141.0,,2023-12-08,,0,
Orange,Chapel Hill - Carrboro,78141.0,,2023-12-09,108325.72547645363,0,35914880.0391584
Orange,Chapel Hill - Carrboro,78141.0,,2023-12-10,,0,
Orange,Chapel Hill - Carrboro,78141.0,,2023-12-11,,0,
Orange,Chapel Hill - Carrboro,78141.0,,2023-12-12,,0,
Orange,Chapel Hill - Carrboro,78141.0,,2023-12-13,44854.60397642113,0,21435663.4226331
Orange,Chapel Hill - Carrboro,78141.0,,2023-12-14,,0,
Orange,Chapel Hill - Carrboro,78141.0,,2023-12-15,,0,
Orange,Chapel Hill - Carrboro,78141.0,,2023-12-16,154819.05825834227,0,53339505.1635964
Orange,Chapel Hill - Carrboro,78141.0,,2023-12-17,,0,
Orange,Chapel Hill - Carrboro,78141.0,,2023-12-18,,0,
Orange,Chapel Hill - Carrboro,78141.0,,2023-12-19,,0,
Orange,Chapel Hill - Carrboro,78141.0,,2023-12-20,67526.93659458884,0,38492455.3421883
Orange,Chapel Hill - Carrboro,78141.0,,2023-12-21,,0,
Orange,Chapel Hill - Carrboro,78141.0,,2023-12-22,,0,
Orange,Chapel Hill - Carrboro,78141.0,,2023-12-23,161811.26054343654,0,52550343.5752317
Orange,Chapel Hill - Carrboro,78141.0,,2023-12-24,,0,
Orange,Chapel Hill - Carrboro,78141.0,,2023-12-25,,0,
Orange,Chapel Hill - Carrboro,78141.0,,2023-12-26,,0,
Orange,Chapel Hill - Carrboro,78141.0,,2023-12-27,,0,
Orange,Chapel Hill - Carrboro,78141.0,,2023-12-28,,0,
Orange,Chapel Hill - Carrboro,78141.0,,2023-12-29,,0,
Orange,Chapel Hill - Carrboro,78141.0,,2023-12-30,192196.81579048076,0,88804775.2280234
Orange,Chapel Hill - Carrboro,78141.0,,2023-12-31,,0,
Orange,Chapel Hill - Carrboro,78141.0,,2024-01-01,,0,
Orange,Chapel Hill - Carrboro,78141.0,,2024-01-02,,0,
Orange,Chapel Hill - Carrboro,78141.0,,2024-01-03,94493.28674123585,0,31337955.755837
Orange,Chapel Hill - Carrboro,78141.0,,2024-01-04,,0,
Orange,Chapel Hill - Carrboro,78141.0,,2024-01-05,,0,
Orange,Chapel Hill - Carrboro,78141.0,,2024-01-06,221000.99547287112,0,73475244.8239595
Orange,Chapel Hill - Carrboro,78141.0,,2024-01-07,,0,
Orange,Chapel Hill - Carrboro,78141.0,,2024-01-08,,0,
Orange,Chapel Hill - Carrboro,78141.0,,2024-01-09,,0,
Orange,Chapel Hill - Carrboro,78141.0,,2024-01-10,157681.55407505107,0,62063615.8702222
Orange,Chapel Hill - Carrboro,78141.0,,2024-01-11,,0,
Orange,Chapel Hill - Carrboro,78141.0,,2024-01-12,,0,
Orange,Chapel Hill - Carrboro,78141.0,,2024-01-13,209953.8997018155,0,105613987.077387
Orange,Chapel Hill - Carrboro,78141.0,,2024-01-14,,0,
Orange,Chapel Hill - Carrboro,78141.0,,2024-01-15,,0,
Orange,Chapel Hill - Carrboro,78141.0,,2024-01-16,,0,
Orange,Chapel Hill - Carrboro,78141.0,,2024-01-17,109590.23331794124,0,50678773.363532
Orange,Chapel Hill - Carrboro,78141.0,,2024-01-18,,0,
Orange,Chapel Hill - Carrboro,78141.0,,2024-01-19,,0,
Orange,Chapel Hill - Carrboro,78141.0,,2024-01-20,194327.4741255082,0,84084458.7859712
Orange,Chapel Hill - Carrboro,78141.0,,2024-01-21,,0,
Orange,Chapel Hill - Carrboro,78141.0,,2024-01-22,,0,
Orange,Chapel Hill - Carrboro,78141.0,,2024-01-23,,0,
Orange,Chapel Hill - Carrboro,78141.0,,2024-01-24,195486.30924546334,0,77076184.7016252
Orange,Chapel Hill - Carrboro,78141.0,,2024-01-25,,0,
Orange,Chapel Hill - Carrboro,78141.0,,2024-01-26,,0,
Orange,Chapel Hill - Carrboro,78141.0,,2024-01-27,270421.1530187679,0,108547144.260147
Orange,Chapel Hill - Carrboro,78141.0,,2024-01-28,,0,
Orange,Chapel Hill - Carrboro,78141.0,,2024-01-29,,0,
Orange,Chapel Hill - Carrboro,78141.0,,2024-01-30,,0,
Orange,Chapel Hill - Carrboro,78141.0,,2024-01-31,99640.69441371347,0,50006828.7429754
Orange,Chapel Hill - Carrboro,78141.0,,2024-02-01,,0,
Orange,Chapel Hill - Carrboro,78141.0,,2024-02-02,,0,
Orange,Chapel Hill - Carrboro,78141.0,,2024-02-03,163599.10879952862,0,69385687.6897843
Orange,Chapel Hill - Carrboro,78141.0,,2024-02-04,,0,
Orange,Chapel Hill - Carrboro,78141.0,,2024-02-05,,0,
Orange,Chapel Hill - Carrboro,78141.0,,2024-02-06,,0,
Orange,Chapel Hill - Carrboro,78141.0,,2024-02-07,101199.14985090832,0,39307527.6932501
Orange,Chapel Hill - Carrboro,78141.0,,2024-02-08,,0,
Orange,Chapel Hill - Carrboro,78141.0,,2024-02-09,,0,
Orange,Chapel Hill - Carrboro,78141.0,,2024-02-10,173877.75015797748,0,64159471.9239256
Orange,Chapel Hill - Carrboro,78141.0,,2024-02-11,,0,
Orange,Chapel Hill - Carrboro,78141.0,,2024-02-12,,0,
Orange,Chapel Hill - Carrboro,78141.0,,2024-02-13,,0,
Orange,Chapel Hill - Carrboro,78141.0,,2024-02-14,172453.90831611567,0,64795322.3318217
Orange,Chapel Hill - Carrboro,78141.0,,2024-02-15,,0,
Orange,Chapel Hill - Carrboro,78141.0,,2024-02-16,,0,
Orange,Chapel Hill - Carrboro,78141.0,,2024-02-17,174652.3002997671,0,65528246.2722701
Orange,Chapel Hill - Carrboro,78141.0,,2024-02-18,,0,
Orange,Chapel Hill - Carrboro,78141.0,,2024-02-19,,0,
Orange,Chapel Hill - Carrboro,78141.0,,2024-02-20,,0,
Orange,Chapel Hill - Carrboro,78141.0,,2024-02-21,109329.88310308536,0,40214724.3932314
Orange,Chapel Hill - Carrboro,78141.0,,2024-02-22,,0,
Orange,Chapel Hill - Carrboro,78141.0,,2024-02-23,,0,
Orange,Chapel Hill - Carrboro,78141.0,,2024-02-24,169779.500529363,0,61355979.2801056
Orange,Chapel Hill - Carrboro,78141.0,,2024-02-25,,0,
Orange,Chapel Hill - Carrboro,78141.0,,2024-02-26,,0,
Orange,Chapel Hill - Carrboro,78141.0,,2024-02-27,,0,
Orange,Chapel Hill - Carrboro,78141.0,,2024-02-28,131739.96882175552,0,48374843.7193315
Orange,Chapel Hill - Carrboro,78141.0,,2024-02-29,,0,
Orange,Chapel Hill - Carrboro,78141.0,,2024-03-01,,0,
Orange,Chapel Hill - Carrboro,78141.0,,2024-03-02,87696.84144825288,0,40975003.2607428
Orange,Chapel Hill - Carrboro,78141.0,,2024-03-03,,0,
Orange,Chapel Hill - Carrboro,78141.0,,2024-03-04,,0,
Orange,Chapel Hill - Carrboro,78141.0,,2024-03-05,,0,
Orange,Chapel Hill - Carrboro,78141.0,,2024-03-06,61678.54837977549,0,24375338.6399743
Orange,Chapel Hill - Carrboro,78141.0,,2024-03-07,,0,
Orange,Chapel Hill - Carrboro,78141.0,,2024-03-08,,0,
Orange,Chapel Hill - Carrboro,78141.0,,2024-03-09,60457.58844016197,0,26710281.8771998
Orange,Chapel Hill - Carrboro,78141.0,,2024-03-10,,0,
Orange,Chapel Hill - Carrboro,78141.0,,2024-03-11,,0,
Orange,Chapel Hill - Carrboro,78141.0,,2024-03-12,,0,
Orange,Chapel Hill - Carrboro,78141.0,,2024-03-13,44233.37911481329,0,18638129.8889694
Orange,Chapel Hill - Carrboro,78141.0,,2024-03-14,,0,
Orange,Chapel Hill - Carrboro,78141.0,,2024-03-15,,0,
Orange,Chapel Hill - Carrboro,78141.0,,2024-03-16,31571.189397930575,0,11317629.5999187
Orange,Chapel Hill - Carrboro,78141.0,,2024-03-17,,0,
Orange,Chapel Hill - Carrboro,78141.0,,2024-03-18,,0,
Orange,Chapel Hill - Carrboro,78141.0,,2024-03-19,,0,
Orange,Chapel Hill - Carrboro,78141.0,,2024-03-20,63607.88101743273,0,24432176.6045748
Orange,Chapel Hill - Carrboro,78141.0,,2024-03-21,,0,
Orange,Chapel Hill - Carrboro,78141.0,,2024-03-22,,0,
Orange,Chapel Hill - Carrboro,78141.0,,2024-03-23,49769.66545999686,0,18174131.5663232
Orange,Chapel Hill - Carrboro,78141.0,,2024-03-24,,0,
Orange,Chapel Hill - Carrboro,78141.0,,2024-03-25,,0,
Orange,Chapel Hill - Carrboro,78141.0,,2024-03-26,,0,
Orange,Chapel Hill - Carrboro,78141.0,,2024-03-27,39647.585760488866,0,15555391.9740555
Orange,Chapel Hill - Carrboro,78141.0,,2024-03-28,,0,
Orange,Chapel Hill - Carrboro,78141.0,,2024-03-29,19672.569735548044,0,11478911.5863603
Orange,Chapel Hill - Carrboro,78141.0,,2024-03-30,,0,
Orange,Chapel Hill - Carrboro,78141.0,,2024-03-31,,0,
Orange,Chapel Hill - Carrboro,78141.0,,2024-04-01,,0,
Orange,Chapel Hill - Carrboro,78141.0,,2024-04-02,,0,
Orange,Chapel Hill - Carrboro,78141.0,,2024-04-03,25913.43244588487,0,10473214.5225705
Orange,Chapel Hill - Carrboro,78141.0,,2024-04-04,,0,
Orange,Chapel Hill - Carrboro,78141.0,,2024-04-05,,0,
Orange,Chapel Hill - Carrboro,78141.0,,2024-04-06,38381.4538546939,0,15159039.2259117
Orange,Chapel Hill - Carrboro,78141.0,,2024-04-07,,0,
Orange,Chapel Hill - Carrboro,78141.0,,2024-04-08,,0,
Orange,Chapel Hill - Carrboro,78141.0,,2024-04-09,,0,
Orange,Chapel Hill - Carrboro,78141.0,,2024-04-10,31219.377755691676,0,11770748.6567413
Orange,Chapel Hill - Carrboro,78141.0,,2024-04-11,,0,
Orange,Chapel Hill - Carrboro,78141.0,,2024-04-12,,0,
Orange,Chapel Hill - Carrboro,78141.0,,2024-04-13,38573.51422932583,0,15163887.1641947
Orange,Chapel Hill - Carrboro,78141.0,,2024-04-14,,0,
Orange,Chapel Hill - Carrboro,78141.0,,2024-04-15,,0,
Orange,Chapel Hill - Carrboro,78141.0,,2024-04-16,,0,
Orange,Chapel Hill - Carrboro,78141.0,,2024-04-17,29534.125686874075,0,11169689.772096
Orange,Chapel Hill - Carrboro,78141.0,,2024-04-18,,0,
Orange,Chapel Hill - Carrboro,78141.0,,2024-04-19,,0,
Orange,Chapel Hill - Carrboro,78141.0,,2024-04-20,32389.621794642782,0,12001716.1418164
Orange,Chapel Hill - Carrboro,78141.0,,2024-04-21,,0,
Orange,Chapel Hill - Carrboro,78141.0,,2024-04-22,,0,
Orange,Chapel Hill - Carrboro,78141.0,,2024-04-23,,0,
Orange,Chapel Hill - Carrboro,78141.0,,2024-04-24,15898.5488666519,0,6070531.67667132
Orange,Chapel Hill - Carrboro,78141.0,,2024-04-25,,0,
Orange,Chapel Hill - Carrboro,78141.0,,2024-04-26,,0,
Orange,Chapel Hill - Carrboro,78141.0,,2024-04-27,15162.638292856584,0,5414196.31787597
Orange,Chapel Hill - Carrboro,78141.0,,2024-04-28,,0,
Orange,Chapel Hill - Carrboro,78141.0,,2024-04-29,,0,
Orange,Chapel Hill - Carrboro,78141.0,,2024-04-30,,0,
Orange,Chapel Hill - Carrboro,78141.0,,2024-05-01,19108.81587043923,0,6901035.10254393
Orange,Chapel Hill - Carrboro,78141.0,,2024-05-02,,0,
Orange,Chapel Hill - Carrboro,78141.0,,2024-05-03,,0,
Orange,Chapel Hill - Carrboro,78141.0,,2024-05-04,27054.611436869665,0,9918711.01950965
Orange,Chapel Hill - Carrboro,78141.0,,2024-05-05,,0,
Orange,Chapel Hill - Carrboro,78141.0,,2024-05-06,,0,
Orange,Chapel Hill - Carrboro,78141.0,,2024-05-07,,0,
Orange,Chapel Hill - Carrboro,78141.0,,2024-05-08,32604.097901950932,0,14358750.8354439
Orange,Chapel Hill - Carrboro,78141.0,,2024-05-09,,0,
Orange,Chapel Hill - Carrboro,78141.0,,2024-05-10,,0,
Orange,Chapel Hill - Carrboro,78141.0,,2024-05-11,17867.5012242899,0,6949572.52415906
Orange,Chapel Hill - Carrboro,78141.0,,2024-05-12,,0,
Orange,Chapel Hill - Carrboro,78141.0,,2024-05-13,,0,
Orange,Chapel Hill - Carrboro,78141.0,,2024-05-14,,0,
Orange,Chapel Hill - Carrboro,78141.0,,2024-05-15,25564.897809300983,0,8665402.65774424
Pitt,Greenville,89616.0,10.38,2021-01-03,,0,
Pitt,Greenville,89616.0,3.91,2021-01-04,,0,
Pitt,Greenville,89616.0,16.400000000000002,2021-01-05,23048.676751605537,0,16258807.5599369
Pitt,Greenville,89616.0,9.600000000000001,2021-01-06,,0,
Pitt,Greenville,89616.0,9.48,2021-01-07,,0,
Pitt,Greenville,89616.0,7.03,2021-01-08,19691.368667515224,0,11977456.9288717
Pitt,Greenville,89616.0,8.48,2021-01-09,,0,
Pitt,Greenville,89616.0,3.91,2021-01-10,,0,
Pitt,Greenville,89616.0,3.6799999999999997,2021-01-11,,0,
Pitt,Greenville,89616.0,9.600000000000001,2021-01-12,41231.05625617657,0,23685883.6456545
Pitt,Greenville,89616.0,8.26,2021-01-13,,0,
Pitt,Greenville,89616.0,8.26,2021-01-14,,0,
Pitt,Greenville,89616.0,5.58,2021-01-15,29055.120030727812,0,15181636.7543362
Pitt,Greenville,89616.0,7.590000000000001,2021-01-16,,0,
Pitt,Greenville,89616.0,4.91,2021-01-17,,0,
Pitt,Greenville,89616.0,3.35,2021-01-18,,0,
Pitt,Greenville,89616.0,8.370000000000001,2021-01-19,,0,
Pitt,Greenville,89616.0,7.140000000000001,2021-01-20,16610.23780684672,0,7942340.45568317
Pitt,Greenville,89616.0,6.81,2021-01-21,,0,
Pitt,Greenville,89616.0,7.590000000000001,2021-01-22,50000.00000000002,0,23401084.627744894
Pitt,Greenville,89616.0,4.58,2021-01-23,,0,
Pitt,Greenville,89616.0,2.68,2021-01-24,,0,
Pitt,Greenville,89616.0,2.34,2021-01-25,,0,
Pitt,Greenville,89616.0,5.24,2021-01-26,53033.008588991004,0,27553552.4210747
Pitt,Greenville,89616.0,6.920000000000001,2021-01-27,,0,
Pitt,Greenville,89616.0,4.13,2021-01-28,,0,
Pitt,Greenville,89616.0,3.4600000000000004,2021-01-29,10750.000000000016,0,5893989.78976968
Pitt,Greenville,89616.0,4.24,2021-01-30,,0,
Pitt,Greenville,89616.0,2.34,2021-01-31,,0,
Pitt,Greenville,89616.0,2.5700000000000003,2021-02-01,,0,
Pitt,Greenville,89616.0,6.140000000000001,2021-02-02,80777.47210701763,0,51385602.4179096
Pitt,Greenville,89616.0,3.0100000000000002,2021-02-03,,0,
Pitt,Greenville,89616.0,3.12,2021-02-04,,0,
Pitt,Greenville,89616.0,2.23,2021-02-05,19248.376554920167,0,11521000.059563
Pitt,Greenville,89616.0,3.5700000000000003,2021-02-06,,0,
Pitt,Greenville,89616.0,2.23,2021-02-07,,0,
Pitt,Greenville,89616.0,1.4500000000000002,2021-02-08,,0,
Pitt,Greenville,89616.0,3.79,2021-02-09,24083.189157584595,0,13163594.5012982
Pitt,Greenville,89616.0,3.0100000000000002,2021-02-10,,0,
Pitt,Greenville,89616.0,3.4600000000000004,2021-02-11,,0,
Pitt,Greenville,89616.0,2.5700000000000003,2021-02-12,15288.88485142069,0,8744212.36679083
Pitt,Greenville,89616.0,3.5700000000000003,2021-02-13,,0,
Pitt,Greenville,89616.0,0.8900000000000001,2021-02-14,,0,
Pitt,Greenville,89616.0,1.9000000000000001,2021-02-15,,0,
Pitt,Greenville,89616.0,2.12,2021-02-16,8317.902379807068,0,4795928.42433628
Pitt,Greenville,89616.0,2.23,2021-02-17,,0,
Pitt,Greenville,89616.0,3.24,2021-02-18,,0,
Pitt,Greenville,89616.0,1.79,2021-02-19,8746.427842267969,0,8190730.435891619
Pitt,Greenville,89616.0,1.56,2021-02-20,,0,
Pitt,Greenville,89616.0,1.79,2021-02-21,,0,
Pitt,Greenville,89616.0,1.1199999999999999,2021-02-22,,0,
Pitt,Greenville,89616.0,3.6799999999999997,2021-02-23,7599.342076785326,0,6413538.41902466
Pitt,Greenville,89616.0,5.36,2021-02-24,,0,
Pitt,Greenville,89616.0,3.12,2021-02-25,,0,
Pitt,Greenville,89616.0,3.24,2021-02-26,5921.3596411635135,0,4091956.05576463
Pitt,Greenville,89616.0,1.4500000000000002,2021-02-27,,0,
Pitt,Greenville,89616.0,1.2300000000000002,2021-02-28,,0,
Pitt,Greenville,89616.0,2.0100000000000002,2021-03-01,,0,
Pitt,Greenville,89616.0,2.68,2021-03-02,10201.102881551582,0,6079954.98463236
Pitt,Greenville,89616.0,2.45,2021-03-03,,0,
Pitt,Greenville,89616.0,1.67,2021-03-04,,0,
Pitt,Greenville,89616.0,2.0100000000000002,2021-03-05,4834.769901453429,0,2795796.00756703
Pitt,Greenville,89616.0,2.12,2021-03-06,,0,
Pitt,Greenville,89616.0,0.78,2021-03-07,,0,
Pitt,Greenville,89616.0,0.22000000000000003,2021-03-08,,0,
Pitt,Greenville,89616.0,1.9000000000000001,2021-03-09,8645.808232895291,0,4356846.55467422
Pitt,Greenville,89616.0,1.56,2021-03-10,,0,
Pitt,Greenville,89616.0,0.78,2021-03-11,,0,
Pitt,Greenville,89616.0,1.56,2021-03-12,5477.225575051671,0,2658317.67272349
Pitt,Greenville,89616.0,1.79,2021-03-13,,0,
Pitt,Greenville,89616.0,0.8900000000000001,2021-03-14,,0,
Pitt,Greenville,89616.0,0.22000000000000003,2021-03-15,,0,
Pitt,Greenville,89616.0,1.4500000000000002,2021-03-16,7850.159234053799,0,4406864.2189047
Pitt,Greenville,89616.0,1.56,2021-03-17,,0,
Pitt,Greenville,89616.0,1.4500000000000002,2021-03-18,,0,
Pitt,Greenville,89616.0,1.1199999999999999,2021-03-19,0.0,0,1192896.91407013
Pitt,Greenville,89616.0,1.2300000000000002,2021-03-20,,0,
Pitt,Greenville,89616.0,0.5599999999999999,2021-03-21,,0,
Pitt,Greenville,89616.0,1.2300000000000002,2021-03-22,,0,
Pitt,Greenville,89616.0,1.56,2021-03-23,11489.12529307606,0,5867316.13498167
Pitt,Greenville,89616.0,0.78,2021-03-24,,0,
Pitt,Greenville,89616.0,1.34,2021-03-25,,0,
Pitt,Greenville,89616.0,1.4500000000000002,2021-03-26,19748.417658131526,0,10068523.6860751
Pitt,Greenville,89616.0,0.8900000000000001,2021-03-27,,0,
Pitt,Greenville,89616.0,1.34,2021-03-28,,0,
Pitt,Greenville,89616.0,0.8900000000000001,2021-03-29,,0,
Pitt,Greenville,89616.0,3.5700000000000003,2021-03-30,0.0,0,739485.730835432
Pitt,Greenville,89616.0,1.2300000000000002,2021-03-31,,0,
Pitt,Greenville,89616.0,2.23,2021-04-30,6184.658438426498,0,2494855.02370589
Pitt,Greenville,89616.0,2.68,2021-05-01,,0,
Pitt,Greenville,89616.0,1.56,2021-05-02,,0,
Pitt,Greenville,89616.0,2.23,2021-05-03,,0,
Pitt,Greenville,89616.0,3.4600000000000004,2021-05-04,,0,
Pitt,Greenville,89616.0,2.23,2021-05-05,5123.475382979798,0,2129540.84709159
Pitt,Greenville,89616.0,3.24,2021-05-06,,0,
Pitt,Greenville,89616.0,2.34,2021-05-07,5809.475019311125,0,2375409.38699351
Pitt,Greenville,89616.0,3.0100000000000002,2021-05-08,,0,
Pitt,Greenville,89616.0,1.56,2021-05-09,,0,
Pitt,Greenville,89616.0,1.1199999999999999,2021-05-10,,0,
Pitt,Greenville,89616.0,3.0100000000000002,2021-05-11,3259.601202601326,0,1268090.71319108
Pitt,Greenville,89616.0,2.12,2021-05-12,,0,
Pitt,Greenville,89616.0,1.34,2021-05-13,,0,
Pitt,Greenville,89616.0,1.2300000000000002,2021-05-14,12549.900398011148,0,4675575.63343251
Pitt,Greenville,89616.0,1.2300000000000002,2021-05-15,,0,
Pitt,Greenville,89616.0,1.0,2021-05-16,,0,
Pitt,Greenville,89616.0,1.56,2021-05-17,,0,
Pitt,Greenville,89616.0,1.2300000000000002,2021-05-18,13674.794331177356,0,5123546.0689072
Pitt,Greenville,89616.0,1.9000000000000001,2021-05-19,,0,
Pitt,Greenville,89616.0,1.2300000000000002,2021-05-20,,0,
Pitt,Greenville,89616.0,1.2300000000000002,2021-05-21,3750.0000000000027,0,1368583.28869844
Pitt,Greenville,89616.0,1.1199999999999999,2021-05-22,,0,
Pitt,Greenville,89616.0,0.67,2021-05-23,,0,
Pitt,Greenville,89616.0,1.2300000000000002,2021-05-24,,0,
Pitt,Greenville,89616.0,1.2300000000000002,2021-05-25,2250.0000000000005,0,835406.049143009
Pitt,Greenville,89616.0,2.5700000000000003,2021-05-26,,0,
Pitt,Greenville,89616.0,1.34,2021-05-27,,0,
Pitt,Greenville,89616.0,1.4500000000000002,2021-05-28,6995.534289816615,0,2493960.43145944
Pitt,Greenville,89616.0,1.4500000000000002,2021-05-29,,0,
Pitt,Greenville,89616.0,0.67,2021-05-30,,0,
Pitt,Greenville,89616.0,0.67,2021-05-31,,0,
Pitt,Greenville,89616.0,0.22000000000000003,2021-06-01,3741.6573867739435,0,1341831.33829205
Pitt,Greenville,89616.0,1.1199999999999999,2021-06-02,,0,
Pitt,Greenville,89616.0,0.67,2021-06-03,,0,
Pitt,Greenville,89616.0,0.22000000000000003,2021-06-04,3807.8865529319537,0,1775739.67017556
Pitt,Greenville,89616.0,1.0,2021-06-05,,0,
Pitt,Greenville,89616.0,0.67,2021-06-06,,0,
Pitt,Greenville,89616.0,0.22000000000000003,2021-06-07,,0,
Pitt,Greenville,89616.0,1.0,2021-06-08,10723.805294763628,0,3469795.76226381
Pitt,Greenville,89616.0,0.22000000000000003,2021-06-09,,0,
Pitt,Greenville,89616.0,0.22000000000000003,2021-06-10,,0,
Pitt,Greenville,89616.0,0.5599999999999999,2021-06-11,0.0,0,248679.028606778
Pitt,Greenville,89616.0,0.22000000000000003,2021-06-12,,0,
Pitt,Greenville,89616.0,0.22000000000000003,2021-06-13,,0,
Pitt,Greenville,89616.0,,2021-06-14,,0,
Pitt,Greenville,89616.0,0.22000000000000003,2021-06-15,0.0,0,687542.056412062
Pitt,Greenville,89616.0,0.22000000000000003,2021-06-16,,0,
Pitt,Greenville,89616.0,0.78,2021-06-17,,0,
Pitt,Greenville,89616.0,0.22000000000000003,2021-06-18,0.0,0,136418.927123677
Pitt,Greenville,89616.0,0.22000000000000003,2021-06-19,,0,
Pitt,Greenville,89616.0,0.22000000000000003,2021-06-20,,0,
Pitt,Greenville,89616.0,,2021-06-21,,0,
Pitt,Greenville,89616.0,1.56,2021-06-22,0.0,0,180971.566616691
Pitt,Greenville,89616.0,1.34,2021-07-10,0.0,0,154177.232724414
Pitt,Greenville,89616.0,0.67,2021-07-11,,0,
Pitt,Greenville,89616.0,0.67,2021-07-12,,0,
Pitt,Greenville,89616.0,0.5599999999999999,2021-07-13,,0,
Pitt,Greenville,89616.0,0.8900000000000001,2021-07-14,0.0,0,677240.0801306
Pitt,Greenville,89616.0,1.56,2021-07-15,,0,
Pitt,Greenville,89616.0,1.1199999999999999,2021-07-16,,0,
Pitt,Greenville,89616.0,1.0,2021-07-17,3708.099243547835,0,1730928.58668639
Pitt,Greenville,89616.0,0.78,2021-07-18,,0,
Pitt,Greenville,89616.0,1.79,2021-07-19,,0,
Pitt,Greenville,89616.0,2.5700000000000003,2021-07-20,,0,
Pitt,Greenville,89616.0,2.23,2021-07-21,,0,
Pitt,Greenville,89616.0,2.34,2021-07-22,,0,
Pitt,Greenville,89616.0,2.45,2021-07-23,,0,
Pitt,Greenville,89616.0,3.12,2021-07-24,17864.070084949853,0,8476977.9972969
Pitt,Greenville,89616.0,1.9000000000000001,2021-07-25,,0,
Pitt,Greenville,89616.0,3.0100000000000002,2021-07-26,,0,
Pitt,Greenville,89616.0,4.69,2021-07-27,,0,
Pitt,Greenville,89616.0,3.5700000000000003,2021-07-28,27842.18920990231,0,16256682.0190041
Pitt,Greenville,89616.0,4.3500000000000005,2021-07-29,,0,
Pitt,Greenville,89616.0,3.91,2021-07-30,,0,
Pitt,Greenville,89616.0,4.69,2021-07-31,27488.634014806936,0,14791585.192023
Pitt,Greenville,89616.0,2.9000000000000004,2021-08-01,,0,
Pitt,Greenville,89616.0,3.6799999999999997,2021-08-02,,0,
Pitt,Greenville,89616.0,5.24,2021-08-03,,0,
Pitt,Greenville,89616.0,4.46,2021-08-04,18708.286933869735,0,10396427.0238929
Pitt,Greenville,89616.0,2.79,2021-08-05,,0,
Pitt,Greenville,89616.0,3.79,2021-08-06,,0,
Pitt,Greenville,89616.0,5.13,2021-08-07,24083.189157584595,0,15788175.1669357
Pitt,Greenville,89616.0,1.9000000000000001,2021-08-08,,0,
Pitt,Greenville,89616.0,4.0200000000000005,2021-08-09,,0,
Pitt,Greenville,89616.0,7.140000000000001,2021-08-10,,0,
Pitt,Greenville,89616.0,7.48,2021-08-11,23874.672772626654,0,16357408.5208554
Pitt,Greenville,89616.0,5.470000000000001,2021-08-12,,0,
Pitt,Greenville,89616.0,5.58,2021-08-13,,0,
Pitt,Greenville,89616.0,6.81,2021-08-14,19808.4577895403,0,11569240.5115515
Pitt,Greenville,89616.0,2.45,2021-08-15,,0,
Pitt,Greenville,89616.0,6.03,2021-08-16,,0,
Pitt,Greenville,89616.0,6.920000000000001,2021-08-17,,0,
Pitt,Greenville,89616.0,5.470000000000001,2021-08-18,19397.164741270833,0,10558842.341249
Pitt,Greenville,89616.0,5.24,2021-08-19,,0,
Pitt,Greenville,89616.0,5.800000000000001,2021-08-20,,0,
Pitt,Greenville,89616.0,4.46,2021-08-21,27243.118397129238,0,14844745.3011555
Pitt,Greenville,89616.0,1.79,2021-08-22,,0,
Pitt,Greenville,89616.0,5.0200000000000005,2021-08-23,,0,
Pitt,Greenville,89616.0,10.15,2021-08-24,,0,
Pitt,Greenville,89616.0,9.15,2021-08-25,30380.91506192661,0,16143872.3187014
Pitt,Greenville,89616.0,8.82,2021-08-26,,0,
Pitt,Greenville,89616.0,8.93,2021-08-27,,0,
Pitt,Greenville,89616.0,8.03,2021-08-28,120726.96467649631,0,60225498.2719658
Pitt,Greenville,89616.0,2.68,2021-08-29,,0,
Pitt,Greenville,89616.0,4.3500000000000005,2021-08-30,,0,
Pitt,Greenville,89616.0,9.48,2021-08-31,,0,
Pitt,Greenville,89616.0,10.15,2021-09-01,33491.60342533634,0,15943588.5654641
Pitt,Greenville,89616.0,15.730000000000002,2021-09-02,,0,
Pitt,Greenville,89616.0,11.270000000000001,2021-09-03,,0,
Pitt,Greenville,89616.0,9.82,2021-09-04,153704.26148939424,0,70898128.2019517
Pitt,Greenville,89616.0,1.9000000000000001,2021-09-05,,0,
Pitt,Greenville,89616.0,4.46,2021-09-06,,0,
Pitt,Greenville,89616.0,2.23,2021-09-07,,0,
Pitt,Greenville,89616.0,20.53,2021-09-08,189983.55191963346,0,86990436.0137981
Pitt,Greenville,89616.0,13.5,2021-09-09,,0,
Pitt,Greenville,89616.0,12.270000000000001,2021-09-10,,0,
Pitt,Greenville,89616.0,9.040000000000001,2021-09-11,172209.90099294513,0,77397327.9557992
Pitt,Greenville,89616.0,1.1199999999999999,2021-09-12,,0,
Pitt,Greenville,89616.0,4.46,2021-09-13,,0,
Pitt,Greenville,89616.0,7.81,2021-09-14,,0,
Pitt,Greenville,89616.0,8.370000000000001,2021-09-15,66238.20649745897,0,28510771.6151262
Pitt,Greenville,89616.0,9.040000000000001,2021-09-16,,0,
Pitt,Greenville,89616.0,8.48,2021-09-17,,0,
Pitt,Greenville,89616.0,7.7,2021-09-18,38457.76904605885,0,17024391.2712467
Pitt,Greenville,89616.0,2.23,2021-09-19,,0,
Pitt,Greenville,89616.0,5.69,2021-09-20,,0,
Pitt,Greenville,89616.0,9.15,2021-09-21,,0,
Pitt,Greenville,89616.0,7.81,2021-09-22,32326.45975048922,0,14132686.2463605
Pitt,Greenville,89616.0,6.58,2021-09-23,,0,
Pitt,Greenville,89616.0,6.36,2021-09-24,,0,
Pitt,Greenville,89616.0,4.91,2021-09-25,27721.832551258245,0,11522408.2017162
Pitt,Greenville,89616.0,1.2300000000000002,2021-09-26,,0,
Pitt,Greenville,89616.0,2.45,2021-09-27,,0,
Pitt,Greenville,89616.0,8.48,2021-09-28,,0,
Pitt,Greenville,89616.0,5.36,2021-09-29,45681.64292141865,0,18620667.729615495
Pitt,Greenville,89616.0,3.91,2021-09-30,,0,
Pitt,Greenville,89616.0,3.35,2021-10-01,,0,
Pitt,Greenville,89616.0,4.24,2021-10-02,84668.47110938045,0,34726992.2393169
Pitt,Greenville,89616.0,1.4500000000000002,2021-10-03,,0,
Pitt,Greenville,89616.0,4.13,2021-10-04,,0,
Pitt,Greenville,89616.0,6.140000000000001,2021-10-05,,0,
Pitt,Greenville,89616.0,4.0200000000000005,2021-10-06,29049.526674285036,0,12160150.1482305
Pitt,Greenville,89616.0,2.9000000000000004,2021-10-07,,0,
Pitt,Greenville,89616.0,2.79,2021-10-08,,0,
Pitt,Greenville,89616.0,1.9000000000000001,2021-10-09,13360.389215887395,0,5565578.73354737
Pitt,Greenville,89616.0,1.56,2021-10-10,,0,
Pitt,Greenville,89616.0,2.45,2021-10-11,,0,
Pitt,Greenville,89616.0,4.0200000000000005,2021-10-12,,0,
Pitt,Greenville,89616.0,1.67,2021-10-13,13418.736900319656,0,5792802.95583872
Pitt,Greenville,89616.0,3.24,2021-10-14,,0,
Pitt,Greenville,89616.0,1.1199999999999999,2021-10-15,,0,
Pitt,Greenville,89616.0,1.4500000000000002,2021-10-16,29723.727895403706,0,12643257.1161721
Pitt,Greenville,89616.0,0.5599999999999999,2021-10-17,,0,
Pitt,Greenville,89616.0,1.4500000000000002,2021-10-18,,0,
Pitt,Greenville,89616.0,1.79,2021-10-19,,0,
Pitt,Greenville,89616.0,2.45,2021-10-20,18001.736027394705,0,7383458.554601289
Pitt,Greenville,89616.0,1.2300000000000002,2021-10-21,,0,
Pitt,Greenville,89616.0,0.67,2021-10-22,,0,
Pitt,Greenville,89616.0,1.2300000000000002,2021-10-23,13102.957681378683,0,5490441.05059743
Pitt,Greenville,89616.0,0.8900000000000001,2021-10-24,,0,
Pitt,Greenville,89616.0,1.0,2021-10-25,,0,
Pitt,Greenville,89616.0,2.45,2021-10-26,,0,
Pitt,Greenville,89616.0,1.34,2021-10-27,8374.067112222117,0,3699937.12666816
Pitt,Greenville,89616.0,1.56,2021-10-28,,0,
Pitt,Greenville,89616.0,0.78,2021-10-29,,0,
Pitt,Greenville,89616.0,0.78,2021-10-30,3418.698582794339,0,1543706.52414368
Pitt,Greenville,89616.0,0.8900000000000001,2021-10-31,,0,
Pitt,Greenville,89616.0,1.4500000000000002,2021-11-01,,0,
Pitt,Greenville,89616.0,1.9000000000000001,2021-11-02,,0,
Pitt,Greenville,89616.0,0.5599999999999999,2021-11-03,13624.426593438711,0,5658880.13556455
Pitt,Greenville,89616.0,0.78,2021-11-04,,0,
Pitt,Greenville,89616.0,0.5599999999999999,2021-11-05,,0,
Pitt,Greenville,89616.0,1.56,2021-11-06,8418.729120241376,0,3463631.77605069
Pitt,Greenville,89616.0,0.78,2021-11-07,,0,
Pitt,Greenville,89616.0,2.0100000000000002,2021-11-08,,0,
Pitt,Greenville,89616.0,1.2300000000000002,2021-11-09,,0,
Pitt,Greenville,89616.0,0.5599999999999999,2021-11-10,3446.012188022555,0,1412954.12366317
Pitt,Greenville,89616.0,1.34,2021-11-11,,0,
Pitt,Greenville,89616.0,0.78,2021-11-12,9886.859966642593,0,4063473.6303059906
Pitt,Greenville,89616.0,1.0,2021-11-13,,0,
Pitt,Greenville,89616.0,1.2300000000000002,2021-11-14,,0,
Pitt,Greenville,89616.0,1.0,2021-11-15,,0,
Pitt,Greenville,89616.0,1.34,2021-11-16,,0,
Pitt,Greenville,89616.0,1.67,2021-11-17,14952.00655430567,0,6088393.80118333
Pitt,Greenville,89616.0,1.79,2021-11-18,,0,
Pitt,Greenville,89616.0,0.78,2021-11-19,,0,
Pitt,Greenville,89616.0,0.67,2021-11-20,5477.225575051671,0,2181717.63740492
Pitt,Greenville,89616.0,0.5599999999999999,2021-11-21,,0,
Pitt,Greenville,89616.0,0.8900000000000001,2021-11-22,,0,
Pitt,Greenville,89616.0,0.8900000000000001,2021-11-23,,0,
Pitt,Greenville,89616.0,1.2300000000000002,2021-11-24,6633.249580710797,0,2656200.76869709
Pitt,Greenville,89616.0,1.9000000000000001,2021-11-25,4242.6406871192885,0,1702495.92195257
Pitt,Greenville,89616.0,1.4500000000000002,2021-11-26,,0,
Pitt,Greenville,89616.0,1.67,2021-11-27,,0,
Pitt,Greenville,89616.0,0.78,2021-11-28,,0,
Pitt,Greenville,89616.0,2.0100000000000002,2021-11-29,,0,
Pitt,Greenville,89616.0,3.79,2021-11-30,,0,
Pitt,Greenville,89616.0,2.23,2021-12-01,23622.023622035435,0,9528986.10170109
Pitt,Greenville,89616.0,3.0100000000000002,2021-12-02,,0,
Pitt,Greenville,89616.0,3.24,2021-12-03,,0,
Pitt,Greenville,89616.0,2.79,2021-12-04,48849.257926809936,0,19788040.9454722
Pitt,Greenville,89616.0,2.34,2021-12-05,,0,
Pitt,Greenville,89616.0,1.9000000000000001,2021-12-06,,0,
Pitt,Greenville,89616.0,4.3500000000000005,2021-12-07,,0,
Pitt,Greenville,89616.0,3.35,2021-12-08,27166.15541441223,0,10878342.8116651
Pitt,Greenville,89616.0,3.91,2021-12-09,,0,
Pitt,Greenville,89616.0,3.5700000000000003,2021-12-10,,0,
Pitt,Greenville,89616.0,2.45,2021-12-11,29899.832775452145,0,12111936.605258
Pitt,Greenville,89616.0,1.56,2021-12-12,,0,
Pitt,Greenville,89616.0,1.2300000000000002,2021-12-13,,0,
Pitt,Greenville,89616.0,3.6799999999999997,2021-12-14,,0,
Pitt,Greenville,89616.0,3.0100000000000002,2021-12-15,13369.741957120945,0,5331154.17079922
Pitt,Greenville,89616.0,3.4600000000000004,2021-12-16,,0,
Pitt,Greenville,89616.0,2.45,2021-12-17,,0,
Pitt,Greenville,89616.0,3.0100000000000002,2021-12-18,23494.680248941462,0,9209662.97381164
Pitt,Greenville,89616.0,2.79,2021-12-19,,0,
Pitt,Greenville,89616.0,3.5700000000000003,2021-12-20,,0,
Pitt,Greenville,89616.0,5.24,2021-12-21,,0,
Pitt,Greenville,89616.0,6.7,2021-12-22,30495.901363953843,0,11799488.2031299
Pitt,Greenville,89616.0,7.03,2021-12-23,,0,
Pitt,Greenville,89616.0,7.81,2021-12-24,57282.196186948,0,21679731.1640422
Pitt,Greenville,89616.0,5.0200000000000005,2021-12-25,,0,
Pitt,Greenville,89616.0,3.0100000000000002,2021-12-26,,0,
Pitt,Greenville,89616.0,7.03,2021-12-27,,0,
Pitt,Greenville,89616.0,24.55,2021-12-28,,0,
Pitt,Greenville,89616.0,29.35,2021-12-29,252636.10193319572,0,94441941.1408963
Pitt,Greenville,89616.0,30.57,2021-12-30,,0,
Pitt,Greenville,89616.0,33.14,2021-12-31,294851.65761786036,0,123923273.458189
Pitt,Greenville,89616.0,20.200000000000003,2022-01-01,,0,
Pitt,Greenville,89616.0,9.71,2022-01-02,,0,
Pitt,Greenville,89616.0,13.950000000000001,2022-01-03,,0,
Pitt,Greenville,89616.0,39.95,2022-01-04,,0,
Pitt,Greenville,89616.0,35.6,2022-01-18,,0,
Pitt,Greenville,89616.0,54.120000000000005,2022-01-19,193745.96769997574,0,79383570.6288544
Pitt,Greenville,89616.0,44.300000000000004,2022-01-20,,0,
Pitt,Greenville,89616.0,34.37,2022-01-21,212264.57547127368,0,85536626.6163928
Pitt,Greenville,89616.0,7.920000000000001,2022-01-22,,0,
Pitt,Greenville,89616.0,4.3500000000000005,2022-01-23,,0,
Pitt,Greenville,89616.0,13.06,2022-01-24,,0,
Pitt,Greenville,89616.0,32.47,2022-01-25,,0,
Pitt,Greenville,89616.0,23.430000000000003,2022-01-26,164924.22502470628,0,66459802.9351601
Pitt,Greenville,89616.0,20.980000000000004,2022-01-27,,0,
Pitt,Greenville,89616.0,14.06,2022-01-28,,0,
Pitt,Greenville,89616.0,15.730000000000002,2022-01-29,69999.99999999997,0,32909359.2662024
Pitt,Greenville,89616.0,5.36,2022-01-30,,0,
Pitt,Greenville,89616.0,7.359999999999999,2022-01-31,,0,
Pitt,Greenville,89616.0,15.850000000000001,2022-02-01,,0,
Pitt,Greenville,89616.0,13.39,2022-02-02,51961.52422706639,0,25284861.764431
Pitt,Greenville,89616.0,9.600000000000001,2022-02-03,,0,
Pitt,Greenville,89616.0,7.81,2022-02-04,,0,
Pitt,Greenville,89616.0,7.359999999999999,2022-02-05,22961.925006410078,0,10533297.2927068
Pitt,Greenville,89616.0,3.6799999999999997,2022-02-06,,0,
Pitt,Greenville,89616.0,3.6799999999999997,2022-02-07,,0,
Pitt,Greenville,89616.0,9.26,2022-02-08,,0,
Pitt,Greenville,89616.0,7.140000000000001,2022-02-09,17742.956348928998,0,8948629.62351627
Pitt,Greenville,89616.0,4.58,2022-02-10,,0,
Pitt,Greenville,89616.0,3.6799999999999997,2022-02-11,,0,
Pitt,Greenville,89616.0,3.12,2022-02-12,27867.99239270748,0,13996316.6846979
Pitt,Greenville,89616.0,1.79,2022-02-13,,0,
Pitt,Greenville,89616.0,1.56,2022-02-14,,0,
Pitt,Greenville,89616.0,2.9000000000000004,2022-02-15,,0,
Pitt,Greenville,89616.0,3.6799999999999997,2022-02-16,30317.07439711163,0,14253078.4747819
Pitt,Greenville,89616.0,2.9000000000000004,2022-02-17,,0,
Pitt,Greenville,89616.0,2.23,2022-02-18,,0,
Pitt,Greenville,89616.0,1.79,2022-02-19,11842.719282327005,0,5627690.17449292
Pitt,Greenville,89616.0,0.8900000000000001,2022-02-20,,0,
Pitt,Greenville,89616.0,0.5599999999999999,2022-02-21,,0,
Pitt,Greenville,89616.0,1.67,2022-02-22,,0,
Pitt,Greenville,89616.0,2.12,2022-02-23,4123.105625617668,0,1884421.03710281
Pitt,Greenville,89616.0,1.4500000000000002,2022-02-24,,0,
Pitt,Greenville,89616.0,0.8900000000000001,2022-02-25,,0,
Pitt,Greenville,89616.0,1.2300000000000002,2022-02-26,0.0,0,713080.016277155
Pitt,Greenville,89616.0,0.67,2022-02-27,,0,
Pitt,Greenville,89616.0,0.78,2022-02-28,,0,
Pitt,Greenville,89616.0,0.67,2022-03-01,,0,
Pitt,Greenville,89616.0,0.78,2022-03-02,0.0,0,605773.356054214
Pitt,Greenville,89616.0,0.67,2022-03-03,,0,
Pitt,Greenville,89616.0,1.1199999999999999,2022-03-04,,0,
Pitt,Greenville,89616.0,0.22000000000000003,2022-03-05,3517.8118198675716,0,1563200.07094703
Pitt,Greenville,89616.0,0.22000000000000003,2022-03-06,,0,
Pitt,Greenville,89616.0,0.22000000000000003,2022-03-07,,0,
Pitt,Greenville,89616.0,1.2300000000000002,2022-03-08,,0,
Pitt,Greenville,89616.0,0.22000000000000003,2022-03-09,0.0,0,126880.897260384
Pitt,Greenville,89616.0,0.78,2022-03-10,,0,
Pitt,Greenville,89616.0,0.22000000000000003,2022-03-11,,0,
Pitt,Greenville,89616.0,0.22000000000000003,2022-03-12,2738.612787525828,0,1192656.88449865
Pitt,Greenville,89616.0,0.22000000000000003,2022-03-13,,0,
Pitt,Greenville,89616.0,,2022-03-14,,0,
Pitt,Greenville,89616.0,0.22000000000000003,2022-03-15,,0,
Pitt,Greenville,89616.0,0.22000000000000003,2022-03-16,0.0,0,132151.913763783
Pitt,Greenville,89616.0,0.22000000000000003,2022-03-17,,0,
Pitt,Greenville,89616.0,0.22000000000000003,2022-03-18,,0,
Pitt,Greenville,89616.0,0.22000000000000003,2022-03-19,0.0,0,137171.929481306
Pitt,Greenville,89616.0,0.22000000000000003,2022-03-20,,0,
Pitt,Greenville,89616.0,0.22000000000000003,2022-03-21,,0,
Pitt,Greenville,89616.0,0.22000000000000003,2022-03-22,,0,
Pitt,Greenville,89616.0,0.5599999999999999,2022-03-23,0.0,0,132653.915335536
Pitt,Greenville,89616.0,0.22000000000000003,2022-03-24,,0,
Pitt,Greenville,89616.0,0.22000000000000003,2022-03-25,,0,
Pitt,Greenville,89616.0,0.22000000000000003,2022-03-26,0.0,0,136418.927123677
Pitt,Greenville,89616.0,0.22000000000000003,2022-03-27,,0,
Pitt,Greenville,89616.0,,2022-03-28,,0,
Pitt,Greenville,89616.0,0.22000000000000003,2022-03-29,,0,
Pitt,Greenville,89616.0,0.22000000000000003,2022-03-30,0.0,0,131398.911406155
Pitt,Greenville,89616.0,0.22000000000000003,2022-03-31,,0,
Pitt,Greenville,89616.0,0.22000000000000003,2022-04-01,,0,
Pitt,Greenville,89616.0,0.22000000000000003,2022-04-02,0.0,0,134159.920050792
Pitt,Greenville,89616.0,0.22000000000000003,2022-04-03,,0,
Pitt,Greenville,89616.0,0.22000000000000003,2022-04-04,,0,
Pitt,Greenville,89616.0,0.22000000000000003,2022-04-05,,0,
Pitt,Greenville,89616.0,1.2300000000000002,2022-04-06,0.0,0,128512.402368579
Pitt,Greenville,89616.0,0.22000000000000003,2022-04-07,,0,
Pitt,Greenville,89616.0,0.67,2022-04-08,,0,
Pitt,Greenville,89616.0,0.78,2022-04-09,0.0,0,638930.540869472
Pitt,Greenville,89616.0,0.22000000000000003,2022-04-10,,0,
Pitt,Greenville,89616.0,0.78,2022-04-11,,0,
Pitt,Greenville,89616.0,0.8900000000000001,2022-04-12,,0,
Pitt,Greenville,89616.0,1.0,2022-04-13,0.0,0,487539.842114133
Pitt,Greenville,89616.0,1.0,2022-04-14,,0,
Pitt,Greenville,89616.0,1.0,2022-04-15,,0,
Pitt,Greenville,89616.0,0.5599999999999999,2022-04-16,5000.000000000007,0,2169035.5516871894
Pitt,Greenville,89616.0,0.22000000000000003,2022-04-17,,0,
Pitt,Greenville,89616.0,0.22000000000000003,2022-04-18,,0,
Pitt,Greenville,89616.0,1.0,2022-04-19,,0,
Pitt,Greenville,89616.0,1.1199999999999999,2022-04-20,8750.000000000013,0,3825380.3729244694
Pitt,Greenville,89616.0,0.67,2022-04-21,,0,
Pitt,Greenville,89616.0,1.0,2022-04-22,,0,
Pitt,Greenville,89616.0,0.5599999999999999,2022-04-23,7794.228634059946,0,3417407.09784888
Pitt,Greenville,89616.0,0.5599999999999999,2022-04-24,,0,
Pitt,Greenville,89616.0,0.8900000000000001,2022-04-25,,0,
Pitt,Greenville,89616.0,1.67,2022-04-26,,0,
Pitt,Greenville,89616.0,2.23,2022-04-27,9195.787078874766,0,4031925.3526034
Pitt,Greenville,89616.0,1.4500000000000002,2022-04-28,,0,
Pitt,Greenville,89616.0,1.79,2022-04-29,,0,
Pitt,Greenville,89616.0,1.2300000000000002,2022-04-30,10565.273304557726,0,4569902.29654107
Pitt,Greenville,89616.0,1.0,2022-05-01,,0,
Pitt,Greenville,89616.0,1.0,2022-05-02,,0,
Pitt,Greenville,89616.0,2.45,2022-05-03,,0,
Pitt,Greenville,89616.0,2.12,2022-05-04,9921.567416492231,0,4186701.50387109
Pitt,Greenville,89616.0,1.79,2022-05-05,,0,
Pitt,Greenville,89616.0,2.45,2022-05-06,,0,
Pitt,Greenville,89616.0,2.68,2022-05-07,22487.49652584741,0,9945211.26900813
Pitt,Greenville,89616.0,2.0100000000000002,2022-05-08,,0,
Pitt,Greenville,89616.0,2.68,2022-05-09,,0,
Pitt,Greenville,89616.0,3.5700000000000003,2022-05-10,,0,
Pitt,Greenville,89616.0,5.24,2022-05-11,22245.786117824657,0,8099929.62641674
Pitt,Greenville,89616.0,4.46,2022-05-12,,0,
Pitt,Greenville,89616.0,2.5700000000000003,2022-05-13,,0,
Pitt,Greenville,89616.0,3.12,2022-05-14,23724.986828236622,0,9560499.36877171
Pitt,Greenville,89616.0,1.2300000000000002,2022-05-15,,0,
Pitt,Greenville,89616.0,2.68,2022-05-16,,0,
Pitt,Greenville,89616.0,5.24,2022-05-17,,0,
Pitt,Greenville,89616.0,4.24,2022-05-18,23550.477702161377,0,9450386.02248188
Pitt,Greenville,89616.0,4.69,2022-05-19,,0,
Pitt,Greenville,89616.0,3.0100000000000002,2022-05-20,,0,
Pitt,Greenville,89616.0,3.0100000000000002,2022-05-21,33307.28148618561,0,13464100.5907741
Pitt,Greenville,89616.0,1.34,2022-05-22,,0,
Pitt,Greenville,89616.0,1.79,2022-05-23,,0,
Pitt,Greenville,89616.0,6.140000000000001,2022-05-24,,0,
Pitt,Greenville,89616.0,5.69,2022-05-25,33957.694268015315,0,14616338.7725301
Pitt,Greenville,89616.0,4.58,2022-05-26,,0,
Pitt,Greenville,89616.0,5.470000000000001,2022-05-27,,0,
Pitt,Greenville,89616.0,4.800000000000001,2022-05-28,44106.40543050412,0,18127617.4638994
Pitt,Greenville,89616.0,1.56,2022-05-29,,0,
Pitt,Greenville,89616.0,2.12,2022-05-30,,0,
Pitt,Greenville,89616.0,1.4500000000000002,2022-05-31,,0,
Pitt,Greenville,89616.0,8.26,2022-06-01,,0,
Pitt,Greenville,89616.0,6.03,2022-06-02,38767.73787571309,0,15687805.3435352
Pitt,Greenville,89616.0,3.35,2022-06-03,,0,
Pitt,Greenville,89616.0,3.12,2022-06-04,47434.164902525656,0,18954337.8726601
Pitt,Greenville,89616.0,2.5700000000000003,2022-06-05,,0,
Pitt,Greenville,89616.0,2.79,2022-06-06,,0,
Pitt,Greenville,89616.0,4.58,2022-06-07,,0,
Pitt,Greenville,89616.0,4.46,2022-06-08,26786.190471957758,0,10454641.5328953
Pitt,Greenville,89616.0,3.4600000000000004,2022-06-09,,0,
Pitt,Greenville,89616.0,3.24,2022-06-10,,0,
Pitt,Greenville,89616.0,3.79,2022-06-11,19535.22459558631,0,7929905.62577564
Pitt,Greenville,89616.0,1.2300000000000002,2022-06-12,,0,
Pitt,Greenville,89616.0,2.45,2022-06-13,,0,
Pitt,Greenville,89616.0,7.140000000000001,2022-06-14,,0,
Pitt,Greenville,89616.0,5.470000000000001,2022-06-15,17888.543819998322,0,7276583.18899544
Pitt,Greenville,89616.0,5.800000000000001,2022-06-16,,0,
Pitt,Greenville,89616.0,5.69,2022-06-17,,0,
Pitt,Greenville,89616.0,5.800000000000001,2022-06-18,37229.0209379726,0,14546200.5299506
Pitt,Greenville,89616.0,2.23,2022-06-19,,0,
Pitt,Greenville,89616.0,2.23,2022-06-20,,0,
Pitt,Greenville,89616.0,6.81,2022-06-21,,0,
Pitt,Greenville,89616.0,7.48,2022-06-22,7770.135133960033,0,3081913.08409107
Pitt,Greenville,89616.0,5.13,2022-06-23,,0,
Pitt,Greenville,89616.0,5.24,2022-06-24,,0,
Pitt,Greenville,89616.0,4.69,2022-06-25,25374.692116358794,0,10064509.0838122
Pitt,Greenville,89616.0,2.34,2022-06-26,,0,
Pitt,Greenville,89616.0,3.0100000000000002,2022-06-27,,0,
Pitt,Greenville,89616.0,6.470000000000001,2022-06-28,,0,
Pitt,Greenville,89616.0,4.58,2022-06-29,35098.07687039276,0,13861848.6958966
Pitt,Greenville,89616.0,5.36,2022-06-30,,0,
Pitt,Greenville,89616.0,6.58,2022-07-01,,0,
Pitt,Greenville,89616.0,4.13,2022-07-02,32944.08141077848,0,13011136.5824358
Pitt,Greenville,89616.0,2.23,2022-07-03,,0,
Pitt,Greenville,89616.0,2.9000000000000004,2022-07-04,,0,
Pitt,Greenville,89616.0,0.8900000000000001,2022-07-05,,0,
Pitt,Greenville,89616.0,8.590000000000002,2022-07-06,36445.16428828381,0,14347692.0643503
Pitt,Greenville,89616.0,7.590000000000001,2022-07-07,,0,
Pitt,Greenville,89616.0,4.91,2022-07-08,,0,
Pitt,Greenville,89616.0,5.69,2022-07-09,33455.19391664024,0,13156472.2783273
Pitt,Greenville,89616.0,3.0100000000000002,2022-07-10,,0,
Pitt,Greenville,89616.0,3.6799999999999997,2022-07-11,,0,
Pitt,Greenville,89616.0,8.590000000000002,2022-07-12,,0,
Pitt,Greenville,89616.0,6.920000000000001,2022-07-13,10650.704202070403,0,4192957.47855674
Pitt,Greenville,89616.0,5.470000000000001,2022-07-14,,0,
Pitt,Greenville,89616.0,6.140000000000001,2022-07-15,,0,
Pitt,Greenville,89616.0,6.81,2022-07-16,26575.36453183661,0,16681083.7305434
Pitt,Greenville,89616.0,2.23,2022-07-17,,0,
Pitt,Greenville,89616.0,3.79,2022-07-18,,0,
Pitt,Greenville,89616.0,9.71,2022-07-19,,0,
Pitt,Greenville,89616.0,8.03,2022-07-20,22798.026230356005,0,10304033.1957303
Pitt,Greenville,89616.0,7.48,2022-07-21,,0,
Pitt,Greenville,89616.0,8.48,2022-07-22,,0,
Pitt,Greenville,89616.0,7.7,2022-07-23,19843.134832984426,0,8717056.1842361
Pitt,Greenville,89616.0,3.12,2022-07-24,,0,
Pitt,Greenville,89616.0,3.24,2022-07-25,,0,
Pitt,Greenville,89616.0,10.82,2022-07-26,,0,
Pitt,Greenville,89616.0,7.590000000000001,2022-07-27,37843.42743462861,0,16272881.5607527
Pitt,Greenville,89616.0,9.26,2022-07-28,,0,
Pitt,Greenville,89616.0,5.91,2022-07-29,,0,
Pitt,Greenville,89616.0,6.03,2022-07-30,59947.89404140901,0,25347447.4270725
Pitt,Greenville,89616.0,4.0200000000000005,2022-07-31,,0,
Pitt,Greenville,89616.0,2.34,2022-08-01,,0,
Pitt,Greenville,89616.0,8.15,2022-08-02,,0,
Pitt,Greenville,89616.0,6.7,2022-08-03,32249.03099319425,0,14643717.9818068
Pitt,Greenville,89616.0,5.0200000000000005,2022-08-04,,0,
Pitt,Greenville,89616.0,5.0200000000000005,2022-08-05,,0,
Pitt,Greenville,89616.0,4.0200000000000005,2022-08-06,54144.62692640886,0,22870812.217374895
Pitt,Greenville,89616.0,2.5700000000000003,2022-08-07,,0,
Pitt,Greenville,89616.0,2.45,2022-08-08,,0,
Pitt,Greenville,89616.0,5.470000000000001,2022-08-09,,0,
Pitt,Greenville,89616.0,5.800000000000001,2022-08-10,26851.370425920533,0,10888396.1017974
Pitt,Greenville,89616.0,3.79,2022-08-11,,0,
Pitt,Greenville,89616.0,4.69,2022-08-12,,0,
Pitt,Greenville,89616.0,4.46,2022-08-13,38350.35853808928,0,16296473.385706
Pitt,Greenville,89616.0,1.56,2022-08-14,,0,
Pitt,Greenville,89616.0,1.79,2022-08-15,,0,
Pitt,Greenville,89616.0,5.0200000000000005,2022-08-16,,0,
Pitt,Greenville,89616.0,5.13,2022-08-17,26291.633650269843,0,11116750.8446874
Pitt,Greenville,89616.0,4.3500000000000005,2022-08-18,,0,
Pitt,Greenville,89616.0,3.6799999999999997,2022-08-19,,0,
Pitt,Greenville,89616.0,4.91,2022-08-20,67128.60791048779,0,28100077.5188471
Pitt,Greenville,89616.0,2.0100000000000002,2022-08-21,,0,
Pitt,Greenville,89616.0,2.12,2022-08-22,,0,
Pitt,Greenville,89616.0,5.69,2022-08-23,,0,
Pitt,Greenville,89616.0,4.3500000000000005,2022-08-24,24131.152065328344,0,10427493.1349022
Pitt,Greenville,89616.0,5.470000000000001,2022-08-25,,0,
Pitt,Greenville,89616.0,5.69,2022-08-26,,0,
Pitt,Greenville,89616.0,3.0100000000000002,2022-08-27,50311.52949374524,0,22016764.5554884
Pitt,Greenville,89616.0,1.67,2022-08-28,,0,
Pitt,Greenville,89616.0,2.34,2022-08-29,,0,
Pitt,Greenville,89616.0,4.58,2022-08-30,,0,
Pitt,Greenville,89616.0,3.91,2022-08-31,97403.79869389095,0,41966455.3614725
Pitt,Greenville,89616.0,6.7,2022-09-01,,0,
Pitt,Greenville,89616.0,3.4600000000000004,2022-09-02,,0,
Pitt,Greenville,89616.0,3.12,2022-09-03,40639.42051752217,0,17372176.8407597
Pitt,Greenville,89616.0,1.9000000000000001,2022-09-04,,0,
Pitt,Greenville,89616.0,2.79,2022-09-05,,0,
Pitt,Greenville,89616.0,2.9000000000000004,2022-09-06,,0,
Pitt,Greenville,89616.0,6.03,2022-09-07,58630.19699779279,0,24988416.8502147
Pitt,Greenville,89616.0,5.58,2022-09-08,,0,
Pitt,Greenville,89616.0,4.24,2022-09-09,,0,
Pitt,Greenville,89616.0,4.13,2022-09-10,47906.1582680139,0,20033312.3318004
Pitt,Greenville,89616.0,2.34,2022-09-11,,0,
Pitt,Greenville,89616.0,1.4500000000000002,2022-09-12,,0,
Pitt,Greenville,89616.0,4.3500000000000005,2022-09-13,,0,
Pitt,Greenville,89616.0,3.24,2022-09-14,45056.9084603016,0,19450846.5624341
Pitt,Greenville,89616.0,3.6799999999999997,2022-09-15,,0,
Pitt,Greenville,89616.0,4.3500000000000005,2022-09-16,,0,
Pitt,Greenville,89616.0,2.79,2022-09-17,28169.132042006597,0,11886806.0390309
Pitt,Greenville,89616.0,1.4500000000000002,2022-09-18,,0,
Pitt,Greenville,89616.0,0.8900000000000001,2022-09-19,,0,
Pitt,Greenville,89616.0,3.0100000000000002,2022-09-20,,0,
Pitt,Greenville,89616.0,2.23,2022-09-21,,0,
Pitt,Greenville,89616.0,4.0200000000000005,2022-09-22,35874.782229304205,0,15274817.4272467
Pitt,Greenville,89616.0,1.56,2022-09-23,,0,
Pitt,Greenville,89616.0,2.5700000000000003,2022-09-24,19960.89927833916,0,7993089.26369813
Pitt,Greenville,89616.0,1.56,2022-09-25,,0,
Pitt,Greenville,89616.0,1.4500000000000002,2022-09-26,,0,
Pitt,Greenville,89616.0,3.12,2022-09-27,,0,
Pitt,Greenville,89616.0,3.0100000000000002,2022-09-28,,0,
Pitt,Greenville,89616.0,1.2300000000000002,2022-09-29,21764.36307361188,0,9478308.71699192
Pitt,Greenville,89616.0,1.9000000000000001,2022-09-30,,0,
Pitt,Greenville,89616.0,0.8900000000000001,2022-10-01,12328.828005937958,0,6941897.00459651
Pitt,Greenville,89616.0,0.5599999999999999,2022-10-02,,0,
Pitt,Greenville,89616.0,1.1199999999999999,2022-10-03,,0,
Pitt,Greenville,89616.0,1.0,2022-10-04,,0,
Pitt,Greenville,89616.0,1.4500000000000002,2022-10-05,9124.143795447333,0,3946556.2776117106
Pitt,Greenville,89616.0,1.56,2022-10-06,,0,
Pitt,Greenville,89616.0,1.2300000000000002,2022-10-07,,0,
Pitt,Greenville,89616.0,1.1199999999999999,2022-10-08,16937.419594614417,0,7225948.18054673
Pitt,Greenville,89616.0,0.5599999999999999,2022-10-09,,0,
Pitt,Greenville,89616.0,0.8900000000000001,2022-10-10,,0,
Pitt,Greenville,89616.0,2.45,2022-10-11,,0,
Pitt,Greenville,89616.0,0.8900000000000001,2022-10-12,16130.250225726419,0,6472781.28283357
Pitt,Greenville,89616.0,1.67,2022-10-13,,0,
Pitt,Greenville,89616.0,1.1199999999999999,2022-10-14,,0,
Pitt,Greenville,89616.0,1.0,2022-10-15,9124.143795447333,0,4008221.21944939
Pitt,Greenville,89616.0,0.22000000000000003,2022-10-16,,0,
Pitt,Greenville,89616.0,0.22000000000000003,2022-10-17,,0,
Pitt,Greenville,89616.0,1.4500000000000002,2022-10-18,,0,
Pitt,Greenville,89616.0,0.22000000000000003,2022-10-19,10920.164833920788,0,4797210.27950551
Pitt,Greenville,89616.0,1.1199999999999999,2022-10-20,,0,
Pitt,Greenville,89616.0,1.0,2022-10-21,,0,
Pitt,Greenville,89616.0,1.34,2022-10-22,5477.225575051671,0,2184031.22980937
Pitt,Greenville,89616.0,0.67,2022-10-23,,0,
Pitt,Greenville,89616.0,0.78,2022-10-24,,0,
Pitt,Greenville,89616.0,0.78,2022-10-25,,0,
Pitt,Greenville,89616.0,1.2300000000000002,2022-10-26,19442.222095223588,0,8212438.35021192
Pitt,Greenville,89616.0,1.0,2022-10-27,,0,
Pitt,Greenville,89616.0,1.1199999999999999,2022-10-28,,0,
Pitt,Greenville,89616.0,1.4500000000000002,2022-10-29,15467.708298258023,0,6259183.80049905
Pitt,Greenville,89616.0,0.5599999999999999,2022-10-30,,0,
Pitt,Greenville,89616.0,0.22000000000000003,2022-10-31,,0,
Pitt,Greenville,89616.0,1.1199999999999999,2022-11-01,,0,
Pitt,Greenville,89616.0,1.67,2022-11-02,11747.340124470731,0,4862860.83746518
Pitt,Greenville,89616.0,1.67,2022-11-03,,0,
Pitt,Greenville,89616.0,1.4500000000000002,2022-11-04,,0,
Pitt,Greenville,89616.0,0.5599999999999999,2022-11-05,17895.530168173274,0,7370134.395770609
Pitt,Greenville,89616.0,0.22000000000000003,2022-11-06,,0,
Pitt,Greenville,89616.0,0.22000000000000003,2022-11-07,,0,
Pitt,Greenville,89616.0,1.79,2022-11-08,,0,
Pitt,Greenville,89616.0,1.0,2022-11-09,11401.754250991387,0,4512710.66635148
Pitt,Greenville,89616.0,0.67,2022-11-10,,0,
Pitt,Greenville,89616.0,0.8900000000000001,2022-11-11,,0,
Pitt,Greenville,89616.0,0.78,2022-11-12,,0,
Pitt,Greenville,89616.0,0.5599999999999999,2022-11-13,,0,
Pitt,Greenville,89616.0,0.5599999999999999,2022-11-14,,0,
Pitt,Greenville,89616.0,0.78,2022-11-15,,0,
Pitt,Greenville,89616.0,1.34,2022-11-16,11811.01181101774,0,4839328.02023563
Pitt,Greenville,89616.0,1.4500000000000002,2022-11-17,,0,
Pitt,Greenville,89616.0,0.22000000000000003,2022-11-18,,0,
Pitt,Greenville,89616.0,1.0,2022-11-19,7449.832212875675,0,2998925.06921358
Pitt,Greenville,89616.0,0.22000000000000003,2022-11-20,,0,
Pitt,Greenville,89616.0,0.67,2022-11-21,,0,
Pitt,Greenville,89616.0,1.9000000000000001,2022-11-22,,0,
Pitt,Greenville,89616.0,1.34,2022-11-23,23598.199083828462,0,9389792.30146764
Pitt,Greenville,89616.0,1.0,2022-11-24,,0,
Pitt,Greenville,89616.0,0.22000000000000003,2022-11-25,,0,
Pitt,Greenville,89616.0,1.56,2022-11-26,,0,
Pitt,Greenville,89616.0,0.8900000000000001,2022-11-27,,0,
Pitt,Greenville,89616.0,1.4500000000000002,2022-11-28,,0,
Pitt,Greenville,89616.0,2.79,2022-11-29,,0,
Pitt,Greenville,89616.0,2.34,2022-11-30,16703.293088490085,0,6702733.14746382
Pitt,Greenville,89616.0,1.9000000000000001,2022-12-01,,0,
Pitt,Greenville,89616.0,2.34,2022-12-02,,0,
Pitt,Greenville,89616.0,2.12,2022-12-03,16120.6389451535,0,6468924.44762483
Pitt,Greenville,89616.0,1.2300000000000002,2022-12-04,,0,
Pitt,Greenville,89616.0,0.8900000000000001,2022-12-05,,0,
Pitt,Greenville,89616.0,1.79,2022-12-06,,0,
Pitt,Greenville,89616.0,2.34,2022-12-07,15819.292019556377,0,6548462.44539055
Pitt,Greenville,89616.0,1.56,2022-12-08,,0,
Pitt,Greenville,89616.0,1.79,2022-12-09,,0,
Pitt,Greenville,89616.0,2.23,2022-12-10,27307.27924931371,0,11465448.2482068
Pitt,Greenville,89616.0,0.22000000000000003,2022-12-11,,0,
Pitt,Greenville,89616.0,1.1199999999999999,2022-12-12,,0,
Pitt,Greenville,89616.0,2.34,2022-12-13,,0,
Pitt,Greenville,89616.0,2.45,2022-12-14,40657.102700512245,0,16606921.138631
Pitt,Greenville,89616.0,1.9000000000000001,2022-12-15,,0,
Pitt,Greenville,89616.0,1.9000000000000001,2022-12-16,,0,
Pitt,Greenville,89616.0,1.67,2022-12-17,34086.287565529965,0,14254143.3026525
Pitt,Greenville,89616.0,0.8900000000000001,2022-12-18,,0,
Pitt,Greenville,89616.0,0.67,2022-12-19,,0,
Pitt,Greenville,89616.0,4.24,2022-12-20,,0,
Pitt,Greenville,89616.0,2.79,2022-12-21,22707.37765573122,0,9495730.93021611
Pitt,Greenville,89616.0,4.3500000000000005,2022-12-22,,0,
Pitt,Greenville,89616.0,3.12,2022-12-23,,0,
Pitt,Greenville,89616.0,1.34,2022-12-24,,0,
Pitt,Greenville,89616.0,0.8900000000000001,2022-12-25,,0,
Pitt,Greenville,89616.0,1.1199999999999999,2022-12-26,,0,
Pitt,Greenville,89616.0,2.45,2022-12-27,,0,
Pitt,Greenville,89616.0,3.79,2022-12-28,,0,
Pitt,Greenville,89616.0,3.91,2022-12-29,,0,
Pitt,Greenville,89616.0,3.91,2022-12-30,,0,
Pitt,Greenville,89616.0,3.12,2022-12-31,226495.0330581225,0,92801851.1419912
Pitt,Greenville,89616.0,2.0100000000000002,2023-01-01,,0,
Pitt,Greenville,89616.0,1.2300000000000002,2023-01-02,,0,
Pitt,Greenville,89616.0,3.5700000000000003,2023-01-03,,0,
Pitt,Greenville,89616.0,3.91,2023-01-04,195352.24595586324,0,80041711.3111588
Pitt,Greenville,89616.0,5.13,2023-01-05,,0,
Pitt,Greenville,89616.0,3.12,2023-01-06,,0,
Pitt,Greenville,89616.0,3.24,2023-01-07,86602.54037844381,0,34020430.3254063
Pitt,Greenville,89616.0,1.34,2023-01-08,,0,
Pitt,Greenville,89616.0,0.8900000000000001,2023-01-09,,0,
Pitt,Greenville,89616.0,3.4600000000000004,2023-01-10,,0,
Pitt,Greenville,89616.0,2.45,2023-01-11,14348.344852281753,0,6121380.87505194
Pitt,Greenville,89616.0,3.0100000000000002,2023-01-12,,0,
Pitt,Greenville,89616.0,1.56,2023-01-13,,0,
Pitt,Greenville,89616.0,2.34,2023-01-14,36331.80424916992,0,14732770.4129413
Pitt,Greenville,89616.0,1.2300000000000002,2023-01-15,,0,
Pitt,Greenville,89616.0,0.67,2023-01-16,,0,
Pitt,Greenville,89616.0,2.12,2023-01-17,,0,
Pitt,Greenville,89616.0,3.0100000000000002,2023-01-18,37526.65719192161,0,15217290.6410604
Pitt,Greenville,89616.0,2.23,2023-01-19,,0,
Pitt,Greenville,89616.0,1.9000000000000001,2023-01-20,,0,
Pitt,Greenville,89616.0,1.9000000000000001,2023-01-21,14031.215200402265,0,5867548.6965951
Pitt,Greenville,89616.0,0.22000000000000003,2023-01-22,,0,
Pitt,Greenville,89616.0,0.78,2023-01-23,,0,
Pitt,Greenville,89616.0,2.34,2023-01-24,,0,
Pitt,Greenville,89616.0,2.5700000000000003,2023-01-25,21121.671335384424,0,9546370.39145593
Pitt,Greenville,89616.0,2.23,2023-01-26,,0,
Pitt,Greenville,89616.0,2.5700000000000003,2023-01-27,,0,
Pitt,Greenville,89616.0,1.4500000000000002,2023-01-28,37914.37722025775,0,18641597.6196674
Pitt,Greenville,89616.0,1.34,2023-01-29,,0,
Pitt,Greenville,89616.0,1.1199999999999999,2023-01-30,,0,
Pitt,Greenville,89616.0,3.35,2023-01-31,,0,
Pitt,Greenville,89616.0,2.68,2023-02-01,78581.16822750855,0,39001613.126549
Pitt,Greenville,89616.0,1.79,2023-02-02,,0,
Pitt,Greenville,89616.0,1.34,2023-02-03,,0,
Pitt,Greenville,89616.0,1.79,2023-02-04,14309.08802125419,0,7821183.11502168
Pitt,Greenville,89616.0,0.5599999999999999,2023-02-05,,0,
Pitt,Greenville,89616.0,0.67,2023-02-06,,0,
Pitt,Greenville,89616.0,2.0100000000000002,2023-02-07,,0,
Pitt,Greenville,89616.0,1.79,2023-02-08,18121.120274420144,0,9093429.53935751
Pitt,Greenville,89616.0,2.34,2023-02-09,,0,
Pitt,Greenville,89616.0,2.0100000000000002,2023-02-10,,0,
Pitt,Greenville,89616.0,1.67,2023-02-11,43545.32686684068,0,16388736.8289891
Pitt,Greenville,89616.0,2.5700000000000003,2023-02-12,,0,
Pitt,Greenville,89616.0,0.22000000000000003,2023-02-13,,0,
Pitt,Greenville,89616.0,3.0100000000000002,2023-02-14,,0,
Pitt,Greenville,89616.0,2.12,2023-02-15,44044.900701415005,0,21795365.211054
Pitt,Greenville,89616.0,1.56,2023-02-16,,0,
Pitt,Greenville,89616.0,2.0100000000000002,2023-02-17,,0,
Pitt,Greenville,89616.0,1.4500000000000002,2023-02-18,12624.381172952604,0,6015668.84086904
Pitt,Greenville,89616.0,1.2300000000000002,2023-02-19,,0,
Pitt,Greenville,89616.0,0.78,2023-02-20,,0,
Pitt,Greenville,89616.0,2.68,2023-02-21,,0,
Pitt,Greenville,89616.0,2.0100000000000002,2023-02-22,18027.756377319933,0,7056026.42907392
Pitt,Greenville,89616.0,1.67,2023-02-23,,0,
Pitt,Greenville,89616.0,0.78,2023-02-24,,0,
Pitt,Greenville,89616.0,1.1199999999999999,2023-02-25,11258.330249197708,0,4736046.29348321
Pitt,Greenville,89616.0,0.5599999999999999,2023-02-26,,0,
Pitt,Greenville,89616.0,1.0,2023-02-27,,0,
Pitt,Greenville,89616.0,2.45,2023-02-28,,0,
Pitt,Greenville,89616.0,1.2300000000000002,2023-03-01,9209.37022819693,0,3932460.3416231894
Pitt,Greenville,89616.0,1.2300000000000002,2023-03-02,,0,
Pitt,Greenville,89616.0,1.0,2023-03-03,,0,
Pitt,Greenville,89616.0,0.5599999999999999,2023-03-04,6204.836822995437,0,2568518.29177507
Pitt,Greenville,89616.0,0.22000000000000003,2023-03-05,,0,
Pitt,Greenville,89616.0,0.67,2023-03-06,,0,
Pitt,Greenville,89616.0,0.78,2023-03-07,,0,
Pitt,Greenville,89616.0,0.8900000000000001,2023-03-08,11551.515052147926,0,5059923.22423469
Pitt,Greenville,89616.0,1.0,2023-03-09,,0,
Pitt,Greenville,89616.0,0.5599999999999999,2023-03-10,,0,
Pitt,Greenville,89616.0,0.5599999999999999,2023-03-11,5979.130371550695,0,2262935.91514766
Pitt,Greenville,89616.0,0.78,2023-03-12,,0,
Pitt,Greenville,89616.0,0.22000000000000003,2023-03-13,,0,
Pitt,Greenville,89616.0,0.5599999999999999,2023-03-14,,0,
Pitt,Greenville,89616.0,1.0,2023-03-15,7245.688373094724,0,2938171.26593601
Pitt,Greenville,89616.0,0.78,2023-03-16,,0,
Pitt,Greenville,89616.0,0.22000000000000003,2023-03-17,,0,
Pitt,Greenville,89616.0,0.67,2023-03-18,13508.489519835293,0,5306595.21652356
Pitt,Greenville,89616.0,0.22000000000000003,2023-03-19,,0,
Pitt,Greenville,89616.0,0.5599999999999999,2023-03-20,,0,
Pitt,Greenville,89616.0,1.2300000000000002,2023-03-21,,0,
Pitt,Greenville,89616.0,0.78,2023-03-22,14168.082026160058,0,5685398.23432589
Pitt,Greenville,89616.0,0.8900000000000001,2023-03-23,,0,
Pitt,Greenville,89616.0,0.78,2023-03-24,,0,
Pitt,Greenville,89616.0,0.78,2023-03-25,5875.472360244752,0,2878902.78120712
Pitt,Greenville,89616.0,0.22000000000000003,2023-03-26,,0,
Pitt,Greenville,89616.0,0.22000000000000003,2023-03-27,,0,
Pitt,Greenville,89616.0,0.67,2023-03-28,,0,
Pitt,Greenville,89616.0,0.22000000000000003,2023-03-29,5451.334197561189,0,2362524.87989931
Pitt,Greenville,89616.0,0.8900000000000001,2023-03-30,,0,
Pitt,Greenville,89616.0,0.22000000000000003,2023-03-31,,0,
Pitt,Greenville,89616.0,0.22000000000000003,2023-04-01,15250.671570786652,0,7086109.77732338
Pitt,Greenville,89616.0,,2023-04-02,,0,
Pitt,Greenville,89616.0,0.22000000000000003,2023-04-03,,0,
Pitt,Greenville,89616.0,0.5599999999999999,2023-04-04,,0,
Pitt,Greenville,89616.0,0.22000000000000003,2023-04-05,12006.823928500016,0,4868841.06041175
Pitt,Greenville,89616.0,0.22000000000000003,2023-04-06,,0,
Pitt,Greenville,89616.0,0.22000000000000003,2023-04-07,,0,
Pitt,Greenville,89616.0,0.22000000000000003,2023-04-08,,0,
Pitt,Greenville,89616.0,0.22000000000000003,2023-04-09,,0,
Pitt,Greenville,89616.0,0.22000000000000003,2023-04-10,,0,
Pitt,Greenville,89616.0,0.22000000000000003,2023-04-11,,0,
Pitt,Greenville,89616.0,0.22000000000000003,2023-04-12,5998.47230717956,0,2858090.52588398
Pitt,Greenville,89616.0,0.22000000000000003,2023-04-13,,0,
Pitt,Greenville,89616.0,0.22000000000000003,2023-04-14,,0,
Pitt,Greenville,89616.0,,2023-04-15,0.0,0,684782.365996927
Pitt,Greenville,89616.0,0.22000000000000003,2023-04-16,,0,
Pitt,Greenville,89616.0,0.22000000000000003,2023-04-17,,0,
Pitt,Greenville,89616.0,0.5599999999999999,2023-04-18,,0,
Pitt,Greenville,89616.0,1.0,2023-04-19,0.0,0,130143.907476774
Pitt,Greenville,89616.0,0.22000000000000003,2023-04-20,,0,
Pitt,Greenville,89616.0,0.22000000000000003,2023-04-21,,0,
Pitt,Greenville,89616.0,0.22000000000000003,2023-04-22,4946.979068128348,0,2060360.47587373
Pitt,Greenville,89616.0,,2023-04-23,,0,
Pitt,Greenville,89616.0,0.22000000000000003,2023-04-24,,0,
Pitt,Greenville,89616.0,0.22000000000000003,2023-04-25,,0,
Pitt,Greenville,89616.0,0.22000000000000003,2023-04-26,0.0,0,347962.420908343
Pitt,Greenville,89616.0,0.22000000000000003,2023-04-27,,0,
Pitt,Greenville,89616.0,0.22000000000000003,2023-04-28,,0,
Pitt,Greenville,89616.0,0.22000000000000003,2023-04-29,9213.687327123711,0,4031990.01521886
Pitt,Greenville,89616.0,0.22000000000000003,2023-04-30,,0,
Pitt,Greenville,89616.0,,2023-05-01,,0,
Pitt,Greenville,89616.0,0.5599999999999999,2023-05-02,,0,
Pitt,Greenville,89616.0,0.22000000000000003,2023-05-03,0.0,0,294891.290349846
Pitt,Greenville,89616.0,0.78,2023-05-04,,0,
Pitt,Greenville,89616.0,,2023-05-05,,0,
Pitt,Greenville,89616.0,0.22000000000000003,2023-05-06,4838.9199232370065,0,2076674.19178049
Pitt,Greenville,89616.0,0.22000000000000003,2023-05-07,,0,
Pitt,Greenville,89616.0,0.22000000000000003,2023-05-08,,0,
Pitt,Greenville,89616.0,0.22000000000000003,2023-05-09,,0,
Pitt,Greenville,89616.0,0.5599999999999999,2023-05-10,7725.43584450095,0,3083763.19845298
Pitt,Greenville,89616.0,,2023-05-11,,0,
Pitt,Greenville,89616.0,0.22000000000000003,2023-05-12,,0,
Pitt,Greenville,89616.0,0.22000000000000003,2023-05-13,16715.627094877414,0,6601771.78658132
Pitt,Greenville,89616.0,0.22000000000000003,2023-05-14,,0,
Pitt,Greenville,89616.0,0.22000000000000003,2023-05-15,,0,
Pitt,Greenville,89616.0,0.5599999999999999,2023-05-16,,0,
Pitt,Greenville,89616.0,0.22000000000000003,2023-05-17,4571.125588025346,0,1919268.60918872
Pitt,Greenville,89616.0,0.22000000000000003,2023-05-18,,0,
Pitt,Greenville,89616.0,0.22000000000000003,2023-05-19,,0,
Pitt,Greenville,89616.0,0.22000000000000003,2023-05-20,0.0,0,337580.643251632
Pitt,Greenville,89616.0,,2023-05-21,,0,
Pitt,Greenville,89616.0,0.22000000000000003,2023-05-22,,0,
Pitt,Greenville,89616.0,0.22000000000000003,2023-05-23,,0,
Pitt,Greenville,89616.0,0.22000000000000003,2023-05-24,3420.6567819645447,0,1365423.99821615
Pitt,Greenville,89616.0,,2023-05-25,,0,
Pitt,Greenville,89616.0,,2023-05-26,,0,
Pitt,Greenville,89616.0,,2023-05-27,3232.447921003526,0,1179699.78833958
Pitt,Greenville,89616.0,,2023-05-28,,0,
Pitt,Greenville,89616.0,,2023-05-29,,0,
Pitt,Greenville,89616.0,,2023-05-30,,0,
Pitt,Greenville,89616.0,,2023-05-31,0.0,0,224452.747099174
Pitt,Greenville,89616.0,,2023-06-01,,0,
Pitt,Greenville,89616.0,,2023-06-02,,0,
Pitt,Greenville,89616.0,,2023-06-03,0.0,0,108432.339498489
Pitt,Greenville,89616.0,,2023-06-04,,0,
Pitt,Greenville,89616.0,,2023-06-05,,0,
Pitt,Greenville,89616.0,,2023-06-06,,0,
Pitt,Greenville,89616.0,,2023-06-07,0.0,0,443100.774366794
Pitt,Greenville,89616.0,,2023-06-08,,0,
Pitt,Greenville,89616.0,,2023-06-09,,0,
Pitt,Greenville,89616.0,,2023-06-10,4521.822406701753,0,1698014.85366165
Pitt,Greenville,89616.0,,2023-06-11,,0,
Pitt,Greenville,89616.0,,2023-06-12,,0,
Pitt,Greenville,89616.0,,2023-06-13,,0,
Pitt,Greenville,89616.0,,2023-06-14,7041.0180587753,0,2917633.17200655
Pitt,Greenville,89616.0,,2023-06-15,,0,
Pitt,Greenville,89616.0,,2023-06-16,,0,
Pitt,Greenville,89616.0,,2023-06-17,,0,
Pitt,Greenville,89616.0,,2023-06-18,,0,
Pitt,Greenville,89616.0,,2023-06-19,,0,
Pitt,Greenville,89616.0,,2023-06-20,,0,
Pitt,Greenville,89616.0,,2023-06-21,0.0,0,445274.778209197
Pitt,Greenville,89616.0,,2023-06-22,,0,
Pitt,Greenville,89616.0,,2023-06-23,,0,
Pitt,Greenville,89616.0,,2023-06-24,6183.020439428388,0,2611721.7429267294
Pitt,Greenville,89616.0,,2023-06-25,,0,
Pitt,Greenville,89616.0,,2023-06-26,,0,
Pitt,Greenville,89616.0,,2023-06-27,,0,
Pitt,Greenville,89616.0,,2023-06-28,0.0,0,299604.069713915
Pitt,Greenville,89616.0,,2023-06-29,,0,
Pitt,Greenville,89616.0,,2023-06-30,,0,
Pitt,Greenville,89616.0,,2023-07-01,,0,
Pitt,Greenville,89616.0,,2023-07-02,,0,
Pitt,Greenville,89616.0,,2023-07-03,,0,
Pitt,Greenville,89616.0,,2023-07-04,,0,
Pitt,Greenville,89616.0,,2023-07-05,,0,
Pitt,Greenville,89616.0,,2023-07-06,,0,
Pitt,Greenville,89616.0,,2023-07-07,52057.199309989745,0,21485528.2079201
Pitt,Greenville,89616.0,,2023-07-08,,0,
Pitt,Greenville,89616.0,,2023-07-09,,0,
Pitt,Greenville,89616.0,,2023-07-10,,0,
Pitt,Greenville,89616.0,,2023-07-11,,0,
Pitt,Greenville,89616.0,,2023-07-12,41132.79956433795,0,17402386.4075609
Pitt,Greenville,89616.0,,2023-07-13,,0,
Pitt,Greenville,89616.0,,2023-07-14,,0,
Pitt,Greenville,89616.0,,2023-07-15,23181.095746318853,0,9948414.94326069
Pitt,Greenville,89616.0,,2023-07-16,,0,
Pitt,Greenville,89616.0,,2023-07-17,,0,
Pitt,Greenville,89616.0,,2023-07-18,,0,
Pitt,Greenville,89616.0,,2023-07-19,,0,15329936.8032361
Pitt,Greenville,89616.0,,2023-07-20,,0,
Pitt,Greenville,89616.0,,2023-07-21,,0,
Pitt,Greenville,89616.0,,2023-07-22,39296.473124187694,0,16313417.2481737
Pitt,Greenville,89616.0,,2023-07-23,,0,
Pitt,Greenville,89616.0,,2023-07-24,,0,
Pitt,Greenville,89616.0,,2023-07-25,,0,
Pitt,Greenville,89616.0,,2023-07-26,,0,
Pitt,Greenville,89616.0,,2023-07-27,,0,
Pitt,Greenville,89616.0,,2023-07-28,,0,
Pitt,Greenville,89616.0,,2023-07-29,71738.25757571757,0,29793321.0390226
Pitt,Greenville,89616.0,,2023-07-30,,0,
Pitt,Greenville,89616.0,,2023-07-31,,0,
Pitt,Greenville,89616.0,,2023-08-01,,0,
Pitt,Greenville,89616.0,,2023-08-02,53614.79646515507,0,21498807.1992568
Pitt,Greenville,89616.0,,2023-08-03,,0,
Pitt,Greenville,89616.0,,2023-08-04,,0,
Pitt,Greenville,89616.0,,2023-08-05,,0,
Pitt,Greenville,89616.0,,2023-08-06,,0,
Pitt,Greenville,89616.0,,2023-08-07,,0,
Pitt,Greenville,89616.0,,2023-08-08,,0,
Pitt,Greenville,89616.0,,2023-08-09,54445.35241873275,0,21979035.0590004
Pitt,Greenville,89616.0,,2023-08-10,,0,
Pitt,Greenville,89616.0,,2023-08-11,,0,
Pitt,Greenville,89616.0,,2023-08-12,40008.998987727784,0,16151225.9974686
Pitt,Greenville,89616.0,,2023-08-13,,0,
Pitt,Greenville,89616.0,,2023-08-14,,0,
Pitt,Greenville,89616.0,,2023-08-15,,0,
Pitt,Greenville,89616.0,,2023-08-16,40441.88917446855,0,17711389.9800231
Pitt,Greenville,89616.0,,2023-08-17,,0,
Pitt,Greenville,89616.0,,2023-08-18,,0,
Pitt,Greenville,89616.0,,2023-08-19,40261.02333523083,0,16768257.9723395
Pitt,Greenville,89616.0,,2023-08-20,,0,
Pitt,Greenville,89616.0,,2023-08-21,,0,
Pitt,Greenville,89616.0,,2023-08-22,,0,
Pitt,Greenville,89616.0,,2023-08-23,63048.29260178262,0,26527876.8398734
Pitt,Greenville,89616.0,,2023-08-24,,0,
Pitt,Greenville,89616.0,,2023-08-25,,0,
Pitt,Greenville,89616.0,,2023-08-26,56216.36772328859,0,23596320.893360905
Pitt,Greenville,89616.0,,2023-08-27,,0,
Pitt,Greenville,89616.0,,2023-08-28,,0,
Pitt,Greenville,89616.0,,2023-08-29,,0,
Pitt,Greenville,89616.0,,2023-08-30,78007.62270445106,0,32522237.5770642
Pitt,Greenville,89616.0,,2023-08-31,,0,
Pitt,Greenville,89616.0,,2023-09-01,,0,
Pitt,Greenville,89616.0,,2023-09-02,48611.2744124241,0,23022173.2817664
Pitt,Greenville,89616.0,,2023-09-03,,0,
Pitt,Greenville,89616.0,,2023-09-04,,0,
Pitt,Greenville,89616.0,,2023-09-05,,0,
Pitt,Greenville,89616.0,,2023-09-06,130795.66965308913,0,58320195.3106934
Pitt,Greenville,89616.0,,2023-09-07,,0,
Pitt,Greenville,89616.0,,2023-09-08,,0,
Pitt,Greenville,89616.0,,2023-09-09,124612.57881931489,0,52852443.8193705
Pitt,Greenville,89616.0,,2023-09-10,,0,
Pitt,Greenville,89616.0,,2023-09-11,,0,
Pitt,Greenville,89616.0,,2023-09-12,,0,
Pitt,Greenville,89616.0,,2023-09-13,71350.3749114187,0,31359170.506591
Pitt,Greenville,89616.0,,2023-09-14,,0,
Pitt,Greenville,89616.0,,2023-09-15,,0,
Pitt,Greenville,89616.0,,2023-09-16,149797.33108436872,0,65868993.5488446
Pitt,Greenville,89616.0,,2023-09-17,,0,
Pitt,Greenville,89616.0,,2023-09-18,,0,
Pitt,Greenville,89616.0,,2023-09-19,,0,
Pitt,Greenville,89616.0,,2023-09-20,103458.40903474206,0,44968395.5929025
Pitt,Greenville,89616.0,,2023-09-21,,0,
Pitt,Greenville,89616.0,,2023-09-22,,0,
Pitt,Greenville,89616.0,,2023-09-23,94363.14534817071,0,42314531.8944903
Pitt,Greenville,89616.0,,2023-09-24,,0,
Pitt,Greenville,89616.0,,2023-09-25,,0,
Pitt,Greenville,89616.0,,2023-09-26,,0,
Pitt,Greenville,89616.0,,2023-09-27,38584.24548957769,0,22246868.4081054
Pitt,Greenville,89616.0,,2023-09-28,,0,
Pitt,Greenville,89616.0,,2023-09-29,,0,
Pitt,Greenville,89616.0,,2023-09-30,46559.828178377174,0,22882526.7661812
Pitt,Greenville,89616.0,,2023-10-01,,0,
Pitt,Greenville,89616.0,,2023-10-02,,0,
Pitt,Greenville,89616.0,,2023-10-03,,0,
Pitt,Greenville,89616.0,,2023-10-04,55412.05644983775,0,26275774.6361702
Pitt,Greenville,89616.0,,2023-10-05,,0,
Pitt,Greenville,89616.0,,2023-10-06,,0,
Pitt,Greenville,89616.0,,2023-10-07,90989.05428676574,0,41735460.2063097
Pitt,Greenville,89616.0,,2023-10-08,,0,
Pitt,Greenville,89616.0,,2023-10-09,,0,
Pitt,Greenville,89616.0,,2023-10-10,,0,
Pitt,Greenville,89616.0,,2023-10-11,46295.38168893617,0,22756471.622319
Pitt,Greenville,89616.0,,2023-10-12,,0,
Pitt,Greenville,89616.0,,2023-10-13,,0,
Pitt,Greenville,89616.0,,2023-10-14,62019.36794260322,0,30485589.1696277
Pitt,Greenville,89616.0,,2023-10-15,,0,
Pitt,Greenville,89616.0,,2023-10-16,,0,
Pitt,Greenville,89616.0,,2023-10-17,,0,
Pitt,Greenville,89616.0,,2023-10-18,54116.276711706705,0,23025706.5331754
Pitt,Greenville,89616.0,,2023-10-19,,0,
Pitt,Greenville,89616.0,,2023-10-20,,0,
Pitt,Greenville,89616.0,,2023-10-21,26260.32749224581,0,10524489.4318272
Pitt,Greenville,89616.0,,2023-10-22,,0,
Pitt,Greenville,89616.0,,2023-10-23,,0,
Pitt,Greenville,89616.0,,2023-10-24,,0,
Pitt,Greenville,89616.0,,2023-10-25,23577.944741487456,0,10227284.1383105
Pitt,Greenville,89616.0,,2023-10-26,,0,
Pitt,Greenville,89616.0,,2023-10-27,,0,
Pitt,Greenville,89616.0,,2023-10-28,75122.93923962244,0,31678153.9637487
Pitt,Greenville,89616.0,,2023-10-29,,0,
Pitt,Greenville,89616.0,,2023-10-30,,0,
Pitt,Greenville,89616.0,,2023-10-31,,0,
Pitt,Greenville,89616.0,,2023-11-01,36086.91237248218,0,15114083.1227605
Pitt,Greenville,89616.0,,2023-11-02,,0,
Pitt,Greenville,89616.0,,2023-11-03,,0,
Pitt,Greenville,89616.0,,2023-11-04,48067.78963089527,0,19570970.1500209
Pitt,Greenville,89616.0,,2023-11-05,,0,
Pitt,Greenville,89616.0,,2023-11-06,,0,
Pitt,Greenville,89616.0,,2023-11-07,,0,
Pitt,Greenville,89616.0,,2023-11-08,70957.90432270056,0,26888579.514023
Pitt,Greenville,89616.0,,2023-11-09,,0,
Pitt,Greenville,89616.0,,2023-11-10,69876.48531516167,0,27736170.720299695
Pitt,Greenville,89616.0,,2023-11-11,,0,
Pitt,Greenville,89616.0,,2023-11-12,,0,
Pitt,Greenville,89616.0,,2023-11-13,,0,
Pitt,Greenville,89616.0,,2023-11-14,,0,
Pitt,Greenville,89616.0,,2023-11-15,48344.96134013492,0,19092148.1429835
Pitt,Greenville,89616.0,,2023-11-16,,0,
Pitt,Greenville,89616.0,,2023-11-17,,0,
Pitt,Greenville,89616.0,,2023-11-18,34872.665513264146,0,13881827.5222233
Pitt,Greenville,89616.0,,2023-11-19,,0,
Pitt,Greenville,89616.0,,2023-11-20,,0,
Pitt,Greenville,89616.0,,2023-11-21,,0,
Pitt,Greenville,89616.0,,2023-11-22,56271.0192467814,0,21140510.509286094
Pitt,Greenville,89616.0,,2023-11-23,,0,
Pitt,Greenville,89616.0,,2023-11-24,,0,
Pitt,Greenville,89616.0,,2023-11-25,,0,
Pitt,Greenville,89616.0,,2023-11-26,,0,
Pitt,Greenville,89616.0,,2023-11-27,,0,
Pitt,Greenville,89616.0,,2023-11-28,,0,
Pitt,Greenville,89616.0,,2023-11-29,52664.64232532836,0,21527128.4649297
Pitt,Greenville,89616.0,,2023-11-30,,0,
Pitt,Greenville,89616.0,,2023-12-01,,0,
Pitt,Greenville,89616.0,,2023-12-02,84232.24206842083,0,33345471.5381962
Pitt,Greenville,89616.0,,2023-12-03,,0,
Pitt,Greenville,89616.0,,2023-12-04,,0,
Pitt,Greenville,89616.0,,2023-12-05,,0,
Pitt,Greenville,89616.0,,2023-12-06,,0,
Pitt,Greenville,89616.0,,2023-12-07,86273.84076300307,0,33162460.6219968
Pitt,Greenville,89616.0,,2023-12-08,,0,
Pitt,Greenville,89616.0,,2023-12-09,175536.79500321302,0,70350803.6772828
Pitt,Greenville,89616.0,,2023-12-10,,0,
Pitt,Greenville,89616.0,,2023-12-11,,0,
Pitt,Greenville,89616.0,,2023-12-12,,0,
Pitt,Greenville,89616.0,,2023-12-13,67190.79085187042,0,28642651.3872326
Pitt,Greenville,89616.0,,2023-12-14,,0,
Pitt,Greenville,89616.0,,2023-12-15,,0,
Pitt,Greenville,89616.0,,2023-12-16,111541.58686337588,0,45730223.9487358
Pitt,Greenville,89616.0,,2023-12-17,,0,
Pitt,Greenville,89616.0,,2023-12-18,,0,
Pitt,Greenville,89616.0,,2023-12-19,,0,
Pitt,Greenville,89616.0,,2023-12-20,51402.67837638607,0,21074256.336304694
Pitt,Greenville,89616.0,,2023-12-21,,0,
Pitt,Greenville,89616.0,,2023-12-22,,0,
Pitt,Greenville,89616.0,,2023-12-23,67604.57251528537,0,27716767.6022874
Pitt,Greenville,89616.0,,2023-12-24,,0,
Pitt,Greenville,89616.0,,2023-12-25,,0,
Pitt,Greenville,89616.0,,2023-12-26,,0,
Pitt,Greenville,89616.0,,2023-12-27,,0,
Pitt,Greenville,89616.0,,2023-12-28,,0,
Pitt,Greenville,89616.0,,2023-12-29,,0,
Pitt,Greenville,89616.0,,2023-12-30,134926.65266729184,0,55317717.961878
Pitt,Greenville,89616.0,,2023-12-31,,0,
Pitt,Greenville,89616.0,,2024-01-01,,0,
Pitt,Greenville,89616.0,,2024-01-02,,0,
Pitt,Greenville,89616.0,,2024-01-03,81619.33477508524,0,33462590.615492
Pitt,Greenville,89616.0,,2024-01-04,,0,
Pitt,Greenville,89616.0,,2024-01-05,,0,
Pitt,Greenville,89616.0,,2024-01-06,178391.18588091747,0,79406820.9210892
Pitt,Greenville,89616.0,,2024-01-07,,0,
Pitt,Greenville,89616.0,,2024-01-08,,0,
Pitt,Greenville,89616.0,,2024-01-09,,0,
Pitt,Greenville,89616.0,,2024-01-10,125277.87137989223,0,54632186.7078935
Pitt,Greenville,89616.0,,2024-01-11,,0,
Pitt,Greenville,89616.0,,2024-01-12,,0,
Pitt,Greenville,89616.0,,2024-01-13,160036.04468993848,0,81585939.4911375
Pitt,Greenville,89616.0,,2024-01-14,,0,
Pitt,Greenville,89616.0,,2024-01-15,,0,
Pitt,Greenville,89616.0,,2024-01-16,,0,
Pitt,Greenville,89616.0,,2024-01-17,59535.12449434257,0,30904598.143167
Pitt,Greenville,89616.0,,2024-01-18,,0,
Pitt,Greenville,89616.0,,2024-01-19,,0,
Pitt,Greenville,89616.0,,2024-01-20,181093.5393657104,0,99281975.8718559
Pitt,Greenville,89616.0,,2024-01-21,,0,
Pitt,Greenville,89616.0,,2024-01-22,,0,
Pitt,Greenville,89616.0,,2024-01-23,,0,
Pitt,Greenville,89616.0,,2024-01-24,138224.04721346102,0,60651531.0530175
Pitt,Greenville,89616.0,,2024-01-25,,0,
Pitt,Greenville,89616.0,,2024-01-26,,0,
Pitt,Greenville,89616.0,,2024-01-27,159472.51173791688,0,70082954.2345555
Pitt,Greenville,89616.0,,2024-01-28,,0,
Pitt,Greenville,89616.0,,2024-01-29,,0,
Pitt,Greenville,89616.0,,2024-01-30,,0,
Pitt,Greenville,89616.0,,2024-01-31,124846.92538853854,0,53516109.3472132
Pitt,Greenville,89616.0,,2024-02-01,,0,
Pitt,Greenville,89616.0,,2024-02-02,,0,
Pitt,Greenville,89616.0,,2024-02-03,146774.5795429167,0,60615359.1321749
Pitt,Greenville,89616.0,,2024-02-04,,0,
Pitt,Greenville,89616.0,,2024-02-05,,0,
Pitt,Greenville,89616.0,,2024-02-06,,0,
Pitt,Greenville,89616.0,,2024-02-07,121944.71832701087,0,51339741.2609104
Pitt,Greenville,89616.0,,2024-02-08,,0,
Pitt,Greenville,89616.0,,2024-02-09,,0,
Pitt,Greenville,89616.0,,2024-02-10,211671.34902957483,0,86138031.3889913
Pitt,Greenville,89616.0,,2024-02-11,,0,
Pitt,Greenville,89616.0,,2024-02-12,,0,
Pitt,Greenville,89616.0,,2024-02-13,,0,
Pitt,Greenville,89616.0,,2024-02-14,191490.5111248506,0,74754862.157032
Pitt,Greenville,89616.0,,2024-02-15,,0,
Pitt,Greenville,89616.0,,2024-02-16,,0,
Pitt,Greenville,89616.0,,2024-02-17,295817.24087686295,0,111958665.742645
Pitt,Greenville,89616.0,,2024-02-18,,0,
Pitt,Greenville,89616.0,,2024-02-19,,0,
Pitt,Greenville,89616.0,,2024-02-20,,0,
Pitt,Greenville,89616.0,,2024-02-21,179186.39995464563,0,65667549.4690349
Pitt,Greenville,89616.0,,2024-02-22,,0,
Pitt,Greenville,89616.0,,2024-02-23,,0,
Pitt,Greenville,89616.0,,2024-02-24,142490.56249450354,0,55668190.2499737
Pitt,Greenville,89616.0,,2024-02-25,,0,
Pitt,Greenville,89616.0,,2024-02-26,,0,
Pitt,Greenville,89616.0,,2024-02-27,,0,
Pitt,Greenville,89616.0,,2024-02-28,134614.8364461847,0,53381679.2278302
Pitt,Greenville,89616.0,,2024-02-29,,0,
Pitt,Greenville,89616.0,,2024-03-01,,0,
Pitt,Greenville,89616.0,,2024-03-02,123599.02912240042,0,46089670.8177885
Pitt,Greenville,89616.0,,2024-03-03,,0,
Pitt,Greenville,89616.0,,2024-03-04,,0,
Pitt,Greenville,89616.0,,2024-03-05,,0,
Pitt,Greenville,89616.0,,2024-03-06,67425.51146131956,0,30385478.4226948
Pitt,Greenville,89616.0,,2024-03-07,,0,
Pitt,Greenville,89616.0,,2024-03-08,,0,
Pitt,Greenville,89616.0,,2024-03-09,72956.75431377148,0,35587583.783654
Pitt,Greenville,89616.0,,2024-03-10,,0,
Pitt,Greenville,89616.0,,2024-03-11,,0,
Pitt,Greenville,89616.0,,2024-03-12,,0,
Pitt,Greenville,89616.0,,2024-03-13,32760.00742031046,0,13880798.3237723
Pitt,Greenville,89616.0,,2024-03-14,,0,
Pitt,Greenville,89616.0,,2024-03-15,,0,
Pitt,Greenville,89616.0,,2024-03-16,48413.08913919871,0,21764719.7585221
Pitt,Greenville,89616.0,,2024-03-17,,0,
Pitt,Greenville,89616.0,,2024-03-18,,0,
Pitt,Greenville,89616.0,,2024-03-19,,0,
Pitt,Greenville,89616.0,,2024-03-20,31591.488472886405,0,12791861.1250225
Pitt,Greenville,89616.0,,2024-03-21,,0,
Pitt,Greenville,89616.0,,2024-03-22,,0,
Pitt,Greenville,89616.0,,2024-03-23,21823.14367821466,0,8600529.2691245
Pitt,Greenville,89616.0,,2024-03-24,,0,
Pitt,Greenville,89616.0,,2024-03-25,,0,
Pitt,Greenville,89616.0,,2024-03-26,,0,
Pitt,Greenville,89616.0,,2024-03-27,19494.393152578203,0,8306938.906797819
Pitt,Greenville,89616.0,,2024-03-28,,0,
Pitt,Greenville,89616.0,,2024-03-29,163134.26372163533,0,96051251.4677164
Pitt,Greenville,89616.0,,2024-03-30,,0,
Pitt,Greenville,89616.0,,2024-03-31,,0,
Pitt,Greenville,89616.0,,2024-04-01,,0,
Pitt,Greenville,89616.0,,2024-04-02,,0,
Pitt,Greenville,89616.0,,2024-04-03,21923.299255249003,0,11850512.7443936
Pitt,Greenville,89616.0,,2024-04-04,,0,
Pitt,Greenville,89616.0,,2024-04-05,,0,
Pitt,Greenville,89616.0,,2024-04-06,23660.946726621063,0,10535136.1734097
Pitt,Greenville,89616.0,,2024-04-07,,0,
Pitt,Greenville,89616.0,,2024-04-08,,0,
Pitt,Greenville,89616.0,,2024-04-09,,0,
Pitt,Greenville,89616.0,,2024-04-10,11907.176358693401,0,5064825.40683754
Pitt,Greenville,89616.0,,2024-04-11,,0,
Pitt,Greenville,89616.0,,2024-04-12,,0,
Pitt,Greenville,89616.0,,2024-04-13,39093.47771687756,0,16394278.0871174
Pitt,Greenville,89616.0,,2024-04-14,,0,
Pitt,Greenville,89616.0,,2024-04-15,,0,
Pitt,Greenville,89616.0,,2024-04-16,,0,
Pitt,Greenville,89616.0,,2024-04-17,14589.98802647747,0,6135110.96705816
Pitt,Greenville,89616.0,,2024-04-18,,0,
Pitt,Greenville,89616.0,,2024-04-19,,0,
Pitt,Greenville,89616.0,,2024-04-20,15344.054223053321,0,6416549.39155803
Pitt,Greenville,89616.0,,2024-04-21,,0,
Pitt,Greenville,89616.0,,2024-04-22,,0,
Pitt,Greenville,89616.0,,2024-04-23,,0,
Pitt,Greenville,89616.0,,2024-04-24,23907.594335002294,0,9997635.41329228
Pitt,Greenville,89616.0,,2024-04-25,,0,
Pitt,Greenville,89616.0,,2024-04-26,,0,
Pitt,Greenville,89616.0,,2024-04-27,17652.920438273115,0,6848917.69073996
Pitt,Greenville,89616.0,,2024-04-28,,0,
Pitt,Greenville,89616.0,,2024-04-29,,0,
Pitt,Greenville,89616.0,,2024-04-30,,0,
Pitt,Greenville,89616.0,,2024-05-01,14081.59581296658,0,5676269.68218646
Pitt,Greenville,89616.0,,2024-05-02,,0,
Pitt,Greenville,89616.0,,2024-05-03,,0,
Pitt,Greenville,89616.0,,2024-05-04,18512.79557495303,0,6822034.08416892
Pitt,Greenville,89616.0,,2024-05-05,,0,
Pitt,Greenville,89616.0,,2024-05-06,,0,
Pitt,Greenville,89616.0,,2024-05-07,,0,
Pitt,Greenville,89616.0,,2024-05-08,26175.331898564345,0,10265977.9638629
Pitt,Greenville,89616.0,,2024-05-09,,0,
Pitt,Greenville,89616.0,,2024-05-10,,0,
Pitt,Greenville,89616.0,,2024-05-11,23111.20940150042,0,8936342.45128655
Pitt,Greenville,89616.0,,2024-05-12,,0,
Pitt,Greenville,89616.0,,2024-05-13,,0,
Pitt,Greenville,89616.0,,2024-05-14,,0,
Pitt,Greenville,89616.0,,2024-05-15,6526.867548832294,0,2674254.62939309
Scotland,Laurinburg,15527.0,1.29,2021-06-17,3354.1019662496888,0,1970686.44136859
Scotland,Laurinburg,15527.0,1.29,2021-06-18,,0,
Scotland,Laurinburg,15527.0,1.29,2021-06-19,,0,
Scotland,Laurinburg,15527.0,,2021-06-20,,0,
Scotland,Laurinburg,15527.0,,2021-06-21,,0,
Scotland,Laurinburg,15527.0,,2021-06-22,,0,
Scotland,Laurinburg,15527.0,1.29,2021-07-10,,0,
Scotland,Laurinburg,15527.0,1.29,2021-07-11,,0,
Scotland,Laurinburg,15527.0,,2021-07-12,,0,
Scotland,Laurinburg,15527.0,1.29,2021-07-13,7850.159234053799,0,3674547.95569056
Scotland,Laurinburg,15527.0,1.29,2021-07-14,,0,
Scotland,Laurinburg,15527.0,1.29,2021-07-15,0.0,0,517392.832933814
Scotland,Laurinburg,15527.0,1.29,2021-07-16,,0,
Scotland,Laurinburg,15527.0,1.29,2021-07-17,,0,
Scotland,Laurinburg,15527.0,1.29,2021-07-18,,0,
Scotland,Laurinburg,15527.0,1.29,2021-07-19,,0,
Scotland,Laurinburg,15527.0,3.2200000000000006,2021-07-20,24233.241632105295,0,16837615.8750169
Scotland,Laurinburg,15527.0,5.15,2021-07-21,,0,
Scotland,Laurinburg,15527.0,3.2200000000000006,2021-07-22,0.0,0,836067.584166339
Scotland,Laurinburg,15527.0,1.29,2021-07-23,,0,
Scotland,Laurinburg,15527.0,1.29,2021-07-24,,0,
Scotland,Laurinburg,15527.0,5.800000000000001,2021-07-25,,0,
Scotland,Laurinburg,15527.0,1.29,2021-07-26,,0,
Scotland,Laurinburg,15527.0,3.2200000000000006,2021-07-27,12338.962679253069,0,5504957.43328792
Scotland,Laurinburg,15527.0,4.510000000000001,2021-07-28,,0,
Scotland,Laurinburg,15527.0,3.2200000000000006,2021-07-29,17184.658856084407,0,5027434.09290823
Scotland,Laurinburg,15527.0,4.510000000000001,2021-07-30,,0,
Scotland,Laurinburg,15527.0,5.15,2021-07-31,,0,
Scotland,Laurinburg,15527.0,6.440000000000001,2021-08-01,,0,
Scotland,Laurinburg,15527.0,5.800000000000001,2021-08-02,,0,
Scotland,Laurinburg,15527.0,7.08,2021-08-03,19134.393118152475,0,6857348.98002821
Scotland,Laurinburg,15527.0,4.510000000000001,2021-08-04,,0,
Scotland,Laurinburg,15527.0,3.8600000000000003,2021-08-05,9387.491677759293,0,4188175.57316234
Scotland,Laurinburg,15527.0,4.510000000000001,2021-08-06,,0,
Scotland,Laurinburg,15527.0,10.3,2021-08-07,,0,
Scotland,Laurinburg,15527.0,1.29,2021-08-08,,0,
Scotland,Laurinburg,15527.0,1.29,2021-08-09,,0,
Scotland,Laurinburg,15527.0,5.15,2021-08-10,27982.13715926646,0,12552288.9730755
Scotland,Laurinburg,15527.0,5.800000000000001,2021-08-11,,0,
Scotland,Laurinburg,15527.0,3.8600000000000003,2021-08-12,33062.44092622321,0,10559185.8495256
Scotland,Laurinburg,15527.0,4.510000000000001,2021-08-13,,0,
Scotland,Laurinburg,15527.0,3.2200000000000006,2021-08-14,,0,
Scotland,Laurinburg,15527.0,3.8600000000000003,2021-08-15,,0,
Scotland,Laurinburg,15527.0,5.15,2021-08-16,,0,
Scotland,Laurinburg,15527.0,7.08,2021-08-17,19131.12646970902,0,13106027.8771821
Scotland,Laurinburg,15527.0,10.950000000000001,2021-08-18,,0,
Scotland,Laurinburg,15527.0,7.08,2021-08-19,17093.49291397171,0,7584490.80307324
Scotland,Laurinburg,15527.0,3.8600000000000003,2021-08-20,,0,
Scotland,Laurinburg,15527.0,6.440000000000001,2021-08-21,,0,
Scotland,Laurinburg,15527.0,6.440000000000001,2021-08-22,,0,
Scotland,Laurinburg,15527.0,5.15,2021-08-23,,0,
Scotland,Laurinburg,15527.0,9.020000000000001,2021-08-24,21972.994789058685,0,6856831.02514094
Scotland,Laurinburg,15527.0,3.8600000000000003,2021-08-25,,0,
Scotland,Laurinburg,15527.0,9.020000000000001,2021-08-26,91923.88155425116,0,33167618.8979509
Scotland,Laurinburg,15527.0,8.370000000000001,2021-08-27,,0,
Scotland,Laurinburg,15527.0,5.800000000000001,2021-08-28,,0,
Scotland,Laurinburg,15527.0,8.370000000000001,2021-08-29,,0,
Scotland,Laurinburg,15527.0,5.800000000000001,2021-08-30,,0,
Scotland,Laurinburg,15527.0,13.52,2021-08-31,48412.29182759274,0,15225430.3751258
Scotland,Laurinburg,15527.0,8.370000000000001,2021-09-01,,0,
Scotland,Laurinburg,15527.0,10.950000000000001,2021-09-02,130048.06803639958,0,66580557.0402829
Scotland,Laurinburg,15527.0,5.15,2021-09-03,,0,
Scotland,Laurinburg,15527.0,5.15,2021-09-04,,0,
Scotland,Laurinburg,15527.0,3.2200000000000006,2021-09-05,,0,
Scotland,Laurinburg,15527.0,5.15,2021-09-06,,0,
Scotland,Laurinburg,15527.0,5.15,2021-09-07,89721.79222463192,0,55777923.8959336
Scotland,Laurinburg,15527.0,12.240000000000002,2021-09-08,,0,
Scotland,Laurinburg,15527.0,7.08,2021-09-09,35794.55265819093,0,32811720.9130873
Scotland,Laurinburg,15527.0,3.8600000000000003,2021-09-10,,0,
Scotland,Laurinburg,15527.0,7.08,2021-09-11,,0,
Scotland,Laurinburg,15527.0,5.15,2021-09-12,,0,
Scotland,Laurinburg,15527.0,3.8600000000000003,2021-09-13,,0,
Scotland,Laurinburg,15527.0,9.66,2021-09-14,29336.41082341189,0,25747419.2253105
Scotland,Laurinburg,15527.0,11.590000000000002,2021-09-15,,0,
Scotland,Laurinburg,15527.0,6.440000000000001,2021-09-16,67291.3441684739,0,34451070.6416059
Scotland,Laurinburg,15527.0,7.73,2021-09-17,,0,
Scotland,Laurinburg,15527.0,1.29,2021-09-18,,0,
Scotland,Laurinburg,15527.0,7.73,2021-09-19,,0,
Scotland,Laurinburg,15527.0,3.2200000000000006,2021-09-20,,0,
Scotland,Laurinburg,15527.0,5.800000000000001,2021-09-21,41681.08084011258,0,19307088.9729572
Scotland,Laurinburg,15527.0,7.73,2021-09-22,,0,
Scotland,Laurinburg,15527.0,5.800000000000001,2021-09-23,28816.228066837586,0,10327107.3674621
Scotland,Laurinburg,15527.0,4.510000000000001,2021-09-24,,0,
Scotland,Laurinburg,15527.0,1.29,2021-09-25,,0,
Scotland,Laurinburg,15527.0,5.800000000000001,2021-09-26,,0,
Scotland,Laurinburg,15527.0,1.29,2021-09-27,,0,
Scotland,Laurinburg,15527.0,5.800000000000001,2021-09-28,29939.522374279793,0,13284355.2361686
Scotland,Laurinburg,15527.0,6.440000000000001,2021-09-29,,0,
Scotland,Laurinburg,15527.0,3.8600000000000003,2021-09-30,21887.496430610794,0,11579239.7697495
Scotland,Laurinburg,15527.0,1.29,2021-10-01,,0,
Scotland,Laurinburg,15527.0,1.29,2021-10-02,,0,
Scotland,Laurinburg,15527.0,1.29,2021-10-03,,0,
Scotland,Laurinburg,15527.0,5.15,2021-10-04,,0,
Scotland,Laurinburg,15527.0,3.2200000000000006,2021-10-05,,0,
Scotland,Laurinburg,15527.0,3.8600000000000003,2021-10-06,22785.686296444983,0,12832117.2315424
Scotland,Laurinburg,15527.0,1.29,2021-10-07,13779.51377952068,0,7189056.41312132
Scotland,Laurinburg,15527.0,3.2200000000000006,2021-10-08,,0,
Scotland,Laurinburg,15527.0,1.29,2021-10-09,,0,
Scotland,Laurinburg,15527.0,3.8600000000000003,2021-10-10,,0,
Scotland,Laurinburg,15527.0,1.29,2021-10-11,,0,
Scotland,Laurinburg,15527.0,1.29,2021-10-12,6855.654600401049,0,3092038.42403957
Scotland,Laurinburg,15527.0,3.2200000000000006,2021-10-13,,0,
Scotland,Laurinburg,15527.0,1.29,2021-10-14,15112.081259707413,0,8031654.140083891
Scotland,Laurinburg,15527.0,1.29,2021-10-15,,0,
Scotland,Laurinburg,15527.0,3.2200000000000006,2021-10-16,,0,
Scotland,Laurinburg,15527.0,1.29,2021-10-17,,0,
Scotland,Laurinburg,15527.0,1.29,2021-10-18,,0,
Scotland,Laurinburg,15527.0,3.2200000000000006,2021-10-19,42093.645601206845,0,24937162.6922718
Scotland,Laurinburg,15527.0,1.29,2021-10-20,,0,
Scotland,Laurinburg,15527.0,1.29,2021-10-21,32403.703492039305,0,11612780.2809419
Scotland,Laurinburg,15527.0,,2021-10-22,,0,
Scotland,Laurinburg,15527.0,1.29,2021-10-23,,0,
Scotland,Laurinburg,15527.0,1.29,2021-10-24,,0,
Scotland,Laurinburg,15527.0,,2021-10-25,,0,
Scotland,Laurinburg,15527.0,1.29,2021-10-26,19155.612754490554,0,9853776.98583047
Scotland,Laurinburg,15527.0,3.8600000000000003,2021-10-27,,0,
Scotland,Laurinburg,15527.0,1.29,2021-10-28,16186.414056238647,0,13259103.1069821
Scotland,Laurinburg,15527.0,1.29,2021-10-29,,0,
Scotland,Laurinburg,15527.0,1.29,2021-10-30,,0,
Scotland,Laurinburg,15527.0,,2021-10-31,,0,
Scotland,Laurinburg,15527.0,1.29,2021-11-01,,0,
Scotland,Laurinburg,15527.0,1.29,2021-11-02,11842.719282327005,0,6958132.6249039
Scotland,Laurinburg,15527.0,,2021-11-03,,0,
Scotland,Laurinburg,15527.0,1.29,2021-11-04,11726.03939955857,0,6117716.49527988
Scotland,Laurinburg,15527.0,1.29,2021-11-05,,0,
Scotland,Laurinburg,15527.0,1.29,2021-11-06,,0,
Scotland,Laurinburg,15527.0,,2021-11-07,,0,
Scotland,Laurinburg,15527.0,,2021-11-08,,0,
Scotland,Laurinburg,15527.0,1.29,2021-11-09,36725.331856907665,0,19787103.5857935
Scotland,Laurinburg,15527.0,1.29,2021-11-10,,0,
Scotland,Laurinburg,15527.0,1.29,2021-11-11,11205.467415507495,0,5764168.35888045
Scotland,Laurinburg,15527.0,1.29,2021-11-12,,0,
Scotland,Laurinburg,15527.0,,2021-11-13,,0,
Scotland,Laurinburg,15527.0,,2021-11-14,,0,
Scotland,Laurinburg,15527.0,,2021-11-15,,0,
Scotland,Laurinburg,15527.0,,2021-11-16,0.0,0,977542.071169478
Scotland,Laurinburg,15527.0,1.29,2021-11-17,,0,
Scotland,Laurinburg,15527.0,1.29,2021-11-18,,0,
Scotland,Laurinburg,15527.0,1.29,2021-11-19,,0,
Scotland,Laurinburg,15527.0,3.8600000000000003,2021-11-20,,0,
Scotland,Laurinburg,15527.0,1.29,2021-11-21,,0,
Scotland,Laurinburg,15527.0,,2021-11-22,,0,
Scotland,Laurinburg,15527.0,1.29,2021-11-23,8392.705165797262,0,4726483.77477598
Scotland,Laurinburg,15527.0,1.29,2021-11-24,,0,
Scotland,Laurinburg,15527.0,,2021-11-25,9185.586535436922,0,4971461.63342301
Scotland,Laurinburg,15527.0,1.29,2021-11-26,,0,
Scotland,Laurinburg,15527.0,,2021-11-27,,0,
Scotland,Laurinburg,15527.0,,2021-11-28,,0,
Scotland,Laurinburg,15527.0,,2021-11-29,,0,
Scotland,Laurinburg,15527.0,,2021-11-30,4873.397172404486,0,2780173.43440604
Scotland,Laurinburg,15527.0,1.29,2021-12-01,,0,
Scotland,Laurinburg,15527.0,1.29,2021-12-02,18829.83005765058,0,10604314.6388569
Scotland,Laurinburg,15527.0,3.8600000000000003,2021-12-03,,0,
Scotland,Laurinburg,15527.0,1.29,2021-12-04,,0,
Scotland,Laurinburg,15527.0,1.29,2021-12-05,,0,
Scotland,Laurinburg,15527.0,1.29,2021-12-06,,0,
Scotland,Laurinburg,15527.0,1.29,2021-12-07,,0,
Scotland,Laurinburg,15527.0,3.8600000000000003,2021-12-08,,0,
Scotland,Laurinburg,15527.0,6.440000000000001,2021-12-09,32310.988842807026,0,17172398.880719
Scotland,Laurinburg,15527.0,1.29,2021-12-10,,0,
Scotland,Laurinburg,15527.0,1.29,2021-12-11,,0,
Scotland,Laurinburg,15527.0,1.29,2021-12-12,,0,
Scotland,Laurinburg,15527.0,3.8600000000000003,2021-12-13,,0,
Scotland,Laurinburg,15527.0,1.29,2021-12-14,23005.43414065467,0,10768516.7231522
Scotland,Laurinburg,15527.0,3.8600000000000003,2021-12-15,,0,
Scotland,Laurinburg,15527.0,4.510000000000001,2021-12-16,18466.185312619404,0,9003915.48687956
Scotland,Laurinburg,15527.0,1.29,2021-12-17,,0,
Scotland,Laurinburg,15527.0,1.29,2021-12-18,,0,
Scotland,Laurinburg,15527.0,1.29,2021-12-19,,0,
Scotland,Laurinburg,15527.0,1.29,2021-12-20,,0,
Scotland,Laurinburg,15527.0,8.370000000000001,2021-12-21,,0,
Scotland,Laurinburg,15527.0,9.66,2021-12-22,,0,
Scotland,Laurinburg,15527.0,5.800000000000001,2021-12-23,14543.039572249001,0,8225596.382595231
Scotland,Laurinburg,15527.0,9.020000000000001,2021-12-24,,0,
Scotland,Laurinburg,15527.0,3.8600000000000003,2021-12-25,,0,
Scotland,Laurinburg,15527.0,9.020000000000001,2021-12-26,,0,
Scotland,Laurinburg,15527.0,10.950000000000001,2021-12-27,,0,
Scotland,Laurinburg,15527.0,27.05,2021-12-28,195208.22216289953,0,100416432.073818
Scotland,Laurinburg,15527.0,44.44,2021-12-29,,0,
Scotland,Laurinburg,15527.0,41.22,2021-12-30,,0,
Scotland,Laurinburg,15527.0,35.42,2021-12-31,,0,
Scotland,Laurinburg,15527.0,25.12,2022-01-01,,0,
Scotland,Laurinburg,15527.0,19.32,2022-01-02,,0,
Scotland,Laurinburg,15527.0,25.12,2022-01-03,,0,
Scotland,Laurinburg,15527.0,42.510000000000005,2022-01-04,,0,
Scotland,Laurinburg,15527.0,22.540000000000003,2022-01-18,113935.2886510584,0,88608047.0724864
Scotland,Laurinburg,15527.0,43.150000000000006,2022-01-19,,0,
Scotland,Laurinburg,15527.0,41.86000000000001,2022-01-20,169926.45467966422,0,130081300.241477
Scotland,Laurinburg,15527.0,32.2,2022-01-21,,0,
Scotland,Laurinburg,15527.0,7.08,2022-01-22,,0,
Scotland,Laurinburg,15527.0,8.370000000000001,2022-01-23,,0,
Scotland,Laurinburg,15527.0,11.590000000000002,2022-01-24,,0,
Scotland,Laurinburg,15527.0,27.689999999999998,2022-01-25,,0,
Scotland,Laurinburg,15527.0,17.39,2022-01-26,,0,
Scotland,Laurinburg,15527.0,15.46,2022-01-27,73739.40601876305,0,56089097.7223861
Scotland,Laurinburg,15527.0,16.1,2022-01-28,,0,
Scotland,Laurinburg,15527.0,7.73,2022-01-29,,0,
Scotland,Laurinburg,15527.0,3.2200000000000006,2022-01-30,,0,
Scotland,Laurinburg,15527.0,1.29,2022-01-31,,0,
Scotland,Laurinburg,15527.0,11.590000000000002,2022-02-01,145816.66571417692,0,102737556.158945
Scotland,Laurinburg,15527.0,12.880000000000003,2022-02-02,,0,
Scotland,Laurinburg,15527.0,4.510000000000001,2022-02-03,18459.41494197475,0,13005887.7013399
Scotland,Laurinburg,15527.0,7.08,2022-02-04,,0,
Scotland,Laurinburg,15527.0,6.440000000000001,2022-02-05,,0,
Scotland,Laurinburg,15527.0,3.2200000000000006,2022-02-06,,0,
Scotland,Laurinburg,15527.0,1.29,2022-02-07,,0,
Scotland,Laurinburg,15527.0,8.370000000000001,2022-02-08,52440.44240850753,0,32984528.2919021
Scotland,Laurinburg,15527.0,1.29,2022-02-09,,0,
Scotland,Laurinburg,15527.0,3.8600000000000003,2022-02-10,4387.482193696063,0,2652719.14974704
Scotland,Laurinburg,15527.0,1.29,2022-02-11,,0,
Scotland,Laurinburg,15527.0,1.29,2022-02-12,,0,
Scotland,Laurinburg,15527.0,1.29,2022-02-13,,0,
Scotland,Laurinburg,15527.0,1.29,2022-02-14,,0,
Scotland,Laurinburg,15527.0,5.15,2022-02-15,9743.587634952537,0,6318656.6525864
Scotland,Laurinburg,15527.0,1.29,2022-02-16,,0,
Scotland,Laurinburg,15527.0,4.510000000000001,2022-02-17,0.0,0,1160376.9880925
Scotland,Laurinburg,15527.0,3.2200000000000006,2022-02-18,,0,
Scotland,Laurinburg,15527.0,1.29,2022-02-19,,0,
Scotland,Laurinburg,15527.0,1.29,2022-02-20,,0,
Scotland,Laurinburg,15527.0,1.29,2022-02-21,,0,
Scotland,Laurinburg,15527.0,1.29,2022-02-22,3716.517186829632,0,2120197.05880841
Scotland,Laurinburg,15527.0,1.29,2022-02-23,,0,
Scotland,Laurinburg,15527.0,,2022-02-24,2738.612787525828,0,2076420.20163263
Scotland,Laurinburg,15527.0,,2022-02-25,,0,
Scotland,Laurinburg,15527.0,1.29,2022-02-26,,0,
Scotland,Laurinburg,15527.0,1.29,2022-02-27,,0,
Scotland,Laurinburg,15527.0,,2022-02-28,,0,
Scotland,Laurinburg,15527.0,,2022-03-01,3464.1016151377585,0,2525143.34123062
Scotland,Laurinburg,15527.0,1.29,2022-03-02,,0,
Scotland,Laurinburg,15527.0,,2022-03-03,3791.4377220257784,0,2874673.59938779
Scotland,Laurinburg,15527.0,,2022-03-04,,0,
Scotland,Laurinburg,15527.0,1.29,2022-03-05,,0,
Scotland,Laurinburg,15527.0,,2022-03-06,,0,
Scotland,Laurinburg,15527.0,,2022-03-07,,0,
Scotland,Laurinburg,15527.0,1.29,2022-03-08,0.0,0,204264.171199693
Scotland,Laurinburg,15527.0,1.29,2022-03-09,,0,
Scotland,Laurinburg,15527.0,1.29,2022-03-10,3464.1016151377585,0,2913626.93218918
Scotland,Laurinburg,15527.0,,2022-03-11,,0,
Scotland,Laurinburg,15527.0,1.29,2022-03-12,,0,
Scotland,Laurinburg,15527.0,,2022-03-13,,0,
Scotland,Laurinburg,15527.0,,2022-03-14,,0,
Scotland,Laurinburg,15527.0,1.29,2022-03-15,0.0,0,208610.217395431
Scotland,Laurinburg,15527.0,1.29,2022-03-16,,0,
Scotland,Laurinburg,15527.0,,2022-03-17,,0,
Scotland,Laurinburg,15527.0,,2022-03-18,,0,
Scotland,Laurinburg,15527.0,,2022-03-19,,0,
Scotland,Laurinburg,15527.0,,2022-03-20,,0,
Scotland,Laurinburg,15527.0,,2022-03-21,,0,
Scotland,Laurinburg,15527.0,,2022-03-22,0.0,0,304947.574734294
Scotland,Laurinburg,15527.0,1.29,2022-03-23,,0,
Scotland,Laurinburg,15527.0,,2022-03-24,0.0,0,288287.730983964
Scotland,Laurinburg,15527.0,,2022-03-25,,0,
Scotland,Laurinburg,15527.0,1.29,2022-03-26,,0,
Scotland,Laurinburg,15527.0,,2022-03-27,,0,
Scotland,Laurinburg,15527.0,,2022-03-28,,0,
Scotland,Laurinburg,15527.0,,2022-03-29,0.0,0,248448.974189698
Scotland,Laurinburg,15527.0,,2022-03-30,,0,
Scotland,Laurinburg,15527.0,1.29,2022-03-31,0.0,0,215853.627721662
Scotland,Laurinburg,15527.0,,2022-04-01,,0,
Scotland,Laurinburg,15527.0,,2022-04-02,,0,
Scotland,Laurinburg,15527.0,,2022-04-03,,0,
Scotland,Laurinburg,15527.0,,2022-04-04,,0,
Scotland,Laurinburg,15527.0,1.29,2022-04-05,0.0,0,167322.778535919
Scotland,Laurinburg,15527.0,1.29,2022-04-06,,0,
Scotland,Laurinburg,15527.0,,2022-04-07,0.0,0,278871.297559865
Scotland,Laurinburg,15527.0,,2022-04-08,,0,
Scotland,Laurinburg,15527.0,1.29,2022-04-09,,0,
Scotland,Laurinburg,15527.0,,2022-04-10,,0,
Scotland,Laurinburg,15527.0,,2022-04-11,,0,
Scotland,Laurinburg,15527.0,1.29,2022-04-12,0.0,0,234686.49456986
Scotland,Laurinburg,15527.0,1.29,2022-04-13,,0,
Scotland,Laurinburg,15527.0,3.8600000000000003,2022-04-14,2250.0000000000005,0,2205122.88272042
Scotland,Laurinburg,15527.0,,2022-04-15,,0,
Scotland,Laurinburg,15527.0,3.2200000000000006,2022-04-16,,0,
Scotland,Laurinburg,15527.0,,2022-04-17,,0,
Scotland,Laurinburg,15527.0,,2022-04-18,,0,
Scotland,Laurinburg,15527.0,,2022-04-19,4250.0000000000055,0,3926922.81187607
Scotland,Laurinburg,15527.0,1.29,2022-04-20,,0,
Scotland,Laurinburg,15527.0,3.2200000000000006,2022-04-21,29799.328851502647,0,24846019.042050295
Scotland,Laurinburg,15527.0,1.29,2022-04-22,,0,
Scotland,Laurinburg,15527.0,5.15,2022-04-23,,0,
Scotland,Laurinburg,15527.0,1.29,2022-04-24,,0,
Scotland,Laurinburg,15527.0,1.29,2022-04-25,,0,
Scotland,Laurinburg,15527.0,1.29,2022-04-26,6422.616289332563,0,4869637.01887671
Scotland,Laurinburg,15527.0,1.29,2022-04-27,,0,
Scotland,Laurinburg,15527.0,1.29,2022-04-28,19183.326093250886,0,14544825.7657917
Scotland,Laurinburg,15527.0,1.29,2022-04-29,,0,
Scotland,Laurinburg,15527.0,,2022-04-30,,0,
Scotland,Laurinburg,15527.0,,2022-05-01,,0,
Scotland,Laurinburg,15527.0,1.29,2022-05-02,,0,
Scotland,Laurinburg,15527.0,1.29,2022-05-03,0.0,0,215853.627721662
Scotland,Laurinburg,15527.0,1.29,2022-05-04,,0,
Scotland,Laurinburg,15527.0,1.29,2022-05-05,0.0,0,215853.627721662
Scotland,Laurinburg,15527.0,1.29,2022-05-06,,0,
Scotland,Laurinburg,15527.0,1.29,2022-05-07,,0,
Scotland,Laurinburg,15527.0,1.29,2022-05-08,,0,
Scotland,Laurinburg,15527.0,1.29,2022-05-09,,0,
Scotland,Laurinburg,15527.0,1.29,2022-05-10,2738.612787525828,0,2069743.60934443
Scotland,Laurinburg,15527.0,1.29,2022-05-11,,0,
Scotland,Laurinburg,15527.0,1.29,2022-05-12,71239.03424387508,0,54013539.4541919
Scotland,Laurinburg,15527.0,1.29,2022-05-13,,0,
Scotland,Laurinburg,15527.0,5.15,2022-05-14,,0,
Scotland,Laurinburg,15527.0,1.29,2022-05-15,,0,
Scotland,Laurinburg,15527.0,1.29,2022-05-16,,0,
Scotland,Laurinburg,15527.0,3.2200000000000006,2022-05-17,19865.17052531893,0,14480638.4591074
Scotland,Laurinburg,15527.0,3.8600000000000003,2022-05-18,,0,
Scotland,Laurinburg,15527.0,1.29,2022-05-19,26739.48391424189,0,18318232.4447227
Scotland,Laurinburg,15527.0,1.29,2022-05-20,,0,
Scotland,Laurinburg,15527.0,3.8600000000000003,2022-05-21,,0,
Scotland,Laurinburg,15527.0,3.2200000000000006,2022-05-22,,0,
Scotland,Laurinburg,15527.0,4.510000000000001,2022-05-23,,0,
Scotland,Laurinburg,15527.0,6.440000000000001,2022-05-24,52440.44240850753,0,29788353.0698185
Scotland,Laurinburg,15527.0,1.29,2022-05-25,,0,
Scotland,Laurinburg,15527.0,6.440000000000001,2022-05-26,20766.559657295187,0,14125147.1917024
Scotland,Laurinburg,15527.0,3.2200000000000006,2022-05-27,,0,
Scotland,Laurinburg,15527.0,5.15,2022-05-28,,0,
Scotland,Laurinburg,15527.0,5.800000000000001,2022-05-29,,0,
Scotland,Laurinburg,15527.0,3.8600000000000003,2022-05-30,,0,
Scotland,Laurinburg,15527.0,5.15,2022-05-31,,0,
Scotland,Laurinburg,15527.0,1.29,2022-06-01,,0,
Scotland,Laurinburg,15527.0,4.510000000000001,2022-06-02,24447.648148646113,0,12635637.913312
Scotland,Laurinburg,15527.0,4.510000000000001,2022-06-03,,0,
Scotland,Laurinburg,15527.0,5.15,2022-06-04,,0,
Scotland,Laurinburg,15527.0,1.29,2022-06-05,,0,
Scotland,Laurinburg,15527.0,1.29,2022-06-06,,0,
Scotland,Laurinburg,15527.0,8.370000000000001,2022-06-07,9486.832980505142,0,4625678.82583939
Scotland,Laurinburg,15527.0,7.08,2022-06-08,,0,
Scotland,Laurinburg,15527.0,7.73,2022-06-09,32962.09944769905,0,24991911.7785395
Scotland,Laurinburg,15527.0,1.29,2022-06-10,,0,
Scotland,Laurinburg,15527.0,4.510000000000001,2022-06-11,,0,
Scotland,Laurinburg,15527.0,1.29,2022-06-12,,0,
Scotland,Laurinburg,15527.0,3.2200000000000006,2022-06-13,,0,
Scotland,Laurinburg,15527.0,6.440000000000001,2022-06-14,17776.388834631194,0,12567988.1918192
Scotland,Laurinburg,15527.0,5.800000000000001,2022-06-15,,0,
Scotland,Laurinburg,15527.0,4.510000000000001,2022-06-16,35161.2357575783,0,24173384.6834287
Scotland,Laurinburg,15527.0,5.15,2022-06-17,,0,
Scotland,Laurinburg,15527.0,3.8600000000000003,2022-06-18,,0,
Scotland,Laurinburg,15527.0,1.29,2022-06-19,,0,
Scotland,Laurinburg,15527.0,4.510000000000001,2022-06-20,,0,
Scotland,Laurinburg,15527.0,6.440000000000001,2022-06-21,43039.22629416098,0,24238216.491540305
Scotland,Laurinburg,15527.0,1.29,2022-06-22,,0,
Scotland,Laurinburg,15527.0,5.800000000000001,2022-06-23,19086.9719966264,0,14425236.9271392
Scotland,Laurinburg,15527.0,5.15,2022-06-24,,0,
Scotland,Laurinburg,15527.0,1.29,2022-06-25,,0,
Scotland,Laurinburg,15527.0,1.29,2022-06-26,,0,
Scotland,Laurinburg,15527.0,1.29,2022-06-27,,0,
Scotland,Laurinburg,15527.0,3.8600000000000003,2022-06-28,18031.222920256987,0,12396483.7575449
Scotland,Laurinburg,15527.0,3.2200000000000006,2022-06-29,,0,
Scotland,Laurinburg,15527.0,3.2200000000000006,2022-06-30,24787.849846245263,0,18794183.8328593
Scotland,Laurinburg,15527.0,3.2200000000000006,2022-07-01,,0,
Scotland,Laurinburg,15527.0,4.510000000000001,2022-07-02,,0,
Scotland,Laurinburg,15527.0,1.29,2022-07-03,,0,
Scotland,Laurinburg,15527.0,,2022-07-04,,0,
Scotland,Laurinburg,15527.0,1.29,2022-07-05,,0,
Scotland,Laurinburg,15527.0,6.440000000000001,2022-07-06,,0,
Scotland,Laurinburg,15527.0,4.510000000000001,2022-07-07,219374.10968480312,0,159911900.357734
Scotland,Laurinburg,15527.0,3.8600000000000003,2022-07-08,,0,
Scotland,Laurinburg,15527.0,4.510000000000001,2022-07-09,,0,
Scotland,Laurinburg,15527.0,3.8600000000000003,2022-07-10,,0,
Scotland,Laurinburg,15527.0,4.510000000000001,2022-07-11,,0,
Scotland,Laurinburg,15527.0,7.08,2022-07-12,10037.429949942361,0,7072038.1523127
Scotland,Laurinburg,15527.0,5.800000000000001,2022-07-13,,0,
Scotland,Laurinburg,15527.0,3.8600000000000003,2022-07-14,7193.747284969078,0,4945708.43965427
Scotland,Laurinburg,15527.0,5.15,2022-07-15,,0,
Scotland,Laurinburg,15527.0,4.510000000000001,2022-07-16,,0,
Scotland,Laurinburg,15527.0,1.29,2022-07-17,,0,
Scotland,Laurinburg,15527.0,5.15,2022-07-18,,0,
Scotland,Laurinburg,15527.0,4.510000000000001,2022-07-19,0.0,0,172393.16576428
Scotland,Laurinburg,15527.0,4.510000000000001,2022-07-20,,0,
Scotland,Laurinburg,15527.0,4.510000000000001,2022-07-21,43309.92957740757,0,30409143.6450233
Scotland,Laurinburg,15527.0,5.800000000000001,2022-07-22,,0,
Scotland,Laurinburg,15527.0,5.800000000000001,2022-07-23,,0,
Scotland,Laurinburg,15527.0,4.510000000000001,2022-07-24,,0,
Scotland,Laurinburg,15527.0,5.15,2022-07-25,,0,
Scotland,Laurinburg,15527.0,7.08,2022-07-26,17069.710015111566,0,9945995.74264031
Scotland,Laurinburg,15527.0,4.510000000000001,2022-07-27,,0,
Scotland,Laurinburg,15527.0,10.3,2022-07-28,137113.09200802085,0,79891587.3886983
Scotland,Laurinburg,15527.0,1.29,2022-07-29,,0,
Scotland,Laurinburg,15527.0,5.15,2022-07-30,,0,
Scotland,Laurinburg,15527.0,4.510000000000001,2022-07-31,,0,
Scotland,Laurinburg,15527.0,6.440000000000001,2022-08-01,,0,
Scotland,Laurinburg,15527.0,5.800000000000001,2022-08-02,66238.20649745897,0,45054377.4188569
Scotland,Laurinburg,15527.0,7.08,2022-08-03,,0,
Scotland,Laurinburg,15527.0,8.370000000000001,2022-08-04,39656.73019803825,0,23106758.6600794
Scotland,Laurinburg,15527.0,8.370000000000001,2022-08-05,,0,
Scotland,Laurinburg,15527.0,3.2200000000000006,2022-08-06,,0,
Scotland,Laurinburg,15527.0,5.15,2022-08-07,,0,
Scotland,Laurinburg,15527.0,3.8600000000000003,2022-08-08,,0,
Scotland,Laurinburg,15527.0,3.2200000000000006,2022-08-09,109330.34802834959,0,56506813.3434797
Scotland,Laurinburg,15527.0,1.29,2022-08-10,,0,
Scotland,Laurinburg,15527.0,5.15,2022-08-11,28578.838324886485,0,16164295.5020582
Scotland,Laurinburg,15527.0,3.8600000000000003,2022-08-12,,0,
Scotland,Laurinburg,15527.0,3.2200000000000006,2022-08-13,,0,
Scotland,Laurinburg,15527.0,1.29,2022-08-14,,0,
Scotland,Laurinburg,15527.0,,2022-08-15,,0,
Scotland,Laurinburg,15527.0,6.440000000000001,2022-08-16,42060.224678429906,0,22866551.6281274
Scotland,Laurinburg,15527.0,3.8600000000000003,2022-08-17,,0,
Scotland,Laurinburg,15527.0,6.440000000000001,2022-08-18,0.0,0,215853.627721662
Scotland,Laurinburg,15527.0,5.800000000000001,2022-08-19,,0,
Scotland,Laurinburg,15527.0,4.510000000000001,2022-08-20,,0,
Scotland,Laurinburg,15527.0,1.29,2022-08-21,,0,
Scotland,Laurinburg,15527.0,1.29,2022-08-22,,0,
Scotland,Laurinburg,15527.0,3.2200000000000006,2022-08-23,,0,
Scotland,Laurinburg,15527.0,3.2200000000000006,2022-08-24,,0,
Scotland,Laurinburg,15527.0,1.29,2022-08-25,0.0,0,169061.197014214
Scotland,Laurinburg,15527.0,1.29,2022-08-26,,0,
Scotland,Laurinburg,15527.0,3.8600000000000003,2022-08-27,,0,
Scotland,Laurinburg,15527.0,1.29,2022-08-28,,0,
Scotland,Laurinburg,15527.0,3.8600000000000003,2022-08-29,,0,
Scotland,Laurinburg,15527.0,1.29,2022-08-30,4999.999999999998,0,3792226.25104657
Scotland,Laurinburg,15527.0,3.2200000000000006,2022-08-31,,0,
Scotland,Laurinburg,15527.0,5.15,2022-09-01,0.0,0,152111.616850835
Scotland,Laurinburg,15527.0,1.29,2022-09-02,,0,
Scotland,Laurinburg,15527.0,1.29,2022-09-03,,0,
Scotland,Laurinburg,15527.0,1.29,2022-09-04,,0,
Scotland,Laurinburg,15527.0,5.15,2022-09-05,,0,
Scotland,Laurinburg,15527.0,3.2200000000000006,2022-09-06,,0,
Scotland,Laurinburg,15527.0,5.800000000000001,2022-09-07,,0,
Scotland,Laurinburg,15527.0,7.73,2022-09-08,21771.54105707725,0,11199428.2283661
Scotland,Laurinburg,15527.0,1.29,2022-09-09,,0,
Scotland,Laurinburg,15527.0,1.29,2022-09-10,,0,
Scotland,Laurinburg,15527.0,1.29,2022-09-11,,0,
Scotland,Laurinburg,15527.0,6.440000000000001,2022-09-12,,0,
Scotland,Laurinburg,15527.0,4.510000000000001,2022-09-13,28473.672049807727,0,13814042.2472409
Scotland,Laurinburg,15527.0,3.8600000000000003,2022-09-14,,0,
Scotland,Laurinburg,15527.0,5.800000000000001,2022-09-15,7992.183681572886,0,3468244.31974253
Scotland,Laurinburg,15527.0,4.510000000000001,2022-09-16,,0,
Scotland,Laurinburg,15527.0,1.29,2022-09-17,,0,
Scotland,Laurinburg,15527.0,1.29,2022-09-18,,0,
Scotland,Laurinburg,15527.0,1.29,2022-09-19,,0,
Scotland,Laurinburg,15527.0,3.8600000000000003,2022-09-20,4750.000000000001,0,2431851.93533843
Scotland,Laurinburg,15527.0,1.29,2022-09-21,,0,
Scotland,Laurinburg,15527.0,1.29,2022-09-22,20632.195714465313,0,15643360.8214683
Scotland,Laurinburg,15527.0,1.29,2022-09-23,,0,
Scotland,Laurinburg,15527.0,4.510000000000001,2022-09-24,,0,
Scotland,Laurinburg,15527.0,1.29,2022-09-25,,0,
Scotland,Laurinburg,15527.0,1.29,2022-09-26,,0,
Scotland,Laurinburg,15527.0,1.29,2022-09-27,30108.138434649194,0,22020611.9463877
Scotland,Laurinburg,15527.0,1.29,2022-09-28,,0,
Scotland,Laurinburg,15527.0,3.8600000000000003,2022-09-29,4031.128874149274,0,3164512.23503954
Scotland,Laurinburg,15527.0,,2022-09-30,,0,
Scotland,Laurinburg,15527.0,,2022-10-01,,0,
Scotland,Laurinburg,15527.0,1.29,2022-10-02,,0,
Scotland,Laurinburg,15527.0,1.29,2022-10-03,,0,
Scotland,Laurinburg,15527.0,1.29,2022-10-04,9542.667341996159,0,7398115.87565708
Scotland,Laurinburg,15527.0,4.510000000000001,2022-10-05,,0,
Scotland,Laurinburg,15527.0,1.29,2022-10-06,5419.404998415743,0,3818331.89399746
Scotland,Laurinburg,15527.0,1.29,2022-10-07,,0,
Scotland,Laurinburg,15527.0,1.29,2022-10-08,,0,
Scotland,Laurinburg,15527.0,,2022-10-09,,0,
Scotland,Laurinburg,15527.0,1.29,2022-10-10,,0,
Scotland,Laurinburg,15527.0,,2022-10-11,0.0,0,1391052.23974183
Scotland,Laurinburg,15527.0,1.29,2022-10-12,,0,
Scotland,Laurinburg,15527.0,1.29,2022-10-13,3856.8121551353784,0,2924240.58972588
Scotland,Laurinburg,15527.0,1.29,2022-10-14,,0,
Scotland,Laurinburg,15527.0,1.29,2022-10-15,,0,
Scotland,Laurinburg,15527.0,1.29,2022-10-16,,0,
Scotland,Laurinburg,15527.0,1.29,2022-10-17,,0,
Scotland,Laurinburg,15527.0,1.29,2022-10-18,8116.341540373966,0,5955949.88043177
Scotland,Laurinburg,15527.0,1.29,2022-10-19,,0,
Scotland,Laurinburg,15527.0,,2022-10-20,5111.262075065215,0,2965714.43758005
Scotland,Laurinburg,15527.0,1.29,2022-10-21,,0,
Scotland,Laurinburg,15527.0,1.29,2022-10-22,,0,
Scotland,Laurinburg,15527.0,1.29,2022-10-23,,0,
Scotland,Laurinburg,15527.0,1.29,2022-10-24,,0,
Scotland,Laurinburg,15527.0,,2022-10-25,3000.000000000005,0,1543220.32588394
Scotland,Laurinburg,15527.0,,2022-10-26,,0,
Scotland,Laurinburg,15527.0,1.29,2022-10-27,10920.164833920788,0,3221356.49348951
Scotland,Laurinburg,15527.0,1.29,2022-10-28,,0,
Scotland,Laurinburg,15527.0,1.29,2022-10-29,,0,
Scotland,Laurinburg,15527.0,1.29,2022-10-30,,0,
Scotland,Laurinburg,15527.0,,2022-10-31,,0,
Scotland,Laurinburg,15527.0,5.15,2022-11-01,53619.02647381808,0,14509957.0891691
Scotland,Laurinburg,15527.0,1.29,2022-11-02,,0,
Scotland,Laurinburg,15527.0,1.29,2022-11-03,15986.32227874819,0,5066594.42649355
Scotland,Laurinburg,15527.0,3.2200000000000006,2022-11-04,,0,
Scotland,Laurinburg,15527.0,1.29,2022-11-05,,0,
Scotland,Laurinburg,15527.0,1.29,2022-11-06,,0,
Scotland,Laurinburg,15527.0,1.29,2022-11-07,,0,
Scotland,Laurinburg,15527.0,,2022-11-08,9260.12958872608,0,4221656.52086404
Scotland,Laurinburg,15527.0,1.29,2022-11-09,,0,
Scotland,Laurinburg,15527.0,1.29,2022-11-10,3162.2776601683827,0,1449379.36542967
Scotland,Laurinburg,15527.0,1.29,2022-11-11,,0,
Scotland,Laurinburg,15527.0,1.29,2022-11-12,,0,
Scotland,Laurinburg,15527.0,,2022-11-13,,0,
Scotland,Laurinburg,15527.0,,2022-11-14,,0,
Scotland,Laurinburg,15527.0,1.29,2022-11-15,0.0,0,160079.368209688
Scotland,Laurinburg,15527.0,1.29,2022-11-16,,0,
Scotland,Laurinburg,15527.0,1.29,2022-11-17,,0,
Scotland,Laurinburg,15527.0,1.29,2022-11-18,,0,
Scotland,Laurinburg,15527.0,,2022-11-19,,0,
Scotland,Laurinburg,15527.0,1.29,2022-11-20,,0,
Scotland,Laurinburg,15527.0,,2022-11-21,,0,
Scotland,Laurinburg,15527.0,1.29,2022-11-22,,0,
Scotland,Laurinburg,15527.0,1.29,2022-11-23,,0,
Scotland,Laurinburg,15527.0,1.29,2022-11-24,6955.213871621792,0,3357375.40075233
Scotland,Laurinburg,15527.0,1.29,2022-11-25,,0,
Scotland,Laurinburg,15527.0,,2022-11-26,,0,
Scotland,Laurinburg,15527.0,,2022-11-27,,0,
Scotland,Laurinburg,15527.0,1.29,2022-11-28,,0,
Scotland,Laurinburg,15527.0,1.29,2022-11-29,14570.947120897836,0,7495393.921449871
Scotland,Laurinburg,15527.0,1.29,2022-11-30,,0,
Scotland,Laurinburg,15527.0,1.29,2022-12-01,6363.961030678928,0,3475359.65167718
Scotland,Laurinburg,15527.0,1.29,2022-12-02,,0,
Scotland,Laurinburg,15527.0,,2022-12-03,,0,
Scotland,Laurinburg,15527.0,,2022-12-04,,0,
Scotland,Laurinburg,15527.0,1.29,2022-12-05,,0,
Scotland,Laurinburg,15527.0,1.29,2022-12-06,18503.378069963335,0,9879145.05621343
Scotland,Laurinburg,15527.0,1.29,2022-12-07,,0,
Scotland,Laurinburg,15527.0,1.29,2022-12-08,9236.476600955593,0,4976486.52932432
Scotland,Laurinburg,15527.0,1.29,2022-12-09,,0,
Scotland,Laurinburg,15527.0,1.29,2022-12-10,,0,
Scotland,Laurinburg,15527.0,1.29,2022-12-11,,0,
Scotland,Laurinburg,15527.0,1.29,2022-12-12,,0,
Scotland,Laurinburg,15527.0,1.29,2022-12-13,8366.600265340756,0,4303835.86267328
Scotland,Laurinburg,15527.0,5.800000000000001,2022-12-14,,0,
Scotland,Laurinburg,15527.0,3.8600000000000003,2022-12-15,103923.04845413259,0,78794606.6009423
Scotland,Laurinburg,15527.0,5.15,2022-12-16,,0,
Scotland,Laurinburg,15527.0,3.2200000000000006,2022-12-17,,0,
Scotland,Laurinburg,15527.0,1.29,2022-12-18,,0,
Scotland,Laurinburg,15527.0,1.29,2022-12-19,,0,
Scotland,Laurinburg,15527.0,4.510000000000001,2022-12-20,87464.27842267945,0,42220185.0641848
Scotland,Laurinburg,15527.0,5.800000000000001,2022-12-21,,0,
Scotland,Laurinburg,15527.0,5.800000000000001,2022-12-22,55418.85960573352,0,16753420.7141053
Scotland,Laurinburg,15527.0,3.2200000000000006,2022-12-23,,0,
Scotland,Laurinburg,15527.0,4.510000000000001,2022-12-24,,0,
Scotland,Laurinburg,15527.0,1.29,2022-12-25,,0,
Scotland,Laurinburg,15527.0,1.29,2022-12-26,,0,
Scotland,Laurinburg,15527.0,5.800000000000001,2022-12-27,4107.919181288749,0,2313439.227864
Scotland,Laurinburg,15527.0,3.2200000000000006,2022-12-28,,0,
Scotland,Laurinburg,15527.0,4.510000000000001,2022-12-29,6403.124237432854,0,3637240.96850141
Scotland,Laurinburg,15527.0,1.29,2022-12-30,,0,
Scotland,Laurinburg,15527.0,4.510000000000001,2022-12-31,,0,
Scotland,Laurinburg,15527.0,5.800000000000001,2023-01-01,,0,
Scotland,Laurinburg,15527.0,3.2200000000000006,2023-01-02,,0,
Scotland,Laurinburg,15527.0,4.510000000000001,2023-01-03,,0,
Scotland,Laurinburg,15527.0,10.950000000000001,2023-01-04,,0,
Scotland,Laurinburg,15527.0,6.440000000000001,2023-01-05,98456.84333757602,0,71529698.8223598
Scotland,Laurinburg,15527.0,9.020000000000001,2023-01-06,,0,
Scotland,Laurinburg,15527.0,1.29,2023-01-07,,0,
Scotland,Laurinburg,15527.0,1.29,2023-01-08,,0,
Scotland,Laurinburg,15527.0,1.29,2023-01-09,,0,
Scotland,Laurinburg,15527.0,5.800000000000001,2023-01-10,19855.729651664788,0,13069947.405372
Scotland,Laurinburg,15527.0,3.8600000000000003,2023-01-11,,0,
Scotland,Laurinburg,15527.0,3.2200000000000006,2023-01-12,8227.241335952172,0,6217848.77920085
Scotland,Laurinburg,15527.0,3.8600000000000003,2023-01-13,,0,
Scotland,Laurinburg,15527.0,1.29,2023-01-14,,0,
Scotland,Laurinburg,15527.0,3.8600000000000003,2023-01-15,,0,
Scotland,Laurinburg,15527.0,1.29,2023-01-16,,0,
Scotland,Laurinburg,15527.0,1.29,2023-01-17,,0,
Scotland,Laurinburg,15527.0,1.29,2023-01-18,,0,
Scotland,Laurinburg,15527.0,3.2200000000000006,2023-01-19,8374.067112222117,0,6900449.18693417
Scotland,Laurinburg,15527.0,5.15,2023-01-20,,0,
Scotland,Laurinburg,15527.0,5.800000000000001,2023-01-21,,0,
Scotland,Laurinburg,15527.0,1.29,2023-01-22,,0,
Scotland,Laurinburg,15527.0,1.29,2023-01-23,,0,
Scotland,Laurinburg,15527.0,1.29,2023-01-24,39591.66578965836,0,38512427.6295413
Scotland,Laurinburg,15527.0,3.2200000000000006,2023-01-25,,0,
Scotland,Laurinburg,15527.0,9.66,2023-01-26,109544.51150103328,0,87596890.8212868
Scotland,Laurinburg,15527.0,,2023-01-27,,0,
Scotland,Laurinburg,15527.0,1.29,2023-01-28,,0,
Scotland,Laurinburg,15527.0,1.29,2023-01-29,,0,
Scotland,Laurinburg,15527.0,1.29,2023-01-30,,0,
Scotland,Laurinburg,15527.0,3.8600000000000003,2023-01-31,47565.743976101156,0,33513235.7405947
Scotland,Laurinburg,15527.0,1.29,2023-02-01,,0,
Scotland,Laurinburg,15527.0,3.2200000000000006,2023-02-02,14581.666571417682,0,12039490.7073875
Scotland,Laurinburg,15527.0,5.15,2023-02-03,,0,
Scotland,Laurinburg,15527.0,1.29,2023-02-04,,0,
Scotland,Laurinburg,15527.0,1.29,2023-02-05,,0,
Scotland,Laurinburg,15527.0,1.29,2023-02-06,,0,
Scotland,Laurinburg,15527.0,4.510000000000001,2023-02-07,15491.93338482968,0,13532456.9386855
Scotland,Laurinburg,15527.0,3.2200000000000006,2023-02-08,,0,
Scotland,Laurinburg,15527.0,1.29,2023-02-09,,0,
Scotland,Laurinburg,15527.0,,2023-02-10,,0,
Scotland,Laurinburg,15527.0,1.29,2023-02-11,,0,
Scotland,Laurinburg,15527.0,1.29,2023-02-12,,0,
Scotland,Laurinburg,15527.0,1.29,2023-02-13,,0,
Scotland,Laurinburg,15527.0,3.2200000000000006,2023-02-14,7500.0000000000055,0,5902269.20847554
Scotland,Laurinburg,15527.0,1.29,2023-02-15,,0,
Scotland,Laurinburg,15527.0,1.29,2023-02-16,2872.281323269013,0,2088136.27592758
Scotland,Laurinburg,15527.0,1.29,2023-02-17,,0,
Scotland,Laurinburg,15527.0,1.29,2023-02-18,,0,
Scotland,Laurinburg,15527.0,1.29,2023-02-19,,0,
Scotland,Laurinburg,15527.0,1.29,2023-02-20,,0,
Scotland,Laurinburg,15527.0,6.440000000000001,2023-02-21,9500.000000000002,0,7228390.37161073
Scotland,Laurinburg,15527.0,3.2200000000000006,2023-02-22,,0,
Scotland,Laurinburg,15527.0,,2023-02-23,0.0,0,476828.810825713
Scotland,Laurinburg,15527.0,1.29,2023-02-24,,0,
Scotland,Laurinburg,15527.0,1.29,2023-02-25,,0,
Scotland,Laurinburg,15527.0,1.29,2023-02-26,,0,
Scotland,Laurinburg,15527.0,1.29,2023-02-27,,0,
Scotland,Laurinburg,15527.0,1.29,2023-02-28,9127.568131764354,0,6898282.91740454
Scotland,Laurinburg,15527.0,1.29,2023-03-01,,0,
Scotland,Laurinburg,15527.0,1.29,2023-03-02,3674.2346141747657,0,2588743.08479144
Scotland,Laurinburg,15527.0,,2023-03-03,,0,
Scotland,Laurinburg,15527.0,1.29,2023-03-04,,0,
Scotland,Laurinburg,15527.0,1.29,2023-03-05,,0,
Scotland,Laurinburg,15527.0,1.29,2023-03-06,,0,
Scotland,Laurinburg,15527.0,1.29,2023-03-07,4841.22918275927,0,3174915.32628592
Scotland,Laurinburg,15527.0,1.29,2023-03-08,,0,
Scotland,Laurinburg,15527.0,1.29,2023-03-09,3436.9317712168845,0,2002594.58034178
Scotland,Laurinburg,15527.0,3.2200000000000006,2023-03-10,,0,
Scotland,Laurinburg,15527.0,1.29,2023-03-11,,0,
Scotland,Laurinburg,15527.0,1.29,2023-03-12,,0,
Scotland,Laurinburg,15527.0,1.29,2023-03-13,,0,
Scotland,Laurinburg,15527.0,1.29,2023-03-14,5226.136240091724,0,3809571.5984090306
Scotland,Laurinburg,15527.0,1.29,2023-03-15,,0,
Scotland,Laurinburg,15527.0,1.29,2023-03-16,6662.479516816546,0,5360114.3091234
Scotland,Laurinburg,15527.0,1.29,2023-03-17,,0,
Scotland,Laurinburg,15527.0,,2023-03-18,,0,
Scotland,Laurinburg,15527.0,1.29,2023-03-19,,0,
Scotland,Laurinburg,15527.0,1.29,2023-03-20,,0,
Scotland,Laurinburg,15527.0,1.29,2023-03-21,8446.768442635326,0,6424944.89983805
Scotland,Laurinburg,15527.0,1.29,2023-03-22,,0,
Scotland,Laurinburg,15527.0,1.29,2023-03-23,0.0,0,276698.274461996
Scotland,Laurinburg,15527.0,1.29,2023-03-24,,0,
Scotland,Laurinburg,15527.0,1.29,2023-03-25,,0,
Scotland,Laurinburg,15527.0,,2023-03-26,,0,
Scotland,Laurinburg,15527.0,1.29,2023-03-27,,0,
Scotland,Laurinburg,15527.0,1.29,2023-03-28,0.0,0,217302.309786908
Scotland,Laurinburg,15527.0,1.29,2023-03-29,,0,
Scotland,Laurinburg,15527.0,1.29,2023-03-30,0.0,0,252795.020385436
Scotland,Laurinburg,15527.0,1.29,2023-03-31,,0,
Scotland,Laurinburg,15527.0,1.29,2023-04-01,,0,
Scotland,Laurinburg,15527.0,1.29,2023-04-02,,0,
Scotland,Laurinburg,15527.0,,2023-04-03,,0,
Scotland,Laurinburg,15527.0,1.29,2023-04-04,0.0,0,1210588.01983355
Scotland,Laurinburg,15527.0,1.29,2023-04-05,,0,
Scotland,Laurinburg,15527.0,,2023-04-06,0.0,0,249897.656254944
Scotland,Laurinburg,15527.0,,2023-04-07,,0,
Scotland,Laurinburg,15527.0,,2023-04-08,,0,
Scotland,Laurinburg,15527.0,,2023-04-09,,0,
Scotland,Laurinburg,15527.0,,2023-04-10,,0,
Scotland,Laurinburg,15527.0,1.29,2023-04-11,0.0,0,350581.059789545
Scotland,Laurinburg,15527.0,1.29,2023-04-12,,0,
Scotland,Laurinburg,15527.0,,2023-04-13,0.0,0,2113171.26466563
Scotland,Laurinburg,15527.0,1.29,2023-04-14,,0,
Scotland,Laurinburg,15527.0,1.29,2023-04-15,,0,
Scotland,Laurinburg,15527.0,1.29,2023-04-16,,0,
Scotland,Laurinburg,15527.0,1.29,2023-04-17,,0,
Scotland,Laurinburg,15527.0,1.29,2023-04-18,0.0,0,2686470.77105312
Scotland,Laurinburg,15527.0,,2023-04-19,,0,
Scotland,Laurinburg,15527.0,1.29,2023-04-20,13546.21718414409,0,12509853.6615777
Scotland,Laurinburg,15527.0,,2023-04-21,,0,
Scotland,Laurinburg,15527.0,,2023-04-22,,0,
Scotland,Laurinburg,15527.0,,2023-04-23,,0,
Scotland,Laurinburg,15527.0,,2023-04-24,,0,
Scotland,Laurinburg,15527.0,,2023-04-25,15080.000000000002,0,12573369.3205384
Scotland,Laurinburg,15527.0,,2023-04-26,,0,
Scotland,Laurinburg,15527.0,,2023-04-27,8329.705877160372,0,8555499.1129805
Scotland,Laurinburg,15527.0,,2023-04-28,,0,
Scotland,Laurinburg,15527.0,,2023-04-29,,0,
Scotland,Laurinburg,15527.0,1.29,2023-04-30,,0,
Scotland,Laurinburg,15527.0,,2023-05-01,,0,
Scotland,Laurinburg,15527.0,,2023-05-02,0.0,0,2341955.27328942
Scotland,Laurinburg,15527.0,,2023-05-03,,0,
Scotland,Laurinburg,15527.0,,2023-05-04,0.0,0,3062597.79830506
Scotland,Laurinburg,15527.0,1.29,2023-05-05,,0,
Scotland,Laurinburg,15527.0,,2023-05-06,,0,
Scotland,Laurinburg,15527.0,,2023-05-07,,0,
Scotland,Laurinburg,15527.0,1.29,2023-05-08,,0,
Scotland,Laurinburg,15527.0,,2023-05-09,6879.534867997996,0,5229490.90230556
Scotland,Laurinburg,15527.0,1.29,2023-05-10,,0,
Scotland,Laurinburg,15527.0,1.29,2023-05-11,6226.2348172872535,0,4526446.16636085
Scotland,Laurinburg,15527.0,,2023-05-12,,0,
Scotland,Laurinburg,15527.0,1.29,2023-05-13,,0,
Scotland,Laurinburg,15527.0,,2023-05-14,,0,
Scotland,Laurinburg,15527.0,,2023-05-15,,0,
Scotland,Laurinburg,15527.0,1.29,2023-05-16,0.0,0,1552730.81262703
Scotland,Laurinburg,15527.0,1.29,2023-05-17,,0,
Scotland,Laurinburg,15527.0,,2023-05-18,12827.158687721925,0,12896544.1406309
Scotland,Laurinburg,15527.0,,2023-05-19,,0,
Scotland,Laurinburg,15527.0,,2023-05-20,,0,
Scotland,Laurinburg,15527.0,,2023-05-21,,0,
Scotland,Laurinburg,15527.0,,2023-05-22,,0,
Scotland,Laurinburg,15527.0,,2023-05-23,14690.078284338733,0,14257405.8559753
Scotland,Laurinburg,15527.0,,2023-05-24,,0,
Scotland,Laurinburg,15527.0,,2023-05-25,0.0,0,2133531.43405136
Scotland,Laurinburg,15527.0,,2023-05-26,,0,
Scotland,Laurinburg,15527.0,,2023-05-27,,0,
Scotland,Laurinburg,15527.0,,2023-05-28,,0,
Scotland,Laurinburg,15527.0,,2023-05-29,,0,
Scotland,Laurinburg,15527.0,,2023-05-30,,0,
Scotland,Laurinburg,15527.0,,2023-05-31,,0,
Scotland,Laurinburg,15527.0,,2023-06-01,27804.560776966096,0,23169268.4845755
Scotland,Laurinburg,15527.0,,2023-06-02,,0,
Scotland,Laurinburg,15527.0,,2023-06-03,,0,
Scotland,Laurinburg,15527.0,,2023-06-04,,0,
Scotland,Laurinburg,15527.0,,2023-06-05,,0,
Scotland,Laurinburg,15527.0,,2023-06-06,8612.548983895544,0,7752068.86546482
Scotland,Laurinburg,15527.0,,2023-06-07,,0,
Scotland,Laurinburg,15527.0,,2023-06-08,10900.00000000001,0,8267053.2272815
Scotland,Laurinburg,15527.0,,2023-06-09,,0,
Scotland,Laurinburg,15527.0,,2023-06-10,,0,
Scotland,Laurinburg,15527.0,,2023-06-11,,0,
Scotland,Laurinburg,15527.0,,2023-06-12,,0,
Scotland,Laurinburg,15527.0,,2023-06-13,0.0,0,2057984.4897517
Scotland,Laurinburg,15527.0,,2023-06-14,,0,
Scotland,Laurinburg,15527.0,,2023-06-15,0.0,0,1507724.12240595
Scotland,Laurinburg,15527.0,,2023-06-16,,0,
Scotland,Laurinburg,15527.0,,2023-06-17,,0,
Scotland,Laurinburg,15527.0,,2023-06-18,,0,
Scotland,Laurinburg,15527.0,,2023-06-19,,0,
Scotland,Laurinburg,15527.0,,2023-06-20,9145.272002515852,0,6913892.42554525
Scotland,Laurinburg,15527.0,,2023-06-21,,0,
Scotland,Laurinburg,15527.0,,2023-06-22,0.0,0,2083702.59844945
Scotland,Laurinburg,15527.0,,2023-06-23,,0,
Scotland,Laurinburg,15527.0,,2023-06-24,,0,
Scotland,Laurinburg,15527.0,,2023-06-25,,0,
Scotland,Laurinburg,15527.0,,2023-06-26,,0,
Scotland,Laurinburg,15527.0,,2023-06-27,0.0,0,2310343.43134843
Scotland,Laurinburg,15527.0,,2023-06-28,,0,
Scotland,Laurinburg,15527.0,,2023-06-29,0.0,0,1164280.21250467
Scotland,Laurinburg,15527.0,,2023-06-30,,0,
Scotland,Laurinburg,15527.0,,2023-07-01,,0,
Scotland,Laurinburg,15527.0,,2023-07-02,,0,
Scotland,Laurinburg,15527.0,,2023-07-03,,0,
Scotland,Laurinburg,15527.0,,2023-07-04,0.0,0,1086590.09248019
Scotland,Laurinburg,15527.0,,2023-07-05,,0,
Scotland,Laurinburg,15527.0,,2023-07-06,0.0,0,1490578.71660745
Scotland,Laurinburg,15527.0,,2023-07-07,,0,
Scotland,Laurinburg,15527.0,,2023-07-08,,0,
Scotland,Laurinburg,15527.0,,2023-07-09,,0,
Scotland,Laurinburg,15527.0,,2023-07-10,,0,
Scotland,Laurinburg,15527.0,,2023-07-11,0.0,0,1436463.52955592
Scotland,Laurinburg,15527.0,,2023-07-12,,0,
Scotland,Laurinburg,15527.0,,2023-07-13,0.0,0,2086175.8439932
Scotland,Laurinburg,15527.0,,2023-07-14,,0,
Scotland,Laurinburg,15527.0,,2023-07-15,,0,
Scotland,Laurinburg,15527.0,,2023-07-16,,0,
Scotland,Laurinburg,15527.0,,2023-07-17,,0,
Scotland,Laurinburg,15527.0,,2023-07-18,0.0,0,1327161.56759046
Scotland,Laurinburg,15527.0,,2023-07-19,,0,
Scotland,Laurinburg,15527.0,,2023-07-20,5363.879193270489,0,2761831.16930581
Scotland,Laurinburg,15527.0,,2023-07-21,,0,
Scotland,Laurinburg,15527.0,,2023-07-22,,0,
Scotland,Laurinburg,15527.0,,2023-07-23,,0,
Scotland,Laurinburg,15527.0,,2023-07-24,,0,
Scotland,Laurinburg,15527.0,,2023-07-25,0.0,0,1868188.87633358
Scotland,Laurinburg,15527.0,,2023-07-26,,0,
Scotland,Laurinburg,15527.0,,2023-07-27,0.0,0,1002470.44528128
Scotland,Laurinburg,15527.0,,2023-07-28,,0,
Scotland,Laurinburg,15527.0,,2023-07-29,,0,
Scotland,Laurinburg,15527.0,,2023-07-30,,0,
Scotland,Laurinburg,15527.0,,2023-07-31,,0,
Scotland,Laurinburg,15527.0,,2023-08-01,40656.92560929813,0,17068364.4309186
Scotland,Laurinburg,15527.0,,2023-08-02,,0,
Scotland,Laurinburg,15527.0,,2023-08-03,21768.17861007209,0,11176470.698271
Scotland,Laurinburg,15527.0,,2023-08-04,,0,
Scotland,Laurinburg,15527.0,,2023-08-05,,0,
Scotland,Laurinburg,15527.0,,2023-08-06,,0,
Scotland,Laurinburg,15527.0,,2023-08-07,,0,
Scotland,Laurinburg,15527.0,,2023-08-08,63104.34533374064,0,30599777.8434722
Scotland,Laurinburg,15527.0,,2023-08-09,,0,
Scotland,Laurinburg,15527.0,,2023-08-10,90733.28826841895,0,40413775.311032
Scotland,Laurinburg,15527.0,,2023-08-11,,0,
Scotland,Laurinburg,15527.0,,2023-08-12,,0,
Scotland,Laurinburg,15527.0,,2023-08-13,,0,
Scotland,Laurinburg,15527.0,,2023-08-14,,0,
Scotland,Laurinburg,15527.0,,2023-08-15,44699.919463014725,0,18983623.6804074
Scotland,Laurinburg,15527.0,,2023-08-16,,0,
Scotland,Laurinburg,15527.0,,2023-08-17,70545.3499530621,0,26021453.1041889
Scotland,Laurinburg,15527.0,,2023-08-18,,0,
Scotland,Laurinburg,15527.0,,2023-08-19,,0,
Scotland,Laurinburg,15527.0,,2023-08-20,,0,
Scotland,Laurinburg,15527.0,,2023-08-21,,0,
Scotland,Laurinburg,15527.0,,2023-08-22,99940.05403240482,0,42005007.4606217
Scotland,Laurinburg,15527.0,,2023-08-23,,0,
Scotland,Laurinburg,15527.0,,2023-08-24,96741.66424038819,0,50189099.3943147
Scotland,Laurinburg,15527.0,,2023-08-25,,0,
Scotland,Laurinburg,15527.0,,2023-08-26,,0,
Scotland,Laurinburg,15527.0,,2023-08-27,,0,
Scotland,Laurinburg,15527.0,,2023-08-28,,0,
Scotland,Laurinburg,15527.0,,2023-08-29,31423.46257177907,0,18478025.6990236
Scotland,Laurinburg,15527.0,,2023-08-30,,0,
Scotland,Laurinburg,15527.0,,2023-08-31,42449.1413340718,0,48784595.9852297
Scotland,Laurinburg,15527.0,,2023-09-01,,0,
Scotland,Laurinburg,15527.0,,2023-09-02,,0,
Scotland,Laurinburg,15527.0,,2023-09-03,,0,
Scotland,Laurinburg,15527.0,,2023-09-04,,0,
Scotland,Laurinburg,15527.0,,2023-09-05,,0,
Scotland,Laurinburg,15527.0,,2023-09-06,,0,
Scotland,Laurinburg,15527.0,,2023-09-07,40206.20847580633,0,20770564.586513
Scotland,Laurinburg,15527.0,,2023-09-08,,0,
Scotland,Laurinburg,15527.0,,2023-09-09,,0,
Scotland,Laurinburg,15527.0,,2023-09-10,,0,
Scotland,Laurinburg,15527.0,,2023-09-11,,0,
Scotland,Laurinburg,15527.0,,2023-09-12,44112.56963723607,0,18734181.887328506
Scotland,Laurinburg,15527.0,,2023-09-13,,0,
Scotland,Laurinburg,15527.0,,2023-09-14,53536.44366223811,0,24824714.111022495
Scotland,Laurinburg,15527.0,,2023-09-15,,0,
Scotland,Laurinburg,15527.0,,2023-09-16,,0,
Scotland,Laurinburg,15527.0,,2023-09-17,,0,
Scotland,Laurinburg,15527.0,,2023-09-18,,0,
Scotland,Laurinburg,15527.0,,2023-09-19,0.0,0,981574.4819643609
Scotland,Laurinburg,15527.0,,2023-09-20,,0,
Scotland,Laurinburg,15527.0,,2023-09-21,39287.61636953819,0,12346186.20041
Scotland,Laurinburg,15527.0,,2023-09-22,,0,
Scotland,Laurinburg,15527.0,,2023-09-23,,0,
Scotland,Laurinburg,15527.0,,2023-09-24,,0,
Scotland,Laurinburg,15527.0,,2023-09-25,,0,
Scotland,Laurinburg,15527.0,,2023-09-26,33098.51960435695,0,10820854.8672606
Scotland,Laurinburg,15527.0,,2023-09-27,,0,
Scotland,Laurinburg,15527.0,,2023-09-28,25297.03539942972,0,8492348.21742633
Scotland,Laurinburg,15527.0,,2023-09-29,,0,
Scotland,Laurinburg,15527.0,,2023-09-30,,0,
Scotland,Laurinburg,15527.0,,2023-10-01,,0,
Scotland,Laurinburg,15527.0,,2023-10-02,,0,
Scotland,Laurinburg,15527.0,,2023-10-03,29754.192981830354,0,9350295.09913047
Scotland,Laurinburg,15527.0,,2023-10-04,,0,
Scotland,Laurinburg,15527.0,,2023-10-05,69566.65868072148,0,19046059.0089336
Scotland,Laurinburg,15527.0,,2023-10-06,,0,
Scotland,Laurinburg,15527.0,,2023-10-07,,0,
Scotland,Laurinburg,15527.0,,2023-10-08,,0,
Scotland,Laurinburg,15527.0,,2023-10-09,,0,
Scotland,Laurinburg,15527.0,,2023-10-10,15313.810760225575,0,4931855.21424436
Scotland,Laurinburg,15527.0,,2023-10-11,,0,
Scotland,Laurinburg,15527.0,,2023-10-12,34422.89935493521,0,12369984.4982021
Scotland,Laurinburg,15527.0,,2023-10-13,,0,
Scotland,Laurinburg,15527.0,,2023-10-14,,0,
Scotland,Laurinburg,15527.0,,2023-10-15,,0,
Scotland,Laurinburg,15527.0,,2023-10-16,,0,
Scotland,Laurinburg,15527.0,,2023-10-17,,0,
Scotland,Laurinburg,15527.0,,2023-10-18,,0,
Scotland,Laurinburg,15527.0,,2023-10-19,40025.43191522113,0,16861802.1840281
Scotland,Laurinburg,15527.0,,2023-10-20,,0,
Scotland,Laurinburg,15527.0,,2023-10-21,,0,
Scotland,Laurinburg,15527.0,,2023-10-22,,0,
Scotland,Laurinburg,15527.0,,2023-10-23,,0,
Scotland,Laurinburg,15527.0,,2023-10-24,9679.93801633047,0,3353442.61599354
Scotland,Laurinburg,15527.0,,2023-10-25,,0,
Scotland,Laurinburg,15527.0,,2023-10-26,0.0,0,954248.991472996
Scotland,Laurinburg,15527.0,,2023-10-27,,0,
Scotland,Laurinburg,15527.0,,2023-10-28,,0,
Scotland,Laurinburg,15527.0,,2023-10-29,,0,
Scotland,Laurinburg,15527.0,,2023-10-30,,0,
Scotland,Laurinburg,15527.0,,2023-10-31,17100.350873593216,0,6553628.02895128
Scotland,Laurinburg,15527.0,,2023-11-01,,0,
Scotland,Laurinburg,15527.0,,2023-11-02,16649.180159995874,0,6405072.89106262
Scotland,Laurinburg,15527.0,,2023-11-03,,0,
Scotland,Laurinburg,15527.0,,2023-11-04,,0,
Scotland,Laurinburg,15527.0,,2023-11-05,,0,
Scotland,Laurinburg,15527.0,,2023-11-06,,0,
Scotland,Laurinburg,15527.0,,2023-11-07,39835.36117571925,0,16723459.8188346
Scotland,Laurinburg,15527.0,,2023-11-08,,0,
Scotland,Laurinburg,15527.0,,2023-11-09,10708.351880658402,0,5189950.77449475
Scotland,Laurinburg,15527.0,,2023-11-10,,0,
Scotland,Laurinburg,15527.0,,2023-11-11,,0,
Scotland,Laurinburg,15527.0,,2023-11-12,,0,
Scotland,Laurinburg,15527.0,,2023-11-13,,0,
Scotland,Laurinburg,15527.0,,2023-11-14,7855.800404796448,0,4106193.8334106
Scotland,Laurinburg,15527.0,,2023-11-15,,0,
Scotland,Laurinburg,15527.0,,2023-11-16,21399.06540015244,0,11002607.2485051
Scotland,Laurinburg,15527.0,,2023-11-17,,0,
Scotland,Laurinburg,15527.0,,2023-11-18,,0,
Scotland,Laurinburg,15527.0,,2023-11-19,,0,
Scotland,Laurinburg,15527.0,,2023-11-20,,0,
Scotland,Laurinburg,15527.0,,2023-11-21,64678.44153966603,0,31236923.0069571
Scotland,Laurinburg,15527.0,,2023-11-22,,0,
Scotland,Laurinburg,15527.0,,2023-11-23,8982.649943084729,0,3464457.03198188
Scotland,Laurinburg,15527.0,,2023-11-24,,0,
Scotland,Laurinburg,15527.0,,2023-11-25,,0,
Scotland,Laurinburg,15527.0,,2023-11-26,,0,
Scotland,Laurinburg,15527.0,,2023-11-27,,0,
Scotland,Laurinburg,15527.0,,2023-11-28,17319.999999999996,0,11763951.4785856
Scotland,Laurinburg,15527.0,,2023-11-29,,0,
Scotland,Laurinburg,15527.0,,2023-11-30,25188.552955658277,0,10574518.2374622
Scotland,Laurinburg,15527.0,,2023-12-01,,0,
Scotland,Laurinburg,15527.0,,2023-12-02,,0,
Scotland,Laurinburg,15527.0,,2023-12-03,,0,
Scotland,Laurinburg,15527.0,,2023-12-04,,0,
Scotland,Laurinburg,15527.0,,2023-12-05,33562.62802582659,0,14973774.0063118
Scotland,Laurinburg,15527.0,,2023-12-06,,0,
Scotland,Laurinburg,15527.0,,2023-12-07,529289.7127282938,0,222074425.99373
Scotland,Laurinburg,15527.0,,2023-12-08,,0,
Scotland,Laurinburg,15527.0,,2023-12-09,,0,
Scotland,Laurinburg,15527.0,,2023-12-10,,0,
Scotland,Laurinburg,15527.0,,2023-12-11,,0,
Scotland,Laurinburg,15527.0,,2023-12-12,660567.0291499567,0,320152942.558303
Scotland,Laurinburg,15527.0,,2023-12-13,,0,
Scotland,Laurinburg,15527.0,,2023-12-14,66920.8726781114,0,27278601.007311705
Scotland,Laurinburg,15527.0,,2023-12-15,,0,
Scotland,Laurinburg,15527.0,,2023-12-16,,0,
Scotland,Laurinburg,15527.0,,2023-12-17,,0,
Scotland,Laurinburg,15527.0,,2023-12-18,,0,
Scotland,Laurinburg,15527.0,,2023-12-19,18632.401884888575,0,14681296.8451874
Scotland,Laurinburg,15527.0,,2023-12-20,,0,
Scotland,Laurinburg,15527.0,,2023-12-21,,0,
Scotland,Laurinburg,15527.0,,2023-12-22,,0,
Scotland,Laurinburg,15527.0,,2023-12-23,,0,
Scotland,Laurinburg,15527.0,,2023-12-24,,0,
Scotland,Laurinburg,15527.0,,2023-12-25,,0,
Scotland,Laurinburg,15527.0,,2023-12-26,,0,
Scotland,Laurinburg,15527.0,,2023-12-27,,0,
Scotland,Laurinburg,15527.0,,2023-12-28,5065.649020609306,0,3845722.37375806
Scotland,Laurinburg,15527.0,,2023-12-29,,0,
Scotland,Laurinburg,15527.0,,2023-12-30,,0,
Scotland,Laurinburg,15527.0,,2023-12-31,,0,
Scotland,Laurinburg,15527.0,,2024-01-01,,0,
Scotland,Laurinburg,15527.0,,2024-01-02,,0,
Scotland,Laurinburg,15527.0,,2024-01-03,,0,
Scotland,Laurinburg,15527.0,,2024-01-04,51663.65066465977,0,25039502.5087456
Scotland,Laurinburg,15527.0,,2024-01-05,,0,
Scotland,Laurinburg,15527.0,,2024-01-06,,0,
Scotland,Laurinburg,15527.0,,2024-01-07,,0,
Scotland,Laurinburg,15527.0,,2024-01-08,,0,
Scotland,Laurinburg,15527.0,,2024-01-09,126193.2296123687,0,65960670.4029928
Scotland,Laurinburg,15527.0,,2024-01-10,,0,
Scotland,Laurinburg,15527.0,,2024-01-11,36188.67226080557,0,33384740.2788296
Scotland,Laurinburg,15527.0,,2024-01-12,,0,
Scotland,Laurinburg,15527.0,,2024-01-13,,0,
Scotland,Laurinburg,15527.0,,2024-01-14,,0,
Scotland,Laurinburg,15527.0,,2024-01-15,,0,
Scotland,Laurinburg,15527.0,,2024-01-16,,0,
Scotland,Laurinburg,15527.0,,2024-01-17,,0,
Scotland,Laurinburg,15527.0,,2024-01-18,46067.967178941224,0,27639799.4308303
Scotland,Laurinburg,15527.0,,2024-01-19,,0,
Scotland,Laurinburg,15527.0,,2024-01-20,,0,
Scotland,Laurinburg,15527.0,,2024-01-21,,0,
Scotland,Laurinburg,15527.0,,2024-01-22,,0,
Scotland,Laurinburg,15527.0,,2024-01-23,269713.9225179156,0,246449063.467369
Scotland,Laurinburg,15527.0,,2024-01-24,,0,
Scotland,Laurinburg,15527.0,,2024-01-25,62890.72745643833,0,41612200.8799327
Scotland,Laurinburg,15527.0,,2024-01-26,,0,
Scotland,Laurinburg,15527.0,,2024-01-27,,0,
Scotland,Laurinburg,15527.0,,2024-01-28,,0,
Scotland,Laurinburg,15527.0,,2024-01-29,,0,
Scotland,Laurinburg,15527.0,,2024-01-30,93138.4346014041,0,52702145.9792296
Scotland,Laurinburg,15527.0,,2024-01-31,,0,
Scotland,Laurinburg,15527.0,,2024-02-01,235258.83617836758,0,132719129.236725
Scotland,Laurinburg,15527.0,,2024-02-02,,0,
Scotland,Laurinburg,15527.0,,2024-02-03,,0,
Scotland,Laurinburg,15527.0,,2024-02-04,,0,
Scotland,Laurinburg,15527.0,,2024-02-05,,0,
Scotland,Laurinburg,15527.0,,2024-02-06,204279.60250597703,0,123111237.078005
Scotland,Laurinburg,15527.0,,2024-02-07,,0,
Scotland,Laurinburg,15527.0,,2024-02-08,,0,
Scotland,Laurinburg,15527.0,,2024-02-09,,0,
Scotland,Laurinburg,15527.0,,2024-02-10,,0,
Scotland,Laurinburg,15527.0,,2024-02-11,,0,
Scotland,Laurinburg,15527.0,,2024-02-12,,0,
Scotland,Laurinburg,15527.0,,2024-02-13,334306.9846712747,0,305388984.811979
Scotland,Laurinburg,15527.0,,2024-02-14,,0,
Scotland,Laurinburg,15527.0,,2024-02-15,127564.72866744956,0,97155157.3811173
Scotland,Laurinburg,15527.0,,2024-02-16,,0,
Scotland,Laurinburg,15527.0,,2024-02-17,,0,
Scotland,Laurinburg,15527.0,,2024-02-18,,0,
Scotland,Laurinburg,15527.0,,2024-02-19,,0,
Scotland,Laurinburg,15527.0,,2024-02-20,295897.14429172873,0,157693995.189293
Scotland,Laurinburg,15527.0,,2024-02-21,,0,
Scotland,Laurinburg,15527.0,,2024-02-22,108184.49796528152,0,65093018.9566119
Scotland,Laurinburg,15527.0,,2024-02-23,,0,
Scotland,Laurinburg,15527.0,,2024-02-24,,0,
Scotland,Laurinburg,15527.0,,2024-02-25,,0,
Scotland,Laurinburg,15527.0,,2024-02-26,,0,
Scotland,Laurinburg,15527.0,,2024-02-27,70781.60778055282,0,32389848.8001307
Scotland,Laurinburg,15527.0,,2024-02-28,,0,
Scotland,Laurinburg,15527.0,,2024-02-29,66545.9089651648,0,29543063.7852678
Scotland,Laurinburg,15527.0,,2024-03-01,,0,
Scotland,Laurinburg,15527.0,,2024-03-02,,0,
Scotland,Laurinburg,15527.0,,2024-03-03,,0,
Scotland,Laurinburg,15527.0,,2024-03-04,,0,
Scotland,Laurinburg,15527.0,,2024-03-05,10866.591001781584,0,5150078.00063836
Scotland,Laurinburg,15527.0,,2024-03-06,,0,
Scotland,Laurinburg,15527.0,,2024-03-07,51974.917027350835,0,29663298.5762089
Scotland,Laurinburg,15527.0,,2024-03-08,,0,
Scotland,Laurinburg,15527.0,,2024-03-09,,0,
Scotland,Laurinburg,15527.0,,2024-03-10,,0,
Scotland,Laurinburg,15527.0,,2024-03-11,,0,
Scotland,Laurinburg,15527.0,,2024-03-12,0.0,0,1061407.77771364
Scotland,Laurinburg,15527.0,,2024-03-13,,0,
Scotland,Laurinburg,15527.0,,2024-03-14,36090.020781373896,0,15731816.4759756
Scotland,Laurinburg,15527.0,,2024-03-15,,0,
Scotland,Laurinburg,15527.0,,2024-03-16,,0,
Scotland,Laurinburg,15527.0,,2024-03-17,,0,
Scotland,Laurinburg,15527.0,,2024-03-18,,0,
Scotland,Laurinburg,15527.0,,2024-03-19,21497.02304971553,0,11199717.5216696
Scotland,Laurinburg,15527.0,,2024-03-20,,0,
Scotland,Laurinburg,15527.0,,2024-03-21,9506.16641975091,0,4892353.96620089
Scotland,Laurinburg,15527.0,,2024-03-22,,0,
Scotland,Laurinburg,15527.0,,2024-03-23,,0,
Scotland,Laurinburg,15527.0,,2024-03-24,,0,
Scotland,Laurinburg,15527.0,,2024-03-25,,0,
Scotland,Laurinburg,15527.0,,2024-03-26,0.0,0,812263.599704133
Scotland,Laurinburg,15527.0,,2024-03-27,,0,
Scotland,Laurinburg,15527.0,,2024-03-28,5522.354570289745,0,1968320.81457641
Scotland,Laurinburg,15527.0,,2024-03-29,,0,
Scotland,Laurinburg,15527.0,,2024-03-30,,0,
Scotland,Laurinburg,15527.0,,2024-03-31,,0,
Scotland,Laurinburg,15527.0,,2024-04-01,,0,
Scotland,Laurinburg,15527.0,,2024-04-02,6244.165276480123,0,2621390.74483971
Scotland,Laurinburg,15527.0,,2024-04-03,,0,
Scotland,Laurinburg,15527.0,,2024-04-04,0.0,0,1132668.37056368
Scotland,Laurinburg,15527.0,,2024-04-05,,0,
Scotland,Laurinburg,15527.0,,2024-04-06,,0,
Scotland,Laurinburg,15527.0,,2024-04-07,,0,
Scotland,Laurinburg,15527.0,,2024-04-08,,0,
Scotland,Laurinburg,15527.0,,2024-04-09,0.0,0,1005685.2088685
Scotland,Laurinburg,15527.0,,2024-04-10,,0,
Scotland,Laurinburg,15527.0,,2024-04-11,4870.154001671815,0,2046935.60710173
Scotland,Laurinburg,15527.0,,2024-04-12,,0,
Scotland,Laurinburg,15527.0,,2024-04-13,,0,
Scotland,Laurinburg,15527.0,,2024-04-14,,0,
Scotland,Laurinburg,15527.0,,2024-04-15,,0,
Scotland,Laurinburg,15527.0,,2024-04-16,0.0,0,826730.0358466209
Scotland,Laurinburg,15527.0,,2024-04-17,,0,
Scotland,Laurinburg,15527.0,,2024-04-18,7865.367124298793,0,3300077.15501409
Scotland,Laurinburg,15527.0,,2024-04-19,,0,
Scotland,Laurinburg,15527.0,,2024-04-20,,0,
Scotland,Laurinburg,15527.0,,2024-04-21,,0,
Scotland,Laurinburg,15527.0,,2024-04-22,,0,
Scotland,Laurinburg,15527.0,,2024-04-23,,0,
Scotland,Laurinburg,15527.0,,2024-04-24,,0,
Scotland,Laurinburg,15527.0,,2024-04-25,17697.050601724564,0,11273649.4689069
Scotland,Laurinburg,15527.0,,2024-04-26,,0,
Scotland,Laurinburg,15527.0,,2024-04-27,,0,
Scotland,Laurinburg,15527.0,,2024-04-28,,0,
Scotland,Laurinburg,15527.0,,2024-04-29,,0,
Scotland,Laurinburg,15527.0,,2024-04-30,0.0,0,925851.9131192231
Scotland,Laurinburg,15527.0,,2024-05-01,,0,
Scotland,Laurinburg,15527.0,,2024-05-02,0.0,0,668135.032210457
Scotland,Laurinburg,15527.0,,2024-05-03,,0,
Scotland,Laurinburg,15527.0,,2024-05-04,,0,
Scotland,Laurinburg,15527.0,,2024-05-05,,0,
Scotland,Laurinburg,15527.0,,2024-05-06,,0,
Scotland,Laurinburg,15527.0,,2024-05-07,7675.936424958198,0,4094519.1960948305
Scotland,Laurinburg,15527.0,,2024-05-08,,0,
Scotland,Laurinburg,15527.0,,2024-05-09,117664.9514511437,0,46241975.81269621
Scotland,Laurinburg,15527.0,,2024-05-10,,0,
Scotland,Laurinburg,15527.0,,2024-05-11,,0,
Scotland,Laurinburg,15527.0,,2024-05-12,,0,
Scotland,Laurinburg,15527.0,,2024-05-13,,0,
Scotland,Laurinburg,15527.0,,2024-05-14,27682.051947064905,0,12066741.7607696
Scotland,Laurinburg,15527.0,,2024-05-15,,0,
Union,Crooked Creek,17000.0,1.1800000000000002,2022-11-05,8789.000000000005,0,2544167.34
Union,Crooked Creek,17000.0,1.1800000000000002,2022-11-06,,0,
Union,Crooked Creek,17000.0,,2022-11-07,,0,
Union,Crooked Creek,17000.0,1.1800000000000002,2022-11-08,14476.0,0,4190393.26588235
Union,Crooked Creek,17000.0,1.1800000000000002,2022-11-09,,0,
Union,Crooked Creek,17000.0,1.1800000000000002,2022-11-10,,0,
Union,Crooked Creek,17000.0,1.1800000000000002,2022-11-11,,0,
Union,Crooked Creek,17000.0,,2022-11-12,23781.999999999993,0,14297990.2094117
Union,Crooked Creek,17000.0,1.1800000000000002,2022-11-13,,0,
Union,Crooked Creek,17000.0,1.1800000000000002,2022-11-14,,0,
Union,Crooked Creek,17000.0,,2022-11-15,13442.000000000013,0,3681559.7978823506
Union,Crooked Creek,17000.0,1.1800000000000002,2022-11-16,,0,
Union,Crooked Creek,17000.0,,2022-11-17,,0,
Union,Crooked Creek,17000.0,,2022-11-18,,0,
Union,Crooked Creek,17000.0,,2022-11-19,62040.00000000001,0,18373262.7811764
Union,Crooked Creek,17000.0,1.1800000000000002,2022-11-20,,0,
Union,Crooked Creek,17000.0,,2022-11-21,,0,
Union,Crooked Creek,17000.0,1.1800000000000002,2022-11-22,7755.000000000001,0,2244853.53529411
Union,Crooked Creek,17000.0,,2022-11-23,,0,
Union,Crooked Creek,17000.0,1.1800000000000002,2022-11-24,,0,
Union,Crooked Creek,17000.0,,2022-11-25,,0,
Union,Crooked Creek,17000.0,1.1800000000000002,2022-11-26,28952.0,0,10056943.8381176
Union,Crooked Creek,17000.0,1.1800000000000002,2022-11-27,,0,
Union,Crooked Creek,17000.0,3.53,2022-11-28,,0,
Union,Crooked Creek,17000.0,1.1800000000000002,2022-11-29,9513.000000000004,0,2139447.95894117
Union,Crooked Creek,17000.0,1.1800000000000002,2022-11-30,,0,
Union,Crooked Creek,17000.0,1.1800000000000002,2022-12-01,,0,
Union,Crooked Creek,17000.0,1.1800000000000002,2022-12-02,,0,
Union,Crooked Creek,17000.0,1.1800000000000002,2022-12-03,34122.00000000003,0,11093030.0851764
Union,Crooked Creek,17000.0,1.1800000000000002,2022-12-04,,0,
Union,Crooked Creek,17000.0,,2022-12-05,,0,
Union,Crooked Creek,17000.0,1.1800000000000002,2022-12-06,25849.999999999996,0,6561879.56470588
Union,Crooked Creek,17000.0,1.1800000000000002,2022-12-07,,0,
Union,Crooked Creek,17000.0,1.1800000000000002,2022-12-08,,0,
Union,Crooked Creek,17000.0,1.1800000000000002,2022-12-09,,0,
Union,Crooked Creek,17000.0,4.12,2022-12-10,24816.00000000003,0,8675495.5087059
Union,Crooked Creek,17000.0,1.1800000000000002,2022-12-11,,0,
Union,Crooked Creek,17000.0,1.1800000000000002,2022-12-12,,0,
Union,Crooked Creek,17000.0,1.1800000000000002,2022-12-13,15510.000000000002,0,4247953.61294117
Union,Crooked Creek,17000.0,1.1800000000000002,2022-12-14,,0,
Union,Crooked Creek,17000.0,1.1800000000000002,2022-12-15,,0,
Union,Crooked Creek,17000.0,2.94,2022-12-16,,0,
Union,Crooked Creek,17000.0,2.94,2022-12-17,50665.99999999999,0,33236265.3573176
Union,Crooked Creek,17000.0,1.1800000000000002,2022-12-18,,0,
Union,Crooked Creek,17000.0,1.1800000000000002,2022-12-19,,0,
Union,Crooked Creek,17000.0,1.1800000000000002,2022-12-20,36190.00000000003,0,10250346.6042352
Union,Crooked Creek,17000.0,4.12,2022-12-21,,0,
Union,Crooked Creek,17000.0,5.88,2022-12-22,,0,
Union,Crooked Creek,17000.0,1.1800000000000002,2022-12-23,,0,
Union,Crooked Creek,17000.0,1.1800000000000002,2022-12-24,,0,
Union,Crooked Creek,17000.0,1.1800000000000002,2022-12-25,,0,
Union,Crooked Creek,17000.0,,2022-12-26,,0,
Union,Crooked Creek,17000.0,4.12,2022-12-27,,0,
Union,Crooked Creek,17000.0,3.53,2022-12-28,,0,
Union,Crooked Creek,17000.0,3.53,2022-12-29,,0,
Union,Crooked Creek,17000.0,4.12,2022-12-30,,0,
Union,Crooked Creek,17000.0,4.71,2022-12-31,201629.99999999985,0,53876484.8470588
Union,Crooked Creek,17000.0,1.1800000000000002,2023-01-01,,0,
Union,Crooked Creek,17000.0,1.1800000000000002,2023-01-02,,0,
Union,Crooked Creek,17000.0,1.1800000000000002,2023-01-03,203698.00000000006,0,42454670.0594823
Union,Crooked Creek,17000.0,5.88,2023-01-04,,0,
Union,Crooked Creek,17000.0,4.71,2023-01-05,,0,
Union,Crooked Creek,17000.0,,2023-01-06,,0,
Union,Crooked Creek,17000.0,1.1800000000000002,2023-01-07,0.0,0,293925.176470587
Union,Crooked Creek,17000.0,1.1800000000000002,2023-01-08,,0,
Union,Crooked Creek,17000.0,1.1800000000000002,2023-01-09,,0,
Union,Crooked Creek,17000.0,1.1800000000000002,2023-01-10,9306.000000000004,0,2155059.39388235
Union,Crooked Creek,17000.0,1.1800000000000002,2023-01-11,,0,
Union,Crooked Creek,17000.0,1.1800000000000002,2023-01-12,,0,
Union,Crooked Creek,17000.0,3.53,2023-01-13,,0,
Union,Crooked Creek,17000.0,1.1800000000000002,2023-01-14,58938.00000000003,0,21916677.7461176
Union,Crooked Creek,17000.0,1.1800000000000002,2023-01-15,,0,
Union,Crooked Creek,17000.0,1.1800000000000002,2023-01-16,,0,
Union,Crooked Creek,17000.0,1.1800000000000002,2023-01-17,79617.99999999999,0,19678731.4524706
Union,Crooked Creek,17000.0,1.1800000000000002,2023-01-18,,0,
Union,Crooked Creek,17000.0,3.53,2023-01-19,,0,
Union,Crooked Creek,17000.0,1.1800000000000002,2023-01-20,,0,
Union,Crooked Creek,17000.0,1.1800000000000002,2023-01-21,53768.00000000005,0,13289532.9289411
Union,Crooked Creek,17000.0,1.1800000000000002,2023-01-22,,0,
Union,Crooked Creek,17000.0,1.1800000000000002,2023-01-23,,0,
Union,Crooked Creek,17000.0,2.94,2023-01-24,28952.0,0,7155902.34635294
Union,Crooked Creek,17000.0,1.1800000000000002,2023-01-25,,0,
Union,Crooked Creek,17000.0,1.1800000000000002,2023-01-26,,0,
Union,Crooked Creek,17000.0,1.1800000000000002,2023-01-27,,0,
Union,Crooked Creek,17000.0,1.1800000000000002,2023-01-28,24816.00000000003,0,7736110.64470588
Union,Crooked Creek,17000.0,1.1800000000000002,2023-01-29,,0,
Union,Crooked Creek,17000.0,,2023-01-30,,0,
Union,Crooked Creek,17000.0,,2023-01-31,48598.000000000015,0,12444547.0341176
Union,Crooked Creek,17000.0,1.1800000000000002,2023-02-01,,0,
Union,Crooked Creek,17000.0,4.12,2023-02-02,,0,
Union,Crooked Creek,17000.0,1.1800000000000002,2023-02-03,,0,
Union,Crooked Creek,17000.0,1.1800000000000002,2023-02-04,24299.000000000007,0,12769187.3915294
Union,Crooked Creek,17000.0,1.1800000000000002,2023-02-05,,0,
Union,Crooked Creek,17000.0,1.1800000000000002,2023-02-06,,0,
Union,Crooked Creek,17000.0,,2023-02-07,6773.000000000007,0,2005836.69917646
Union,Crooked Creek,17000.0,4.12,2023-02-08,,0,
Union,Crooked Creek,17000.0,1.1800000000000002,2023-02-09,,0,
Union,Crooked Creek,17000.0,1.1800000000000002,2023-02-10,,0,
Union,Crooked Creek,17000.0,2.94,2023-02-11,11374.0,0,3368431.50988235
Union,Crooked Creek,17000.0,1.1800000000000002,2023-02-12,,0,
Union,Crooked Creek,17000.0,1.1800000000000002,2023-02-13,,0,
Union,Crooked Creek,17000.0,1.1800000000000002,2023-02-14,8427.000000000011,0,4146943.55399999
Union,Crooked Creek,17000.0,1.1800000000000002,2023-02-15,,0,
Union,Crooked Creek,17000.0,1.1800000000000002,2023-02-16,,0,
Union,Crooked Creek,17000.0,1.1800000000000002,2023-02-17,,0,
Union,Crooked Creek,17000.0,1.1800000000000002,2023-02-18,22231.000000000022,0,10395398.6788235
Union,Crooked Creek,17000.0,1.1800000000000002,2023-02-19,,0,
Union,Crooked Creek,17000.0,,2023-02-20,,0,
Union,Crooked Creek,17000.0,1.1800000000000002,2023-02-21,17578.00000000001,0,5049193.644
Union,Crooked Creek,17000.0,1.1800000000000002,2023-02-22,,0,
Union,Crooked Creek,17000.0,1.1800000000000002,2023-02-23,,0,
Union,Crooked Creek,17000.0,1.1800000000000002,2023-02-24,,0,
Union,Crooked Creek,17000.0,,2023-02-25,140799.99999999994,0,32606099.576470505
Union,Crooked Creek,17000.0,,2023-02-26,,0,
Union,Crooked Creek,17000.0,1.1800000000000002,2023-02-27,,0,
Union,Crooked Creek,17000.0,1.1800000000000002,2023-02-28,24200.00000000003,0,5442514.51764703
Union,Crooked Creek,17000.0,,2023-03-01,,0,
Union,Crooked Creek,17000.0,,2023-03-02,,0,
Union,Crooked Creek,17000.0,,2023-03-03,,0,
Union,Crooked Creek,17000.0,1.1800000000000002,2023-03-04,63799.999999999985,0,14632575.0352941
Union,Crooked Creek,17000.0,,2023-03-05,,0,
Union,Crooked Creek,17000.0,,2023-03-06,,0,
Union,Crooked Creek,17000.0,1.1800000000000002,2023-03-07,147399.99999999997,0,42011705.2235294
Union,Crooked Creek,17000.0,,2023-03-08,,0,
Union,Crooked Creek,17000.0,,2023-03-09,,0,
Union,Crooked Creek,17000.0,1.1800000000000002,2023-03-10,,0,
Union,Crooked Creek,17000.0,1.1800000000000002,2023-03-11,107799.99999999994,0,41286689.7882351
Union,Crooked Creek,17000.0,,2023-03-12,,0,
Union,Crooked Creek,17000.0,1.1800000000000002,2023-03-13,,0,
Union,Crooked Creek,17000.0,1.1800000000000002,2023-03-14,35199.999999999985,0,9405605.64705882
Union,Crooked Creek,17000.0,,2023-03-15,,0,
Union,Crooked Creek,17000.0,1.1800000000000002,2023-03-16,,0,
Union,Crooked Creek,17000.0,1.1800000000000002,2023-03-17,,0,
Union,Crooked Creek,17000.0,,2023-03-18,36300.00000000002,0,8406260.04705882
Union,Crooked Creek,17000.0,,2023-03-19,,0,
Union,Crooked Creek,17000.0,1.1800000000000002,2023-03-20,,0,
Union,Crooked Creek,17000.0,,2023-03-21,24860.000000000004,0,6698064.89647056
Union,Crooked Creek,17000.0,,2023-03-22,,0,
Union,Crooked Creek,17000.0,1.1800000000000002,2023-03-23,,0,
Union,Crooked Creek,17000.0,,2023-03-24,,0,
Union,Crooked Creek,17000.0,,2023-03-25,139700.00000000012,0,40439205.5294117
Union,Crooked Creek,17000.0,,2023-03-26,,0,
Union,Crooked Creek,17000.0,,2023-03-27,,0,
Union,Crooked Creek,17000.0,1.1800000000000002,2023-03-28,40700.000000000015,0,32716321.5176469
Union,Crooked Creek,17000.0,,2023-03-29,,0,
Union,Crooked Creek,17000.0,,2023-03-30,,0,
Union,Crooked Creek,17000.0,1.1800000000000002,2023-03-31,,0,
Union,Crooked Creek,17000.0,,2023-04-01,47300.000000000015,0,11901520.2705882
Union,Crooked Creek,17000.0,1.1800000000000002,2023-04-02,,0,
Union,Crooked Creek,17000.0,,2023-04-03,,0,
Union,Crooked Creek,17000.0,,2023-04-04,28380.000000000022,0,7077718.24941177
Union,Crooked Creek,17000.0,1.1800000000000002,2023-04-05,,0,
Union,Crooked Creek,17000.0,,2023-04-06,,0,
Union,Crooked Creek,17000.0,,2023-04-07,,0,
Union,Crooked Creek,17000.0,,2023-04-08,8360.0,0,2606136.56470587
Union,Crooked Creek,17000.0,,2023-04-09,,0,
Union,Crooked Creek,17000.0,,2023-04-10,,0,
Union,Crooked Creek,17000.0,1.1800000000000002,2023-04-11,6820.000000000007,0,2536084.39764705
Union,Crooked Creek,17000.0,,2023-04-12,,0,
Union,Crooked Creek,17000.0,2.94,2023-04-13,,0,
Union,Crooked Creek,17000.0,1.1800000000000002,2023-04-14,,0,
Union,Crooked Creek,17000.0,1.1800000000000002,2023-04-15,20900.00000000002,0,5584578.35294116
Union,Crooked Creek,17000.0,,2023-04-16,,0,
Union,Crooked Creek,17000.0,1.1800000000000002,2023-04-17,,0,
Union,Crooked Creek,17000.0,1.1800000000000002,2023-04-18,77000.00000000003,0,22632238.5882352
Union,Crooked Creek,17000.0,1.1800000000000002,2023-04-19,,0,
Union,Crooked Creek,17000.0,,2023-04-20,,0,
Union,Crooked Creek,17000.0,,2023-04-21,,0,
Union,Crooked Creek,17000.0,,2023-04-22,34100.00000000001,0,10630293.8823529
Union,Crooked Creek,17000.0,1.1800000000000002,2023-04-23,,0,
Union,Crooked Creek,17000.0,,2023-04-24,,0,
Union,Crooked Creek,17000.0,,2023-04-25,12870.000000000002,0,3324293.74588234
Union,Crooked Creek,17000.0,,2023-04-26,,0,
Union,Crooked Creek,17000.0,,2023-04-27,,0,
Union,Crooked Creek,17000.0,,2023-04-28,,0,
Union,Crooked Creek,17000.0,,2023-04-29,26400.00000000002,0,33507470.117647
Union,Crooked Creek,17000.0,,2023-04-30,,0,
Union,Crooked Creek,17000.0,,2023-05-01,,0,
Union,Crooked Creek,17000.0,1.1800000000000002,2023-05-02,28600.00000000002,0,12991492.7999999
Union,Crooked Creek,17000.0,,2023-05-03,,0,
Union,Crooked Creek,17000.0,1.1800000000000002,2023-05-04,,0,
Union,Crooked Creek,17000.0,,2023-05-05,,0,
Union,Crooked Creek,17000.0,,2023-05-06,32999.99999999999,0,9405605.64705882
Union,Crooked Creek,17000.0,,2023-05-07,,0,
Union,Crooked Creek,17000.0,1.1800000000000002,2023-05-08,,0,
Union,Crooked Creek,17000.0,,2023-05-09,119900.00000000007,0,31503880.1647057
Union,Crooked Creek,17000.0,1.1800000000000002,2023-05-10,,0,
Union,Crooked Creek,17000.0,,2023-05-11,,0,
Union,Crooked Creek,17000.0,,2023-05-12,,0,
Union,Crooked Creek,17000.0,,2023-05-13,51699.99999999999,0,14965690.2352941
Union,Crooked Creek,17000.0,,2023-05-14,,0,
Union,Crooked Creek,17000.0,,2023-05-15,,0,
Union,Crooked Creek,17000.0,,2023-05-16,82500.00000000006,0,41333227.9411764
Union,Crooked Creek,17000.0,,2023-05-17,,0,
Union,Crooked Creek,17000.0,,2023-05-18,,0,
Union,Crooked Creek,17000.0,,2023-05-19,,0,
Union,Crooked Creek,17000.0,1.1800000000000002,2023-05-20,72600.00000000004,0,21015650.117647
Union,Crooked Creek,17000.0,,2023-05-21,,0,
Union,Crooked Creek,17000.0,,2023-05-22,,0,
Union,Crooked Creek,17000.0,1.1800000000000002,2023-05-23,117699.99999999994,0,87011649.7411763
Union,Crooked Creek,17000.0,,2023-05-24,,0,
Union,Crooked Creek,17000.0,,2023-05-25,,0,
Union,Crooked Creek,17000.0,,2023-05-26,,0,
Union,Crooked Creek,17000.0,,2023-05-27,,0,
Union,Crooked Creek,17000.0,,2023-05-28,,0,
Union,Crooked Creek,17000.0,,2023-05-29,,0,
Union,Crooked Creek,17000.0,,2023-05-30,37400.000000000015,0,36226277.9999999
Union,Crooked Creek,17000.0,,2023-05-31,,0,
Union,Crooked Creek,17000.0,,2023-06-01,,0,
Union,Crooked Creek,17000.0,,2023-06-02,,0,
Union,Crooked Creek,17000.0,,2023-06-03,19910.000000000025,0,5497380.55058822
Union,Crooked Creek,17000.0,,2023-06-04,,0,
Union,Crooked Creek,17000.0,,2023-06-05,,0,
Union,Crooked Creek,17000.0,,2023-06-06,10890.00000000001,0,6741173.92235293
Union,Crooked Creek,17000.0,,2023-06-07,,0,
Union,Crooked Creek,17000.0,,2023-06-08,,0,
Union,Crooked Creek,17000.0,,2023-06-09,,0,
Union,Crooked Creek,17000.0,,2023-06-10,32999.99999999999,0,9552568.23529411
Union,Crooked Creek,17000.0,,2023-06-11,,0,
Union,Crooked Creek,17000.0,,2023-06-12,,0,
Union,Crooked Creek,17000.0,,2023-06-13,25300.000000000025,0,6929286.03529411
Union,Crooked Creek,17000.0,,2023-06-14,,0,
Union,Crooked Creek,17000.0,,2023-06-15,,0,
Union,Crooked Creek,17000.0,,2023-06-16,,0,
Union,Crooked Creek,17000.0,,2023-06-17,19250.000000000007,0,5143690.58823528
Union,Crooked Creek,17000.0,,2023-06-18,,0,
Union,Crooked Creek,17000.0,,2023-06-19,,0,
Union,Crooked Creek,17000.0,,2023-06-20,4619.999999999999,0,1193336.21647058
Union,Crooked Creek,17000.0,,2023-06-21,,0,
Union,Crooked Creek,17000.0,,2023-06-22,,0,
Union,Crooked Creek,17000.0,,2023-06-23,,0,
Union,Crooked Creek,17000.0,,2023-06-24,2970.000000000003,0,1388796.45882352
Union,Crooked Creek,17000.0,,2023-06-25,,0,
Union,Crooked Creek,17000.0,,2023-06-26,,0,
Union,Crooked Creek,17000.0,,2023-06-27,30800.000000000044,0,8298487.48235294
Union,Crooked Creek,17000.0,,2023-06-28,,0,
Union,Crooked Creek,17000.0,,2023-06-29,,0,
Union,Crooked Creek,17000.0,,2023-06-30,,0,
Union,Crooked Creek,17000.0,,2023-07-01,28600.00000000002,0,8278892.4705882305
Union,Crooked Creek,17000.0,,2023-07-02,,0,
Union,Crooked Creek,17000.0,,2023-07-03,,0,
Union,Crooked Creek,17000.0,,2023-07-04,40700.000000000015,0,10331469.9529411
Union,Crooked Creek,17000.0,,2023-07-05,,0,
Union,Crooked Creek,17000.0,,2023-07-06,,0,
Union,Crooked Creek,17000.0,,2023-07-07,,0,
Union,Crooked Creek,17000.0,,2023-07-08,131999.99999999997,0,35271021.1764705
Union,Crooked Creek,17000.0,,2023-07-09,,0,
Union,Crooked Creek,17000.0,,2023-07-10,,0,
Union,Crooked Creek,17000.0,,2023-07-11,52800.00000000004,0,21868033.1294116
Union,Crooked Creek,17000.0,,2023-07-12,,0,
Union,Crooked Creek,17000.0,,2023-07-13,,0,
Union,Crooked Creek,17000.0,,2023-07-14,,0,
Union,Crooked Creek,17000.0,,2023-07-15,30800.000000000044,0,9190060.51764706
Union,Crooked Creek,17000.0,,2023-07-16,,0,
Union,Crooked Creek,17000.0,,2023-07-17,,0,
Union,Crooked Creek,17000.0,,2023-07-18,4180.0,0,1088992.77882352
Union,Crooked Creek,17000.0,,2023-07-19,,0,
Union,Crooked Creek,17000.0,,2023-07-20,,0,
Union,Crooked Creek,17000.0,,2023-07-21,,0,
Union,Crooked Creek,17000.0,,2023-07-22,59400.000000000065,0,17194622.8235294
Union,Crooked Creek,17000.0,,2023-07-23,,0,
Union,Crooked Creek,17000.0,,2023-07-24,,0,
Union,Crooked Creek,17000.0,,2023-07-25,11110.000000000013,0,3834498.86470588
Union,Crooked Creek,17000.0,,2023-07-26,,0,
Union,Crooked Creek,17000.0,,2023-07-27,,0,
Union,Crooked Creek,17000.0,,2023-07-28,,0,
Union,Crooked Creek,17000.0,,2023-07-29,75900.00000000003,0,19773816.2470588
Union,Crooked Creek,17000.0,,2023-07-30,,0,
Union,Crooked Creek,17000.0,,2023-07-31,,0,
Union,Crooked Creek,17000.0,,2023-08-01,48400.00000000006,0,46126657.6941176
Union,Crooked Creek,17000.0,,2023-08-02,,0,
Union,Crooked Creek,17000.0,,2023-08-03,,0,
Union,Crooked Creek,17000.0,,2023-08-04,,0,
Union,Crooked Creek,17000.0,,2023-08-05,311408.0000000001,0,69341402.5411764
Union,Crooked Creek,17000.0,,2023-08-06,,0,
Union,Crooked Creek,17000.0,,2023-08-07,,0,
Union,Crooked Creek,17000.0,,2023-08-08,58449.000000000044,0,15487699.122
Union,Crooked Creek,17000.0,,2023-08-09,,0,
Union,Crooked Creek,17000.0,,2023-08-10,,0,
Union,Crooked Creek,17000.0,,2023-08-11,,0,
Union,Crooked Creek,17000.0,,2023-08-12,,0,
Union,Crooked Creek,17000.0,,2023-08-13,,0,
Union,Crooked Creek,17000.0,,2023-08-14,,0,
Union,Crooked Creek,17000.0,,2023-08-15,84704.02304495336,0,23981600.0858823
Union,Crooked Creek,17000.0,,2023-08-16,,0,
Union,Crooked Creek,17000.0,,2023-08-17,,0,
Union,Crooked Creek,17000.0,,2023-08-18,,0,
Union,Crooked Creek,17000.0,,2023-08-19,198773.00000000012,0,48686990.9188235
Union,Crooked Creek,17000.0,,2023-08-20,,0,
Union,Crooked Creek,17000.0,,2023-08-21,,0,
Union,Crooked Creek,17000.0,,2023-08-22,84704.02304495336,0,37529791.6235294
Union,Crooked Creek,17000.0,,2023-08-23,,0,
Union,Crooked Creek,17000.0,,2023-08-24,,0,
Union,Crooked Creek,17000.0,,2023-08-25,,0,
Union,Crooked Creek,17000.0,,2023-08-26,242859.0,0,54077556.3882353
Union,Crooked Creek,17000.0,,2023-08-27,,0,
Union,Crooked Creek,17000.0,,2023-08-28,,0,
Union,Crooked Creek,17000.0,,2023-08-29,100180.0,0,29668495.5741176
Union,Crooked Creek,17000.0,,2023-08-30,,0,
Union,Crooked Creek,17000.0,,2023-08-31,,0,
Union,Crooked Creek,17000.0,,2023-09-01,,0,
Union,Crooked Creek,17000.0,,2023-09-02,179562.00000000015,0,63973081.8635295
Union,Crooked Creek,17000.0,,2023-09-03,,0,
Union,Crooked Creek,17000.0,,2023-09-04,,0,
Union,Crooked Creek,17000.0,,2023-09-05,292412.00000000006,0,82691671.0997646
Union,Crooked Creek,17000.0,,2023-09-06,,0,
Union,Crooked Creek,17000.0,,2023-09-07,,0,
Union,Crooked Creek,17000.0,,2023-09-08,,0,
Union,Crooked Creek,17000.0,,2023-09-09,306086.0000000001,0,88603254.5717646
Union,Crooked Creek,17000.0,,2023-09-10,,0,
Union,Crooked Creek,17000.0,,2023-09-11,,0,
Union,Crooked Creek,17000.0,,2023-09-12,235862.99999999988,0,68275678.8388234
Union,Crooked Creek,17000.0,,2023-09-13,,0,
Union,Crooked Creek,17000.0,,2023-09-14,,0,
Union,Crooked Creek,17000.0,,2023-09-15,,0,
Union,Crooked Creek,17000.0,,2023-09-16,,0,
Union,Crooked Creek,17000.0,,2023-09-17,,0,
Union,Crooked Creek,17000.0,,2023-09-18,,0,
Union,Crooked Creek,17000.0,,2023-09-19,200529.9999999999,0,60726900.9600001
Union,Crooked Creek,17000.0,,2023-09-20,,0,
Union,Crooked Creek,17000.0,,2023-09-21,,0,
Union,Crooked Creek,17000.0,,2023-09-22,,0,
Union,Crooked Creek,17000.0,,2023-09-23,315700.00000000006,0,82950583.5529411
Union,Crooked Creek,17000.0,,2023-09-24,,0,
Union,Crooked Creek,17000.0,,2023-09-25,,0,
Union,Crooked Creek,17000.0,,2023-09-26,169180.0000000002,0,48219404.9505884
Union,Crooked Creek,17000.0,,2023-09-27,,0,
Union,Crooked Creek,17000.0,,2023-09-28,,0,
Union,Crooked Creek,17000.0,,2023-09-29,,0,
Union,Crooked Creek,17000.0,,2023-09-30,190190.00000000017,0,54207640.5458823
Union,Crooked Creek,17000.0,,2023-10-01,,0,
Union,Crooked Creek,17000.0,,2023-10-02,,0,
Union,Crooked Creek,17000.0,,2023-10-03,398200.00000000006,0,113494308.141176
Union,Crooked Creek,17000.0,,2023-10-04,,0,
Union,Crooked Creek,17000.0,,2023-10-05,,0,
Union,Crooked Creek,17000.0,,2023-10-06,,0,
Union,Crooked Creek,17000.0,,2023-10-07,223850.00000000006,0,58318429.0764705
Union,Crooked Creek,17000.0,,2023-10-08,,0,
Union,Crooked Creek,17000.0,,2023-10-09,,0,
Union,Crooked Creek,17000.0,,2023-10-10,87450.00000000007,0,24535404.105882294
Union,Crooked Creek,17000.0,,2023-10-11,,0,
Union,Crooked Creek,17000.0,,2023-10-12,,0,
Union,Crooked Creek,17000.0,,2023-10-13,,0,
Union,Crooked Creek,17000.0,,2023-10-14,117369.99999999999,0,30839119.3905882
Union,Crooked Creek,17000.0,,2023-10-15,,0,
Union,Crooked Creek,17000.0,,2023-10-16,,0,
Union,Crooked Creek,17000.0,,2023-10-17,103620.00000000006,0,26072632.7788234
Union,Crooked Creek,17000.0,,2023-10-18,,0,
Union,Crooked Creek,17000.0,,2023-10-19,,0,
Union,Crooked Creek,17000.0,,2023-10-20,,0,
Union,Crooked Creek,17000.0,,2023-10-21,42350.00000000005,0,11316119.2941176
Union,Crooked Creek,17000.0,,2023-10-22,,0,
Union,Crooked Creek,17000.0,,2023-10-23,,0,
Union,Crooked Creek,17000.0,,2023-10-24,7216.000000000003,0,1944217.06729411
Union,Crooked Creek,17000.0,,2023-10-25,,0,
Union,Crooked Creek,17000.0,,2023-10-26,,0,
Union,Crooked Creek,17000.0,,2023-10-27,,0,
Union,Crooked Creek,17000.0,,2023-10-28,56979.99999999997,0,14844691.037647
Union,Crooked Creek,17000.0,,2023-10-29,,0,
Union,Crooked Creek,17000.0,,2023-10-30,,0,
Union,Crooked Creek,17000.0,,2023-10-31,49720.00000000001,0,14281824.3247058
Union,Crooked Creek,17000.0,,2023-11-01,,0,
Union,Crooked Creek,17000.0,,2023-11-02,,0,
Union,Crooked Creek,17000.0,,2023-11-03,,0,
Union,Crooked Creek,17000.0,,2023-11-04,27962.000000000022,0,6848946.48705882
Union,Crooked Creek,17000.0,,2023-11-05,,0,
Union,Crooked Creek,17000.0,,2023-11-06,,0,
Union,Crooked Creek,17000.0,,2023-11-07,245300.0000000002,0,54621095.2941176
Union,Crooked Creek,17000.0,,2023-11-08,,0,
Union,Crooked Creek,17000.0,,2023-11-09,,0,
Union,Crooked Creek,17000.0,,2023-11-10,,0,
Union,Crooked Creek,17000.0,,2023-11-11,111430.00000000006,0,27293402.0117647
Union,Crooked Creek,17000.0,,2023-11-12,,0,
Union,Crooked Creek,17000.0,,2023-11-13,,0,
Union,Crooked Creek,17000.0,,2023-11-14,29920.000000000036,0,7661649.59999999
Union,Crooked Creek,17000.0,,2023-11-15,,0,
Union,Crooked Creek,17000.0,,2023-11-16,,0,
Union,Crooked Creek,17000.0,,2023-11-17,,0,
Union,Crooked Creek,17000.0,,2023-11-18,202180.0000000001,0,45019539.5294117
Union,Crooked Creek,17000.0,,2023-11-19,,0,
Union,Crooked Creek,17000.0,,2023-11-20,,0,
Union,Crooked Creek,17000.0,,2023-11-21,37289.999999999985,0,10213165.0694117
Union,Crooked Creek,17000.0,,2023-11-22,,0,
Union,Crooked Creek,17000.0,,2023-11-23,,0,
Union,Crooked Creek,17000.0,,2023-11-24,,0,
Union,Crooked Creek,17000.0,,2023-11-25,129359.99999999997,0,32837320.7152941
Union,Crooked Creek,17000.0,,2023-11-26,,0,
Union,Crooked Creek,17000.0,,2023-11-27,,0,
Union,Crooked Creek,17000.0,,2023-11-28,109230.0000000001,0,27727431.5223529
Union,Crooked Creek,17000.0,,2023-11-29,,0,
Union,Crooked Creek,17000.0,,2023-11-30,,0,
Union,Crooked Creek,17000.0,,2023-12-01,,0,
Union,Crooked Creek,17000.0,,2023-12-02,198550.00000000006,0,44211245.2941175
Union,Crooked Creek,17000.0,,2023-12-03,,0,
Union,Crooked Creek,17000.0,,2023-12-04,,0,
Union,Crooked Creek,17000.0,,2023-12-05,227699.9999999999,0,60335490.6
Union,Crooked Creek,17000.0,,2023-12-06,,0,
Union,Crooked Creek,17000.0,,2023-12-07,,0,
Union,Crooked Creek,17000.0,,2023-12-08,,0,
Union,Crooked Creek,17000.0,,2023-12-09,285999.99999999994,0,76420545.88235289
Union,Crooked Creek,17000.0,,2023-12-10,,0,
Union,Crooked Creek,17000.0,,2023-12-11,,0,
Union,Crooked Creek,17000.0,,2023-12-12,146190.00000000015,0,96029029.2176468
Union,Crooked Creek,17000.0,,2023-12-13,,0,
Union,Crooked Creek,17000.0,,2023-12-14,,0,
Union,Crooked Creek,17000.0,,2023-12-15,,0,
Union,Crooked Creek,17000.0,,2023-12-16,236499.99999999988,0,57927753.5294117
Union,Crooked Creek,17000.0,,2023-12-17,,0,
Union,Crooked Creek,17000.0,,2023-12-18,,0,
Union,Crooked Creek,17000.0,,2023-12-19,181390.00000000012,0,133691621.579999
Union,Crooked Creek,17000.0,,2023-12-20,,0,
Union,Crooked Creek,17000.0,,2023-12-21,,0,
Union,Crooked Creek,17000.0,,2023-12-22,,0,
Union,Crooked Creek,17000.0,,2023-12-23,,0,
Union,Crooked Creek,17000.0,,2023-12-24,,0,
Union,Crooked Creek,17000.0,,2023-12-25,,0,
Union,Crooked Creek,17000.0,,2023-12-26,,0,
Union,Crooked Creek,17000.0,,2023-12-27,,0,
Union,Crooked Creek,17000.0,,2023-12-28,,0,
Union,Crooked Creek,17000.0,,2023-12-29,,0,
Union,Crooked Creek,17000.0,,2023-12-30,,0,
Union,Crooked Creek,17000.0,,2023-12-31,,0,
Union,Crooked Creek,17000.0,,2024-01-01,,0,
Union,Crooked Creek,17000.0,,2024-01-02,,0,
Union,Crooked Creek,17000.0,,2024-01-03,,0,
Union,Crooked Creek,17000.0,,2024-01-04,,0,
Union,Crooked Creek,17000.0,,2024-01-05,,0,
Union,Crooked Creek,17000.0,,2024-01-06,1748999.9999999995,0,506286116.470586
Union,Crooked Creek,17000.0,,2024-01-07,,0,
Union,Crooked Creek,17000.0,,2024-01-08,,0,
Union,Crooked Creek,17000.0,,2024-01-09,543400.0000000001,0,217798555.764705
Union,Crooked Creek,17000.0,,2024-01-10,,0,
Union,Crooked Creek,17000.0,,2024-01-11,,0,
Union,Crooked Creek,17000.0,,2024-01-12,,0,
Union,Crooked Creek,17000.0,,2024-01-13,250800.00000000003,0,72599518.5882352
Union,Crooked Creek,17000.0,,2024-01-14,,0,
Union,Crooked Creek,17000.0,,2024-01-15,,0,
Union,Crooked Creek,17000.0,,2024-01-16,156640.0,0,48133186.8988235
Union,Crooked Creek,17000.0,,2024-01-17,,0,
Union,Crooked Creek,17000.0,,2024-01-18,,0,
Union,Crooked Creek,17000.0,,2024-01-19,,0,
Union,Crooked Creek,17000.0,,2024-01-20,823899.9999999995,0,238495786.941176
Union,Crooked Creek,17000.0,,2024-01-21,,0,
Union,Crooked Creek,17000.0,,2024-01-22,,0,
Union,Crooked Creek,17000.0,,2024-01-23,187110.0000000001,0,50413311.4552942
Union,Crooked Creek,17000.0,,2024-01-24,,0,
Union,Crooked Creek,17000.0,,2024-01-25,,0,
Union,Crooked Creek,17000.0,,2024-01-26,,0,
Union,Crooked Creek,17000.0,,2024-01-27,88440.0,0,43718430.7482353
Union,Crooked Creek,17000.0,,2024-01-28,,0,
Union,Crooked Creek,17000.0,,2024-01-29,,0,
Union,Crooked Creek,17000.0,,2024-01-30,425700.00000000035,0,159248660.611764
Union,Crooked Creek,17000.0,,2024-01-31,,0,
Union,Crooked Creek,17000.0,,2024-02-01,,0,
Union,Crooked Creek,17000.0,,2024-02-02,,0,
Union,Crooked Creek,17000.0,,2024-02-03,319000.00000000023,0,105837557.294117
Union,Crooked Creek,17000.0,,2024-02-04,,0,
Union,Crooked Creek,17000.0,,2024-02-05,,0,
Union,Crooked Creek,17000.0,,2024-02-06,102629.99999999999,0,28794379.9129412
Union,Crooked Creek,17000.0,,2024-02-07,,0,
Union,Crooked Creek,17000.0,,2024-02-08,,0,
Union,Crooked Creek,17000.0,,2024-02-09,,0,
Union,Crooked Creek,17000.0,,2024-02-10,157300.0000000001,0,44132865.2470588
Union,Crooked Creek,17000.0,,2024-02-11,,0,
Union,Crooked Creek,17000.0,,2024-02-12,,0,
Union,Crooked Creek,17000.0,,2024-02-13,57310.000000000044,0,22587414.9988234
Union,Crooked Creek,17000.0,,2024-02-14,,0,
Union,Crooked Creek,17000.0,,2024-02-15,,0,
Union,Crooked Creek,17000.0,,2024-02-16,,0,
Union,Crooked Creek,17000.0,,2024-02-17,112199.99999999994,0,29980367.9999999
Union,Crooked Creek,17000.0,,2024-02-18,,0,
Union,Crooked Creek,17000.0,,2024-02-19,,0,
Union,Crooked Creek,17000.0,,2024-02-20,169730.00000000006,0,43840899.5717646
Union,Crooked Creek,17000.0,,2024-02-21,,0,
Union,Crooked Creek,17000.0,,2024-02-22,,0,
Union,Crooked Creek,17000.0,,2024-02-23,,0,
Union,Crooked Creek,17000.0,,2024-02-24,156860.00000000012,0,38420919.317647
Union,Crooked Creek,17000.0,,2024-02-25,,0,
Union,Crooked Creek,17000.0,,2024-02-26,,0,
Union,Crooked Creek,17000.0,,2024-02-27,74690.0,0,22285896.7552941
Union,Crooked Creek,17000.0,,2024-02-28,,0,
Union,Crooked Creek,17000.0,,2024-02-29,,0,
Union,Crooked Creek,17000.0,,2024-03-01,,0,
Union,Crooked Creek,17000.0,,2024-03-02,93170.0,0,22820840.5764706
Union,Crooked Creek,17000.0,,2024-03-03,,0,
Union,Crooked Creek,17000.0,,2024-03-04,,0,
Union,Crooked Creek,17000.0,,2024-03-05,168520.0000000001,0,67544005.552941
Union,Crooked Creek,17000.0,,2024-03-06,,0,
Union,Crooked Creek,17000.0,,2024-03-07,,0,
Union,Crooked Creek,17000.0,,2024-03-08,,0,
Union,Crooked Creek,17000.0,,2024-03-09,175230.00000000017,0,69453049.5741174
Union,Crooked Creek,17000.0,,2024-03-10,,0,
Union,Crooked Creek,17000.0,,2024-03-11,,0,
Union,Crooked Creek,17000.0,,2024-03-12,28710.000000000033,0,11826814.2882353
Union,Crooked Creek,17000.0,,2024-03-13,,0,
Union,Crooked Creek,17000.0,,2024-03-14,,0,
Union,Crooked Creek,17000.0,,2024-03-15,,0,
Union,Crooked Creek,17000.0,,2024-03-16,168410.00000000015,0,41249949.1411763
Union,Crooked Creek,17000.0,,2024-03-17,,0,
Union,Crooked Creek,17000.0,,2024-03-18,,0,
Union,Crooked Creek,17000.0,,2024-03-19,39710.00000000005,0,13086528.6070587
Union,Crooked Creek,17000.0,,2024-03-20,,0,
Union,Crooked Creek,17000.0,,2024-03-21,,0,
Union,Crooked Creek,17000.0,,2024-03-22,,0,
Union,Crooked Creek,17000.0,,2024-03-23,33440.0,0,9754396.8564706
Union,Crooked Creek,17000.0,,2024-03-24,,0,
Union,Crooked Creek,17000.0,,2024-03-25,,0,
Union,Crooked Creek,17000.0,,2024-03-26,6600.000000000005,0,1866424.87058823
Union,Crooked Creek,17000.0,,2024-03-27,,0,
Union,Crooked Creek,17000.0,,2024-03-28,,0,
Union,Crooked Creek,17000.0,,2024-03-29,,0,
Union,Crooked Creek,17000.0,,2024-03-30,,0,
Union,Crooked Creek,17000.0,,2024-03-31,,0,
Union,Crooked Creek,17000.0,,2024-04-01,,0,
Union,Crooked Creek,17000.0,,2024-04-02,14300.00000000001,0,4107604.34117645
Union,Crooked Creek,17000.0,,2024-04-03,,0,
Union,Crooked Creek,17000.0,,2024-04-04,,0,
Union,Crooked Creek,17000.0,,2024-04-05,,0,
Union,Crooked Creek,17000.0,,2024-04-06,31899.999999999993,0,9234149.29411766
Union,Crooked Creek,17000.0,,2024-04-07,,0,
Union,Crooked Creek,17000.0,,2024-04-08,,0,
Union,Crooked Creek,17000.0,,2024-04-09,6490.000000000007,0,2933618.19882352
Union,Crooked Creek,17000.0,,2024-04-10,,0,
Union,Crooked Creek,17000.0,,2024-04-11,,0,
Union,Crooked Creek,17000.0,,2024-04-12,,0,
Union,Crooked Creek,17000.0,,2024-04-13,51150.00000000006,0,18565048.958823495
Union,Crooked Creek,17000.0,,2024-04-14,,0,
Union,Crooked Creek,17000.0,,2024-04-15,,0,
Union,Crooked Creek,17000.0,,2024-04-16,18006.999999999996,0,5693673.58094116
Union,Crooked Creek,17000.0,,2024-04-17,,0,
Union,Crooked Creek,17000.0,,2024-04-18,,0,
Union,Crooked Creek,17000.0,,2024-04-19,,0,
Union,Crooked Creek,17000.0,,2024-04-20,19250.000000000007,0,5486603.29411764
Union,Crooked Creek,17000.0,,2024-04-21,,0,
Union,Crooked Creek,17000.0,,2024-04-22,,0,
Union,Crooked Creek,17000.0,,2024-04-23,20900.00000000002,0,6049959.88235293
Union,Crooked Creek,17000.0,,2024-04-24,,0,
Union,Crooked Creek,17000.0,,2024-04-25,,0,
Union,Crooked Creek,17000.0,,2024-04-26,,0,
Union,Crooked Creek,17000.0,,2024-04-27,6655.000000000002,0,1718972.40705882
Union,Crooked Creek,17000.0,,2024-04-28,,0,
Union,Crooked Creek,17000.0,,2024-04-29,,0,
Union,Crooked Creek,17000.0,,2024-04-30,34869.999999999985,0,8618620.9870588
Union,Crooked Creek,17000.0,,2024-05-01,,0,
Union,Crooked Creek,17000.0,,2024-05-02,,0,
Union,Crooked Creek,17000.0,,2024-05-03,,0,
Union,Crooked Creek,17000.0,,2024-05-04,8459.000000000002,0,2184941.78682352
Union,Crooked Creek,17000.0,,2024-05-05,,0,
Union,Crooked Creek,17000.0,,2024-05-06,,0,
Union,Crooked Creek,17000.0,,2024-05-07,4180.0,0,1033146.99529411
Union,Crooked Creek,17000.0,,2024-05-08,,0,
Union,Crooked Creek,17000.0,,2024-05-09,,0,
Union,Crooked Creek,17000.0,,2024-05-10,,0,
Union,Crooked Creek,17000.0,,2024-05-11,,0,
Union,Crooked Creek,17000.0,,2024-05-12,,0,
Union,Crooked Creek,17000.0,,2024-05-13,,0,
Union,Crooked Creek,17000.0,,2024-05-14,,0,
Union,Crooked Creek,17000.0,,2024-05-15,,0,
Union,Twelve Mile,70608.0,1.27,2022-11-05,27917.999999999993,0,6301214.5395989
Union,Twelve Mile,70608.0,0.27999999999999997,2022-11-06,,0,
Union,Twelve Mile,70608.0,0.27999999999999997,2022-11-07,,0,
Union,Twelve Mile,70608.0,0.9900000000000001,2022-11-08,0.0,0,264197.416723317
Union,Twelve Mile,70608.0,1.56,2022-11-09,,0,
Union,Twelve Mile,70608.0,0.27999999999999997,2022-11-10,,0,
Union,Twelve Mile,70608.0,1.42,2022-11-11,,0,
Union,Twelve Mile,70608.0,0.9900000000000001,2022-11-12,37224.000000000015,0,11113686.0715839
Union,Twelve Mile,70608.0,0.71,2022-11-13,,0,
Union,Twelve Mile,70608.0,0.71,2022-11-14,,0,
Union,Twelve Mile,70608.0,1.42,2022-11-15,18612.000000000007,0,4440285.78008158
Union,Twelve Mile,70608.0,1.56,2022-11-16,,0,
Union,Twelve Mile,70608.0,0.8500000000000001,2022-11-17,,0,
Union,Twelve Mile,70608.0,1.1300000000000001,2022-11-18,,0,
Union,Twelve Mile,70608.0,0.8500000000000001,2022-11-19,36190.00000000003,0,10921384.5563392
Union,Twelve Mile,70608.0,0.8500000000000001,2022-11-20,,0,
Union,Twelve Mile,70608.0,0.9900000000000001,2022-11-21,,0,
Union,Twelve Mile,70608.0,0.9900000000000001,2022-11-22,28952.0,0,8828685.07464312
Union,Twelve Mile,70608.0,1.7000000000000002,2022-11-23,,0,
Union,Twelve Mile,70608.0,1.42,2022-11-24,,0,
Union,Twelve Mile,70608.0,1.1300000000000001,2022-11-25,,0,
Union,Twelve Mile,70608.0,1.7000000000000002,2022-11-26,28952.0,0,9666851.37919783
Union,Twelve Mile,70608.0,1.1300000000000001,2022-11-27,,0,
Union,Twelve Mile,70608.0,1.56,2022-11-28,,0,
Union,Twelve Mile,70608.0,3.2600000000000002,2022-11-29,90992.0,0,34518260.5721276
Union,Twelve Mile,70608.0,2.27,2022-11-30,,0,
Union,Twelve Mile,70608.0,2.83,2022-12-01,,0,
Union,Twelve Mile,70608.0,3.2600000000000002,2022-12-02,,0,
Union,Twelve Mile,70608.0,1.42,2022-12-03,119944.00000000003,0,53185643.2921142
Union,Twelve Mile,70608.0,0.27999999999999997,2022-12-04,,0,
Union,Twelve Mile,70608.0,0.9900000000000001,2022-12-05,,0,
Union,Twelve Mile,70608.0,2.5500000000000003,2022-12-06,44462.000000000044,0,13927807.2654146
Union,Twelve Mile,70608.0,1.56,2022-12-07,,0,
Union,Twelve Mile,70608.0,2.69,2022-12-08,,0,
Union,Twelve Mile,70608.0,2.69,2022-12-09,,0,
Union,Twelve Mile,70608.0,2.83,2022-12-10,87889.99999999997,0,27366795.0550645
Union,Twelve Mile,70608.0,0.9900000000000001,2022-12-11,,0,
Union,Twelve Mile,70608.0,1.56,2022-12-12,,0,
Union,Twelve Mile,70608.0,2.83,2022-12-13,86856.00000000009,0,27026206.8424202
Union,Twelve Mile,70608.0,3.6799999999999997,2022-12-14,,0,
Union,Twelve Mile,70608.0,1.8399999999999999,2022-12-15,,0,
Union,Twelve Mile,70608.0,2.5500000000000003,2022-12-16,,0,
Union,Twelve Mile,70608.0,2.5500000000000003,2022-12-17,100297.99999999994,0,29961341.0681849
Union,Twelve Mile,70608.0,1.9800000000000002,2022-12-18,,0,
Union,Twelve Mile,70608.0,2.27,2022-12-19,,0,
Union,Twelve Mile,70608.0,2.97,2022-12-20,89957.99999999997,0,28261504.3246091
Union,Twelve Mile,70608.0,2.5500000000000003,2022-12-21,,0,
Union,Twelve Mile,70608.0,6.23,2022-12-22,,0,
Union,Twelve Mile,70608.0,5.5200000000000005,2022-12-23,,0,
Union,Twelve Mile,70608.0,3.4000000000000004,2022-12-24,147862.00000000015,0,58327616.1808632
Union,Twelve Mile,70608.0,1.8399999999999999,2022-12-25,,0,
Union,Twelve Mile,70608.0,1.1300000000000001,2022-12-26,,0,
Union,Twelve Mile,70608.0,3.54,2022-12-27,327778.0000000003,0,112131185.385469
Union,Twelve Mile,70608.0,5.38,2022-12-28,,0,
Union,Twelve Mile,70608.0,3.12,2022-12-29,,0,
Union,Twelve Mile,70608.0,3.12,2022-12-30,,0,
Union,Twelve Mile,70608.0,4.39,2022-12-31,198527.99999999988,0,60071246.0051666
Union,Twelve Mile,70608.0,2.83,2023-01-01,,0,
Union,Twelve Mile,70608.0,2.41,2023-01-02,,0,
Union,Twelve Mile,70608.0,4.39,2023-01-03,180949.99999999997,0,60660346.0923691
Union,Twelve Mile,70608.0,4.53,2023-01-04,,0,
Union,Twelve Mile,70608.0,5.5200000000000005,2023-01-05,,0,
Union,Twelve Mile,70608.0,4.11,2023-01-06,,0,
Union,Twelve Mile,70608.0,4.39,2023-01-07,,0,
Union,Twelve Mile,70608.0,1.9800000000000002,2023-01-08,,0,
Union,Twelve Mile,70608.0,1.27,2023-01-09,,0,
Union,Twelve Mile,70608.0,4.25,2023-01-10,4963.0,0,1734801.29877634
Union,Twelve Mile,70608.0,2.5500000000000003,2023-01-11,,0,
Union,Twelve Mile,70608.0,3.12,2023-01-12,,0,
Union,Twelve Mile,70608.0,1.27,2023-01-13,,0,
Union,Twelve Mile,70608.0,2.69,2023-01-14,62040.00000000001,0,19583822.2270564
Union,Twelve Mile,70608.0,2.41,2023-01-15,,0,
Union,Twelve Mile,70608.0,1.7000000000000002,2023-01-16,,0,
Union,Twelve Mile,70608.0,2.41,2023-01-17,74448.00000000003,0,25452316.7816451
Union,Twelve Mile,70608.0,2.27,2023-01-18,,0,
Union,Twelve Mile,70608.0,2.5500000000000003,2023-01-19,,0,
Union,Twelve Mile,70608.0,1.9800000000000002,2023-01-20,,0,
Union,Twelve Mile,70608.0,2.41,2023-01-21,52734.0,0,14814256.8273283
Union,Twelve Mile,70608.0,0.8500000000000001,2023-01-22,,0,
Union,Twelve Mile,70608.0,1.9800000000000002,2023-01-23,,0,
Union,Twelve Mile,70608.0,2.5500000000000003,2023-01-24,68244.00000000006,0,30513244.7539088
Union,Twelve Mile,70608.0,2.5500000000000003,2023-01-25,,0,
Union,Twelve Mile,70608.0,1.8399999999999999,2023-01-26,,0,
Union,Twelve Mile,70608.0,2.12,2023-01-27,,0,
Union,Twelve Mile,70608.0,1.42,2023-01-28,65142.00000000002,0,18970497.3597552
Union,Twelve Mile,70608.0,0.8500000000000001,2023-01-29,,0,
Union,Twelve Mile,70608.0,0.71,2023-01-30,,0,
Union,Twelve Mile,70608.0,1.8399999999999999,2023-01-31,44462.000000000044,0,21865441.7329537
Union,Twelve Mile,70608.0,1.8399999999999999,2023-02-01,,0,
Union,Twelve Mile,70608.0,2.5500000000000003,2023-02-02,,0,
Union,Twelve Mile,70608.0,1.8399999999999999,2023-02-03,,0,
Union,Twelve Mile,70608.0,1.27,2023-02-04,66176.0,0,29624078.912304495
Union,Twelve Mile,70608.0,1.1300000000000001,2023-02-05,,0,
Union,Twelve Mile,70608.0,0.8500000000000001,2023-02-06,,0,
Union,Twelve Mile,70608.0,2.12,2023-02-07,63074.00000000004,0,22047321.603671
Union,Twelve Mile,70608.0,1.42,2023-02-08,,0,
Union,Twelve Mile,70608.0,2.27,2023-02-09,,0,
Union,Twelve Mile,70608.0,2.12,2023-02-10,,0,
Union,Twelve Mile,70608.0,1.1300000000000001,2023-02-11,34122.00000000003,0,10097908.3358259
Union,Twelve Mile,70608.0,0.9900000000000001,2023-02-12,,0,
Union,Twelve Mile,70608.0,0.9900000000000001,2023-02-13,,0,
Union,Twelve Mile,70608.0,0.8500000000000001,2023-02-14,29986.000000000007,0,15899105.6752209
Union,Twelve Mile,70608.0,1.9800000000000002,2023-02-15,,0,
Union,Twelve Mile,70608.0,2.27,2023-02-16,,0,
Union,Twelve Mile,70608.0,0.9900000000000001,2023-02-17,,0,
Union,Twelve Mile,70608.0,1.7000000000000002,2023-02-18,,0,
Union,Twelve Mile,70608.0,1.27,2023-02-19,,0,
Union,Twelve Mile,70608.0,0.27999999999999997,2023-02-20,,0,
Union,Twelve Mile,70608.0,1.27,2023-02-21,,0,15601088.3253237
Union,Twelve Mile,70608.0,2.12,2023-02-22,,0,
Union,Twelve Mile,70608.0,2.27,2023-02-23,,0,
Union,Twelve Mile,70608.0,0.27999999999999997,2023-02-24,,0,
Union,Twelve Mile,70608.0,1.27,2023-02-25,378400.0000000001,0,112793425.696805
Union,Twelve Mile,70608.0,0.27999999999999997,2023-02-26,,0,
Union,Twelve Mile,70608.0,0.71,2023-02-27,,0,
Union,Twelve Mile,70608.0,0.8500000000000001,2023-02-28,136400.00000000003,0,41491732.5152956
Union,Twelve Mile,70608.0,1.56,2023-03-01,,0,
Union,Twelve Mile,70608.0,1.42,2023-03-02,,0,
Union,Twelve Mile,70608.0,0.71,2023-03-03,,0,
Union,Twelve Mile,70608.0,0.71,2023-03-04,137500.00000000006,0,41745255.8846022
Union,Twelve Mile,70608.0,0.27999999999999997,2023-03-05,,0,
Union,Twelve Mile,70608.0,0.27999999999999997,2023-03-06,,0,
Union,Twelve Mile,70608.0,0.27999999999999997,2023-03-07,97900.00000000006,0,29491685.3407544
Union,Twelve Mile,70608.0,0.9900000000000001,2023-03-08,,0,
Union,Twelve Mile,70608.0,1.1300000000000001,2023-03-09,,0,
Union,Twelve Mile,70608.0,0.8500000000000001,2023-03-10,,0,
Union,Twelve Mile,70608.0,0.8500000000000001,2023-03-11,188099.99999999988,0,57621810.4231813
Union,Twelve Mile,70608.0,,2023-03-12,,0,
Union,Twelve Mile,70608.0,0.27999999999999997,2023-03-13,,0,
Union,Twelve Mile,70608.0,1.27,2023-03-14,100100.00000000006,0,33299194.7187288
Union,Twelve Mile,70608.0,0.71,2023-03-15,,0,
Union,Twelve Mile,70608.0,1.42,2023-03-16,,0,
Union,Twelve Mile,70608.0,0.71,2023-03-17,,0,
Union,Twelve Mile,70608.0,0.71,2023-03-18,173800.0,0,50063877.1804894
Union,Twelve Mile,70608.0,0.27999999999999997,2023-03-19,,0,
Union,Twelve Mile,70608.0,0.27999999999999997,2023-03-20,,0,
Union,Twelve Mile,70608.0,0.71,2023-03-21,78100.00000000001,0,24397982.735384
Union,Twelve Mile,70608.0,0.8500000000000001,2023-03-22,,0,
Union,Twelve Mile,70608.0,1.1300000000000001,2023-03-23,,0,
Union,Twelve Mile,70608.0,0.27999999999999997,2023-03-24,,0,
Union,Twelve Mile,70608.0,0.27999999999999997,2023-03-25,41800.00000000004,0,12764509.4765465
Union,Twelve Mile,70608.0,0.27999999999999997,2023-03-26,,0,
Union,Twelve Mile,70608.0,0.27999999999999997,2023-03-27,,0,
Union,Twelve Mile,70608.0,0.71,2023-03-28,156200.00000000003,0,46543328.6573759
Union,Twelve Mile,70608.0,0.71,2023-03-29,,0,
Union,Twelve Mile,70608.0,0.8500000000000001,2023-03-30,,0,
Union,Twelve Mile,70608.0,0.27999999999999997,2023-03-31,,0,
Union,Twelve Mile,70608.0,0.27999999999999997,2023-04-01,88000.00000000006,0,26952854.3167913
Union,Twelve Mile,70608.0,0.27999999999999997,2023-04-02,,0,
Union,Twelve Mile,70608.0,0.27999999999999997,2023-04-03,,0,
Union,Twelve Mile,70608.0,0.9900000000000001,2023-04-04,112199.99999999994,0,35423566.0452073
Union,Twelve Mile,70608.0,0.9900000000000001,2023-04-05,,0,
Union,Twelve Mile,70608.0,0.27999999999999997,2023-04-06,,0,
Union,Twelve Mile,70608.0,0.27999999999999997,2023-04-07,,0,
Union,Twelve Mile,70608.0,0.27999999999999997,2023-04-08,39600.0,0,12903684.9014275
Union,Twelve Mile,70608.0,0.27999999999999997,2023-04-09,,0,
Union,Twelve Mile,70608.0,0.27999999999999997,2023-04-10,,0,
Union,Twelve Mile,70608.0,0.27999999999999997,2023-04-11,24200.00000000003,0,12230571.2151597
Union,Twelve Mile,70608.0,0.27999999999999997,2023-04-12,,0,
Union,Twelve Mile,70608.0,,2023-04-13,,0,
Union,Twelve Mile,70608.0,0.71,2023-04-14,,0,
Union,Twelve Mile,70608.0,0.27999999999999997,2023-04-15,135299.99999999994,0,40700142.7999659
Union,Twelve Mile,70608.0,0.27999999999999997,2023-04-16,,0,
Union,Twelve Mile,70608.0,0.27999999999999997,2023-04-17,,0,
Union,Twelve Mile,70608.0,0.27999999999999997,2023-04-18,97900.00000000006,0,28966828.8655677
Union,Twelve Mile,70608.0,0.27999999999999997,2023-04-19,,0,
Union,Twelve Mile,70608.0,0.71,2023-04-20,,0,
Union,Twelve Mile,70608.0,0.27999999999999997,2023-04-21,,0,
Union,Twelve Mile,70608.0,0.27999999999999997,2023-04-22,19470.00000000001,0,5647042.86454791
Union,Twelve Mile,70608.0,0.27999999999999997,2023-04-23,,0,
Union,Twelve Mile,70608.0,0.27999999999999997,2023-04-24,,0,
Union,Twelve Mile,70608.0,0.9900000000000001,2023-04-25,38500.000000000015,0,10815581.7471108
Union,Twelve Mile,70608.0,0.27999999999999997,2023-04-26,,0,
Union,Twelve Mile,70608.0,0.27999999999999997,2023-04-27,,0,
Union,Twelve Mile,70608.0,,2023-04-28,,0,
Union,Twelve Mile,70608.0,0.27999999999999997,2023-04-29,67100.00000000001,0,19270901.6170972
Union,Twelve Mile,70608.0,0.27999999999999997,2023-04-30,,0,
Union,Twelve Mile,70608.0,0.27999999999999997,2023-05-01,,0,
Union,Twelve Mile,70608.0,0.27999999999999997,2023-05-02,70399.99999999997,0,18154136.7777022
Union,Twelve Mile,70608.0,0.27999999999999997,2023-05-03,,0,
Union,Twelve Mile,70608.0,0.27999999999999997,2023-05-04,,0,
Union,Twelve Mile,70608.0,0.71,2023-05-05,,0,
Union,Twelve Mile,70608.0,0.71,2023-05-06,115499.99999999996,0,33016420.9211421
Union,Twelve Mile,70608.0,0.27999999999999997,2023-05-07,,0,
Union,Twelve Mile,70608.0,0.27999999999999997,2023-05-08,,0,
Union,Twelve Mile,70608.0,0.27999999999999997,2023-05-09,73699.99999999999,0,22007998.6488782
Union,Twelve Mile,70608.0,0.27999999999999997,2023-05-10,,0,
Union,Twelve Mile,70608.0,0.27999999999999997,2023-05-11,,0,
Union,Twelve Mile,70608.0,0.27999999999999997,2023-05-12,,0,
Union,Twelve Mile,70608.0,0.27999999999999997,2023-05-13,52800.00000000004,0,14481792.6852481
Union,Twelve Mile,70608.0,0.27999999999999997,2023-05-14,,0,
Union,Twelve Mile,70608.0,0.8500000000000001,2023-05-15,,0,
Union,Twelve Mile,70608.0,0.27999999999999997,2023-05-16,48400.00000000006,0,13819883.8001359
Union,Twelve Mile,70608.0,0.27999999999999997,2023-05-17,,0,
Union,Twelve Mile,70608.0,0.71,2023-05-18,,0,
Union,Twelve Mile,70608.0,0.71,2023-05-19,,0,
Union,Twelve Mile,70608.0,0.27999999999999997,2023-05-20,93500.0000000001,0,26186210.027192295
Union,Twelve Mile,70608.0,0.27999999999999997,2023-05-21,,0,
Union,Twelve Mile,70608.0,0.27999999999999997,2023-05-22,,0,
Union,Twelve Mile,70608.0,0.27999999999999997,2023-05-23,118800.00000000013,0,32061771.8626783
Union,Twelve Mile,70608.0,0.27999999999999997,2023-05-24,,0,
Union,Twelve Mile,70608.0,,2023-05-25,,0,
Union,Twelve Mile,70608.0,,2023-05-26,,0,
Union,Twelve Mile,70608.0,,2023-05-27,36300.00000000002,0,9823897.8721958
Union,Twelve Mile,70608.0,,2023-05-28,,0,
Union,Twelve Mile,70608.0,,2023-05-29,,0,
Union,Twelve Mile,70608.0,,2023-05-30,24200.00000000003,0,8110035.07647859
Union,Twelve Mile,70608.0,,2023-05-31,,0,
Union,Twelve Mile,70608.0,,2023-06-01,,0,
Union,Twelve Mile,70608.0,,2023-06-02,,0,
Union,Twelve Mile,70608.0,,2023-06-03,145200.0000000001,0,38649487.2705642
Union,Twelve Mile,70608.0,,2023-06-04,,0,
Union,Twelve Mile,70608.0,,2023-06-05,,0,
Union,Twelve Mile,70608.0,,2023-06-06,69300.0,0,15529854.4017675
Union,Twelve Mile,70608.0,,2023-06-07,,0,
Union,Twelve Mile,70608.0,,2023-06-08,,0,
Union,Twelve Mile,70608.0,,2023-06-09,,0,
Union,Twelve Mile,70608.0,,2023-06-10,72600.00000000004,0,18896602.2858599
Union,Twelve Mile,70608.0,,2023-06-11,,0,
Union,Twelve Mile,70608.0,,2023-06-12,,0,
Union,Twelve Mile,70608.0,,2023-06-13,83600.00000000007,0,22409602.3113527
Union,Twelve Mile,70608.0,,2023-06-14,,0,
Union,Twelve Mile,70608.0,,2023-06-15,,0,
Union,Twelve Mile,70608.0,,2023-06-16,,0,
Union,Twelve Mile,70608.0,,2023-06-17,37400.000000000015,0,9554157.02753227
Union,Twelve Mile,70608.0,,2023-06-18,,0,
Union,Twelve Mile,70608.0,,2023-06-19,,0,
Union,Twelve Mile,70608.0,,2023-06-20,61599.99999999997,0,15297030.42828
Union,Twelve Mile,70608.0,,2023-06-21,,0,
Union,Twelve Mile,70608.0,,2023-06-22,,0,
Union,Twelve Mile,70608.0,,2023-06-23,,0,
Union,Twelve Mile,70608.0,,2023-06-24,94600.00000000003,0,26610930.9636301
Union,Twelve Mile,70608.0,,2023-06-25,,0,
Union,Twelve Mile,70608.0,,2023-06-26,,0,
Union,Twelve Mile,70608.0,,2023-06-27,96799.99999999994,0,28594652.5492862
Union,Twelve Mile,70608.0,,2023-06-28,,0,
Union,Twelve Mile,70608.0,,2023-06-29,,0,
Union,Twelve Mile,70608.0,,2023-06-30,,0,
Union,Twelve Mile,70608.0,,2023-07-01,79200.0,0,21476419.2929979
Union,Twelve Mile,70608.0,,2023-07-02,,0,
Union,Twelve Mile,70608.0,,2023-07-03,,0,
Union,Twelve Mile,70608.0,,2023-07-04,123199.99999999994,0,31637640.6526171
Union,Twelve Mile,70608.0,,2023-07-05,,0,
Union,Twelve Mile,70608.0,,2023-07-06,,0,
Union,Twelve Mile,70608.0,,2023-07-07,,0,
Union,Twelve Mile,70608.0,,2023-07-08,124300.00000000013,0,34025914.5326307
Union,Twelve Mile,70608.0,,2023-07-09,,0,
Union,Twelve Mile,70608.0,,2023-07-10,,0,
Union,Twelve Mile,70608.0,,2023-07-11,97900.00000000006,0,26353043.6191365
Union,Twelve Mile,70608.0,,2023-07-12,,0,
Union,Twelve Mile,70608.0,,2023-07-13,,0,
Union,Twelve Mile,70608.0,,2023-07-14,,0,
Union,Twelve Mile,70608.0,,2023-07-15,126500.00000000001,0,30918469.3363358
Union,Twelve Mile,70608.0,,2023-07-16,,0,
Union,Twelve Mile,70608.0,,2023-07-17,,0,
Union,Twelve Mile,70608.0,,2023-07-18,125400.00000000001,0,31658045.1852482
Union,Twelve Mile,70608.0,,2023-07-19,,0,
Union,Twelve Mile,70608.0,,2023-07-20,,0,
Union,Twelve Mile,70608.0,,2023-07-21,,0,
Union,Twelve Mile,70608.0,,2023-07-22,341000.00000000035,0,83052934.7977564
Union,Twelve Mile,70608.0,,2023-07-23,,0,
Union,Twelve Mile,70608.0,,2023-07-24,,0,
Union,Twelve Mile,70608.0,,2023-07-25,78100.00000000001,0,25675035.2039428
Union,Twelve Mile,70608.0,,2023-07-26,,0,
Union,Twelve Mile,70608.0,,2023-07-27,,0,
Union,Twelve Mile,70608.0,,2023-07-28,,0,
Union,Twelve Mile,70608.0,,2023-07-29,221100.00000000017,0,58307367.3359959
Union,Twelve Mile,70608.0,,2023-07-30,,0,
Union,Twelve Mile,70608.0,,2023-07-31,,0,
Union,Twelve Mile,70608.0,,2023-08-01,145200.0000000001,0,37544104.1502378
Union,Twelve Mile,70608.0,,2023-08-02,,0,
Union,Twelve Mile,70608.0,,2023-08-03,,0,
Union,Twelve Mile,70608.0,,2023-08-04,,0,
Union,Twelve Mile,70608.0,,2023-08-05,282586.00000000023,0,79460995.6078349
Union,Twelve Mile,70608.0,,2023-08-06,,0,
Union,Twelve Mile,70608.0,,2023-08-07,,0,
Union,Twelve Mile,70608.0,,2023-08-08,170143.00000000006,0,44048300.7394884
Union,Twelve Mile,70608.0,,2023-08-09,,0,
Union,Twelve Mile,70608.0,,2023-08-10,,0,
Union,Twelve Mile,70608.0,,2023-08-11,,0,
Union,Twelve Mile,70608.0,,2023-08-12,432762.0889253126,0,222359503.030421
Union,Twelve Mile,70608.0,,2023-08-13,,0,
Union,Twelve Mile,70608.0,,2023-08-14,,0,
Union,Twelve Mile,70608.0,,2023-08-15,235937.8966677462,0,64988003.6773624
Union,Twelve Mile,70608.0,,2023-08-16,,0,
Union,Twelve Mile,70608.0,,2023-08-17,,0,
Union,Twelve Mile,70608.0,,2023-08-18,,0,
Union,Twelve Mile,70608.0,,2023-08-19,432762.0889253126,0,55404840.2074355
Union,Twelve Mile,70608.0,,2023-08-20,,0,
Union,Twelve Mile,70608.0,,2023-08-21,,0,
Union,Twelve Mile,70608.0,,2023-08-22,235937.8966677462,0,57165364.7810333
Union,Twelve Mile,70608.0,,2023-08-23,,0,
Union,Twelve Mile,70608.0,,2023-08-24,,0,
Union,Twelve Mile,70608.0,,2023-08-25,,0,
Union,Twelve Mile,70608.0,,2023-08-26,275099.99999999994,0,64613268.5919444
Union,Twelve Mile,70608.0,,2023-08-27,,0,
Union,Twelve Mile,70608.0,,2023-08-28,,0,
Union,Twelve Mile,70608.0,,2023-08-29,227096.0000000001,0,64088961.3128483
Union,Twelve Mile,70608.0,,2023-08-30,,0,
Union,Twelve Mile,70608.0,,2023-08-31,,0,
Union,Twelve Mile,70608.0,,2023-09-01,,0,
Union,Twelve Mile,70608.0,,2023-09-02,314936.9999999998,0,89013720.8869476
Union,Twelve Mile,70608.0,,2023-09-03,,0,
Union,Twelve Mile,70608.0,,2023-09-04,,0,
Union,Twelve Mile,70608.0,,2023-09-05,328220.00000000006,0,82227803.5905848
Union,Twelve Mile,70608.0,,2023-09-06,,0,
Union,Twelve Mile,70608.0,,2023-09-07,,0,
Union,Twelve Mile,70608.0,,2023-09-08,,0,
Union,Twelve Mile,70608.0,,2023-09-09,610469.0000000002,0,163771672.337559
Union,Twelve Mile,70608.0,,2023-09-10,,0,
Union,Twelve Mile,70608.0,,2023-09-11,,0,
Union,Twelve Mile,70608.0,,2023-09-12,273266.0000000003,0,94054265.3422844
Union,Twelve Mile,70608.0,,2023-09-13,,0,
Union,Twelve Mile,70608.0,,2023-09-14,,0,
Union,Twelve Mile,70608.0,,2023-09-15,,0,
Union,Twelve Mile,70608.0,,2023-09-16,344299.9999999999,0,93030515.3636981
Union,Twelve Mile,70608.0,,2023-09-17,,0,
Union,Twelve Mile,70608.0,,2023-09-18,,0,
Union,Twelve Mile,70608.0,,2023-09-19,230449.99999999988,0,66258618.5855709
Union,Twelve Mile,70608.0,,2023-09-20,,0,
Union,Twelve Mile,70608.0,,2023-09-21,,0,
Union,Twelve Mile,70608.0,,2023-09-22,,0,
Union,Twelve Mile,70608.0,,2023-09-23,2991999.9999999977,0,809727339.768864
Union,Twelve Mile,70608.0,,2023-09-24,,0,
Union,Twelve Mile,70608.0,,2023-09-25,,0,
Union,Twelve Mile,70608.0,,2023-09-26,170060.00000000017,0,44756186.4621005
Union,Twelve Mile,70608.0,,2023-09-27,,0,
Union,Twelve Mile,70608.0,,2023-09-28,,0,
Union,Twelve Mile,70608.0,,2023-09-29,,0,
Union,Twelve Mile,70608.0,,2023-09-30,154660.00000000015,0,41192434.5846363
Union,Twelve Mile,70608.0,,2023-10-01,,0,
Union,Twelve Mile,70608.0,,2023-10-02,,0,
Union,Twelve Mile,70608.0,,2023-10-03,125289.99999999994,0,31422048.4838545
Union,Twelve Mile,70608.0,,2023-10-04,,0,
Union,Twelve Mile,70608.0,,2023-10-05,,0,
Union,Twelve Mile,70608.0,,2023-10-06,,0,
Union,Twelve Mile,70608.0,,2023-10-07,115499.99999999996,0,29443563.6684228
Union,Twelve Mile,70608.0,,2023-10-08,,0,
Union,Twelve Mile,70608.0,,2023-10-09,,0,
Union,Twelve Mile,70608.0,,2023-10-10,118249.99999999994,0,29675473.5660264
Union,Twelve Mile,70608.0,,2023-10-11,,0,
Union,Twelve Mile,70608.0,,2023-10-12,,0,
Union,Twelve Mile,70608.0,,2023-10-13,,0,
Union,Twelve Mile,70608.0,,2023-10-14,207679.99999999988,0,62807085.7403127
Union,Twelve Mile,70608.0,,2023-10-15,,0,
Union,Twelve Mile,70608.0,,2023-10-16,,0,
Union,Twelve Mile,70608.0,,2023-10-17,74470.00000000006,0,20121935.7511897
Union,Twelve Mile,70608.0,,2023-10-18,,0,
Union,Twelve Mile,70608.0,,2023-10-19,,0,
Union,Twelve Mile,70608.0,,2023-10-20,,0,
Union,Twelve Mile,70608.0,,2023-10-21,153340.0,0,45863763.3645479
Union,Twelve Mile,70608.0,,2023-10-22,,0,
Union,Twelve Mile,70608.0,,2023-10-23,,0,
Union,Twelve Mile,70608.0,,2023-10-24,163569.99999999994,0,47406463.9767163
Union,Twelve Mile,70608.0,,2023-10-25,,0,
Union,Twelve Mile,70608.0,,2023-10-26,,0,
Union,Twelve Mile,70608.0,,2023-10-27,,0,
Union,Twelve Mile,70608.0,,2023-10-28,123090.00000000006,0,36591666.5656864
Union,Twelve Mile,70608.0,,2023-10-29,,0,
Union,Twelve Mile,70608.0,,2023-10-30,,0,
Union,Twelve Mile,70608.0,,2023-10-31,191839.99999999994,0,56052312.6444595
Union,Twelve Mile,70608.0,,2023-11-01,,0,
Union,Twelve Mile,70608.0,,2023-11-02,,0,
Union,Twelve Mile,70608.0,,2023-11-03,,0,
Union,Twelve Mile,70608.0,,2023-11-04,236499.99999999988,0,69646390.2149896
Union,Twelve Mile,70608.0,,2023-11-05,,0,
Union,Twelve Mile,70608.0,,2023-11-06,,0,
Union,Twelve Mile,70608.0,,2023-11-07,61710.00000000002,0,16303622.5859958
Union,Twelve Mile,70608.0,,2023-11-08,,0,
Union,Twelve Mile,70608.0,,2023-11-09,,0,
Union,Twelve Mile,70608.0,,2023-11-10,,0,
Union,Twelve Mile,70608.0,,2023-11-11,189749.99999999988,0,49948349.7833106
Union,Twelve Mile,70608.0,,2023-11-12,,0,
Union,Twelve Mile,70608.0,,2023-11-13,,0,
Union,Twelve Mile,70608.0,,2023-11-14,114290.00000000006,0,29655924.1366416
Union,Twelve Mile,70608.0,,2023-11-15,,0,
Union,Twelve Mile,70608.0,,2023-11-16,,0,
Union,Twelve Mile,70608.0,,2023-11-17,,0,
Union,Twelve Mile,70608.0,,2023-11-18,304700.0,0,80304927.8280079
Union,Twelve Mile,70608.0,,2023-11-19,,0,
Union,Twelve Mile,70608.0,,2023-11-20,,0,
Union,Twelve Mile,70608.0,,2023-11-21,137720.00000000006,0,36902104.4276002
Union,Twelve Mile,70608.0,,2023-11-22,,0,
Union,Twelve Mile,70608.0,,2023-11-23,,0,
Union,Twelve Mile,70608.0,,2023-11-24,,0,
Union,Twelve Mile,70608.0,,2023-11-25,415800.0000000004,0,112840367.916383
Union,Twelve Mile,70608.0,,2023-11-26,,0,
Union,Twelve Mile,70608.0,,2023-11-27,,0,
Union,Twelve Mile,70608.0,,2023-11-28,,0,
Union,Twelve Mile,70608.0,,2023-11-29,,0,
Union,Twelve Mile,70608.0,,2023-11-30,,0,
Union,Twelve Mile,70608.0,,2023-12-01,,0,
Union,Twelve Mile,70608.0,,2023-12-02,398200.00000000006,0,102449507.10571
Union,Twelve Mile,70608.0,,2023-12-03,,0,
Union,Twelve Mile,70608.0,,2023-12-04,,0,
Union,Twelve Mile,70608.0,,2023-12-05,282700.00000000006,0,78598849.4204624
Union,Twelve Mile,70608.0,,2023-12-06,,0,
Union,Twelve Mile,70608.0,,2023-12-07,,0,
Union,Twelve Mile,70608.0,,2023-12-08,,0,
Union,Twelve Mile,70608.0,,2023-12-09,348700.0000000002,0,91078756.9476548
Union,Twelve Mile,70608.0,,2023-12-10,,0,
Union,Twelve Mile,70608.0,,2023-12-11,,0,
Union,Twelve Mile,70608.0,,2023-12-12,334400.0000000003,0,119344578.06934
Union,Twelve Mile,70608.0,,2023-12-13,,0,
Union,Twelve Mile,70608.0,,2023-12-14,,0,
Union,Twelve Mile,70608.0,,2023-12-15,,0,
Union,Twelve Mile,70608.0,,2023-12-16,771100.0000000005,0,213354805.862508
Union,Twelve Mile,70608.0,,2023-12-17,,0,
Union,Twelve Mile,70608.0,,2023-12-18,,0,
Union,Twelve Mile,70608.0,,2023-12-19,,0,
Union,Twelve Mile,70608.0,,2023-12-20,,0,
Union,Twelve Mile,70608.0,,2023-12-21,,0,
Union,Twelve Mile,70608.0,,2023-12-22,,0,
Union,Twelve Mile,70608.0,,2023-12-23,,0,
Union,Twelve Mile,70608.0,,2023-12-24,,0,
Union,Twelve Mile,70608.0,,2023-12-25,,0,
Union,Twelve Mile,70608.0,,2023-12-26,,0,
Union,Twelve Mile,70608.0,,2023-12-27,,0,
Union,Twelve Mile,70608.0,,2023-12-28,,0,
Union,Twelve Mile,70608.0,,2023-12-29,,0,
Union,Twelve Mile,70608.0,,2023-12-30,,0,
Union,Twelve Mile,70608.0,,2023-12-31,,0,
Union,Twelve Mile,70608.0,,2024-01-01,,0,
Union,Twelve Mile,70608.0,,2024-01-02,,0,
Union,Twelve Mile,70608.0,,2024-01-03,,0,
Union,Twelve Mile,70608.0,,2024-01-04,,0,
Union,Twelve Mile,70608.0,,2024-01-05,,0,
Union,Twelve Mile,70608.0,,2024-01-06,,0,
Union,Twelve Mile,70608.0,,2024-01-07,,0,
Union,Twelve Mile,70608.0,,2024-01-08,,0,
Union,Twelve Mile,70608.0,,2024-01-09,508200.00000000023,0,178702307.054725
Union,Twelve Mile,70608.0,,2024-01-10,,0,
Union,Twelve Mile,70608.0,,2024-01-11,,0,
Union,Twelve Mile,70608.0,,2024-01-12,,0,
Union,Twelve Mile,70608.0,,2024-01-13,332200.0,0,98309745.8871514
Union,Twelve Mile,70608.0,,2024-01-14,,0,
Union,Twelve Mile,70608.0,,2024-01-15,,0,
Union,Twelve Mile,70608.0,,2024-01-16,282700.00000000006,0,96285863.9352482
Union,Twelve Mile,70608.0,,2024-01-17,,0,
Union,Twelve Mile,70608.0,,2024-01-18,,0,
Union,Twelve Mile,70608.0,,2024-01-19,,0,
Union,Twelve Mile,70608.0,,2024-01-20,476300.00000000023,0,137889821.380013
Union,Twelve Mile,70608.0,,2024-01-21,,0,
Union,Twelve Mile,70608.0,,2024-01-22,,0,
Union,Twelve Mile,70608.0,,2024-01-23,478499.99999999994,0,146376573.665874
Union,Twelve Mile,70608.0,,2024-01-24,,0,
Union,Twelve Mile,70608.0,,2024-01-25,,0,
Union,Twelve Mile,70608.0,,2024-01-26,,0,
Union,Twelve Mile,70608.0,,2024-01-27,,0,
Union,Twelve Mile,70608.0,,2024-01-28,,0,
Union,Twelve Mile,70608.0,,2024-01-29,,0,
Union,Twelve Mile,70608.0,,2024-01-30,380600.00000000006,0,197332235.07308
Union,Twelve Mile,70608.0,,2024-01-31,,0,
Union,Twelve Mile,70608.0,,2024-02-01,,0,
Union,Twelve Mile,70608.0,,2024-02-02,,0,
Union,Twelve Mile,70608.0,,2024-02-03,387199.99999999977,0,122931058.00136
Union,Twelve Mile,70608.0,,2024-02-04,,0,
Union,Twelve Mile,70608.0,,2024-02-05,,0,
Union,Twelve Mile,70608.0,,2024-02-06,302940.00000000006,0,97072841.9903124
Union,Twelve Mile,70608.0,,2024-02-07,,0,
Union,Twelve Mile,70608.0,,2024-02-08,,0,
Union,Twelve Mile,70608.0,,2024-02-09,,0,
Union,Twelve Mile,70608.0,,2024-02-10,295899.99999999994,0,91231790.9423859
Union,Twelve Mile,70608.0,,2024-02-11,,0,
Union,Twelve Mile,70608.0,,2024-02-12,,0,
Union,Twelve Mile,70608.0,,2024-02-13,124080.00000000001,0,37757396.3861318
Union,Twelve Mile,70608.0,,2024-02-14,,0,
Union,Twelve Mile,70608.0,,2024-02-15,,0,
Union,Twelve Mile,70608.0,,2024-02-16,,0,
Union,Twelve Mile,70608.0,,2024-02-17,,0,
Union,Twelve Mile,70608.0,,2024-02-18,383900.00000000023,0,116861476.187967
Union,Twelve Mile,70608.0,,2024-02-19,,0,
Union,Twelve Mile,70608.0,,2024-02-20,212190.00000000012,0,64990069.971363
Union,Twelve Mile,70608.0,,2024-02-21,,0,
Union,Twelve Mile,70608.0,,2024-02-22,,0,
Union,Twelve Mile,70608.0,,2024-02-23,,0,
Union,Twelve Mile,70608.0,,2024-02-24,694099.9999999995,0,209316005.799626
Union,Twelve Mile,70608.0,,2024-02-25,,0,
Union,Twelve Mile,70608.0,,2024-02-26,,0,
Union,Twelve Mile,70608.0,,2024-02-27,,0,
Union,Twelve Mile,70608.0,,2024-02-28,,0,
Union,Twelve Mile,70608.0,,2024-02-29,,0,
Union,Twelve Mile,70608.0,,2024-03-01,,0,
Union,Twelve Mile,70608.0,,2024-03-02,406999.99999999977,0,115252584.687288
Union,Twelve Mile,70608.0,,2024-03-03,,0,
Union,Twelve Mile,70608.0,,2024-03-04,,0,
Union,Twelve Mile,70608.0,,2024-03-05,139150.00000000012,0,50392561.1764956
Union,Twelve Mile,70608.0,,2024-03-06,,0,
Union,Twelve Mile,70608.0,,2024-03-07,,0,
Union,Twelve Mile,70608.0,,2024-03-08,,0,
Union,Twelve Mile,70608.0,,2024-03-09,164340.00000000012,0,65197789.2929979
Union,Twelve Mile,70608.0,,2024-03-10,,0,
Union,Twelve Mile,70608.0,,2024-03-11,,0,
Union,Twelve Mile,70608.0,,2024-03-12,177759.9999999999,0,84816806.3902108
Union,Twelve Mile,70608.0,,2024-03-13,,0,
Union,Twelve Mile,70608.0,,2024-03-14,,0,
Union,Twelve Mile,70608.0,,2024-03-15,,0,
Union,Twelve Mile,70608.0,,2024-03-16,169620.00000000006,0,57371400.8091434
Union,Twelve Mile,70608.0,,2024-03-17,,0,
Union,Twelve Mile,70608.0,,2024-03-18,,0,
Union,Twelve Mile,70608.0,,2024-03-19,184250.00000000012,0,66231432.1996089
Union,Twelve Mile,70608.0,,2024-03-20,,0,
Union,Twelve Mile,70608.0,,2024-03-21,,0,
Union,Twelve Mile,70608.0,,2024-03-22,,0,
Union,Twelve Mile,70608.0,,2024-03-23,119460.00000000006,0,35480533.6131883
Union,Twelve Mile,70608.0,,2024-03-24,,0,
Union,Twelve Mile,70608.0,,2024-03-25,,0,
Union,Twelve Mile,70608.0,,2024-03-26,88440.0,0,34891963.1002719
Union,Twelve Mile,70608.0,,2024-03-27,,0,
Union,Twelve Mile,70608.0,,2024-03-28,,0,
Union,Twelve Mile,70608.0,,2024-03-29,,0,
Union,Twelve Mile,70608.0,,2024-03-30,51810.00000000003,0,22237555.5382392
Union,Twelve Mile,70608.0,,2024-03-31,,0,
Union,Twelve Mile,70608.0,,2024-04-01,,0,
Union,Twelve Mile,70608.0,,2024-04-02,54229.99999999998,0,19072222.8008158
Union,Twelve Mile,70608.0,,2024-04-03,,0,
Union,Twelve Mile,70608.0,,2024-04-04,,0,
Union,Twelve Mile,70608.0,,2024-04-05,,0,
Union,Twelve Mile,70608.0,,2024-04-06,112640.00000000007,0,35876499.4915024
Union,Twelve Mile,70608.0,,2024-04-07,,0,
Union,Twelve Mile,70608.0,,2024-04-08,,0,
Union,Twelve Mile,70608.0,,2024-04-09,55110.00000000003,0,18087627.4369476
Union,Twelve Mile,70608.0,,2024-04-10,,0,
Union,Twelve Mile,70608.0,,2024-04-11,,0,
Union,Twelve Mile,70608.0,,2024-04-12,,0,
Union,Twelve Mile,70608.0,,2024-04-13,73370.00000000003,0,22782686.8062542
Union,Twelve Mile,70608.0,,2024-04-14,,0,
Union,Twelve Mile,70608.0,,2024-04-15,,0,
Union,Twelve Mile,70608.0,,2024-04-16,42790.000000000015,0,13387991.7909585
Union,Twelve Mile,70608.0,,2024-04-17,,0,
Union,Twelve Mile,70608.0,,2024-04-18,,0,
Union,Twelve Mile,70608.0,,2024-04-19,,0,
Union,Twelve Mile,70608.0,,2024-04-20,35420.00000000001,0,10345310.3453433
Union,Twelve Mile,70608.0,,2024-04-21,,0,
Union,Twelve Mile,70608.0,,2024-04-22,,0,
Union,Twelve Mile,70608.0,,2024-04-23,52910.00000000003,0,16562813.2257818
Union,Twelve Mile,70608.0,,2024-04-24,,0,
Union,Twelve Mile,70608.0,,2024-04-25,,0,
Union,Twelve Mile,70608.0,,2024-04-26,,0,
Union,Twelve Mile,70608.0,,2024-04-27,42790.000000000015,0,12289148.7361488
Union,Twelve Mile,70608.0,,2024-04-28,,0,
Union,Twelve Mile,70608.0,,2024-04-29,,0,
Union,Twelve Mile,70608.0,,2024-04-30,11968.000000000004,0,3496199.90047586
Union,Twelve Mile,70608.0,,2024-05-01,,0,
Union,Twelve Mile,70608.0,,2024-05-02,,0,
Union,Twelve Mile,70608.0,,2024-05-03,,0,
Union,Twelve Mile,70608.0,,2024-05-04,35309.99999999999,0,9641159.35987421
Union,Twelve Mile,70608.0,,2024-05-05,,0,
Union,Twelve Mile,70608.0,,2024-05-06,,0,
Union,Twelve Mile,70608.0,,2024-05-07,19613.000000000025,0,7350911.56736062
Union,Twelve Mile,70608.0,,2024-05-08,,0,
Union,Twelve Mile,70608.0,,2024-05-09,,0,
Union,Twelve Mile,70608.0,,2024-05-10,,0,
Union,Twelve Mile,70608.0,,2024-05-11,,0,
Union,Twelve Mile,70608.0,,2024-05-12,,0,
Union,Twelve Mile,70608.0,,2024-05-13,,0,
Union,Twelve Mile,70608.0,,2024-05-14,,0,
Union,Twelve Mile,70608.0,,2024-05-15,,0,
Wake,Cary 1,84189.0,0.8300000000000001,2021-11-16,4062.2731468969473,0,1216465.4480984
Wake,Cary 1,84189.0,2.02,2021-11-17,,0,
Wake,Cary 1,84189.0,2.02,2021-11-18,4641.941726683621,0,1078436.48574488
Wake,Cary 1,84189.0,1.1900000000000002,2021-11-19,,0,
Wake,Cary 1,84189.0,1.31,2021-11-20,,0,
Wake,Cary 1,84189.0,0.5900000000000001,2021-11-21,,0,
Wake,Cary 1,84189.0,1.31,2021-11-22,,0,
Wake,Cary 1,84189.0,1.6600000000000001,2021-11-23,10029.81037393418,0,2483500.34982627
Wake,Cary 1,84189.0,1.1900000000000002,2021-11-24,,0,
Wake,Cary 1,84189.0,0.8300000000000001,2021-11-25,,0,
Wake,Cary 1,84189.0,0.5900000000000001,2021-11-26,,0,
Wake,Cary 1,84189.0,1.54,2021-11-27,,0,
Wake,Cary 1,84189.0,1.07,2021-11-28,,0,
Wake,Cary 1,84189.0,0.5900000000000001,2021-11-29,,0,
Wake,Cary 1,84189.0,1.6600000000000001,2021-11-30,20895.97947165915,0,6276183.34726252
Wake,Cary 1,84189.0,1.54,2021-12-01,,0,
Wake,Cary 1,84189.0,2.49,2021-12-02,8443.819432728413,0,2471589.56472973
Wake,Cary 1,84189.0,1.54,2021-12-03,,0,
Wake,Cary 1,84189.0,1.6600000000000001,2021-12-04,,0,
Wake,Cary 1,84189.0,1.07,2021-12-05,,0,
Wake,Cary 1,84189.0,1.1900000000000002,2021-12-06,,0,
Wake,Cary 1,84189.0,1.9000000000000001,2021-12-07,18917.33211048978,0,5707406.89158596
Wake,Cary 1,84189.0,2.49,2021-12-08,,0,
Wake,Cary 1,84189.0,1.9000000000000001,2021-12-09,9428.183679757649,0,3166686.44793403
Wake,Cary 1,84189.0,1.9000000000000001,2021-12-10,,0,
Wake,Cary 1,84189.0,1.6600000000000001,2021-12-11,,0,
Wake,Cary 1,84189.0,1.6600000000000001,2021-12-12,,0,
Wake,Cary 1,84189.0,1.6600000000000001,2021-12-13,,0,
Wake,Cary 1,84189.0,2.7300000000000004,2021-12-14,16841.695269829226,0,5088754.56418351
Wake,Cary 1,84189.0,2.97,2021-12-15,,0,
Wake,Cary 1,84189.0,2.97,2021-12-16,18572.181797631136,0,5444612.15940835
Wake,Cary 1,84189.0,2.14,2021-12-17,,0,
Wake,Cary 1,84189.0,3.33,2021-12-18,,0,
Wake,Cary 1,84189.0,3.2100000000000004,2021-12-19,,0,
Wake,Cary 1,84189.0,3.2100000000000004,2021-12-20,,0,
Wake,Cary 1,84189.0,5.94,2021-12-21,24785.42344687264,0,7644989.36372127
Wake,Cary 1,84189.0,4.99,2021-12-22,,0,
Wake,Cary 1,84189.0,6.41,2021-12-23,,0,
Wake,Cary 1,84189.0,7.6000000000000005,2021-12-24,,0,
Wake,Cary 1,84189.0,4.39,2021-12-25,,0,
Wake,Cary 1,84189.0,2.14,2021-12-26,,0,
Wake,Cary 1,84189.0,8.91,2021-12-27,,0,
Wake,Cary 1,84189.0,21.5,2021-12-28,,0,
Wake,Cary 1,84189.0,20.55,2021-12-29,98942.68639244486,0,29539844.4365005
Wake,Cary 1,84189.0,20.19,2021-12-30,104469.40112318781,0,30391337.436551
Wake,Cary 1,84189.0,17.580000000000002,2021-12-31,,0,
Wake,Cary 1,84189.0,18.169999999999998,2022-01-01,,0,
Wake,Cary 1,84189.0,8.55,2022-01-02,,0,
Wake,Cary 1,84189.0,12.0,2022-01-03,,0,
Wake,Cary 1,84189.0,42.760000000000005,2022-01-04,231560.32744221785,0,123482459.431841
Wake,Cary 1,84189.0,46.44,2022-01-05,,0,
Wake,Cary 1,84189.0,36.47,2022-01-19,71685.16234765756,0,23625971.437213
Wake,Cary 1,84189.0,26.25,2022-01-20,,0,
Wake,Cary 1,84189.0,25.78,2022-01-21,65328.10459228606,0,22147659.1206956
Wake,Cary 1,84189.0,10.93,2022-01-22,,0,
Wake,Cary 1,84189.0,7.01,2022-01-23,,0,
Wake,Cary 1,84189.0,10.93,2022-01-24,,0,
Wake,Cary 1,84189.0,29.930000000000003,2022-01-25,96944.00092828093,0,31122578.9919508
Wake,Cary 1,84189.0,18.290000000000003,2022-01-26,,0,
Wake,Cary 1,84189.0,17.94,2022-01-27,52867.41085016364,0,16663356.5215858
Wake,Cary 1,84189.0,12.950000000000001,2022-01-28,,0,
Wake,Cary 1,84189.0,11.88,2022-01-29,,0,
Wake,Cary 1,84189.0,4.28,2022-01-30,,0,
Wake,Cary 1,84189.0,3.33,2022-01-31,,0,
Wake,Cary 1,84189.0,11.4,2022-02-01,24986.535173969212,0,7471092.43661475
Wake,Cary 1,84189.0,10.93,2022-02-02,,0,
Wake,Cary 1,84189.0,9.26,2022-02-03,31097.89166487015,0,9298416.99116898
Wake,Cary 1,84189.0,6.41,2022-02-04,,0,
Wake,Cary 1,84189.0,8.200000000000001,2022-02-05,,0,
Wake,Cary 1,84189.0,5.11,2022-02-06,,0,
Wake,Cary 1,84189.0,3.09,2022-02-07,,0,
Wake,Cary 1,84189.0,7.13,2022-02-08,28197.707069901953,0,7401748.290144461
Wake,Cary 1,84189.0,4.75,2022-02-09,,0,
Wake,Cary 1,84189.0,5.94,2022-02-10,22583.39500606586,0,7077476.49559981
Wake,Cary 1,84189.0,3.6799999999999997,2022-02-11,,0,
Wake,Cary 1,84189.0,4.99,2022-02-12,,0,
Wake,Cary 1,84189.0,4.16,2022-02-13,,0,
Wake,Cary 1,84189.0,3.33,2022-02-14,,0,
Wake,Cary 1,84189.0,4.39,2022-02-15,12373.510455808424,0,2931973.0338468
Wake,Cary 1,84189.0,3.2100000000000004,2022-02-16,,0,
Wake,Cary 1,84189.0,4.75,2022-02-17,20300.962046169134,0,5978804.40827989
Wake,Cary 1,84189.0,3.44,2022-02-18,,0,
Wake,Cary 1,84189.0,4.04,2022-02-19,,0,
Wake,Cary 1,84189.0,1.54,2022-02-20,,0,
Wake,Cary 1,84189.0,1.54,2022-02-21,,0,
Wake,Cary 1,84189.0,2.3800000000000003,2022-02-22,5379.457035798322,0,1690721.38493797
Wake,Cary 1,84189.0,2.49,2022-02-23,,0,
Wake,Cary 1,84189.0,1.7800000000000002,2022-02-24,7509.065454502312,0,2319524.97917803
Wake,Cary 1,84189.0,1.6600000000000001,2022-02-25,,0,
Wake,Cary 1,84189.0,1.6600000000000001,2022-02-26,,0,
Wake,Cary 1,84189.0,0.24,2022-02-27,,0,
Wake,Cary 1,84189.0,0.24,2022-02-28,,0,
Wake,Cary 1,84189.0,1.9000000000000001,2022-03-01,3143.996183203789,0,972583.450154647
Wake,Cary 1,84189.0,1.4300000000000002,2022-03-02,,0,
Wake,Cary 1,84189.0,1.07,2022-03-03,3842.4382883788835,0,1140268.85839093
Wake,Cary 1,84189.0,1.07,2022-03-04,,0,
Wake,Cary 1,84189.0,0.5900000000000001,2022-03-05,,0,
Wake,Cary 1,84189.0,0.8300000000000001,2022-03-06,,0,
Wake,Cary 1,84189.0,0.8300000000000001,2022-03-07,,0,
Wake,Cary 1,84189.0,0.24,2022-03-08,10232.210171805507,0,3243508.16745281
Wake,Cary 1,84189.0,1.6600000000000001,2022-03-09,,0,
Wake,Cary 1,84189.0,0.24,2022-03-10,11450.651160523601,0,3871724.5444286694
Wake,Cary 1,84189.0,1.1900000000000002,2022-03-11,,0,
Wake,Cary 1,84189.0,0.24,2022-03-12,,0,
Wake,Cary 1,84189.0,0.8300000000000001,2022-03-13,,0,
Wake,Cary 1,84189.0,0.24,2022-03-14,,0,
Wake,Cary 1,84189.0,0.9500000000000001,2022-03-15,7403.763367369324,0,2456774.62826732
Wake,Cary 1,84189.0,0.71,2022-03-16,,0,
Wake,Cary 1,84189.0,0.9500000000000001,2022-03-17,3971.938065982405,0,1466229.83352103
Wake,Cary 1,84189.0,0.24,2022-03-18,,0,
Wake,Cary 1,84189.0,0.5900000000000001,2022-03-19,,0,
Wake,Cary 1,84189.0,0.24,2022-03-20,,0,
Wake,Cary 1,84189.0,0.24,2022-03-21,,0,
Wake,Cary 1,84189.0,0.9500000000000001,2022-03-22,3136.3552094748475,0,1126752.28936641
Wake,Cary 1,84189.0,0.24,2022-03-23,,0,
Wake,Cary 1,84189.0,0.8300000000000001,2022-03-24,10796.489938864404,0,3470923.58923645
Wake,Cary 1,84189.0,0.24,2022-03-25,,0,
Wake,Cary 1,84189.0,0.71,2022-03-26,,0,
Wake,Cary 1,84189.0,0.24,2022-03-27,,0,
Wake,Cary 1,84189.0,,2022-03-28,,0,
Wake,Cary 1,84189.0,0.24,2022-03-29,4465.9780563724225,0,1393581.852048
Wake,Cary 1,84189.0,0.8300000000000001,2022-03-30,,0,
Wake,Cary 1,84189.0,0.8300000000000001,2022-03-31,11809.310140732203,0,3685024.8903145306
Wake,Cary 1,84189.0,0.9500000000000001,2022-04-01,,0,
Wake,Cary 1,84189.0,1.4300000000000002,2022-04-02,,0,
Wake,Cary 1,84189.0,0.5900000000000001,2022-04-03,,0,
Wake,Cary 1,84189.0,0.24,2022-04-04,,0,
Wake,Cary 1,84189.0,1.54,2022-04-05,5273.197891223128,0,1654953.97042491
Wake,Cary 1,84189.0,1.54,2022-04-06,,0,
Wake,Cary 1,84189.0,1.1900000000000002,2022-04-07,6980.242975713672,0,2272299.29259558
Wake,Cary 1,84189.0,1.31,2022-04-08,,0,
Wake,Cary 1,84189.0,2.2600000000000002,2022-04-09,,0,
Wake,Cary 1,84189.0,2.14,2022-04-10,,0,
Wake,Cary 1,84189.0,0.9500000000000001,2022-04-11,,0,
Wake,Cary 1,84189.0,2.6100000000000003,2022-04-12,4620.376175161507,0,1412676.35224914
Wake,Cary 1,84189.0,1.6600000000000001,2022-04-13,,0,
Wake,Cary 1,84189.0,3.33,2022-04-14,7423.336177218436,0,2263003.62361288
Wake,Cary 1,84189.0,3.33,2022-04-15,,0,
Wake,Cary 1,84189.0,1.31,2022-04-16,,0,
Wake,Cary 1,84189.0,0.8300000000000001,2022-04-17,,0,
Wake,Cary 1,84189.0,0.9500000000000001,2022-04-18,,0,
Wake,Cary 1,84189.0,2.7300000000000004,2022-04-19,13032.77449356046,0,4928211.10853245
Wake,Cary 1,84189.0,1.9000000000000001,2022-04-20,,0,
Wake,Cary 1,84189.0,3.2100000000000004,2022-04-21,46580.65005986937,0,15414867.1505967
Wake,Cary 1,84189.0,2.7300000000000004,2022-04-22,,0,
Wake,Cary 1,84189.0,2.6100000000000003,2022-04-23,,0,
Wake,Cary 1,84189.0,2.3800000000000003,2022-04-24,,0,
Wake,Cary 1,84189.0,2.7300000000000004,2022-04-25,,0,
Wake,Cary 1,84189.0,2.49,2022-04-26,35236.6812285153,0,11787572.0394685
Wake,Cary 1,84189.0,2.3800000000000003,2022-04-27,,0,
Wake,Cary 1,84189.0,3.5600000000000005,2022-04-28,57794.75224447289,0,18294371.4289211
Wake,Cary 1,84189.0,2.85,2022-04-29,,0,
Wake,Cary 1,84189.0,2.7300000000000004,2022-04-30,,0,
Wake,Cary 1,84189.0,2.3800000000000003,2022-05-01,,0,
Wake,Cary 1,84189.0,2.6100000000000003,2022-05-02,,0,
Wake,Cary 1,84189.0,4.870000000000001,2022-05-03,123476.01680083484,0,43249042.369472
Wake,Cary 1,84189.0,4.39,2022-05-04,,0,
Wake,Cary 1,84189.0,5.7,2022-05-05,44570.960220753645,0,13387049.8240292
Wake,Cary 1,84189.0,4.510000000000001,2022-05-06,,0,
Wake,Cary 1,84189.0,4.16,2022-05-07,,0,
Wake,Cary 1,84189.0,4.63,2022-05-08,,0,
Wake,Cary 1,84189.0,5.94,2022-05-09,,0,
Wake,Cary 1,84189.0,7.13,2022-05-10,35275.61372960077,0,10817212.9613851
Wake,Cary 1,84189.0,7.01,2022-05-11,,0,
Wake,Cary 1,84189.0,6.890000000000001,2022-05-12,71604.47818397952,0,21603251.9738366
Wake,Cary 1,84189.0,6.65,2022-05-13,,0,
Wake,Cary 1,84189.0,8.43,2022-05-14,,0,
Wake,Cary 1,84189.0,5.82,2022-05-15,,0,
Wake,Cary 1,84189.0,4.16,2022-05-16,,0,
Wake,Cary 1,84189.0,7.720000000000001,2022-05-17,71905.61475990598,0,24733220.2895619
Wake,Cary 1,84189.0,8.200000000000001,2022-05-18,,0,
Wake,Cary 1,84189.0,9.38,2022-05-19,138858.31499049673,0,41893904.4523788
Wake,Cary 1,84189.0,8.08,2022-05-20,,0,
Wake,Cary 1,84189.0,7.720000000000001,2022-05-21,,0,
Wake,Cary 1,84189.0,4.39,2022-05-22,,0,
Wake,Cary 1,84189.0,3.9200000000000004,2022-05-23,,0,
Wake,Cary 1,84189.0,8.55,2022-05-24,72706.91543450327,0,27231850.1410214
Wake,Cary 1,84189.0,9.03,2022-05-25,,0,
Wake,Cary 1,84189.0,5.58,2022-05-26,35490.67235204204,0,11218272.3346705
Wake,Cary 1,84189.0,5.58,2022-05-27,,0,
Wake,Cary 1,84189.0,6.65,2022-05-28,,0,
Wake,Cary 1,84189.0,5.3500000000000005,2022-05-29,,0,
Wake,Cary 1,84189.0,5.58,2022-05-30,,0,
Wake,Cary 1,84189.0,3.6799999999999997,2022-05-31,95436.53522629595,0,30896094.6823037
Wake,Cary 1,84189.0,10.690000000000001,2022-06-01,,0,
Wake,Cary 1,84189.0,6.890000000000001,2022-06-02,120745.27263624019,0,37406388.9368739
Wake,Cary 1,84189.0,9.98,2022-06-03,,0,
Wake,Cary 1,84189.0,7.840000000000001,2022-06-04,,0,
Wake,Cary 1,84189.0,5.11,2022-06-05,,0,
Wake,Cary 1,84189.0,1.9000000000000001,2022-06-06,,0,
Wake,Cary 1,84189.0,7.840000000000001,2022-06-07,84157.07863869806,0,25466082.538968
Wake,Cary 1,84189.0,5.11,2022-06-08,,0,
Wake,Cary 1,84189.0,5.3500000000000005,2022-06-09,105745.19376312106,0,33377528.565796494
Wake,Cary 1,84189.0,5.460000000000001,2022-06-10,,0,
Wake,Cary 1,84189.0,5.460000000000001,2022-06-11,,0,
Wake,Cary 1,84189.0,1.54,2022-06-12,,0,
Wake,Cary 1,84189.0,1.1900000000000002,2022-06-13,,0,
Wake,Cary 1,84189.0,5.11,2022-06-14,118916.39131759744,0,36465529.3977904
Wake,Cary 1,84189.0,2.85,2022-06-15,,0,
Wake,Cary 1,84189.0,7.48,2022-06-16,81861.12808286979,0,24697709.1613304
Wake,Cary 1,84189.0,4.04,2022-06-17,,0,
Wake,Cary 1,84189.0,3.6799999999999997,2022-06-18,,0,
Wake,Cary 1,84189.0,3.44,2022-06-19,,0,
Wake,Cary 1,84189.0,2.14,2022-06-20,,0,
Wake,Cary 1,84189.0,6.7700000000000005,2022-06-21,43047.8333601124,0,13045707.0285337
Wake,Cary 1,84189.0,4.04,2022-06-22,,0,
Wake,Cary 1,84189.0,6.0600000000000005,2022-06-23,94899.25208345945,0,28119308.1523006
Wake,Cary 1,84189.0,4.510000000000001,2022-06-24,,0,
Wake,Cary 1,84189.0,4.28,2022-06-25,,0,
Wake,Cary 1,84189.0,2.7300000000000004,2022-06-26,,0,
Wake,Cary 1,84189.0,3.09,2022-06-27,,0,
Wake,Cary 1,84189.0,5.11,2022-06-28,83463.8653190709,0,25181259.0347411
Wake,Cary 1,84189.0,5.3500000000000005,2022-06-29,,0,
Wake,Cary 1,84189.0,3.44,2022-06-30,82080.1473682888,0,24985222.5976127
Wake,Cary 1,84189.0,4.63,2022-07-01,,0,
Wake,Cary 1,84189.0,3.2100000000000004,2022-07-02,,0,
Wake,Cary 1,84189.0,2.2600000000000002,2022-07-03,,0,
Wake,Cary 1,84189.0,2.2600000000000002,2022-07-04,,0,
Wake,Cary 1,84189.0,0.9500000000000001,2022-07-05,,0,
Wake,Cary 1,84189.0,5.82,2022-07-06,86906.64006852407,0,25399358.2243528
Wake,Cary 1,84189.0,5.58,2022-07-07,,0,
Wake,Cary 1,84189.0,5.3500000000000005,2022-07-08,72243.13838697768,0,22088282.2832013
Wake,Cary 1,84189.0,4.28,2022-07-09,,0,
Wake,Cary 1,84189.0,2.3800000000000003,2022-07-10,,0,
Wake,Cary 1,84189.0,2.85,2022-07-11,,0,
Wake,Cary 1,84189.0,6.53,2022-07-12,96706.31458183072,0,31785469.9345999
Wake,Cary 1,84189.0,5.58,2022-07-13,,0,
Wake,Cary 1,84189.0,4.16,2022-07-14,82699.76254500373,0,24504514.5885861
Wake,Cary 1,84189.0,4.28,2022-07-15,,0,
Wake,Cary 1,84189.0,3.6799999999999997,2022-07-16,,0,
Wake,Cary 1,84189.0,2.97,2022-07-17,,0,
Wake,Cary 1,84189.0,4.39,2022-07-18,,0,
Wake,Cary 1,84189.0,5.3500000000000005,2022-07-19,82787.08550251057,0,25088743.8207902
Wake,Cary 1,84189.0,4.75,2022-07-20,,0,
Wake,Cary 1,84189.0,4.99,2022-07-21,141288.11419224192,0,47709184.4094772
Wake,Cary 1,84189.0,2.85,2022-07-22,,0,
Wake,Cary 1,84189.0,2.3800000000000003,2022-07-23,,0,
Wake,Cary 1,84189.0,3.2100000000000004,2022-07-24,,0,
Wake,Cary 1,84189.0,3.09,2022-07-25,,0,
Wake,Cary 1,84189.0,5.94,2022-07-26,46742.41052834137,0,14207387.5767918
Wake,Cary 1,84189.0,3.5600000000000005,2022-07-27,,0,
Wake,Cary 1,84189.0,3.6799999999999997,2022-07-28,132185.67345972112,0,48201623.8205705
Wake,Cary 1,84189.0,4.39,2022-07-29,,0,
Wake,Cary 1,84189.0,3.6799999999999997,2022-07-30,,0,
Wake,Cary 1,84189.0,2.7300000000000004,2022-07-31,,0,
Wake,Cary 1,84189.0,2.49,2022-08-01,,0,
Wake,Cary 1,84189.0,4.39,2022-08-02,75641.8842705548,0,23603599.4453104
Wake,Cary 1,84189.0,4.510000000000001,2022-08-03,,0,
Wake,Cary 1,84189.0,4.28,2022-08-04,83495.74171776668,0,25190876.224762
Wake,Cary 1,84189.0,3.8000000000000003,2022-08-05,,0,
Wake,Cary 1,84189.0,3.2100000000000004,2022-08-06,,0,
Wake,Cary 1,84189.0,2.3800000000000003,2022-08-07,,0,
Wake,Cary 1,84189.0,3.09,2022-08-08,,0,
Wake,Cary 1,84189.0,4.04,2022-08-09,94092.82464672855,0,28472657.0543812
Wake,Cary 1,84189.0,3.09,2022-08-10,,0,
Wake,Cary 1,84189.0,2.85,2022-08-11,71692.66615212467,0,21339741.1794167
Wake,Cary 1,84189.0,2.85,2022-08-12,,0,
Wake,Cary 1,84189.0,1.9000000000000001,2022-08-13,,0,
Wake,Cary 1,84189.0,1.07,2022-08-14,,0,
Wake,Cary 1,84189.0,1.54,2022-08-15,,0,
Wake,Cary 1,84189.0,1.7800000000000002,2022-08-16,57506.449099209756,0,17272270.9019776
Wake,Cary 1,84189.0,1.54,2022-08-17,,0,
Wake,Cary 1,84189.0,3.2100000000000004,2022-08-18,61743.00162771495,0,18905635.373293
Wake,Cary 1,84189.0,3.09,2022-08-19,,0,
Wake,Cary 1,84189.0,2.2600000000000002,2022-08-20,,0,
Wake,Cary 1,84189.0,1.54,2022-08-21,,0,
Wake,Cary 1,84189.0,1.54,2022-08-22,,0,
Wake,Cary 1,84189.0,3.2100000000000004,2022-08-23,37543.33267039574,0,11377560.2780182
Wake,Cary 1,84189.0,2.97,2022-08-24,,0,
Wake,Cary 1,84189.0,2.6100000000000003,2022-08-25,61213.74972994217,0,17697681.8409087
Wake,Cary 1,84189.0,2.49,2022-08-26,,0,
Wake,Cary 1,84189.0,2.14,2022-08-27,,0,
Wake,Cary 1,84189.0,2.49,2022-08-28,,0,
Wake,Cary 1,84189.0,1.4300000000000002,2022-08-29,,0,
Wake,Cary 1,84189.0,3.09,2022-08-30,49896.42071331371,0,14717351.3873694
Wake,Cary 1,84189.0,1.54,2022-08-31,,0,
Wake,Cary 1,84189.0,2.97,2022-09-01,52367.15151695764,0,15493205.1576581
Wake,Cary 1,84189.0,2.7300000000000004,2022-09-02,,0,
Wake,Cary 1,84189.0,2.85,2022-09-03,,0,
Wake,Cary 1,84189.0,0.5900000000000001,2022-09-04,,0,
Wake,Cary 1,84189.0,0.8300000000000001,2022-09-05,,0,
Wake,Cary 1,84189.0,1.54,2022-09-06,,0,
Wake,Cary 1,84189.0,3.09,2022-09-07,34070.611529586626,0,10233231.9479477
Wake,Cary 1,84189.0,2.2600000000000002,2022-09-08,,0,
Wake,Cary 1,84189.0,2.2600000000000002,2022-09-09,41461.29397401873,0,12639473.1779534
Wake,Cary 1,84189.0,1.1900000000000002,2022-09-10,,0,
Wake,Cary 1,84189.0,2.02,2022-09-11,,0,
Wake,Cary 1,84189.0,1.6600000000000001,2022-09-12,,0,
Wake,Cary 1,84189.0,3.33,2022-09-13,58841.56490101197,0,17990761.8154245
Wake,Cary 1,84189.0,3.09,2022-09-14,,0,
Wake,Cary 1,84189.0,1.54,2022-09-15,43783.58239112011,0,12815888.1423889
Wake,Cary 1,84189.0,2.85,2022-09-16,,0,
Wake,Cary 1,84189.0,2.3800000000000003,2022-09-17,,0,
Wake,Cary 1,84189.0,1.31,2022-09-18,,0,
Wake,Cary 1,84189.0,0.5900000000000001,2022-09-19,,0,
Wake,Cary 1,84189.0,1.31,2022-09-20,37562.829832162555,0,10893675.7474374
Wake,Cary 1,84189.0,1.9000000000000001,2022-09-21,,0,
Wake,Cary 1,84189.0,2.02,2022-09-22,39172.27144294802,0,11589403.2876799
Wake,Cary 1,84189.0,1.31,2022-09-23,,0,
Wake,Cary 1,84189.0,1.4300000000000002,2022-09-24,,0,
Wake,Cary 1,84189.0,0.24,2022-09-25,,0,
Wake,Cary 1,84189.0,0.5900000000000001,2022-09-26,,0,
Wake,Cary 1,84189.0,1.31,2022-09-27,1124819.1531775235,0,328234197.360985
Wake,Cary 1,84189.0,1.1900000000000002,2022-09-28,,0,
Wake,Cary 1,84189.0,0.8300000000000001,2022-09-29,38423.938046483476,0,11748088.5929501
Wake,Cary 1,84189.0,1.4300000000000002,2022-09-30,,0,
Wake,Cary 1,84189.0,0.24,2022-10-01,,0,
Wake,Cary 1,84189.0,0.71,2022-10-02,,0,
Wake,Cary 1,84189.0,0.9500000000000001,2022-10-03,,0,
Wake,Cary 1,84189.0,1.9000000000000001,2022-10-04,25276.444033922176,0,8296506.59938787
Wake,Cary 1,84189.0,1.1900000000000002,2022-10-05,,0,
Wake,Cary 1,84189.0,0.5900000000000001,2022-10-06,116995.8554607812,0,33404165.7046512
Wake,Cary 1,84189.0,0.24,2022-10-07,,0,
Wake,Cary 1,84189.0,1.07,2022-10-08,,0,
Wake,Cary 1,84189.0,0.5900000000000001,2022-10-09,,0,
Wake,Cary 1,84189.0,0.24,2022-10-10,,0,
Wake,Cary 1,84189.0,0.24,2022-10-11,115918.71637488055,0,34608124.903856
Wake,Cary 1,84189.0,0.9500000000000001,2022-10-12,,0,
Wake,Cary 1,84189.0,1.07,2022-10-13,24896.90430555579,0,7175626.19093215
Wake,Cary 1,84189.0,0.9500000000000001,2022-10-14,,0,
Wake,Cary 1,84189.0,0.71,2022-10-15,,0,
Wake,Cary 1,84189.0,0.71,2022-10-16,,0,
Wake,Cary 1,84189.0,0.71,2022-10-17,,0,
Wake,Cary 1,84189.0,0.8300000000000001,2022-10-18,15544.327968747953,0,4431162.07876297
Wake,Cary 1,84189.0,0.9500000000000001,2022-10-19,,0,
Wake,Cary 1,84189.0,1.31,2022-10-20,20988.8388197156,0,5964333.4753794
Wake,Cary 1,84189.0,0.5900000000000001,2022-10-21,,0,
Wake,Cary 1,84189.0,0.5900000000000001,2022-10-22,,0,
Wake,Cary 1,84189.0,0.24,2022-10-23,,0,
Wake,Cary 1,84189.0,0.8300000000000001,2022-10-24,,0,
Wake,Cary 1,84189.0,1.4300000000000002,2022-10-25,27580.78254872405,0,8073168.17674767
Wake,Cary 1,84189.0,1.07,2022-10-26,,0,
Wake,Cary 1,84189.0,1.54,2022-10-27,34845.67749377246,0,9870653.09939582
Wake,Cary 1,84189.0,0.5900000000000001,2022-10-28,,0,
Wake,Cary 1,84189.0,0.5900000000000001,2022-10-29,,0,
Wake,Cary 1,84189.0,0.9500000000000001,2022-10-30,,0,
Wake,Cary 1,84189.0,0.5900000000000001,2022-10-31,,0,
Wake,Cary 1,84189.0,1.7800000000000002,2022-11-01,25722.598255230772,0,7679613.1039771
Wake,Cary 1,84189.0,1.1900000000000002,2022-11-02,,0,
Wake,Cary 1,84189.0,1.4300000000000002,2022-11-03,24247.31692373407,0,6999308.62893634
Wake,Cary 1,84189.0,0.9500000000000001,2022-11-04,,0,
Wake,Cary 1,84189.0,0.71,2022-11-05,,0,
Wake,Cary 1,84189.0,0.71,2022-11-06,,0,
Wake,Cary 1,84189.0,0.24,2022-11-07,,0,
Wake,Cary 1,84189.0,1.54,2022-11-08,34671.67473601471,0,10070795.2077502
Wake,Cary 1,84189.0,1.07,2022-11-09,,0,
Wake,Cary 1,84189.0,0.8300000000000001,2022-11-10,29442.238237934413,0,8392986.16550929
Wake,Cary 1,84189.0,0.24,2022-11-11,,0,
Wake,Cary 1,84189.0,0.9500000000000001,2022-11-12,,0,
Wake,Cary 1,84189.0,0.24,2022-11-13,,0,
Wake,Cary 1,84189.0,0.5900000000000001,2022-11-14,,0,
Wake,Cary 1,84189.0,,2022-11-15,24762.64407854847,0,7326209.538641469
Wake,Cary 1,84189.0,1.07,2022-11-16,,0,
Wake,Cary 1,84189.0,1.07,2022-11-17,20159.852181997758,0,5891923.87275385
Wake,Cary 1,84189.0,1.54,2022-11-18,,0,
Wake,Cary 1,84189.0,0.24,2022-11-19,,0,
Wake,Cary 1,84189.0,0.24,2022-11-20,,0,
Wake,Cary 1,84189.0,0.24,2022-11-21,,0,
Wake,Cary 1,84189.0,0.9500000000000001,2022-11-22,27790.064213671794,0,8159417.5516522
Wake,Cary 1,84189.0,0.9500000000000001,2022-11-23,,0,
Wake,Cary 1,84189.0,1.4300000000000002,2022-11-24,35694.26416106659,0,10303621.3009423
Wake,Cary 1,84189.0,0.24,2022-11-25,,0,
Wake,Cary 1,84189.0,0.71,2022-11-26,,0,
Wake,Cary 1,84189.0,0.24,2022-11-27,,0,
Wake,Cary 1,84189.0,1.1900000000000002,2022-11-28,,0,
Wake,Cary 1,84189.0,1.54,2022-11-29,48919.798813977184,0,15595069.8498823
Wake,Cary 1,84189.0,1.9000000000000001,2022-11-30,,0,
Wake,Cary 1,84189.0,1.6600000000000001,2022-12-01,103856.85166612748,0,36377180.7225803
Wake,Cary 1,84189.0,1.6600000000000001,2022-12-02,,0,
Wake,Cary 1,84189.0,0.5900000000000001,2022-12-03,,0,
Wake,Cary 1,84189.0,1.4300000000000002,2022-12-04,,0,
Wake,Cary 1,84189.0,1.07,2022-12-05,,0,
Wake,Cary 1,84189.0,2.14,2022-12-06,53216.45283180765,0,15840188.2768277
Wake,Cary 1,84189.0,1.07,2022-12-07,,0,
Wake,Cary 1,84189.0,1.6600000000000001,2022-12-08,64501.92015746511,0,19924425.4716786
Wake,Cary 1,84189.0,1.6600000000000001,2022-12-09,,0,
Wake,Cary 1,84189.0,1.31,2022-12-10,,0,
Wake,Cary 1,84189.0,0.8300000000000001,2022-12-11,,0,
Wake,Cary 1,84189.0,1.07,2022-12-12,,0,
Wake,Cary 1,84189.0,2.3800000000000003,2022-12-13,92211.4396373899,0,27654579.7507336
Wake,Cary 1,84189.0,2.49,2022-12-14,,0,
Wake,Cary 1,84189.0,1.54,2022-12-15,59518.578914486854,0,18840032.1360891
Wake,Cary 1,84189.0,1.31,2022-12-16,,0,
Wake,Cary 1,84189.0,1.6600000000000001,2022-12-17,,0,
Wake,Cary 1,84189.0,1.6600000000000001,2022-12-18,,0,
Wake,Cary 1,84189.0,1.1900000000000002,2022-12-19,,0,
Wake,Cary 1,84189.0,1.9000000000000001,2022-12-20,61127.23294898938,0,20173777.3654689
Wake,Cary 1,84189.0,3.5600000000000005,2022-12-21,,0,
Wake,Cary 1,84189.0,2.3800000000000003,2022-12-22,113175.55136159051,0,34145349.7791059
Wake,Cary 1,84189.0,3.09,2022-12-23,,0,
Wake,Cary 1,84189.0,1.4300000000000002,2022-12-24,,0,
Wake,Cary 1,84189.0,0.9500000000000001,2022-12-25,,0,
Wake,Cary 1,84189.0,1.07,2022-12-26,,0,
Wake,Cary 1,84189.0,2.85,2022-12-27,,0,
Wake,Cary 1,84189.0,1.7800000000000002,2022-12-28,102271.69403114433,0,31315473.9061778
Wake,Cary 1,84189.0,2.6100000000000003,2022-12-29,,0,
Wake,Cary 1,84189.0,2.97,2022-12-30,186919.85352016517,0,55553742.0961848
Wake,Cary 1,84189.0,2.97,2022-12-31,,0,
Wake,Cary 1,84189.0,1.7800000000000002,2023-01-01,,0,
Wake,Cary 1,84189.0,1.54,2023-01-02,,0,
Wake,Cary 1,84189.0,2.2600000000000002,2023-01-03,315746.22061712807,0,98668696.8308489
Wake,Cary 1,84189.0,3.33,2023-01-04,,0,
Wake,Cary 1,84189.0,1.7800000000000002,2023-01-05,103102.06722951775,0,34351207.5069602
Wake,Cary 1,84189.0,1.9000000000000001,2023-01-06,,0,
Wake,Cary 1,84189.0,1.4300000000000002,2023-01-07,,0,
Wake,Cary 1,84189.0,1.07,2023-01-08,,0,
Wake,Cary 1,84189.0,1.6600000000000001,2023-01-09,,0,
Wake,Cary 1,84189.0,1.6600000000000001,2023-01-10,49032.738756875464,0,14837394.4591759
Wake,Cary 1,84189.0,1.07,2023-01-11,,0,
Wake,Cary 1,84189.0,1.9000000000000001,2023-01-12,56109.60422245026,0,16827494.8407016
Wake,Cary 1,84189.0,0.8300000000000001,2023-01-13,,0,
Wake,Cary 1,84189.0,0.9500000000000001,2023-01-14,,0,
Wake,Cary 1,84189.0,1.4300000000000002,2023-01-15,,0,
Wake,Cary 1,84189.0,0.5900000000000001,2023-01-16,,0,
Wake,Cary 1,84189.0,1.07,2023-01-17,59558.977106730104,0,18986717.6620852
Wake,Cary 1,84189.0,1.07,2023-01-18,,0,
Wake,Cary 1,84189.0,1.7800000000000002,2023-01-19,110265.11720848069,0,34110101.2460673
Wake,Cary 1,84189.0,1.31,2023-01-20,,0,
Wake,Cary 1,84189.0,1.1900000000000002,2023-01-21,,0,
Wake,Cary 1,84189.0,0.24,2023-01-22,,0,
Wake,Cary 1,84189.0,0.5900000000000001,2023-01-23,,0,
Wake,Cary 1,84189.0,1.31,2023-01-24,61009.20973099065,0,20436574.3237466
Wake,Cary 1,84189.0,0.5900000000000001,2023-01-25,,0,
Wake,Cary 1,84189.0,0.24,2023-01-26,59460.10422123389,0,20532570.0391543
Wake,Cary 1,84189.0,0.9500000000000001,2023-01-27,,0,
Wake,Cary 1,84189.0,1.1900000000000002,2023-01-28,,0,
Wake,Cary 1,84189.0,0.24,2023-01-29,,0,
Wake,Cary 1,84189.0,0.9500000000000001,2023-01-30,,0,
Wake,Cary 1,84189.0,1.6600000000000001,2023-01-31,117725.65506294713,0,39170513.2570416
Wake,Cary 1,84189.0,1.9000000000000001,2023-02-01,,0,
Wake,Cary 1,84189.0,1.31,2023-02-02,116914.96399520453,0,40793244.4919146
Wake,Cary 1,84189.0,1.07,2023-02-03,,0,
Wake,Cary 1,84189.0,0.9500000000000001,2023-02-04,,0,
Wake,Cary 1,84189.0,0.71,2023-02-05,,0,
Wake,Cary 1,84189.0,0.24,2023-02-06,,0,
Wake,Cary 1,84189.0,1.07,2023-02-07,120161.22034583359,0,37927818.9567494
Wake,Cary 1,84189.0,0.8300000000000001,2023-02-08,,0,
Wake,Cary 1,84189.0,0.8300000000000001,2023-02-09,71494.31240315553,0,21795037.187266
Wake,Cary 1,84189.0,0.71,2023-02-10,,0,
Wake,Cary 1,84189.0,0.8300000000000001,2023-02-11,,0,
Wake,Cary 1,84189.0,0.71,2023-02-12,,0,
Wake,Cary 1,84189.0,0.24,2023-02-13,,0,
Wake,Cary 1,84189.0,0.9500000000000001,2023-02-14,39536.986253380535,0,14186095.522611
Wake,Cary 1,84189.0,1.07,2023-02-15,,0,
Wake,Cary 1,84189.0,1.31,2023-02-16,34337.17700976597,0,10761028.7623536
Wake,Cary 1,84189.0,0.24,2023-02-17,,0,
Wake,Cary 1,84189.0,0.9500000000000001,2023-02-18,,0,
Wake,Cary 1,84189.0,0.24,2023-02-19,,0,
Wake,Cary 1,84189.0,0.71,2023-02-20,,0,
Wake,Cary 1,84189.0,0.5900000000000001,2023-02-21,20740.362171379755,0,6677067.78152672
Wake,Cary 1,84189.0,0.9500000000000001,2023-02-22,,0,
Wake,Cary 1,84189.0,0.71,2023-02-23,25512.482591860804,0,7961018.234287341
Wake,Cary 1,84189.0,0.8300000000000001,2023-02-24,,0,
Wake,Cary 1,84189.0,0.5900000000000001,2023-02-25,,0,
Wake,Cary 1,84189.0,0.24,2023-02-26,,0,
Wake,Cary 1,84189.0,0.24,2023-02-27,,0,
Wake,Cary 1,84189.0,0.71,2023-02-28,45446.069533019036,0,13874665.7572113
Wake,Cary 1,84189.0,0.24,2023-03-01,,0,
Wake,Cary 1,84189.0,0.24,2023-03-02,25913.160035009238,0,8004487.689557059
Wake,Cary 1,84189.0,0.5900000000000001,2023-03-03,,0,
Wake,Cary 1,84189.0,0.24,2023-03-04,,0,
Wake,Cary 1,84189.0,0.24,2023-03-05,,0,
Wake,Cary 1,84189.0,0.8300000000000001,2023-03-06,,0,
Wake,Cary 1,84189.0,0.5900000000000001,2023-03-07,38073.79204912479,0,11846461.703613
Wake,Cary 1,84189.0,0.5900000000000001,2023-03-08,,0,
Wake,Cary 1,84189.0,0.24,2023-03-09,35938.34050147561,0,11343617.0856368
Wake,Cary 1,84189.0,0.24,2023-03-10,,0,
Wake,Cary 1,84189.0,0.24,2023-03-11,,0,
Wake,Cary 1,84189.0,0.71,2023-03-12,,0,
Wake,Cary 1,84189.0,0.24,2023-03-13,,0,
Wake,Cary 1,84189.0,0.71,2023-03-14,32120.289226593228,0,10586194.0040275
Wake,Cary 1,84189.0,0.24,2023-03-15,,0,
Wake,Cary 1,84189.0,0.24,2023-03-16,38157.66659532525,0,11872558.8309543
Wake,Cary 1,84189.0,0.24,2023-03-17,,0,
Wake,Cary 1,84189.0,0.24,2023-03-18,,0,
Wake,Cary 1,84189.0,0.24,2023-03-19,,0,
Wake,Cary 1,84189.0,0.5900000000000001,2023-03-20,,0,
Wake,Cary 1,84189.0,0.24,2023-03-21,24410.225398385825,0,7584138.6465129
Wake,Cary 1,84189.0,0.71,2023-03-22,,0,
Wake,Cary 1,84189.0,0.5900000000000001,2023-03-23,65174.28818943865,0,19692551.7994353
Wake,Cary 1,84189.0,0.24,2023-03-24,,0,
Wake,Cary 1,84189.0,0.71,2023-03-25,,0,
Wake,Cary 1,84189.0,0.24,2023-03-26,,0,
Wake,Cary 1,84189.0,0.24,2023-03-27,,0,
Wake,Cary 1,84189.0,0.5900000000000001,2023-03-28,68212.67987698471,0,22880228.9718524
Wake,Cary 1,84189.0,0.24,2023-03-29,,0,
Wake,Cary 1,84189.0,0.24,2023-03-30,80893.148251258,0,26842596.712403
Wake,Cary 1,84189.0,0.9500000000000001,2023-03-31,,0,
Wake,Cary 1,84189.0,0.24,2023-04-01,,0,
Wake,Cary 1,84189.0,0.71,2023-04-02,,0,
Wake,Cary 1,84189.0,0.5900000000000001,2023-04-03,,0,
Wake,Cary 1,84189.0,0.24,2023-04-04,15014.58371051292,0,4624452.19052088
Wake,Cary 1,84189.0,,2023-04-05,,0,
Wake,Cary 1,84189.0,0.24,2023-04-06,18701.389787927554,0,5583395.45068105
Wake,Cary 1,84189.0,0.24,2023-04-07,,0,
Wake,Cary 1,84189.0,0.24,2023-04-08,,0,
Wake,Cary 1,84189.0,,2023-04-09,,0,
Wake,Cary 1,84189.0,0.24,2023-04-10,,0,
Wake,Cary 1,84189.0,0.24,2023-04-11,39997.90654521807,0,14873021.2243635
Wake,Cary 1,84189.0,0.24,2023-04-12,,0,
Wake,Cary 1,84189.0,,2023-04-13,60798.190959929016,0,19381764.801855095
Wake,Cary 1,84189.0,0.24,2023-04-14,,0,
Wake,Cary 1,84189.0,0.24,2023-04-15,,0,
Wake,Cary 1,84189.0,0.24,2023-04-16,,0,
Wake,Cary 1,84189.0,0.24,2023-04-17,,0,
Wake,Cary 1,84189.0,0.24,2023-04-18,34633.2909207312,0,11866022.2715458
Wake,Cary 1,84189.0,0.24,2023-04-19,,0,
Wake,Cary 1,84189.0,0.24,2023-04-20,24250.8448512624,0,7894449.77661895
Wake,Cary 1,84189.0,0.24,2023-04-21,,0,
Wake,Cary 1,84189.0,,2023-04-22,,0,
Wake,Cary 1,84189.0,0.24,2023-04-23,,0,
Wake,Cary 1,84189.0,0.24,2023-04-24,,0,
Wake,Cary 1,84189.0,0.24,2023-04-25,20004.209357032854,0,6476051.80630257
Wake,Cary 1,84189.0,0.24,2023-04-26,,0,
Wake,Cary 1,84189.0,0.24,2023-04-27,13997.532068189746,0,4405608.87095081
Wake,Cary 1,84189.0,0.24,2023-04-28,,0,
Wake,Cary 1,84189.0,0.24,2023-04-29,,0,
Wake,Cary 1,84189.0,0.24,2023-04-30,,0,
Wake,Cary 1,84189.0,,2023-05-01,,0,
Wake,Cary 1,84189.0,,2023-05-02,10836.904032056398,0,4000412.82891338
Wake,Cary 1,84189.0,0.24,2023-05-03,,0,
Wake,Cary 1,84189.0,0.24,2023-05-04,19776.13903167151,0,6544489.0857713
Wake,Cary 1,84189.0,0.24,2023-05-05,,0,
Wake,Cary 1,84189.0,,2023-05-06,,0,
Wake,Cary 1,84189.0,0.24,2023-05-07,,0,
Wake,Cary 1,84189.0,0.24,2023-05-08,,0,
Wake,Cary 1,84189.0,,2023-05-09,17532.378047486905,0,5502406.55845155
Wake,Cary 1,84189.0,0.24,2023-05-10,,0,
Wake,Cary 1,84189.0,0.24,2023-05-11,14597.205588741972,0,4535280.9828619
Wake,Cary 1,84189.0,,2023-05-12,,0,
Wake,Cary 1,84189.0,0.24,2023-05-13,,0,
Wake,Cary 1,84189.0,0.24,2023-05-14,,0,
Wake,Cary 1,84189.0,0.24,2023-05-15,,0,
Wake,Cary 1,84189.0,0.24,2023-05-16,10778.074967265737,0,3523157.33186648
Wake,Cary 1,84189.0,0.24,2023-05-17,,0,
Wake,Cary 1,84189.0,0.5900000000000001,2023-05-18,23236.34437685929,0,7376136.28276132
Wake,Cary 1,84189.0,0.24,2023-05-19,,0,
Wake,Cary 1,84189.0,0.24,2023-05-20,,0,
Wake,Cary 1,84189.0,0.24,2023-05-21,,0,
Wake,Cary 1,84189.0,0.24,2023-05-22,,0,
Wake,Cary 1,84189.0,,2023-05-23,14269.76804296413,0,4638863.97317128
Wake,Cary 1,84189.0,0.24,2023-05-24,,0,
Wake,Cary 1,84189.0,,2023-05-25,20752.27999521981,0,6419640.13320109
Wake,Cary 1,84189.0,,2023-05-26,,0,
Wake,Cary 1,84189.0,,2023-05-27,,0,
Wake,Cary 1,84189.0,,2023-05-28,,0,
Wake,Cary 1,84189.0,,2023-05-29,,0,
Wake,Cary 1,84189.0,,2023-05-30,,0,
Wake,Cary 1,84189.0,,2023-05-31,10352.646038573926,0,3183932.80821267
Wake,Cary 1,84189.0,,2023-06-01,,0,
Wake,Cary 1,84189.0,,2023-06-02,23350.587915510827,0,7622384.759249071
Wake,Cary 1,84189.0,,2023-06-03,,0,
Wake,Cary 1,84189.0,,2023-06-04,,0,
Wake,Cary 1,84189.0,,2023-06-05,,0,
Wake,Cary 1,84189.0,,2023-06-06,11906.5020891948,0,3892019.70294628
Wake,Cary 1,84189.0,,2023-06-07,,0,
Wake,Cary 1,84189.0,,2023-06-08,25357.943370865087,0,7775974.5247243
Wake,Cary 1,84189.0,,2023-06-09,,0,
Wake,Cary 1,84189.0,,2023-06-10,,0,
Wake,Cary 1,84189.0,,2023-06-11,,0,
Wake,Cary 1,84189.0,,2023-06-12,,0,
Wake,Cary 1,84189.0,,2023-06-13,12341.728971258452,0,3740178.4902325
Wake,Cary 1,84189.0,,2023-06-14,,0,
Wake,Cary 1,84189.0,,2023-06-15,10648.643153003126,0,3150479.03582732
Wake,Cary 1,84189.0,,2023-06-16,,0,
Wake,Cary 1,84189.0,,2023-06-17,,0,
Wake,Cary 1,84189.0,,2023-06-18,,0,
Wake,Cary 1,84189.0,,2023-06-19,,0,
Wake,Cary 1,84189.0,,2023-06-20,,0,
Wake,Cary 1,84189.0,,2023-06-21,10370.909796155782,0,3707152.16289333
Wake,Cary 1,84189.0,,2023-06-22,,0,
Wake,Cary 1,84189.0,,2023-06-23,10291.683535748663,0,3734361.74048532
Wake,Cary 1,84189.0,,2023-06-24,,0,
Wake,Cary 1,84189.0,,2023-06-25,,0,
Wake,Cary 1,84189.0,,2023-06-26,,0,
Wake,Cary 1,84189.0,,2023-06-27,32422.780494584385,0,9548782.09756037
Wake,Cary 1,84189.0,,2023-06-28,,0,
Wake,Cary 1,84189.0,,2023-06-29,10852.414662184645,0,3606012.6396074
Wake,Cary 1,84189.0,,2023-06-30,,0,
Wake,Cary 1,84189.0,,2023-07-01,,0,
Wake,Cary 1,84189.0,,2023-07-02,,0,
Wake,Cary 1,84189.0,,2023-07-03,,0,
Wake,Cary 1,84189.0,,2023-07-04,,0,
Wake,Cary 1,84189.0,,2023-07-05,,0,
Wake,Cary 1,84189.0,,2023-07-06,,0,
Wake,Cary 1,84189.0,,2023-07-07,38044.97338676952,0,12094088.0253479
Wake,Cary 1,84189.0,,2023-07-08,,0,
Wake,Cary 1,84189.0,,2023-07-09,,0,
Wake,Cary 1,84189.0,,2023-07-10,,0,
Wake,Cary 1,84189.0,,2023-07-11,,0,
Wake,Cary 1,84189.0,,2023-07-12,38712.0033064682,0,12184286.7977305
Wake,Cary 1,84189.0,,2023-07-13,,0,
Wake,Cary 1,84189.0,,2023-07-14,90027.31585468934,0,26756677.7547448
Wake,Cary 1,84189.0,,2023-07-15,,0,
Wake,Cary 1,84189.0,,2023-07-16,,0,
Wake,Cary 1,84189.0,,2023-07-17,,0,
Wake,Cary 1,84189.0,,2023-07-18,,0,
Wake,Cary 1,84189.0,,2023-07-19,56385.838647660494,0,16732868.8293154
Wake,Cary 1,84189.0,,2023-07-20,,0,
Wake,Cary 1,84189.0,,2023-07-21,74829.51289431196,0,25806238.6333687
Wake,Cary 1,84189.0,,2023-07-22,,0,
Wake,Cary 1,84189.0,,2023-07-23,,0,
Wake,Cary 1,84189.0,,2023-07-24,,0,
Wake,Cary 1,84189.0,,2023-07-25,,0,
Wake,Cary 1,84189.0,,2023-07-26,90372.3519667383,0,28809667.5699482
Wake,Cary 1,84189.0,,2023-07-27,,0,
Wake,Cary 1,84189.0,,2023-07-28,118828.9661656619,0,39110181.0639395
Wake,Cary 1,84189.0,,2023-07-29,,0,
Wake,Cary 1,84189.0,,2023-07-30,,0,
Wake,Cary 1,84189.0,,2023-07-31,,0,
Wake,Cary 1,84189.0,,2023-08-01,,0,
Wake,Cary 1,84189.0,,2023-08-02,65625.98875445609,0,20950318.766120695
Wake,Cary 1,84189.0,,2023-08-03,,0,
Wake,Cary 1,84189.0,,2023-08-04,103466.80627138352,0,34798383.3811842
Wake,Cary 1,84189.0,,2023-08-05,,0,
Wake,Cary 1,84189.0,,2023-08-06,,0,
Wake,Cary 1,84189.0,,2023-08-07,,0,
Wake,Cary 1,84189.0,,2023-08-08,,0,
Wake,Cary 1,84189.0,,2023-08-09,81579.72542243582,0,26520210.2840021
Wake,Cary 1,84189.0,,2023-08-10,,0,
Wake,Cary 1,84189.0,,2023-08-11,80876.9633455658,0,24764432.2239123
Wake,Cary 1,84189.0,,2023-08-12,,0,
Wake,Cary 1,84189.0,,2023-08-13,,0,
Wake,Cary 1,84189.0,,2023-08-14,,0,
Wake,Cary 1,84189.0,,2023-08-15,,0,
Wake,Cary 1,84189.0,,2023-08-16,128517.70306070692,0,39756470.3533962
Wake,Cary 1,84189.0,,2023-08-17,,0,
Wake,Cary 1,84189.0,,2023-08-18,188126.55740219133,0,58280833.8736516
Wake,Cary 1,84189.0,,2023-08-19,,0,
Wake,Cary 1,84189.0,,2023-08-20,,0,
Wake,Cary 1,84189.0,,2023-08-21,,0,
Wake,Cary 1,84189.0,,2023-08-22,,0,
Wake,Cary 1,84189.0,,2023-08-23,159990.07469215075,0,48341346.2700656
Wake,Cary 1,84189.0,,2023-08-24,,0,
Wake,Cary 1,84189.0,,2023-08-25,88811.9586542263,0,26794792.3056924
Wake,Cary 1,84189.0,,2023-08-26,,0,
Wake,Cary 1,84189.0,,2023-08-27,,0,
Wake,Cary 1,84189.0,,2023-08-28,,0,
Wake,Cary 1,84189.0,,2023-08-29,,0,
Wake,Cary 1,84189.0,,2023-08-30,142198.97467984803,0,43029664.1082365
Wake,Cary 1,84189.0,,2023-08-31,,0,
Wake,Cary 1,84189.0,,2023-09-01,142245.81540417994,0,43747377.8982518
Wake,Cary 1,84189.0,,2023-09-02,,0,
Wake,Cary 1,84189.0,,2023-09-03,,0,
Wake,Cary 1,84189.0,,2023-09-04,,0,
Wake,Cary 1,84189.0,,2023-09-05,,0,
Wake,Cary 1,84189.0,,2023-09-06,142819.01834139595,0,43666801.6225486
Wake,Cary 1,84189.0,,2023-09-07,,0,
Wake,Cary 1,84189.0,,2023-09-08,136840.52908404006,0,41346661.1160668
Wake,Cary 1,84189.0,,2023-09-09,,0,
Wake,Cary 1,84189.0,,2023-09-10,,0,
Wake,Cary 1,84189.0,,2023-09-11,,0,
Wake,Cary 1,84189.0,,2023-09-12,,0,
Wake,Cary 1,84189.0,,2023-09-13,112959.93626060533,0,35502426.8445885
Wake,Cary 1,84189.0,,2023-09-14,,0,
Wake,Cary 1,84189.0,,2023-09-15,173826.32711991604,0,53694365.861689
Wake,Cary 1,84189.0,,2023-09-16,,0,
Wake,Cary 1,84189.0,,2023-09-17,,0,
Wake,Cary 1,84189.0,,2023-09-18,,0,
Wake,Cary 1,84189.0,,2023-09-19,,0,
Wake,Cary 1,84189.0,,2023-09-20,222488.65139597567,0,75328490.8205025
Wake,Cary 1,84189.0,,2023-09-21,,0,
Wake,Cary 1,84189.0,,2023-09-22,,0,
Wake,Cary 1,84189.0,,2023-09-23,76799.47395653185,0,25553264.5890961
Wake,Cary 1,84189.0,,2023-09-24,,0,
Wake,Cary 1,84189.0,,2023-09-25,,0,
Wake,Cary 1,84189.0,,2023-09-26,,0,
Wake,Cary 1,84189.0,,2023-09-27,204655.222264178,0,65977888.6533008
Wake,Cary 1,84189.0,,2023-09-28,,0,
Wake,Cary 1,84189.0,,2023-09-29,188995.90471753597,0,59314960.1737753
Wake,Cary 1,84189.0,,2023-09-30,,0,
Wake,Cary 1,84189.0,,2023-10-01,,0,
Wake,Cary 1,84189.0,,2023-10-02,,0,
Wake,Cary 1,84189.0,,2023-10-03,,0,
Wake,Cary 1,84189.0,,2023-10-04,87597.17803673819,0,26822154.1556644
Wake,Cary 1,84189.0,,2023-10-05,,0,
Wake,Cary 1,84189.0,,2023-10-06,279858.75008653884,0,84056592.2866201
Wake,Cary 1,84189.0,,2023-10-07,,0,
Wake,Cary 1,84189.0,,2023-10-08,,0,
Wake,Cary 1,84189.0,,2023-10-09,,0,
Wake,Cary 1,84189.0,,2023-10-10,,0,
Wake,Cary 1,84189.0,,2023-10-11,147712.33394676304,0,45229345.0612234
Wake,Cary 1,84189.0,,2023-10-12,,0,
Wake,Cary 1,84189.0,,2023-10-13,132465.5834547224,0,39548276.5944139
Wake,Cary 1,84189.0,,2023-10-14,,0,
Wake,Cary 1,84189.0,,2023-10-15,,0,
Wake,Cary 1,84189.0,,2023-10-16,,0,
Wake,Cary 1,84189.0,,2023-10-17,,0,
Wake,Cary 1,84189.0,,2023-10-18,109646.2858468084,0,33721466.5222349
Wake,Cary 1,84189.0,,2023-10-19,,0,
Wake,Cary 1,84189.0,,2023-10-20,115617.23227962172,0,34414145.0604221
Wake,Cary 1,84189.0,,2023-10-21,,0,
Wake,Cary 1,84189.0,,2023-10-22,,0,
Wake,Cary 1,84189.0,,2023-10-23,,0,
Wake,Cary 1,84189.0,,2023-10-24,,0,
Wake,Cary 1,84189.0,,2023-10-25,49166.968586643656,0,15143296.6751236
Wake,Cary 1,84189.0,,2023-10-26,,0,
Wake,Cary 1,84189.0,,2023-10-27,140177.5516978377,0,41913752.3062397
Wake,Cary 1,84189.0,,2023-10-28,,0,
Wake,Cary 1,84189.0,,2023-10-29,,0,
Wake,Cary 1,84189.0,,2023-10-30,,0,
Wake,Cary 1,84189.0,,2023-10-31,,0,
Wake,Cary 1,84189.0,,2023-11-01,81243.14124896954,0,24328613.7220591
Wake,Cary 1,84189.0,,2023-11-02,,0,
Wake,Cary 1,84189.0,,2023-11-03,61200.00000000005,0,18381642.3333214
Wake,Cary 1,84189.0,,2023-11-04,,0,
Wake,Cary 1,84189.0,,2023-11-05,,0,
Wake,Cary 1,84189.0,,2023-11-06,,0,
Wake,Cary 1,84189.0,,2023-11-07,,0,
Wake,Cary 1,84189.0,,2023-11-08,99959.29571580634,0,29483799.8087296
Wake,Cary 1,84189.0,,2023-11-09,,0,
Wake,Cary 1,84189.0,,2023-11-10,90780.50231189514,0,27062164.9405872
Wake,Cary 1,84189.0,,2023-11-11,,0,
Wake,Cary 1,84189.0,,2023-11-12,,0,
Wake,Cary 1,84189.0,,2023-11-13,,0,
Wake,Cary 1,84189.0,,2023-11-14,,0,
Wake,Cary 1,84189.0,,2023-11-15,19211.194653118288,0,5804703.9153835
Wake,Cary 1,84189.0,,2023-11-16,,0,
Wake,Cary 1,84189.0,,2023-11-17,57556.00750573315,0,16976608.2377513
Wake,Cary 1,84189.0,,2023-11-18,,0,
Wake,Cary 1,84189.0,,2023-11-19,,0,
Wake,Cary 1,84189.0,,2023-11-20,,0,
Wake,Cary 1,84189.0,,2023-11-21,,0,
Wake,Cary 1,84189.0,,2023-11-22,97525.87349006414,0,28897594.3359133
Wake,Cary 1,84189.0,,2023-11-23,,0,
Wake,Cary 1,84189.0,,2023-11-24,,0,
Wake,Cary 1,84189.0,,2023-11-25,,0,
Wake,Cary 1,84189.0,,2023-11-26,,0,
Wake,Cary 1,84189.0,,2023-11-27,,0,
Wake,Cary 1,84189.0,,2023-11-28,,0,
Wake,Cary 1,84189.0,,2023-11-29,75087.55689193796,0,23093007.815199
Wake,Cary 1,84189.0,,2023-11-30,,0,
Wake,Cary 1,84189.0,,2023-12-01,87956.38464602796,0,25903896.5277641
Wake,Cary 1,84189.0,,2023-12-02,,0,
Wake,Cary 1,84189.0,,2023-12-03,,0,
Wake,Cary 1,84189.0,,2023-12-04,,0,
Wake,Cary 1,84189.0,,2023-12-05,,0,
Wake,Cary 1,84189.0,,2023-12-06,88465.13437507473,0,26292387.7106881
Wake,Cary 1,84189.0,,2023-12-07,,0,
Wake,Cary 1,84189.0,,2023-12-08,133641.95897995512,0,43865402.6311736
Wake,Cary 1,84189.0,,2023-12-09,,0,
Wake,Cary 1,84189.0,,2023-12-10,,0,
Wake,Cary 1,84189.0,,2023-12-11,,0,
Wake,Cary 1,84189.0,,2023-12-12,,0,
Wake,Cary 1,84189.0,,2023-12-13,64811.02375367937,0,25003027.368675105
Wake,Cary 1,84189.0,,2023-12-14,,0,
Wake,Cary 1,84189.0,,2023-12-15,233559.5855451026,0,71515673.7742906
Wake,Cary 1,84189.0,,2023-12-16,,0,
Wake,Cary 1,84189.0,,2023-12-17,,0,
Wake,Cary 1,84189.0,,2023-12-18,,0,
Wake,Cary 1,84189.0,,2023-12-19,,0,
Wake,Cary 1,84189.0,,2023-12-20,106791.42474936842,0,44175414.663027
Wake,Cary 1,84189.0,,2023-12-21,,0,
Wake,Cary 1,84189.0,,2023-12-22,265843.111627892,0,84269604.449885
Wake,Cary 1,84189.0,,2023-12-23,,0,
Wake,Cary 1,84189.0,,2023-12-24,,0,
Wake,Cary 1,84189.0,,2023-12-25,,0,
Wake,Cary 1,84189.0,,2023-12-26,,0,
Wake,Cary 1,84189.0,,2023-12-27,,0,
Wake,Cary 1,84189.0,,2023-12-28,,0,
Wake,Cary 1,84189.0,,2023-12-29,370276.32924614503,0,147841153.458858
Wake,Cary 1,84189.0,,2023-12-30,,0,
Wake,Cary 1,84189.0,,2023-12-31,,0,
Wake,Cary 1,84189.0,,2024-01-01,,0,
Wake,Cary 1,84189.0,,2024-01-02,,0,
Wake,Cary 1,84189.0,,2024-01-03,261899.446352985,0,81488645.9802843
Wake,Cary 1,84189.0,,2024-01-04,,0,
Wake,Cary 1,84189.0,,2024-01-05,530353.2407744861,0,168832056.87209
Wake,Cary 1,84189.0,,2024-01-06,,0,
Wake,Cary 1,84189.0,,2024-01-07,,0,
Wake,Cary 1,84189.0,,2024-01-08,,0,
Wake,Cary 1,84189.0,,2024-01-09,,0,
Wake,Cary 1,84189.0,,2024-01-10,443856.6435235589,0,138702393.683722
Wake,Cary 1,84189.0,,2024-01-11,,0,
Wake,Cary 1,84189.0,,2024-01-12,202897.018213674,0,69151450.9664564
Wake,Cary 1,84189.0,,2024-01-13,,0,
Wake,Cary 1,84189.0,,2024-01-14,,0,
Wake,Cary 1,84189.0,,2024-01-15,,0,
Wake,Cary 1,84189.0,,2024-01-16,,0,
Wake,Cary 1,84189.0,,2024-01-17,292299.8460485398,0,119861539.578295
Wake,Cary 1,84189.0,,2024-01-18,,0,
Wake,Cary 1,84189.0,,2024-01-19,493262.2831719452,0,131740946.887495
Wake,Cary 1,84189.0,,2024-01-20,,0,
Wake,Cary 1,84189.0,,2024-01-21,,0,
Wake,Cary 1,84189.0,,2024-01-22,,0,
Wake,Cary 1,84189.0,,2024-01-23,,0,
Wake,Cary 1,84189.0,,2024-01-24,434749.9051178742,0,141720909.008786
Wake,Cary 1,84189.0,,2024-01-25,,0,
Wake,Cary 1,84189.0,,2024-01-26,225594.94675191632,0,68163999.9149676
Wake,Cary 1,84189.0,,2024-01-27,,0,
Wake,Cary 1,84189.0,,2024-01-28,,0,
Wake,Cary 1,84189.0,,2024-01-29,,0,
Wake,Cary 1,84189.0,,2024-01-30,,0,
Wake,Cary 1,84189.0,,2024-01-31,235610.35630888582,0,75215812.5607711
Wake,Cary 1,84189.0,,2024-02-01,,0,
Wake,Cary 1,84189.0,,2024-02-02,164196.58948955074,0,52048674.7374229
Wake,Cary 1,84189.0,,2024-02-03,,0,
Wake,Cary 1,84189.0,,2024-02-04,,0,
Wake,Cary 1,84189.0,,2024-02-05,,0,
Wake,Cary 1,84189.0,,2024-02-06,,0,
Wake,Cary 1,84189.0,,2024-02-07,225031.90884850093,0,68702146.3475897
Wake,Cary 1,84189.0,,2024-02-08,,0,
Wake,Cary 1,84189.0,,2024-02-09,242805.76599413808,0,74128497.3972214
Wake,Cary 1,84189.0,,2024-02-10,,0,
Wake,Cary 1,84189.0,,2024-02-11,,0,
Wake,Cary 1,84189.0,,2024-02-12,,0,
Wake,Cary 1,84189.0,,2024-02-13,,0,
Wake,Cary 1,84189.0,,2024-02-14,277103.2298620857,0,99052432.0545861
Wake,Cary 1,84189.0,,2024-02-15,,0,
Wake,Cary 1,84189.0,,2024-02-16,254413.67887753193,0,83392004.499017
Wake,Cary 1,84189.0,,2024-02-17,,0,
Wake,Cary 1,84189.0,,2024-02-18,,0,
Wake,Cary 1,84189.0,,2024-02-19,,0,
Wake,Cary 1,84189.0,,2024-02-20,,0,
Wake,Cary 1,84189.0,,2024-02-21,288099.77438380587,0,85495504.72491929
Wake,Cary 1,84189.0,,2024-02-22,,0,
Wake,Cary 1,84189.0,,2024-02-23,285381.4990499557,0,92644456.7978801
Wake,Cary 1,84189.0,,2024-02-24,,0,
Wake,Cary 1,84189.0,,2024-02-25,,0,
Wake,Cary 1,84189.0,,2024-02-26,,0,
Wake,Cary 1,84189.0,,2024-02-27,,0,
Wake,Cary 1,84189.0,,2024-02-28,126149.75862045874,0,43278020.5327391
Wake,Cary 1,84189.0,,2024-02-29,,0,
Wake,Cary 1,84189.0,,2024-03-01,294095.0866641603,0,101952662.955506
Wake,Cary 1,84189.0,,2024-03-02,,0,
Wake,Cary 1,84189.0,,2024-03-03,,0,
Wake,Cary 1,84189.0,,2024-03-04,,0,
Wake,Cary 1,84189.0,,2024-03-05,,0,
Wake,Cary 1,84189.0,,2024-03-06,,0,
Wake,Cary 1,84189.0,,2024-03-07,,0,
Wake,Cary 1,84189.0,,2024-03-08,82649.28311848809,0,28540181.968100905
Wake,Cary 1,84189.0,,2024-03-09,,0,
Wake,Cary 1,84189.0,,2024-03-10,,0,
Wake,Cary 1,84189.0,,2024-03-11,,0,
Wake,Cary 1,84189.0,,2024-03-12,,0,
Wake,Cary 1,84189.0,,2024-03-13,60313.036733363035,0,20366085.3445348
Wake,Cary 1,84189.0,,2024-03-14,,0,
Wake,Cary 1,84189.0,,2024-03-15,48472.93677919664,0,15844924.3607415
Wake,Cary 1,84189.0,,2024-03-16,,0,
Wake,Cary 1,84189.0,,2024-03-17,,0,
Wake,Cary 1,84189.0,,2024-03-18,,0,
Wake,Cary 1,84189.0,,2024-03-19,,0,
Wake,Cary 1,84189.0,,2024-03-20,62262.59872507736,0,20016572.4106408
Wake,Cary 1,84189.0,,2024-03-21,,0,
Wake,Cary 1,84189.0,,2024-03-22,69157.8484338545,0,21082766.275274105
Wake,Cary 1,84189.0,,2024-03-23,,0,
Wake,Cary 1,84189.0,,2024-03-24,,0,
Wake,Cary 1,84189.0,,2024-03-25,,0,
Wake,Cary 1,84189.0,,2024-03-26,,0,
Wake,Cary 1,84189.0,,2024-03-27,45120.000000000015,0,13734542.1487368
Wake,Cary 1,84189.0,,2024-03-28,,0,
Wake,Cary 1,84189.0,,2024-03-29,31145.696331917232,0,11861452.7199431
Wake,Cary 1,84189.0,,2024-03-30,,0,
Wake,Cary 1,84189.0,,2024-03-31,,0,
Wake,Cary 1,84189.0,,2024-04-01,,0,
Wake,Cary 1,84189.0,,2024-04-02,,0,
Wake,Cary 1,84189.0,,2024-04-03,70362.24271582022,0,22873593.4475745
Wake,Cary 1,84189.0,,2024-04-04,,0,
Wake,Cary 1,84189.0,,2024-04-05,34500.000000000044,0,12952750.4187008
Wake,Cary 1,84189.0,,2024-04-06,,0,
Wake,Cary 1,84189.0,,2024-04-07,,0,
Wake,Cary 1,84189.0,,2024-04-08,,0,
Wake,Cary 1,84189.0,,2024-04-09,,0,
Wake,Cary 1,84189.0,,2024-04-10,111885.478950577,0,35969648.5044309
Wake,Cary 1,84189.0,,2024-04-11,,0,
Wake,Cary 1,84189.0,,2024-04-12,60664.59263853998,0,18984578.1854939
Wake,Cary 1,84189.0,,2024-04-13,,0,
Wake,Cary 1,84189.0,,2024-04-14,,0,
Wake,Cary 1,84189.0,,2024-04-15,,0,
Wake,Cary 1,84189.0,,2024-04-16,,0,
Wake,Cary 1,84189.0,,2024-04-17,68099.60352307494,0,21127596.8394458
Wake,Cary 1,84189.0,,2024-04-18,,0,
Wake,Cary 1,84189.0,,2024-04-19,44226.81539518757,0,13263798.9199255
Wake,Cary 1,84189.0,,2024-04-20,,0,
Wake,Cary 1,84189.0,,2024-04-21,,0,
Wake,Cary 1,84189.0,,2024-04-22,,0,
Wake,Cary 1,84189.0,,2024-04-23,,0,
Wake,Cary 1,84189.0,,2024-04-24,18801.191451607552,0,5537109.32891464
Wake,Cary 1,84189.0,,2024-04-25,,0,
Wake,Cary 1,84189.0,,2024-04-26,48983.59725459126,0,14492155.8580426
Wake,Cary 1,84189.0,,2024-04-27,,0,
Wake,Cary 1,84189.0,,2024-04-28,,0,
Wake,Cary 1,84189.0,,2024-04-29,,0,
Wake,Cary 1,84189.0,,2024-04-30,,0,
Wake,Cary 1,84189.0,,2024-05-01,72005.19981223586,0,21562271.7841894
Wake,Cary 1,84189.0,,2024-05-02,,0,
Wake,Cary 1,84189.0,,2024-05-03,53651.22924966402,0,17537614.3020608
Wake,Cary 1,84189.0,,2024-05-04,,0,
Wake,Cary 1,84189.0,,2024-05-05,,0,
Wake,Cary 1,84189.0,,2024-05-06,,0,
Wake,Cary 1,84189.0,,2024-05-07,,0,
Wake,Cary 1,84189.0,,2024-05-08,21914.999429614436,0,7015811.05069475
Wake,Cary 1,84189.0,,2024-05-09,,0,
Wake,Cary 1,84189.0,,2024-05-10,35308.96769943867,0,10779812.8660157
Wake,Cary 1,84189.0,,2024-05-11,,0,
Wake,Cary 1,84189.0,,2024-05-12,,0,
Wake,Cary 1,84189.0,,2024-05-13,,0,
Wake,Cary 1,84189.0,,2024-05-14,,0,
Wake,Cary 1,84189.0,,2024-05-15,15090.341281760337,0,4552794.08982545
Wake,Cary 2,74331.0,1.6100000000000003,2021-11-16,11555.658208860299,0,3068956.99593197
Wake,Cary 2,74331.0,0.9400000000000001,2021-11-17,,0,
Wake,Cary 2,74331.0,2.15,2021-11-18,5328.217244695388,0,1218344.38761396
Wake,Cary 2,74331.0,0.27,2021-11-19,,0,
Wake,Cary 2,74331.0,1.35,2021-11-20,,0,
Wake,Cary 2,74331.0,1.08,2021-11-21,,0,
Wake,Cary 2,74331.0,1.21,2021-11-22,,0,
Wake,Cary 2,74331.0,0.81,2021-11-23,19593.080687770078,0,6884836.32246095
Wake,Cary 2,74331.0,1.75,2021-11-24,,0,
Wake,Cary 2,74331.0,0.9400000000000001,2021-11-25,,0,
Wake,Cary 2,74331.0,0.27,2021-11-26,,0,
Wake,Cary 2,74331.0,1.08,2021-11-27,,0,
Wake,Cary 2,74331.0,0.67,2021-11-28,,0,
Wake,Cary 2,74331.0,0.27,2021-11-29,,0,
Wake,Cary 2,74331.0,2.29,2021-11-30,18996.587167962552,0,5074145.069878
Wake,Cary 2,74331.0,1.75,2021-12-01,,0,
Wake,Cary 2,74331.0,3.09,2021-12-02,21595.827332724748,0,5759625.19191988
Wake,Cary 2,74331.0,1.35,2021-12-03,,0,
Wake,Cary 2,74331.0,1.4800000000000002,2021-12-04,,0,
Wake,Cary 2,74331.0,0.81,2021-12-05,,0,
Wake,Cary 2,74331.0,1.21,2021-12-06,,0,
Wake,Cary 2,74331.0,1.6100000000000003,2021-12-07,19158.88457495776,0,5001388.89024299
Wake,Cary 2,74331.0,1.8800000000000001,2021-12-08,,0,
Wake,Cary 2,74331.0,1.4800000000000002,2021-12-09,19039.073114854167,0,5235779.68535915
Wake,Cary 2,74331.0,0.9400000000000001,2021-12-10,,0,
Wake,Cary 2,74331.0,2.15,2021-12-11,,0,
Wake,Cary 2,74331.0,1.75,2021-12-12,,0,
Wake,Cary 2,74331.0,1.35,2021-12-13,,0,
Wake,Cary 2,74331.0,2.29,2021-12-14,15452.19889856149,0,4078620.52820649
Wake,Cary 2,74331.0,1.75,2021-12-15,,0,
Wake,Cary 2,74331.0,3.3600000000000003,2021-12-16,26637.145641446692,0,6933226.18327474
Wake,Cary 2,74331.0,2.02,2021-12-17,,0,
Wake,Cary 2,74331.0,3.23,2021-12-18,,0,
Wake,Cary 2,74331.0,1.6100000000000003,2021-12-19,,0,
Wake,Cary 2,74331.0,2.42,2021-12-20,,0,
Wake,Cary 2,74331.0,5.920000000000001,2021-12-21,42287.80908094766,0,11881190.8269096
Wake,Cary 2,74331.0,6.32,2021-12-22,,0,
Wake,Cary 2,74331.0,6.46,2021-12-23,,0,
Wake,Cary 2,74331.0,7.670000000000001,2021-12-24,,0,
Wake,Cary 2,74331.0,4.84,2021-12-25,,0,
Wake,Cary 2,74331.0,2.5600000000000005,2021-12-26,,0,
Wake,Cary 2,74331.0,6.46,2021-12-27,,0,
Wake,Cary 2,74331.0,21.53,2021-12-28,160409.59944413777,0,40845306.6510499
Wake,Cary 2,74331.0,20.05,2021-12-29,,0,
Wake,Cary 2,74331.0,20.310000000000002,2021-12-30,149842.14138072473,0,38154500.9472895
Wake,Cary 2,74331.0,18.830000000000002,2021-12-31,,0,
Wake,Cary 2,74331.0,13.05,2022-01-01,,0,
Wake,Cary 2,74331.0,6.46,2022-01-02,,0,
Wake,Cary 2,74331.0,7.800000000000001,2022-01-03,,0,
Wake,Cary 2,74331.0,28.52,2022-01-04,161622.1190581855,0,98514569.9417509
Wake,Cary 2,74331.0,37.67,2022-01-05,,0,
Wake,Cary 2,74331.0,38.61000000000001,2022-01-19,125794.47002571641,0,37809641.2950481
Wake,Cary 2,74331.0,30.0,2022-01-20,,0,
Wake,Cary 2,74331.0,24.89,2022-01-21,122602.3909989255,0,36837720.9540468
Wake,Cary 2,74331.0,9.15,2022-01-22,,0,
Wake,Cary 2,74331.0,4.3100000000000005,2022-01-23,,0,
Wake,Cary 2,74331.0,5.25,2022-01-24,,0,
Wake,Cary 2,74331.0,27.710000000000004,2022-01-25,73685.49232105789,0,22173680.3096053
Wake,Cary 2,74331.0,19.78,2022-01-26,,0,
Wake,Cary 2,74331.0,14.130000000000003,2022-01-27,50508.0185317144,0,14612580.7009333
Wake,Cary 2,74331.0,11.440000000000001,2022-01-28,,0,
Wake,Cary 2,74331.0,9.55,2022-01-29,,0,
Wake,Cary 2,74331.0,3.5,2022-01-30,,0,
Wake,Cary 2,74331.0,4.71,2022-01-31,,0,
Wake,Cary 2,74331.0,12.780000000000001,2022-02-01,67447.71469812747,0,17967752.6992894
Wake,Cary 2,74331.0,12.11,2022-02-02,,0,
Wake,Cary 2,74331.0,7.53,2022-02-03,69864.62980650512,0,20902923.70355
Wake,Cary 2,74331.0,6.859999999999999,2022-02-04,,0,
Wake,Cary 2,74331.0,7.4,2022-02-05,,0,
Wake,Cary 2,74331.0,5.65,2022-02-06,,0,
Wake,Cary 2,74331.0,2.5600000000000005,2022-02-07,,0,
Wake,Cary 2,74331.0,6.590000000000001,2022-02-08,68076.651797808,0,24788259.3758361
Wake,Cary 2,74331.0,5.5200000000000005,2022-02-09,,0,
Wake,Cary 2,74331.0,4.04,2022-02-10,23774.701554383388,0,6776605.17432028
Wake,Cary 2,74331.0,4.170000000000001,2022-02-11,,0,
Wake,Cary 2,74331.0,3.63,2022-02-12,,0,
Wake,Cary 2,74331.0,2.29,2022-02-13,,0,
Wake,Cary 2,74331.0,1.21,2022-02-14,,0,
Wake,Cary 2,74331.0,4.44,2022-02-15,,0,
Wake,Cary 2,74331.0,2.9600000000000004,2022-02-16,,0,
Wake,Cary 2,74331.0,3.3600000000000003,2022-02-17,26545.61404450837,0,7164905.1841309
Wake,Cary 2,74331.0,2.02,2022-02-18,,0,
Wake,Cary 2,74331.0,1.8800000000000001,2022-02-19,,0,
Wake,Cary 2,74331.0,2.02,2022-02-20,,0,
Wake,Cary 2,74331.0,0.67,2022-02-21,,0,
Wake,Cary 2,74331.0,1.8800000000000001,2022-02-22,10120.794435220996,0,2768289.83835902
Wake,Cary 2,74331.0,1.6100000000000003,2022-02-23,,0,
Wake,Cary 2,74331.0,1.75,2022-02-24,13501.678636377035,0,4016900.9387718095
Wake,Cary 2,74331.0,2.29,2022-02-25,,0,
Wake,Cary 2,74331.0,0.9400000000000001,2022-02-26,,0,
Wake,Cary 2,74331.0,0.27,2022-02-27,,0,
Wake,Cary 2,74331.0,0.27,2022-02-28,,0,
Wake,Cary 2,74331.0,0.9400000000000001,2022-03-01,22561.94366627129,0,6283856.17199399
Wake,Cary 2,74331.0,1.35,2022-03-02,,0,
Wake,Cary 2,74331.0,0.27,2022-03-03,11137.719335662932,0,3011844.82821151
Wake,Cary 2,74331.0,1.08,2022-03-04,,0,
Wake,Cary 2,74331.0,0.27,2022-03-05,,0,
Wake,Cary 2,74331.0,0.27,2022-03-06,,0,
Wake,Cary 2,74331.0,0.27,2022-03-07,,0,
Wake,Cary 2,74331.0,0.67,2022-03-08,11717.5741516749,0,3110765.2416222
Wake,Cary 2,74331.0,0.67,2022-03-09,,0,
Wake,Cary 2,74331.0,0.27,2022-03-10,7029.749568796896,0,2043815.54973274
Wake,Cary 2,74331.0,0.81,2022-03-11,,0,
Wake,Cary 2,74331.0,0.27,2022-03-12,,0,
Wake,Cary 2,74331.0,0.67,2022-03-13,,0,
Wake,Cary 2,74331.0,,2022-03-14,,0,
Wake,Cary 2,74331.0,0.27,2022-03-15,2623.9283526803843,0,772764.151264004
Wake,Cary 2,74331.0,0.27,2022-03-16,,0,
Wake,Cary 2,74331.0,0.27,2022-03-17,3203.050108880598,0,966971.6246172428
Wake,Cary 2,74331.0,0.67,2022-03-18,,0,
Wake,Cary 2,74331.0,0.67,2022-03-19,,0,
Wake,Cary 2,74331.0,0.27,2022-03-20,,0,
Wake,Cary 2,74331.0,0.27,2022-03-21,,0,
Wake,Cary 2,74331.0,0.67,2022-03-22,9565.081285592916,0,2837925.22066653
Wake,Cary 2,74331.0,0.27,2022-03-23,,0,
Wake,Cary 2,74331.0,0.67,2022-03-24,4559.741111071994,0,1377240.9004989
Wake,Cary 2,74331.0,1.21,2022-03-25,,0,
Wake,Cary 2,74331.0,1.21,2022-03-26,,0,
Wake,Cary 2,74331.0,0.27,2022-03-27,,0,
Wake,Cary 2,74331.0,0.27,2022-03-28,,0,
Wake,Cary 2,74331.0,0.27,2022-03-29,7873.945389701411,0,2303691.04256796
Wake,Cary 2,74331.0,0.9400000000000001,2022-03-30,,0,
Wake,Cary 2,74331.0,0.81,2022-03-31,4331.971606555156,0,1279765.11950803
Wake,Cary 2,74331.0,0.67,2022-04-01,,0,
Wake,Cary 2,74331.0,0.27,2022-04-02,,0,
Wake,Cary 2,74331.0,,2022-04-03,,0,
Wake,Cary 2,74331.0,1.08,2022-04-04,,0,
Wake,Cary 2,74331.0,0.9400000000000001,2022-04-05,11146.396009473214,0,3360454.17563625
Wake,Cary 2,74331.0,1.08,2022-04-06,,0,
Wake,Cary 2,74331.0,1.21,2022-04-07,29247.136082016696,0,9064776.40441719
Wake,Cary 2,74331.0,1.35,2022-04-08,,0,
Wake,Cary 2,74331.0,2.5600000000000005,2022-04-09,,0,
Wake,Cary 2,74331.0,0.81,2022-04-10,,0,
Wake,Cary 2,74331.0,1.08,2022-04-11,,0,
Wake,Cary 2,74331.0,1.4800000000000002,2022-04-12,30486.061339569587,0,8383722.23718175
Wake,Cary 2,74331.0,1.6100000000000003,2022-04-13,,0,
Wake,Cary 2,74331.0,2.02,2022-04-14,29938.62922713734,0,8080711.16364572
Wake,Cary 2,74331.0,1.6100000000000003,2022-04-15,,0,
Wake,Cary 2,74331.0,2.02,2022-04-16,,0,
Wake,Cary 2,74331.0,0.9400000000000001,2022-04-17,,0,
Wake,Cary 2,74331.0,1.08,2022-04-18,,0,
Wake,Cary 2,74331.0,3.09,2022-04-19,24065.716278556938,0,8256712.10523904
Wake,Cary 2,74331.0,3.3600000000000003,2022-04-20,,0,
Wake,Cary 2,74331.0,2.15,2022-04-21,78635.61015214422,0,22810302.4507123
Wake,Cary 2,74331.0,2.15,2022-04-22,,0,
Wake,Cary 2,74331.0,2.02,2022-04-23,,0,
Wake,Cary 2,74331.0,1.08,2022-04-24,,0,
Wake,Cary 2,74331.0,2.15,2022-04-25,,0,
Wake,Cary 2,74331.0,2.29,2022-04-26,50510.46616296467,0,13352857.2993982
Wake,Cary 2,74331.0,2.69,2022-04-27,,0,
Wake,Cary 2,74331.0,3.23,2022-04-28,105081.05117479569,0,28597802.3517729
Wake,Cary 2,74331.0,1.08,2022-04-29,,0,
Wake,Cary 2,74331.0,2.29,2022-04-30,,0,
Wake,Cary 2,74331.0,3.3600000000000003,2022-05-01,,0,
Wake,Cary 2,74331.0,0.81,2022-05-02,,0,
Wake,Cary 2,74331.0,4.98,2022-05-03,69094.90782973802,0,18399519.6805108
Wake,Cary 2,74331.0,3.7700000000000005,2022-05-04,,0,
Wake,Cary 2,74331.0,4.3100000000000005,2022-05-05,68966.65302883714,0,18221365.5020296
Wake,Cary 2,74331.0,4.57,2022-05-06,,0,
Wake,Cary 2,74331.0,3.23,2022-05-07,,0,
Wake,Cary 2,74331.0,4.3100000000000005,2022-05-08,,0,
Wake,Cary 2,74331.0,4.04,2022-05-09,,0,
Wake,Cary 2,74331.0,6.859999999999999,2022-05-10,49803.1337166649,0,13541238.690171
Wake,Cary 2,74331.0,4.98,2022-05-11,,0,
Wake,Cary 2,74331.0,6.46,2022-05-12,66530.16263319972,0,17645394.1142453
Wake,Cary 2,74331.0,6.46,2022-05-13,,0,
Wake,Cary 2,74331.0,7.26,2022-05-14,,0,
Wake,Cary 2,74331.0,2.9600000000000004,2022-05-15,,0,
Wake,Cary 2,74331.0,4.04,2022-05-16,,0,
Wake,Cary 2,74331.0,7.26,2022-05-17,58474.6176558684,0,16601757.4569893
Wake,Cary 2,74331.0,8.61,2022-05-18,,0,
Wake,Cary 2,74331.0,7.53,2022-05-19,224503.97672647133,0,59258008.1418587
Wake,Cary 2,74331.0,4.84,2022-05-20,,0,
Wake,Cary 2,74331.0,5.11,2022-05-21,,0,
Wake,Cary 2,74331.0,4.98,2022-05-22,,0,
Wake,Cary 2,74331.0,2.69,2022-05-23,,0,
Wake,Cary 2,74331.0,6.73,2022-05-24,88582.8642232797,0,26773937.4293338
Wake,Cary 2,74331.0,5.5200000000000005,2022-05-25,,0,
Wake,Cary 2,74331.0,5.5200000000000005,2022-05-26,77885.14794233882,0,22997184.128336
Wake,Cary 2,74331.0,5.65,2022-05-27,,0,
Wake,Cary 2,74331.0,3.9000000000000004,2022-05-28,,0,
Wake,Cary 2,74331.0,3.09,2022-05-29,,0,
Wake,Cary 2,74331.0,0.9400000000000001,2022-05-30,,0,
Wake,Cary 2,74331.0,2.02,2022-05-31,91125.82816633277,0,23899593.792567
Wake,Cary 2,74331.0,7.800000000000001,2022-06-01,,0,
Wake,Cary 2,74331.0,5.65,2022-06-02,89315.25008642144,0,23492960.4034982
Wake,Cary 2,74331.0,7.13,2022-06-03,,0,
Wake,Cary 2,74331.0,3.5,2022-06-04,,0,
Wake,Cary 2,74331.0,2.5600000000000005,2022-06-05,,0,
Wake,Cary 2,74331.0,3.23,2022-06-06,,0,
Wake,Cary 2,74331.0,4.44,2022-06-07,89166.49079110395,0,22822644.292334
Wake,Cary 2,74331.0,5.11,2022-06-08,,0,
Wake,Cary 2,74331.0,3.09,2022-06-09,110250.43977690063,0,30246080.8190187
Wake,Cary 2,74331.0,3.5,2022-06-10,,0,
Wake,Cary 2,74331.0,2.29,2022-06-11,,0,
Wake,Cary 2,74331.0,2.02,2022-06-12,,0,
Wake,Cary 2,74331.0,1.75,2022-06-13,,0,
Wake,Cary 2,74331.0,3.23,2022-06-14,114510.26651789786,0,28574741.3339867
Wake,Cary 2,74331.0,3.09,2022-06-15,,0,
Wake,Cary 2,74331.0,4.04,2022-06-16,79287.14311917163,0,20067855.2860806
Wake,Cary 2,74331.0,4.3100000000000005,2022-06-17,,0,
Wake,Cary 2,74331.0,1.75,2022-06-18,,0,
Wake,Cary 2,74331.0,2.15,2022-06-19,,0,
Wake,Cary 2,74331.0,2.69,2022-06-20,,0,
Wake,Cary 2,74331.0,3.63,2022-06-21,75135.31493246036,0,18726209.5261099
Wake,Cary 2,74331.0,4.44,2022-06-22,,0,
Wake,Cary 2,74331.0,3.5,2022-06-23,96025.61840467382,0,23458413.2896869
Wake,Cary 2,74331.0,2.9600000000000004,2022-06-24,,0,
Wake,Cary 2,74331.0,3.23,2022-06-25,,0,
Wake,Cary 2,74331.0,2.15,2022-06-26,,0,
Wake,Cary 2,74331.0,2.02,2022-06-27,,0,
Wake,Cary 2,74331.0,3.23,2022-06-28,78698.42079737064,0,19850714.7130238
Wake,Cary 2,74331.0,5.25,2022-06-29,,0,
Wake,Cary 2,74331.0,4.04,2022-06-30,89946.5771222008,0,23517021.0380464
Wake,Cary 2,74331.0,3.23,2022-07-01,,0,
Wake,Cary 2,74331.0,3.7700000000000005,2022-07-02,,0,
Wake,Cary 2,74331.0,2.9600000000000004,2022-07-03,,0,
Wake,Cary 2,74331.0,1.75,2022-07-04,,0,
Wake,Cary 2,74331.0,0.9400000000000001,2022-07-05,,0,
Wake,Cary 2,74331.0,4.57,2022-07-06,116666.5911475946,0,26914512.1821227
Wake,Cary 2,74331.0,3.5,2022-07-07,,0,
Wake,Cary 2,74331.0,2.69,2022-07-08,147878.17222971082,0,34589343.696389
Wake,Cary 2,74331.0,3.63,2022-07-09,,0,
Wake,Cary 2,74331.0,2.15,2022-07-10,,0,
Wake,Cary 2,74331.0,1.75,2022-07-11,,0,
Wake,Cary 2,74331.0,3.63,2022-07-12,113027.88746145803,0,28602000.4743905
Wake,Cary 2,74331.0,3.23,2022-07-13,,0,
Wake,Cary 2,74331.0,3.09,2022-07-14,71418.14450824117,0,17977983.4145491
Wake,Cary 2,74331.0,2.9600000000000004,2022-07-15,,0,
Wake,Cary 2,74331.0,2.5600000000000005,2022-07-16,,0,
Wake,Cary 2,74331.0,1.4800000000000002,2022-07-17,,0,
Wake,Cary 2,74331.0,2.9600000000000004,2022-07-18,,0,
Wake,Cary 2,74331.0,3.7700000000000005,2022-07-19,173058.8079931214,0,41219515.2585299
Wake,Cary 2,74331.0,3.23,2022-07-20,,0,
Wake,Cary 2,74331.0,2.9600000000000004,2022-07-21,104953.67169851677,0,21817874.4932229
Wake,Cary 2,74331.0,4.3100000000000005,2022-07-22,,0,
Wake,Cary 2,74331.0,3.09,2022-07-23,,0,
Wake,Cary 2,74331.0,2.02,2022-07-24,,0,
Wake,Cary 2,74331.0,2.42,2022-07-25,,0,
Wake,Cary 2,74331.0,3.9000000000000004,2022-07-26,98491.44144543735,0,25023831.0760095
Wake,Cary 2,74331.0,2.15,2022-07-27,,0,
Wake,Cary 2,74331.0,4.3100000000000005,2022-07-28,117798.63892252737,0,27463625.1696418
Wake,Cary 2,74331.0,2.69,2022-07-29,,0,
Wake,Cary 2,74331.0,3.3600000000000003,2022-07-30,,0,
Wake,Cary 2,74331.0,1.6100000000000003,2022-07-31,,0,
Wake,Cary 2,74331.0,1.35,2022-08-01,,0,
Wake,Cary 2,74331.0,2.83,2022-08-02,88510.10328770388,0,23222581.9505204
Wake,Cary 2,74331.0,2.9600000000000004,2022-08-03,,0,
Wake,Cary 2,74331.0,1.75,2022-08-04,96317.69379506554,0,23053970.6317909
Wake,Cary 2,74331.0,2.42,2022-08-05,,0,
Wake,Cary 2,74331.0,2.83,2022-08-06,,0,
Wake,Cary 2,74331.0,2.9600000000000004,2022-08-07,,0,
Wake,Cary 2,74331.0,1.6100000000000003,2022-08-08,,0,
Wake,Cary 2,74331.0,3.9000000000000004,2022-08-09,87778.44998631494,0,21050305.3694788
Wake,Cary 2,74331.0,1.8800000000000001,2022-08-10,,0,
Wake,Cary 2,74331.0,3.09,2022-08-11,101441.13077051146,0,25390976.649014305
Wake,Cary 2,74331.0,4.04,2022-08-12,,0,
Wake,Cary 2,74331.0,0.81,2022-08-13,,0,
Wake,Cary 2,74331.0,1.08,2022-08-14,,0,
Wake,Cary 2,74331.0,1.35,2022-08-15,,0,
Wake,Cary 2,74331.0,2.5600000000000005,2022-08-16,72082.55766827373,0,18853717.9328123
Wake,Cary 2,74331.0,1.6100000000000003,2022-08-17,,0,
Wake,Cary 2,74331.0,3.5,2022-08-18,71741.39746338928,0,17946096.2428229
Wake,Cary 2,74331.0,2.83,2022-08-19,,0,
Wake,Cary 2,74331.0,1.8800000000000001,2022-08-20,,0,
Wake,Cary 2,74331.0,1.75,2022-08-21,,0,
Wake,Cary 2,74331.0,1.4800000000000002,2022-08-22,,0,
Wake,Cary 2,74331.0,2.69,2022-08-23,75650.85696804774,0,20684691.986492895
Wake,Cary 2,74331.0,1.75,2022-08-24,,0,
Wake,Cary 2,74331.0,2.15,2022-08-25,82748.58012074896,0,21112520.2230201
Wake,Cary 2,74331.0,1.6100000000000003,2022-08-26,,0,
Wake,Cary 2,74331.0,1.6100000000000003,2022-08-27,,0,
Wake,Cary 2,74331.0,1.8800000000000001,2022-08-28,,0,
Wake,Cary 2,74331.0,1.4800000000000002,2022-08-29,,0,
Wake,Cary 2,74331.0,1.6100000000000003,2022-08-30,45931.419475126226,0,11456987.7882315
Wake,Cary 2,74331.0,2.15,2022-08-31,,0,
Wake,Cary 2,74331.0,0.9400000000000001,2022-09-01,64939.02175117828,0,15880702.1356236
Wake,Cary 2,74331.0,1.6100000000000003,2022-09-02,,0,
Wake,Cary 2,74331.0,2.15,2022-09-03,,0,
Wake,Cary 2,74331.0,1.08,2022-09-04,,0,
Wake,Cary 2,74331.0,0.27,2022-09-05,,0,
Wake,Cary 2,74331.0,0.27,2022-09-06,,0,
Wake,Cary 2,74331.0,2.42,2022-09-07,36342.35435411419,0,9002195.2282213
Wake,Cary 2,74331.0,1.35,2022-09-08,,0,
Wake,Cary 2,74331.0,0.81,2022-09-09,72298.55991650175,0,18041287.5740786
Wake,Cary 2,74331.0,1.4800000000000002,2022-09-10,,0,
Wake,Cary 2,74331.0,0.81,2022-09-11,,0,
Wake,Cary 2,74331.0,1.6100000000000003,2022-09-12,,0,
Wake,Cary 2,74331.0,1.35,2022-09-13,69250.03332851184,0,18331502.574817695
Wake,Cary 2,74331.0,1.75,2022-09-14,,0,
Wake,Cary 2,74331.0,1.08,2022-09-15,116230.13826026364,0,32667879.9327232
Wake,Cary 2,74331.0,2.02,2022-09-16,,0,
Wake,Cary 2,74331.0,1.35,2022-09-17,,0,
Wake,Cary 2,74331.0,1.21,2022-09-18,,0,
Wake,Cary 2,74331.0,0.9400000000000001,2022-09-19,,0,
Wake,Cary 2,74331.0,1.08,2022-09-20,33520.15140180605,0,8313362.82354403
Wake,Cary 2,74331.0,1.6100000000000003,2022-09-21,,0,
Wake,Cary 2,74331.0,1.6100000000000003,2022-09-22,89430.93491628047,0,22184400.78954
Wake,Cary 2,74331.0,1.6100000000000003,2022-09-23,,0,
Wake,Cary 2,74331.0,1.08,2022-09-24,,0,
Wake,Cary 2,74331.0,0.27,2022-09-25,,0,
Wake,Cary 2,74331.0,0.27,2022-09-26,,0,
Wake,Cary 2,74331.0,2.29,2022-09-27,77556.38523036,0,18563387.0264051
Wake,Cary 2,74331.0,1.21,2022-09-28,,0,
Wake,Cary 2,74331.0,0.27,2022-09-29,39966.62507643097,0,9973219.06829151
Wake,Cary 2,74331.0,1.08,2022-09-30,,0,
Wake,Cary 2,74331.0,0.67,2022-10-01,,0,
Wake,Cary 2,74331.0,0.9400000000000001,2022-10-02,,0,
Wake,Cary 2,74331.0,1.21,2022-10-03,,0,
Wake,Cary 2,74331.0,0.9400000000000001,2022-10-04,19830.064296416185,0,5272536.77804604
Wake,Cary 2,74331.0,0.81,2022-10-05,,0,
Wake,Cary 2,74331.0,0.27,2022-10-06,123879.0,0,32243737.2952416
Wake,Cary 2,74331.0,0.81,2022-10-07,,0,
Wake,Cary 2,74331.0,0.67,2022-10-08,,0,
Wake,Cary 2,74331.0,0.81,2022-10-09,,0,
Wake,Cary 2,74331.0,0.27,2022-10-10,,0,
Wake,Cary 2,74331.0,0.81,2022-10-11,151555.41803578005,0,44595476.2799074
Wake,Cary 2,74331.0,1.35,2022-10-12,,0,
Wake,Cary 2,74331.0,1.08,2022-10-13,24735.07388305116,0,6557815.25893572
Wake,Cary 2,74331.0,0.9400000000000001,2022-10-14,,0,
Wake,Cary 2,74331.0,0.27,2022-10-15,,0,
Wake,Cary 2,74331.0,0.27,2022-10-16,,0,
Wake,Cary 2,74331.0,0.9400000000000001,2022-10-17,,0,
Wake,Cary 2,74331.0,0.81,2022-10-18,16399.405842895663,0,4377911.04143478
Wake,Cary 2,74331.0,0.27,2022-10-19,,0,
Wake,Cary 2,74331.0,0.81,2022-10-20,23645.494116215894,0,6305068.85884103
Wake,Cary 2,74331.0,0.27,2022-10-21,,0,
Wake,Cary 2,74331.0,0.67,2022-10-22,,0,
Wake,Cary 2,74331.0,0.27,2022-10-23,,0,
Wake,Cary 2,74331.0,0.27,2022-10-24,,0,
Wake,Cary 2,74331.0,0.9400000000000001,2022-10-25,27677.924813829537,0,7283058.343381991
Wake,Cary 2,74331.0,0.27,2022-10-26,,0,
Wake,Cary 2,74331.0,0.67,2022-10-27,49205.342189644376,0,13531558.4689197
Wake,Cary 2,74331.0,0.9400000000000001,2022-10-28,,0,
Wake,Cary 2,74331.0,0.67,2022-10-29,,0,
Wake,Cary 2,74331.0,0.27,2022-10-30,,0,
Wake,Cary 2,74331.0,0.27,2022-10-31,,0,
Wake,Cary 2,74331.0,0.81,2022-11-01,35845.80226470045,0,9656856.52598372
Wake,Cary 2,74331.0,0.67,2022-11-02,,0,
Wake,Cary 2,74331.0,0.81,2022-11-03,25486.579409563812,0,7138649.24907906
Wake,Cary 2,74331.0,0.9400000000000001,2022-11-04,,0,
Wake,Cary 2,74331.0,0.27,2022-11-05,,0,
Wake,Cary 2,74331.0,0.27,2022-11-06,,0,
Wake,Cary 2,74331.0,0.27,2022-11-07,,0,
Wake,Cary 2,74331.0,0.9400000000000001,2022-11-08,18935.112753823258,0,4838829.89138236
Wake,Cary 2,74331.0,0.9400000000000001,2022-11-09,,0,
Wake,Cary 2,74331.0,0.27,2022-11-10,68383.72565990691,0,17489253.3421795
Wake,Cary 2,74331.0,0.67,2022-11-11,,0,
Wake,Cary 2,74331.0,,2022-11-12,,0,
Wake,Cary 2,74331.0,0.27,2022-11-13,,0,
Wake,Cary 2,74331.0,0.27,2022-11-14,,0,
Wake,Cary 2,74331.0,0.9400000000000001,2022-11-15,26404.62934006024,0,6810850.18327578
Wake,Cary 2,74331.0,0.9400000000000001,2022-11-16,,0,
Wake,Cary 2,74331.0,0.27,2022-11-17,20347.357961170284,0,5491938.90542215
Wake,Cary 2,74331.0,0.81,2022-11-18,,0,
Wake,Cary 2,74331.0,0.27,2022-11-19,,0,
Wake,Cary 2,74331.0,0.27,2022-11-20,,0,
Wake,Cary 2,74331.0,0.67,2022-11-21,,0,
Wake,Cary 2,74331.0,0.67,2022-11-22,109971.27084834463,0,28623776.1626901
Wake,Cary 2,74331.0,0.27,2022-11-23,,0,
Wake,Cary 2,74331.0,0.9400000000000001,2022-11-24,69789.39833527725,0,17475574.6169128
Wake,Cary 2,74331.0,0.67,2022-11-25,,0,
Wake,Cary 2,74331.0,0.27,2022-11-26,,0,
Wake,Cary 2,74331.0,0.27,2022-11-27,,0,
Wake,Cary 2,74331.0,0.27,2022-11-28,,0,
Wake,Cary 2,74331.0,0.9400000000000001,2022-11-29,45637.756737157935,0,13287224.8268578
Wake,Cary 2,74331.0,0.81,2022-11-30,,0,
Wake,Cary 2,74331.0,0.9400000000000001,2022-12-01,88235.36496212847,0,27859683.4869888
Wake,Cary 2,74331.0,1.21,2022-12-02,,0,
Wake,Cary 2,74331.0,1.08,2022-12-03,,0,
Wake,Cary 2,74331.0,0.67,2022-12-04,,0,
Wake,Cary 2,74331.0,0.27,2022-12-05,,0,
Wake,Cary 2,74331.0,2.02,2022-12-06,44687.90939392895,0,12273325.7281789
Wake,Cary 2,74331.0,1.08,2022-12-07,,0,
Wake,Cary 2,74331.0,1.75,2022-12-08,87239.7473632289,0,24497567.5146786
Wake,Cary 2,74331.0,1.6100000000000003,2022-12-09,,0,
Wake,Cary 2,74331.0,0.67,2022-12-10,,0,
Wake,Cary 2,74331.0,0.81,2022-12-11,,0,
Wake,Cary 2,74331.0,1.4800000000000002,2022-12-12,,0,
Wake,Cary 2,74331.0,1.8800000000000001,2022-12-13,71629.28429071454,0,19508497.0637926
Wake,Cary 2,74331.0,3.09,2022-12-14,,0,
Wake,Cary 2,74331.0,2.02,2022-12-15,134371.97077515832,0,37205729.3118982
Wake,Cary 2,74331.0,1.8800000000000001,2022-12-16,,0,
Wake,Cary 2,74331.0,1.6100000000000003,2022-12-17,,0,
Wake,Cary 2,74331.0,1.75,2022-12-18,,0,
Wake,Cary 2,74331.0,1.6100000000000003,2022-12-19,,0,
Wake,Cary 2,74331.0,3.23,2022-12-20,90299.316896641,0,25250949.3574063
Wake,Cary 2,74331.0,3.23,2022-12-21,,0,
Wake,Cary 2,74331.0,4.04,2022-12-22,226398.94690567802,0,63459205.4080615
Wake,Cary 2,74331.0,2.83,2022-12-23,,0,
Wake,Cary 2,74331.0,3.63,2022-12-24,,0,
Wake,Cary 2,74331.0,1.35,2022-12-25,,0,
Wake,Cary 2,74331.0,0.9400000000000001,2022-12-26,,0,
Wake,Cary 2,74331.0,2.29,2022-12-27,179592.48185266586,0,52132050.834631
Wake,Cary 2,74331.0,3.09,2022-12-28,,0,
Wake,Cary 2,74331.0,4.57,2022-12-29,171230.75014435954,0,47960781.4879461
Wake,Cary 2,74331.0,2.9600000000000004,2022-12-30,,0,
Wake,Cary 2,74331.0,2.9600000000000004,2022-12-31,,0,
Wake,Cary 2,74331.0,1.35,2023-01-01,,0,
Wake,Cary 2,74331.0,2.02,2023-01-02,,0,
Wake,Cary 2,74331.0,3.09,2023-01-03,574074.7123850689,0,167110000.018244
Wake,Cary 2,74331.0,2.69,2023-01-04,,0,
Wake,Cary 2,74331.0,4.44,2023-01-05,130266.4693464898,0,38987926.2103068
Wake,Cary 2,74331.0,2.29,2023-01-06,,0,
Wake,Cary 2,74331.0,1.6100000000000003,2023-01-07,,0,
Wake,Cary 2,74331.0,0.27,2023-01-08,,0,
Wake,Cary 2,74331.0,0.9400000000000001,2023-01-09,,0,
Wake,Cary 2,74331.0,0.9400000000000001,2023-01-10,64821.02822387197,0,18281451.2798376
Wake,Cary 2,74331.0,1.21,2023-01-11,,0,
Wake,Cary 2,74331.0,2.15,2023-01-12,112003.10606407307,0,30595717.2038001
Wake,Cary 2,74331.0,0.81,2023-01-13,,0,
Wake,Cary 2,74331.0,1.08,2023-01-14,,0,
Wake,Cary 2,74331.0,0.27,2023-01-15,,0,
Wake,Cary 2,74331.0,0.9400000000000001,2023-01-16,,0,
Wake,Cary 2,74331.0,0.27,2023-01-17,78874.87892859176,0,21951827.1380074
Wake,Cary 2,74331.0,1.6100000000000003,2023-01-18,,0,
Wake,Cary 2,74331.0,2.5600000000000005,2023-01-19,121262.49975981859,0,33328881.3333688
Wake,Cary 2,74331.0,1.4800000000000002,2023-01-20,,0,
Wake,Cary 2,74331.0,0.9400000000000001,2023-01-21,,0,
Wake,Cary 2,74331.0,1.21,2023-01-22,,0,
Wake,Cary 2,74331.0,0.27,2023-01-23,,0,
Wake,Cary 2,74331.0,0.9400000000000001,2023-01-24,68220.42708749347,0,22870733.3914562
Wake,Cary 2,74331.0,0.27,2023-01-25,,0,
Wake,Cary 2,74331.0,1.8800000000000001,2023-01-26,105042.72068068312,0,33123690.0141524
Wake,Cary 2,74331.0,1.21,2023-01-27,,0,
Wake,Cary 2,74331.0,0.27,2023-01-28,,0,
Wake,Cary 2,74331.0,0.27,2023-01-29,,0,
Wake,Cary 2,74331.0,0.67,2023-01-30,,0,
Wake,Cary 2,74331.0,1.21,2023-01-31,115661.08451851904,0,36289440.402814
Wake,Cary 2,74331.0,1.35,2023-02-01,,0,
Wake,Cary 2,74331.0,0.27,2023-02-02,64708.08781752099,0,20760648.6181269
Wake,Cary 2,74331.0,1.08,2023-02-03,,0,
Wake,Cary 2,74331.0,0.9400000000000001,2023-02-04,,0,
Wake,Cary 2,74331.0,0.81,2023-02-05,,0,
Wake,Cary 2,74331.0,0.27,2023-02-06,,0,
Wake,Cary 2,74331.0,0.27,2023-02-07,142739.1087368843,0,41761377.5492243
Wake,Cary 2,74331.0,1.8800000000000001,2023-02-08,,0,
Wake,Cary 2,74331.0,0.27,2023-02-09,83811.98218632002,0,23893557.055691306
Wake,Cary 2,74331.0,0.67,2023-02-10,,0,
Wake,Cary 2,74331.0,0.67,2023-02-11,,0,
Wake,Cary 2,74331.0,0.27,2023-02-12,,0,
Wake,Cary 2,74331.0,0.81,2023-02-13,,0,
Wake,Cary 2,74331.0,1.6100000000000003,2023-02-14,53650.84961116649,0,18989048.802260906
Wake,Cary 2,74331.0,0.9400000000000001,2023-02-15,,0,
Wake,Cary 2,74331.0,0.9400000000000001,2023-02-16,36846.25008057127,0,10905879.7118245
Wake,Cary 2,74331.0,0.67,2023-02-17,,0,
Wake,Cary 2,74331.0,0.9400000000000001,2023-02-18,,0,
Wake,Cary 2,74331.0,0.67,2023-02-19,,0,
Wake,Cary 2,74331.0,0.27,2023-02-20,,0,
Wake,Cary 2,74331.0,0.67,2023-02-21,31425.968720152454,0,9077509.21184701
Wake,Cary 2,74331.0,1.21,2023-02-22,,0,
Wake,Cary 2,74331.0,0.67,2023-02-23,66339.32715968705,0,18564384.7818728
Wake,Cary 2,74331.0,0.67,2023-02-24,,0,
Wake,Cary 2,74331.0,1.08,2023-02-25,,0,
Wake,Cary 2,74331.0,0.67,2023-02-26,,0,
Wake,Cary 2,74331.0,0.81,2023-02-27,,0,
Wake,Cary 2,74331.0,0.9400000000000001,2023-02-28,45259.92929733766,0,12794605.531289
Wake,Cary 2,74331.0,0.27,2023-03-01,,0,
Wake,Cary 2,74331.0,0.81,2023-03-02,46429.022852091206,0,12961951.0494652
Wake,Cary 2,74331.0,0.27,2023-03-03,,0,
Wake,Cary 2,74331.0,0.27,2023-03-04,,0,
Wake,Cary 2,74331.0,0.27,2023-03-05,,0,
Wake,Cary 2,74331.0,0.27,2023-03-06,,0,
Wake,Cary 2,74331.0,0.27,2023-03-07,59742.660603625576,0,16998282.1358163
Wake,Cary 2,74331.0,0.27,2023-03-08,,0,
Wake,Cary 2,74331.0,0.27,2023-03-09,40760.72256474364,0,11447988.728379
Wake,Cary 2,74331.0,0.27,2023-03-10,,0,
Wake,Cary 2,74331.0,0.27,2023-03-11,,0,
Wake,Cary 2,74331.0,0.27,2023-03-12,,0,
Wake,Cary 2,74331.0,0.27,2023-03-13,,0,
Wake,Cary 2,74331.0,0.27,2023-03-14,26405.94120647855,0,8228561.27308043
Wake,Cary 2,74331.0,0.27,2023-03-15,,0,
Wake,Cary 2,74331.0,0.81,2023-03-16,19791.589324761175,0,5678574.34022876
Wake,Cary 2,74331.0,0.27,2023-03-17,,0,
Wake,Cary 2,74331.0,,2023-03-18,,0,
Wake,Cary 2,74331.0,0.27,2023-03-19,,0,
Wake,Cary 2,74331.0,0.27,2023-03-20,,0,
Wake,Cary 2,74331.0,0.27,2023-03-21,16843.637404076377,0,4723813.71159886
Wake,Cary 2,74331.0,0.27,2023-03-22,,0,
Wake,Cary 2,74331.0,0.67,2023-03-23,27318.108957246637,0,7696169.19032281
Wake,Cary 2,74331.0,0.27,2023-03-24,,0,
Wake,Cary 2,74331.0,0.27,2023-03-25,,0,
Wake,Cary 2,74331.0,0.27,2023-03-26,,0,
Wake,Cary 2,74331.0,0.27,2023-03-27,,0,
Wake,Cary 2,74331.0,0.27,2023-03-28,35250.16913434607,0,10919954.3748494
Wake,Cary 2,74331.0,0.27,2023-03-29,,0,
Wake,Cary 2,74331.0,0.67,2023-03-30,244576.7722842867,0,79577428.2372061
Wake,Cary 2,74331.0,0.27,2023-03-31,,0,
Wake,Cary 2,74331.0,0.27,2023-04-01,,0,
Wake,Cary 2,74331.0,,2023-04-02,,0,
Wake,Cary 2,74331.0,0.27,2023-04-03,,0,
Wake,Cary 2,74331.0,0.27,2023-04-04,28574.660995364415,0,7786778.837727769
Wake,Cary 2,74331.0,0.27,2023-04-05,,0,
Wake,Cary 2,74331.0,0.27,2023-04-06,17298.93615226092,0,4518495.94703868
Wake,Cary 2,74331.0,0.27,2023-04-07,,0,
Wake,Cary 2,74331.0,,2023-04-08,,0,
Wake,Cary 2,74331.0,0.27,2023-04-09,,0,
Wake,Cary 2,74331.0,0.27,2023-04-10,,0,
Wake,Cary 2,74331.0,0.27,2023-04-11,10835.89285661317,0,3862820.6500109495
Wake,Cary 2,74331.0,,2023-04-12,,0,
Wake,Cary 2,74331.0,,2023-04-13,20625.39172961329,0,6092169.82886027
Wake,Cary 2,74331.0,0.27,2023-04-14,,0,
Wake,Cary 2,74331.0,0.27,2023-04-15,,0,
Wake,Cary 2,74331.0,,2023-04-16,,0,
Wake,Cary 2,74331.0,0.27,2023-04-17,,0,
Wake,Cary 2,74331.0,0.67,2023-04-18,17585.409662558348,0,5436939.80857504
Wake,Cary 2,74331.0,0.27,2023-04-19,,0,
Wake,Cary 2,74331.0,0.27,2023-04-20,19346.881531657767,0,5438659.28255577
Wake,Cary 2,74331.0,0.27,2023-04-21,,0,
Wake,Cary 2,74331.0,0.27,2023-04-22,,0,
Wake,Cary 2,74331.0,,2023-04-23,,0,
Wake,Cary 2,74331.0,0.27,2023-04-24,,0,
Wake,Cary 2,74331.0,0.27,2023-04-25,31043.709829851232,0,8967092.29426778
Wake,Cary 2,74331.0,0.27,2023-04-26,,0,
Wake,Cary 2,74331.0,0.27,2023-04-27,7610.992313752532,0,2167068.19297925
Wake,Cary 2,74331.0,0.27,2023-04-28,,0,
Wake,Cary 2,74331.0,,2023-04-29,,0,
Wake,Cary 2,74331.0,0.27,2023-04-30,,0,
Wake,Cary 2,74331.0,0.27,2023-05-01,,0,
Wake,Cary 2,74331.0,0.27,2023-05-02,26004.000211505943,0,10210249.181484
Wake,Cary 2,74331.0,0.27,2023-05-03,,0,
Wake,Cary 2,74331.0,0.27,2023-05-04,13552.24092170739,0,4187921.07061077
Wake,Cary 2,74331.0,0.27,2023-05-05,,0,
Wake,Cary 2,74331.0,0.27,2023-05-06,,0,
Wake,Cary 2,74331.0,0.27,2023-05-07,,0,
Wake,Cary 2,74331.0,0.27,2023-05-08,,0,
Wake,Cary 2,74331.0,0.27,2023-05-09,14352.591403645545,0,3896554.95864562
Wake,Cary 2,74331.0,0.27,2023-05-10,,0,
Wake,Cary 2,74331.0,0.27,2023-05-11,23260.08174964137,0,6139517.58805538
Wake,Cary 2,74331.0,,2023-05-12,,0,
Wake,Cary 2,74331.0,,2023-05-13,,0,
Wake,Cary 2,74331.0,0.27,2023-05-14,,0,
Wake,Cary 2,74331.0,0.27,2023-05-15,,0,
Wake,Cary 2,74331.0,,2023-05-16,9993.220702055973,0,2618379.91129435
Wake,Cary 2,74331.0,0.27,2023-05-17,,0,
Wake,Cary 2,74331.0,0.27,2023-05-18,29268.962263804322,0,8369487.933236051
Wake,Cary 2,74331.0,0.27,2023-05-19,,0,
Wake,Cary 2,74331.0,0.27,2023-05-20,,0,
Wake,Cary 2,74331.0,0.27,2023-05-21,,0,
Wake,Cary 2,74331.0,0.27,2023-05-22,,0,
Wake,Cary 2,74331.0,0.27,2023-05-23,7953.375384074369,0,2087958.93378404
Wake,Cary 2,74331.0,0.27,2023-05-24,,0,
Wake,Cary 2,74331.0,,2023-05-25,16023.735238701378,0,4154403.34952854
Wake,Cary 2,74331.0,,2023-05-26,,0,
Wake,Cary 2,74331.0,,2023-05-27,,0,
Wake,Cary 2,74331.0,,2023-05-28,,0,
Wake,Cary 2,74331.0,,2023-05-29,,0,
Wake,Cary 2,74331.0,,2023-05-30,,0,
Wake,Cary 2,74331.0,,2023-05-31,16210.969619365758,0,4415942.31909082
Wake,Cary 2,74331.0,,2023-06-01,,0,
Wake,Cary 2,74331.0,,2023-06-02,39037.294181333826,0,10423207.1128446
Wake,Cary 2,74331.0,,2023-06-03,,0,
Wake,Cary 2,74331.0,,2023-06-04,,0,
Wake,Cary 2,74331.0,,2023-06-05,,0,
Wake,Cary 2,74331.0,,2023-06-06,10131.942952859543,0,2599001.25347918
Wake,Cary 2,74331.0,,2023-06-07,,0,
Wake,Cary 2,74331.0,,2023-06-08,21527.01316950406,0,5673302.39736146
Wake,Cary 2,74331.0,,2023-06-09,,0,
Wake,Cary 2,74331.0,,2023-06-10,,0,
Wake,Cary 2,74331.0,,2023-06-11,,0,
Wake,Cary 2,74331.0,,2023-06-12,,0,
Wake,Cary 2,74331.0,,2023-06-13,15373.742062360736,0,3898194.6292535095
Wake,Cary 2,74331.0,,2023-06-14,,0,
Wake,Cary 2,74331.0,,2023-06-15,14542.749636846564,0,3541586.89161957
Wake,Cary 2,74331.0,,2023-06-16,,0,
Wake,Cary 2,74331.0,,2023-06-17,,0,
Wake,Cary 2,74331.0,,2023-06-18,,0,
Wake,Cary 2,74331.0,,2023-06-19,,0,
Wake,Cary 2,74331.0,,2023-06-20,,0,
Wake,Cary 2,74331.0,,2023-06-21,17004.66577148757,0,5706835.01280829
Wake,Cary 2,74331.0,,2023-06-22,,0,
Wake,Cary 2,74331.0,,2023-06-23,26998.134398509843,0,8732079.27693571
Wake,Cary 2,74331.0,,2023-06-24,,0,
Wake,Cary 2,74331.0,,2023-06-25,,0,
Wake,Cary 2,74331.0,,2023-06-26,,0,
Wake,Cary 2,74331.0,,2023-06-27,12678.334117698598,0,3343874.0115719694
Wake,Cary 2,74331.0,,2023-06-28,,0,
Wake,Cary 2,74331.0,,2023-06-29,19291.498308840626,0,4893553.07711666
Wake,Cary 2,74331.0,,2023-06-30,,0,
Wake,Cary 2,74331.0,,2023-07-01,,0,
Wake,Cary 2,74331.0,,2023-07-02,,0,
Wake,Cary 2,74331.0,,2023-07-03,,0,
Wake,Cary 2,74331.0,,2023-07-04,,0,
Wake,Cary 2,74331.0,,2023-07-05,,0,
Wake,Cary 2,74331.0,,2023-07-06,,0,
Wake,Cary 2,74331.0,,2023-07-07,47870.38750626531,0,12216116.0019993
Wake,Cary 2,74331.0,,2023-07-08,,0,
Wake,Cary 2,74331.0,,2023-07-09,,0,
Wake,Cary 2,74331.0,,2023-07-10,,0,
Wake,Cary 2,74331.0,,2023-07-11,,0,
Wake,Cary 2,74331.0,,2023-07-12,30575.75510106005,0,8330532.73834076
Wake,Cary 2,74331.0,,2023-07-13,,0,
Wake,Cary 2,74331.0,,2023-07-14,47466.881085658024,0,11900421.239729
Wake,Cary 2,74331.0,,2023-07-15,,0,
Wake,Cary 2,74331.0,,2023-07-16,,0,
Wake,Cary 2,74331.0,,2023-07-17,,0,
Wake,Cary 2,74331.0,,2023-07-18,,0,
Wake,Cary 2,74331.0,,2023-07-19,50673.46840310031,0,13014017.9521206
Wake,Cary 2,74331.0,,2023-07-20,,0,
Wake,Cary 2,74331.0,,2023-07-21,118384.70171436852,0,30084162.9313362
Wake,Cary 2,74331.0,,2023-07-22,,0,
Wake,Cary 2,74331.0,,2023-07-23,,0,
Wake,Cary 2,74331.0,,2023-07-24,,0,
Wake,Cary 2,74331.0,,2023-07-25,,0,
Wake,Cary 2,74331.0,,2023-07-26,45895.04548423501,0,11749421.7179893
Wake,Cary 2,74331.0,,2023-07-27,,0,
Wake,Cary 2,74331.0,,2023-07-28,78366.86544707521,0,19348036.116591495
Wake,Cary 2,74331.0,,2023-07-29,,0,
Wake,Cary 2,74331.0,,2023-07-30,,0,
Wake,Cary 2,74331.0,,2023-07-31,,0,
Wake,Cary 2,74331.0,,2023-08-01,,0,
Wake,Cary 2,74331.0,,2023-08-02,63992.18702310462,0,16450840.8735877
Wake,Cary 2,74331.0,,2023-08-03,,0,
Wake,Cary 2,74331.0,,2023-08-04,110813.89082601515,0,27770862.686896306
Wake,Cary 2,74331.0,,2023-08-05,,0,
Wake,Cary 2,74331.0,,2023-08-06,,0,
Wake,Cary 2,74331.0,,2023-08-07,,0,
Wake,Cary 2,74331.0,,2023-08-08,,0,
Wake,Cary 2,74331.0,,2023-08-09,73187.43061482615,0,18781170.7570319
Wake,Cary 2,74331.0,,2023-08-10,,0,
Wake,Cary 2,74331.0,,2023-08-11,94943.74334309771,0,23339172.381482705
Wake,Cary 2,74331.0,,2023-08-12,,0,
Wake,Cary 2,74331.0,,2023-08-13,,0,
Wake,Cary 2,74331.0,,2023-08-14,,0,
Wake,Cary 2,74331.0,,2023-08-15,,0,
Wake,Cary 2,74331.0,,2023-08-16,95271.60122512901,0,24312502.8413457
Wake,Cary 2,74331.0,,2023-08-17,,0,
Wake,Cary 2,74331.0,,2023-08-18,74267.10712017803,0,18774573.6099483
Wake,Cary 2,74331.0,,2023-08-19,,0,
Wake,Cary 2,74331.0,,2023-08-20,,0,
Wake,Cary 2,74331.0,,2023-08-21,,0,
Wake,Cary 2,74331.0,,2023-08-22,,0,
Wake,Cary 2,74331.0,,2023-08-23,79013.44695683142,0,19226000.7948694
Wake,Cary 2,74331.0,,2023-08-24,,0,
Wake,Cary 2,74331.0,,2023-08-25,44002.32721118283,0,12176909.618014
Wake,Cary 2,74331.0,,2023-08-26,,0,
Wake,Cary 2,74331.0,,2023-08-27,,0,
Wake,Cary 2,74331.0,,2023-08-28,,0,
Wake,Cary 2,74331.0,,2023-08-29,,0,
Wake,Cary 2,74331.0,,2023-08-30,81322.69547918347,0,21626708.9117616
Wake,Cary 2,74331.0,,2023-08-31,,0,
Wake,Cary 2,74331.0,,2023-09-01,114710.60107941207,0,30266273.3424552
Wake,Cary 2,74331.0,,2023-09-02,,0,
Wake,Cary 2,74331.0,,2023-09-03,,0,
Wake,Cary 2,74331.0,,2023-09-04,,0,
Wake,Cary 2,74331.0,,2023-09-05,,0,
Wake,Cary 2,74331.0,,2023-09-06,118233.45042753343,0,28666874.6601763
Wake,Cary 2,74331.0,,2023-09-07,,0,
Wake,Cary 2,74331.0,,2023-09-08,188239.74075630272,0,43579530.7588947
Wake,Cary 2,74331.0,,2023-09-09,,0,
Wake,Cary 2,74331.0,,2023-09-10,,0,
Wake,Cary 2,74331.0,,2023-09-11,,0,
Wake,Cary 2,74331.0,,2023-09-12,,0,
Wake,Cary 2,74331.0,,2023-09-13,94134.47402519437,0,24276395.2416252
Wake,Cary 2,74331.0,,2023-09-14,,0,
Wake,Cary 2,74331.0,,2023-09-15,167212.4397286278,0,43292825.1761584
Wake,Cary 2,74331.0,,2023-09-16,,0,
Wake,Cary 2,74331.0,,2023-09-17,,0,
Wake,Cary 2,74331.0,,2023-09-18,,0,
Wake,Cary 2,74331.0,,2023-09-19,,0,
Wake,Cary 2,74331.0,,2023-09-20,65847.78811774921,0,17286682.802081
Wake,Cary 2,74331.0,,2023-09-21,,0,
Wake,Cary 2,74331.0,,2023-09-22,117038.79698629836,0,29253390.2899917
Wake,Cary 2,74331.0,,2023-09-23,,0,
Wake,Cary 2,74331.0,,2023-09-24,,0,
Wake,Cary 2,74331.0,,2023-09-25,,0,
Wake,Cary 2,74331.0,,2023-09-26,,0,
Wake,Cary 2,74331.0,,2023-09-27,107760.00000000004,0,29211634.0341446
Wake,Cary 2,74331.0,,2023-09-28,,0,
Wake,Cary 2,74331.0,,2023-09-29,187813.44999759752,0,53619355.0803674
Wake,Cary 2,74331.0,,2023-09-30,,0,
Wake,Cary 2,74331.0,,2023-10-01,,0,
Wake,Cary 2,74331.0,,2023-10-02,,0,
Wake,Cary 2,74331.0,,2023-10-03,,0,
Wake,Cary 2,74331.0,,2023-10-04,115277.22411647504,0,29329708.1868378
Wake,Cary 2,74331.0,,2023-10-05,,0,
Wake,Cary 2,74331.0,,2023-10-06,59547.695169502564,0,15244586.3273214
Wake,Cary 2,74331.0,,2023-10-07,,0,
Wake,Cary 2,74331.0,,2023-10-08,,0,
Wake,Cary 2,74331.0,,2023-10-09,,0,
Wake,Cary 2,74331.0,,2023-10-10,,0,
Wake,Cary 2,74331.0,,2023-10-11,52330.51882028307,0,13658113.34375
Wake,Cary 2,74331.0,,2023-10-12,,0,
Wake,Cary 2,74331.0,,2023-10-13,81465.9732649161,0,21482266.43702
Wake,Cary 2,74331.0,,2023-10-14,,0,
Wake,Cary 2,74331.0,,2023-10-15,,0,
Wake,Cary 2,74331.0,,2023-10-16,,0,
Wake,Cary 2,74331.0,,2023-10-17,,0,
Wake,Cary 2,74331.0,,2023-10-18,55704.68921015538,0,14768545.3709899
Wake,Cary 2,74331.0,,2023-10-19,,0,
Wake,Cary 2,74331.0,,2023-10-20,46796.431487881666,0,12254246.4764396
Wake,Cary 2,74331.0,,2023-10-21,,0,
Wake,Cary 2,74331.0,,2023-10-22,,0,
Wake,Cary 2,74331.0,,2023-10-23,,0,
Wake,Cary 2,74331.0,,2023-10-24,,0,
Wake,Cary 2,74331.0,,2023-10-25,38238.1275692208,0,9635363.66901311
Wake,Cary 2,74331.0,,2023-10-26,,0,
Wake,Cary 2,74331.0,,2023-10-27,122453.61407488147,0,31192996.5346453
Wake,Cary 2,74331.0,,2023-10-28,,0,
Wake,Cary 2,74331.0,,2023-10-29,,0,
Wake,Cary 2,74331.0,,2023-10-30,,0,
Wake,Cary 2,74331.0,,2023-10-31,,0,
Wake,Cary 2,74331.0,,2023-11-01,65116.28367774068,0,16511005.9918969
Wake,Cary 2,74331.0,,2023-11-02,,0,
Wake,Cary 2,74331.0,,2023-11-03,70487.55351124059,0,17980645.1893934
Wake,Cary 2,74331.0,,2023-11-04,,0,
Wake,Cary 2,74331.0,,2023-11-05,,0,
Wake,Cary 2,74331.0,,2023-11-06,,0,
Wake,Cary 2,74331.0,,2023-11-07,,0,
Wake,Cary 2,74331.0,,2023-11-08,56467.11963612096,0,13981455.7286774
Wake,Cary 2,74331.0,,2023-11-09,,0,
Wake,Cary 2,74331.0,,2023-11-10,88549.75550502675,0,22249912.8265109
Wake,Cary 2,74331.0,,2023-11-11,,0,
Wake,Cary 2,74331.0,,2023-11-12,,0,
Wake,Cary 2,74331.0,,2023-11-13,,0,
Wake,Cary 2,74331.0,,2023-11-14,,0,
Wake,Cary 2,74331.0,,2023-11-15,42431.85124408317,0,10901718.2243375
Wake,Cary 2,74331.0,,2023-11-16,,0,
Wake,Cary 2,74331.0,,2023-11-17,80659.11975716084,0,20912135.1730677
Wake,Cary 2,74331.0,,2023-11-18,,0,
Wake,Cary 2,74331.0,,2023-11-19,,0,
Wake,Cary 2,74331.0,,2023-11-20,,0,
Wake,Cary 2,74331.0,,2023-11-21,,0,
Wake,Cary 2,74331.0,,2023-11-22,92650.3146243984,0,23827587.815917294
Wake,Cary 2,74331.0,,2023-11-23,,0,
Wake,Cary 2,74331.0,,2023-11-24,,0,
Wake,Cary 2,74331.0,,2023-11-25,,0,
Wake,Cary 2,74331.0,,2023-11-26,,0,
Wake,Cary 2,74331.0,,2023-11-27,,0,
Wake,Cary 2,74331.0,,2023-11-28,,0,
Wake,Cary 2,74331.0,,2023-11-29,44857.54340130544,0,11794496.7020152
Wake,Cary 2,74331.0,,2023-11-30,,0,
Wake,Cary 2,74331.0,,2023-12-01,82345.41881610658,0,21416431.2226366
Wake,Cary 2,74331.0,,2023-12-02,,0,
Wake,Cary 2,74331.0,,2023-12-03,,0,
Wake,Cary 2,74331.0,,2023-12-04,,0,
Wake,Cary 2,74331.0,,2023-12-05,,0,
Wake,Cary 2,74331.0,,2023-12-06,89772.8734083967,0,23279589.789196
Wake,Cary 2,74331.0,,2023-12-07,,0,
Wake,Cary 2,74331.0,,2023-12-08,102352.54369091192,0,26291509.4438247
Wake,Cary 2,74331.0,,2023-12-09,,0,
Wake,Cary 2,74331.0,,2023-12-10,,0,
Wake,Cary 2,74331.0,,2023-12-11,,0,
Wake,Cary 2,74331.0,,2023-12-12,,0,
Wake,Cary 2,74331.0,,2023-12-13,59744.522761505126,0,25761399.8423092
Wake,Cary 2,74331.0,,2023-12-14,,0,
Wake,Cary 2,74331.0,,2023-12-15,106207.15418464053,0,29910295.634681
Wake,Cary 2,74331.0,,2023-12-16,,0,
Wake,Cary 2,74331.0,,2023-12-17,,0,
Wake,Cary 2,74331.0,,2023-12-18,,0,
Wake,Cary 2,74331.0,,2023-12-19,,0,
Wake,Cary 2,74331.0,,2023-12-20,230432.02902374484,0,94349737.2218661
Wake,Cary 2,74331.0,,2023-12-21,,0,
Wake,Cary 2,74331.0,,2023-12-22,317975.4707520694,0,94908944.2854044
Wake,Cary 2,74331.0,,2023-12-23,,0,
Wake,Cary 2,74331.0,,2023-12-24,,0,
Wake,Cary 2,74331.0,,2023-12-25,,0,
Wake,Cary 2,74331.0,,2023-12-26,,0,
Wake,Cary 2,74331.0,,2023-12-27,,0,
Wake,Cary 2,74331.0,,2023-12-28,,0,
Wake,Cary 2,74331.0,,2023-12-29,151878.8780574837,0,49346898.412403
Wake,Cary 2,74331.0,,2023-12-30,,0,
Wake,Cary 2,74331.0,,2023-12-31,,0,
Wake,Cary 2,74331.0,,2024-01-01,,0,
Wake,Cary 2,74331.0,,2024-01-02,,0,
Wake,Cary 2,74331.0,,2024-01-03,135443.85700355697,0,38088819.8939282
Wake,Cary 2,74331.0,,2024-01-04,,0,
Wake,Cary 2,74331.0,,2024-01-05,289893.77364821045,0,83190667.7493553
Wake,Cary 2,74331.0,,2024-01-06,,0,
Wake,Cary 2,74331.0,,2024-01-07,,0,
Wake,Cary 2,74331.0,,2024-01-08,,0,
Wake,Cary 2,74331.0,,2024-01-09,,0,
Wake,Cary 2,74331.0,,2024-01-10,209906.6459167026,0,69269650.6315804
Wake,Cary 2,74331.0,,2024-01-11,,0,
Wake,Cary 2,74331.0,,2024-01-12,195193.28881905775,0,79971037.8491151
Wake,Cary 2,74331.0,,2024-01-13,,0,
Wake,Cary 2,74331.0,,2024-01-14,,0,
Wake,Cary 2,74331.0,,2024-01-15,,0,
Wake,Cary 2,74331.0,,2024-01-16,,0,
Wake,Cary 2,74331.0,,2024-01-17,167941.97212132532,0,52795551.1461943
Wake,Cary 2,74331.0,,2024-01-18,,0,
Wake,Cary 2,74331.0,,2024-01-19,200265.32400792727,0,59632175.5162745
Wake,Cary 2,74331.0,,2024-01-20,,0,
Wake,Cary 2,74331.0,,2024-01-21,,0,
Wake,Cary 2,74331.0,,2024-01-22,,0,
Wake,Cary 2,74331.0,,2024-01-23,,0,
Wake,Cary 2,74331.0,,2024-01-24,294460.1840656902,0,83271436.17027698
Wake,Cary 2,74331.0,,2024-01-25,,0,
Wake,Cary 2,74331.0,,2024-01-26,162211.4989758741,0,45905406.4050898
Wake,Cary 2,74331.0,,2024-01-27,,0,
Wake,Cary 2,74331.0,,2024-01-28,,0,
Wake,Cary 2,74331.0,,2024-01-29,,0,
Wake,Cary 2,74331.0,,2024-01-30,,0,
Wake,Cary 2,74331.0,,2024-01-31,153800.00000000006,0,44182901.9832908
Wake,Cary 2,74331.0,,2024-02-01,,0,
Wake,Cary 2,74331.0,,2024-02-02,159339.75398499926,0,45181970.8595801
Wake,Cary 2,74331.0,,2024-02-03,,0,
Wake,Cary 2,74331.0,,2024-02-04,,0,
Wake,Cary 2,74331.0,,2024-02-05,,0,
Wake,Cary 2,74331.0,,2024-02-06,,0,
Wake,Cary 2,74331.0,,2024-02-07,329372.2514116818,0,89974114.2286346
Wake,Cary 2,74331.0,,2024-02-08,,0,
Wake,Cary 2,74331.0,,2024-02-09,219992.272591562,0,59355529.3275159
Wake,Cary 2,74331.0,,2024-02-10,,0,
Wake,Cary 2,74331.0,,2024-02-11,,0,
Wake,Cary 2,74331.0,,2024-02-12,,0,
Wake,Cary 2,74331.0,,2024-02-13,,0,
Wake,Cary 2,74331.0,,2024-02-14,205065.55049544503,0,58179189.7892406
Wake,Cary 2,74331.0,,2024-02-15,,0,
Wake,Cary 2,74331.0,,2024-02-16,339555.70971491595,0,92600283.2322474
Wake,Cary 2,74331.0,,2024-02-17,,0,
Wake,Cary 2,74331.0,,2024-02-18,,0,
Wake,Cary 2,74331.0,,2024-02-19,,0,
Wake,Cary 2,74331.0,,2024-02-20,,0,
Wake,Cary 2,74331.0,,2024-02-21,229027.7712418301,0,61781709.6325353
Wake,Cary 2,74331.0,,2024-02-22,,0,
Wake,Cary 2,74331.0,,2024-02-23,404335.702109027,0,107548391.271553
Wake,Cary 2,74331.0,,2024-02-24,,0,
Wake,Cary 2,74331.0,,2024-02-25,,0,
Wake,Cary 2,74331.0,,2024-02-26,,0,
Wake,Cary 2,74331.0,,2024-02-27,,0,
Wake,Cary 2,74331.0,,2024-02-28,159765.15890518832,0,43122084.6262583
Wake,Cary 2,74331.0,,2024-02-29,,0,
Wake,Cary 2,74331.0,,2024-03-01,181307.50453304485,0,49776793.2156403
Wake,Cary 2,74331.0,,2024-03-02,,0,
Wake,Cary 2,74331.0,,2024-03-03,,0,
Wake,Cary 2,74331.0,,2024-03-04,,0,
Wake,Cary 2,74331.0,,2024-03-05,,0,
Wake,Cary 2,74331.0,,2024-03-06,130671.86384222122,0,36933194.3241085
Wake,Cary 2,74331.0,,2024-03-07,,0,
Wake,Cary 2,74331.0,,2024-03-08,78520.24197619355,0,23396641.9903886
Wake,Cary 2,74331.0,,2024-03-09,,0,
Wake,Cary 2,74331.0,,2024-03-10,,0,
Wake,Cary 2,74331.0,,2024-03-11,,0,
Wake,Cary 2,74331.0,,2024-03-12,,0,
Wake,Cary 2,74331.0,,2024-03-13,176167.92784159118,0,51137972.341202
Wake,Cary 2,74331.0,,2024-03-14,,0,
Wake,Cary 2,74331.0,,2024-03-15,55115.57311686048,0,15134428.0670196
Wake,Cary 2,74331.0,,2024-03-16,,0,
Wake,Cary 2,74331.0,,2024-03-17,,0,
Wake,Cary 2,74331.0,,2024-03-18,,0,
Wake,Cary 2,74331.0,,2024-03-19,,0,
Wake,Cary 2,74331.0,,2024-03-20,33978.84636064031,0,9268106.17336873
Wake,Cary 2,74331.0,,2024-03-21,,0,
Wake,Cary 2,74331.0,,2024-03-22,53475.56451314941,0,14218404.7619709
Wake,Cary 2,74331.0,,2024-03-23,,0,
Wake,Cary 2,74331.0,,2024-03-24,,0,
Wake,Cary 2,74331.0,,2024-03-25,,0,
Wake,Cary 2,74331.0,,2024-03-26,,0,
Wake,Cary 2,74331.0,,2024-03-27,55884.88167653218,0,14486181.4356133
Wake,Cary 2,74331.0,,2024-03-28,,0,
Wake,Cary 2,74331.0,,2024-03-29,45022.714267356234,0,12406549.417898
Wake,Cary 2,74331.0,,2024-03-30,,0,
Wake,Cary 2,74331.0,,2024-03-31,,0,
Wake,Cary 2,74331.0,,2024-04-01,,0,
Wake,Cary 2,74331.0,,2024-04-02,,0,
Wake,Cary 2,74331.0,,2024-04-03,23513.74066370556,0,6552539.00669593
Wake,Cary 2,74331.0,,2024-04-04,,0,
Wake,Cary 2,74331.0,,2024-04-05,32105.289283854792,0,10365915.1017658
Wake,Cary 2,74331.0,,2024-04-06,,0,
Wake,Cary 2,74331.0,,2024-04-07,,0,
Wake,Cary 2,74331.0,,2024-04-08,,0,
Wake,Cary 2,74331.0,,2024-04-09,,0,
Wake,Cary 2,74331.0,,2024-04-10,70321.74059279254,0,18847978.775056
Wake,Cary 2,74331.0,,2024-04-11,,0,
Wake,Cary 2,74331.0,,2024-04-12,32154.73837554898,0,8796760.87482511
Wake,Cary 2,74331.0,,2024-04-13,,0,
Wake,Cary 2,74331.0,,2024-04-14,,0,
Wake,Cary 2,74331.0,,2024-04-15,,0,
Wake,Cary 2,74331.0,,2024-04-16,,0,
Wake,Cary 2,74331.0,,2024-04-17,49703.69805155348,0,12582712.3278608
Wake,Cary 2,74331.0,,2024-04-18,,0,
Wake,Cary 2,74331.0,,2024-04-19,28280.000000000036,0,7447246.776607341
Wake,Cary 2,74331.0,,2024-04-20,,0,
Wake,Cary 2,74331.0,,2024-04-21,,0,
Wake,Cary 2,74331.0,,2024-04-22,,0,
Wake,Cary 2,74331.0,,2024-04-23,,0,
Wake,Cary 2,74331.0,,2024-04-24,18510.062128474874,0,4858409.2268305
Wake,Cary 2,74331.0,,2024-04-25,,0,
Wake,Cary 2,74331.0,,2024-04-26,26658.131967562953,0,6926470.19965511
Wake,Cary 2,74331.0,,2024-04-27,,0,
Wake,Cary 2,74331.0,,2024-04-28,,0,
Wake,Cary 2,74331.0,,2024-04-29,,0,
Wake,Cary 2,74331.0,,2024-04-30,,0,
Wake,Cary 2,74331.0,,2024-05-01,20732.968914267913,0,5206409.23146348
Wake,Cary 2,74331.0,,2024-05-02,,0,
Wake,Cary 2,74331.0,,2024-05-03,13589.275183025775,0,3453334.44950761
Wake,Cary 2,74331.0,,2024-05-04,,0,
Wake,Cary 2,74331.0,,2024-05-05,,0,
Wake,Cary 2,74331.0,,2024-05-06,,0,
Wake,Cary 2,74331.0,,2024-05-07,,0,
Wake,Cary 2,74331.0,,2024-05-08,20172.773730947385,0,5557822.65346764
Wake,Cary 2,74331.0,,2024-05-09,,0,
Wake,Cary 2,74331.0,,2024-05-10,19562.269806952398,0,5062857.54205676
Wake,Cary 2,74331.0,,2024-05-11,,0,
Wake,Cary 2,74331.0,,2024-05-12,,0,
Wake,Cary 2,74331.0,,2024-05-13,,0,
Wake,Cary 2,74331.0,,2024-05-14,,0,
Wake,Cary 2,74331.0,,2024-05-15,63301.19114203144,0,15986293.8916241
Wake,Cary 3,75886.0,2.5,2021-11-16,13694.381072542132,0,2049338.88116388
Wake,Cary 3,75886.0,0.9199999999999999,2021-11-17,,0,
Wake,Cary 3,75886.0,0.79,2021-11-18,4304.041266000006,0,1404120.21277164
Wake,Cary 3,75886.0,1.4500000000000002,2021-11-19,,0,
Wake,Cary 3,75886.0,1.8399999999999999,2021-11-20,,0,
Wake,Cary 3,75886.0,1.9800000000000002,2021-11-21,,0,
Wake,Cary 3,75886.0,1.05,2021-11-22,,0,
Wake,Cary 3,75886.0,2.37,2021-11-23,5857.045436070293,0,2077295.64258506
Wake,Cary 3,75886.0,2.37,2021-11-24,,0,
Wake,Cary 3,75886.0,2.64,2021-11-25,,0,
Wake,Cary 3,75886.0,0.26,2021-11-26,,0,
Wake,Cary 3,75886.0,1.32,2021-11-27,,0,
Wake,Cary 3,75886.0,1.32,2021-11-28,,0,
Wake,Cary 3,75886.0,0.26,2021-11-29,,0,
Wake,Cary 3,75886.0,3.16,2021-11-30,,0,
Wake,Cary 3,75886.0,1.8399999999999999,2021-12-01,,0,
Wake,Cary 3,75886.0,1.7100000000000002,2021-12-02,36627.85593580517,0,12241550.1575779
Wake,Cary 3,75886.0,2.1100000000000003,2021-12-03,,0,
Wake,Cary 3,75886.0,2.64,2021-12-04,,0,
Wake,Cary 3,75886.0,1.4500000000000002,2021-12-05,,0,
Wake,Cary 3,75886.0,1.8399999999999999,2021-12-06,,0,
Wake,Cary 3,75886.0,2.77,2021-12-07,11073.639617973722,0,3673348.62129623
Wake,Cary 3,75886.0,2.64,2021-12-08,,0,
Wake,Cary 3,75886.0,2.37,2021-12-09,32881.42385658913,0,8063296.05746588
Wake,Cary 3,75886.0,2.1100000000000003,2021-12-10,,0,
Wake,Cary 3,75886.0,3.5600000000000005,2021-12-11,,0,
Wake,Cary 3,75886.0,1.1900000000000002,2021-12-12,,0,
Wake,Cary 3,75886.0,1.58,2021-12-13,,0,
Wake,Cary 3,75886.0,1.7100000000000002,2021-12-14,52919.47209808029,0,17660042.2101532
Wake,Cary 3,75886.0,3.4299999999999997,2021-12-15,,0,
Wake,Cary 3,75886.0,3.16,2021-12-16,,0,
Wake,Cary 3,75886.0,4.3500000000000005,2021-12-17,,0,
Wake,Cary 3,75886.0,4.09,2021-12-18,,0,
Wake,Cary 3,75886.0,4.09,2021-12-19,,0,
Wake,Cary 3,75886.0,2.77,2021-12-20,,0,
Wake,Cary 3,75886.0,5.140000000000001,2021-12-21,,0,
Wake,Cary 3,75886.0,7.25,2021-12-22,,0,
Wake,Cary 3,75886.0,11.73,2021-12-23,,0,
Wake,Cary 3,75886.0,10.540000000000001,2021-12-24,,0,
Wake,Cary 3,75886.0,9.75,2021-12-25,,0,
Wake,Cary 3,75886.0,3.69,2021-12-26,,0,
Wake,Cary 3,75886.0,11.07,2021-12-27,,0,
Wake,Cary 3,75886.0,28.330000000000002,2021-12-28,156221.4947518353,0,51510096.6397502
Wake,Cary 3,75886.0,23.590000000000003,2021-12-29,,0,
Wake,Cary 3,75886.0,27.939999999999998,2021-12-30,262524.2353299469,0,85775018.1158288
Wake,Cary 3,75886.0,23.060000000000002,2021-12-31,,0,
Wake,Cary 3,75886.0,24.91,2022-01-01,,0,
Wake,Cary 3,75886.0,9.88,2022-01-02,,0,
Wake,Cary 3,75886.0,19.5,2022-01-03,,0,
Wake,Cary 3,75886.0,52.45,2022-01-04,193656.53806090265,0,103846232.324002
Wake,Cary 3,75886.0,55.35,2022-01-05,,0,
Wake,Cary 3,75886.0,50.730000000000004,2022-01-19,260602.5948807481,0,45823470.0192668
Wake,Cary 3,75886.0,40.19,2022-01-20,,0,
Wake,Cary 3,75886.0,34.0,2022-01-21,,0,
Wake,Cary 3,75886.0,14.100000000000001,2022-01-22,,0,
Wake,Cary 3,75886.0,7.7700000000000005,2022-01-23,,0,
Wake,Cary 3,75886.0,16.740000000000002,2022-01-24,,0,
Wake,Cary 3,75886.0,41.900000000000006,2022-01-25,125936.25242868302,0,45230707.2133656
Wake,Cary 3,75886.0,25.3,2022-01-26,,0,
Wake,Cary 3,75886.0,23.590000000000003,2022-01-27,134366.50404025565,0,43090800.2805381
Wake,Cary 3,75886.0,16.87,2022-01-28,,0,
Wake,Cary 3,75886.0,18.05,2022-01-29,,0,
Wake,Cary 3,75886.0,7.25,2022-01-30,,0,
Wake,Cary 3,75886.0,7.91,2022-01-31,,0,
Wake,Cary 3,75886.0,19.900000000000002,2022-02-01,98935.79155189492,0,33361859.1901282
Wake,Cary 3,75886.0,14.76,2022-02-02,,0,
Wake,Cary 3,75886.0,12.91,2022-02-03,197055.62179242691,0,64679229.7370197
Wake,Cary 3,75886.0,11.46,2022-02-04,,0,
Wake,Cary 3,75886.0,12.780000000000001,2022-02-05,,0,
Wake,Cary 3,75886.0,7.640000000000001,2022-02-06,,0,
Wake,Cary 3,75886.0,5.4,2022-02-07,,0,
Wake,Cary 3,75886.0,12.26,2022-02-08,,0,
Wake,Cary 3,75886.0,6.8500000000000005,2022-02-09,,0,
Wake,Cary 3,75886.0,8.43,2022-02-10,52277.42223943332,0,17211083.6960439
Wake,Cary 3,75886.0,8.3,2022-02-11,,0,
Wake,Cary 3,75886.0,3.95,2022-02-12,,0,
Wake,Cary 3,75886.0,3.4299999999999997,2022-02-13,,0,
Wake,Cary 3,75886.0,3.29,2022-02-14,,0,
Wake,Cary 3,75886.0,6.590000000000001,2022-02-15,20351.518051486983,0,6852526.10384875
Wake,Cary 3,75886.0,5.93,2022-02-16,,0,
Wake,Cary 3,75886.0,6.33,2022-02-17,37376.105615754066,0,12100097.2667449
Wake,Cary 3,75886.0,4.74,2022-02-18,,0,
Wake,Cary 3,75886.0,4.4799999999999995,2022-02-19,,0,
Wake,Cary 3,75886.0,2.64,2022-02-20,,0,
Wake,Cary 3,75886.0,1.8399999999999999,2022-02-21,,0,
Wake,Cary 3,75886.0,2.9000000000000004,2022-02-22,65435.555816390784,0,22130621.2641901
Wake,Cary 3,75886.0,5.670000000000001,2022-02-23,,0,
Wake,Cary 3,75886.0,2.77,2022-02-24,42385.508466927706,0,5687478.83785421
Wake,Cary 3,75886.0,2.37,2022-02-25,,0,
Wake,Cary 3,75886.0,3.4299999999999997,2022-02-26,,0,
Wake,Cary 3,75886.0,0.9199999999999999,2022-02-27,,0,
Wake,Cary 3,75886.0,1.1900000000000002,2022-02-28,,0,
Wake,Cary 3,75886.0,2.2399999999999998,2022-03-01,29703.95009085496,0,9897848.11772659
Wake,Cary 3,75886.0,2.1100000000000003,2022-03-02,,0,
Wake,Cary 3,75886.0,1.32,2022-03-03,26545.787217560537,0,8554177.21515778
Wake,Cary 3,75886.0,1.1900000000000002,2022-03-04,,0,
Wake,Cary 3,75886.0,0.9199999999999999,2022-03-05,,0,
Wake,Cary 3,75886.0,0.9199999999999999,2022-03-06,,0,
Wake,Cary 3,75886.0,0.26,2022-03-07,,0,
Wake,Cary 3,75886.0,2.2399999999999998,2022-03-08,28900.105086314175,0,7853922.964186539
Wake,Cary 3,75886.0,0.66,2022-03-09,,0,
Wake,Cary 3,75886.0,1.32,2022-03-10,24582.763270226547,0,4414518.24446163
Wake,Cary 3,75886.0,1.05,2022-03-11,,0,
Wake,Cary 3,75886.0,0.26,2022-03-12,,0,
Wake,Cary 3,75886.0,0.66,2022-03-13,,0,
Wake,Cary 3,75886.0,0.26,2022-03-14,,0,
Wake,Cary 3,75886.0,1.58,2022-03-15,11595.56203898716,0,3985301.12717775
Wake,Cary 3,75886.0,1.05,2022-03-16,,0,
Wake,Cary 3,75886.0,0.26,2022-03-17,7997.583259960477,0,2888334.26596634
Wake,Cary 3,75886.0,0.79,2022-03-18,,0,
Wake,Cary 3,75886.0,0.79,2022-03-19,,0,
Wake,Cary 3,75886.0,0.9199999999999999,2022-03-20,,0,
Wake,Cary 3,75886.0,0.66,2022-03-21,,0,
Wake,Cary 3,75886.0,0.79,2022-03-22,6567.488561086348,0,2257192.83612324
Wake,Cary 3,75886.0,0.66,2022-03-23,,0,
Wake,Cary 3,75886.0,0.9199999999999999,2022-03-24,6947.90565566345,0,2387939.12256614
Wake,Cary 3,75886.0,0.9199999999999999,2022-03-25,,0,
Wake,Cary 3,75886.0,1.05,2022-03-26,,0,
Wake,Cary 3,75886.0,0.26,2022-03-27,,0,
Wake,Cary 3,75886.0,0.26,2022-03-28,,0,
Wake,Cary 3,75886.0,1.32,2022-03-29,13256.626041342519,0,4556195.42437901
Wake,Cary 3,75886.0,0.79,2022-03-30,,0,
Wake,Cary 3,75886.0,1.05,2022-03-31,18031.95807448544,0,6017541.90096461
Wake,Cary 3,75886.0,1.32,2022-04-01,,0,
Wake,Cary 3,75886.0,1.32,2022-04-02,,0,
Wake,Cary 3,75886.0,0.9199999999999999,2022-04-03,,0,
Wake,Cary 3,75886.0,1.05,2022-04-04,,0,
Wake,Cary 3,75886.0,2.64,2022-04-05,13854.19250624159,0,4678644.02287468
Wake,Cary 3,75886.0,2.37,2022-04-06,,0,
Wake,Cary 3,75886.0,2.9000000000000004,2022-04-07,36184.051542081404,0,12544464.1372109
Wake,Cary 3,75886.0,1.8399999999999999,2022-04-08,,0,
Wake,Cary 3,75886.0,2.37,2022-04-09,,0,
Wake,Cary 3,75886.0,1.8399999999999999,2022-04-10,,0,
Wake,Cary 3,75886.0,1.9800000000000002,2022-04-11,,0,
Wake,Cary 3,75886.0,3.0300000000000002,2022-04-12,25531.355761102866,0,8036248.408914379
Wake,Cary 3,75886.0,3.29,2022-04-13,,0,
Wake,Cary 3,75886.0,3.16,2022-04-14,53454.40393456839,0,16372009.145495
Wake,Cary 3,75886.0,3.95,2022-04-15,,0,
Wake,Cary 3,75886.0,3.16,2022-04-16,,0,
Wake,Cary 3,75886.0,3.29,2022-04-17,,0,
Wake,Cary 3,75886.0,1.4500000000000002,2022-04-18,,0,
Wake,Cary 3,75886.0,6.0600000000000005,2022-04-19,61327.38275028538,0,18024668.4647232
Wake,Cary 3,75886.0,5.53,2022-04-20,,0,
Wake,Cary 3,75886.0,5.140000000000001,2022-04-21,130457.1059390788,0,44056148.2503163
Wake,Cary 3,75886.0,3.0300000000000002,2022-04-22,,0,
Wake,Cary 3,75886.0,5.140000000000001,2022-04-23,,0,
Wake,Cary 3,75886.0,3.5600000000000005,2022-04-24,,0,
Wake,Cary 3,75886.0,2.64,2022-04-25,,0,
Wake,Cary 3,75886.0,5.53,2022-04-26,185781.3234262261,0,66854140.0116851
Wake,Cary 3,75886.0,6.0600000000000005,2022-04-27,,0,
Wake,Cary 3,75886.0,6.46,2022-04-28,227103.88750965914,0,38856958.6132118
Wake,Cary 3,75886.0,4.61,2022-04-29,,0,
Wake,Cary 3,75886.0,5.4,2022-04-30,,0,
Wake,Cary 3,75886.0,4.09,2022-05-01,,0,
Wake,Cary 3,75886.0,4.220000000000001,2022-05-02,,0,
Wake,Cary 3,75886.0,6.590000000000001,2022-05-03,203060.641358684,0,68878674.752053
Wake,Cary 3,75886.0,6.19,2022-05-04,,0,
Wake,Cary 3,75886.0,8.040000000000001,2022-05-05,133180.1309505288,0,25112002.9505639
Wake,Cary 3,75886.0,4.88,2022-05-06,,0,
Wake,Cary 3,75886.0,7.120000000000001,2022-05-07,,0,
Wake,Cary 3,75886.0,7.120000000000001,2022-05-08,,0,
Wake,Cary 3,75886.0,5.800000000000001,2022-05-09,,0,
Wake,Cary 3,75886.0,11.600000000000001,2022-05-10,153598.70463320985,0,41190487.2614676
Wake,Cary 3,75886.0,11.07,2022-05-11,,0,
Wake,Cary 3,75886.0,10.540000000000001,2022-05-12,241162.06733232326,0,77592336.3787067
Wake,Cary 3,75886.0,10.940000000000001,2022-05-13,,0,
Wake,Cary 3,75886.0,9.49,2022-05-14,,0,
Wake,Cary 3,75886.0,7.640000000000001,2022-05-15,,0,
Wake,Cary 3,75886.0,5.4,2022-05-16,,0,
Wake,Cary 3,75886.0,14.100000000000001,2022-05-17,554029.2786080898,0,170213121.709221
Wake,Cary 3,75886.0,15.02,2022-05-18,,0,
Wake,Cary 3,75886.0,15.42,2022-05-19,207136.7263138047,0,66334926.5414005
Wake,Cary 3,75886.0,13.700000000000001,2022-05-20,,0,
Wake,Cary 3,75886.0,10.81,2022-05-21,,0,
Wake,Cary 3,75886.0,7.7700000000000005,2022-05-22,,0,
Wake,Cary 3,75886.0,6.33,2022-05-23,,0,
Wake,Cary 3,75886.0,13.180000000000001,2022-05-24,484713.515769882,0,171186102.332113
Wake,Cary 3,75886.0,12.120000000000001,2022-05-25,,0,
Wake,Cary 3,75886.0,9.75,2022-05-26,509096.0897522189,0,173448513.158568
Wake,Cary 3,75886.0,13.180000000000001,2022-05-27,,0,
Wake,Cary 3,75886.0,8.57,2022-05-28,,0,
Wake,Cary 3,75886.0,7.25,2022-05-29,,0,
Wake,Cary 3,75886.0,5.140000000000001,2022-05-30,,0,
Wake,Cary 3,75886.0,4.88,2022-05-31,477113.80502140155,0,172310072.557557
Wake,Cary 3,75886.0,14.76,2022-06-01,,0,
Wake,Cary 3,75886.0,13.840000000000002,2022-06-02,105669.89895424343,0,36581446.8858506
Wake,Cary 3,75886.0,11.200000000000001,2022-06-03,,0,
Wake,Cary 3,75886.0,10.670000000000002,2022-06-04,,0,
Wake,Cary 3,75886.0,7.120000000000001,2022-06-05,,0,
Wake,Cary 3,75886.0,5.93,2022-06-06,,0,
Wake,Cary 3,75886.0,12.520000000000001,2022-06-07,312071.8621183268,0,110416680.981171
Wake,Cary 3,75886.0,12.120000000000001,2022-06-08,,0,
Wake,Cary 3,75886.0,9.75,2022-06-09,543027.315348869,0,189071998.58552
Wake,Cary 3,75886.0,5.53,2022-06-10,,0,
Wake,Cary 3,75886.0,5.800000000000001,2022-06-11,,0,
Wake,Cary 3,75886.0,3.95,2022-06-12,,0,
Wake,Cary 3,75886.0,3.95,2022-06-13,,0,
Wake,Cary 3,75886.0,6.98,2022-06-14,293029.5973498239,0,99688710.7220136
Wake,Cary 3,75886.0,5.4,2022-06-15,,0,
Wake,Cary 3,75886.0,8.43,2022-06-16,350006.1177865328,0,113485168.921136
Wake,Cary 3,75886.0,6.590000000000001,2022-06-17,,0,
Wake,Cary 3,75886.0,5.53,2022-06-18,,0,
Wake,Cary 3,75886.0,4.09,2022-06-19,,0,
Wake,Cary 3,75886.0,2.9000000000000004,2022-06-20,,0,
Wake,Cary 3,75886.0,8.17,2022-06-21,218743.46447379858,0,68087876.8813125
Wake,Cary 3,75886.0,6.98,2022-06-22,,0,
Wake,Cary 3,75886.0,6.720000000000001,2022-06-23,225576.03087872613,0,68076691.6044382
Wake,Cary 3,75886.0,6.33,2022-06-24,,0,
Wake,Cary 3,75886.0,6.590000000000001,2022-06-25,,0,
Wake,Cary 3,75886.0,4.3500000000000005,2022-06-26,,0,
Wake,Cary 3,75886.0,4.61,2022-06-27,,0,
Wake,Cary 3,75886.0,8.700000000000001,2022-06-28,319258.90207478974,0,100330662.860838
Wake,Cary 3,75886.0,5.670000000000001,2022-06-29,,0,
Wake,Cary 3,75886.0,7.120000000000001,2022-06-30,146558.86074884745,0,45838430.3425054
Wake,Cary 3,75886.0,4.3500000000000005,2022-07-01,,0,
Wake,Cary 3,75886.0,6.19,2022-07-02,,0,
Wake,Cary 3,75886.0,4.74,2022-07-03,,0,
Wake,Cary 3,75886.0,3.4299999999999997,2022-07-04,,0,
Wake,Cary 3,75886.0,3.5600000000000005,2022-07-05,264793.6132915597,0,80440528.4171132
Wake,Cary 3,75886.0,7.51,2022-07-06,,0,
Wake,Cary 3,75886.0,6.8500000000000005,2022-07-07,236594.55278598453,0,27498612.3510322
Wake,Cary 3,75886.0,7.38,2022-07-08,,0,
Wake,Cary 3,75886.0,7.120000000000001,2022-07-09,,0,
Wake,Cary 3,75886.0,4.74,2022-07-10,,0,
Wake,Cary 3,75886.0,3.69,2022-07-11,,0,
Wake,Cary 3,75886.0,6.46,2022-07-12,215427.46476482542,0,70064621.8773872
Wake,Cary 3,75886.0,6.720000000000001,2022-07-13,,0,
Wake,Cary 3,75886.0,6.0600000000000005,2022-07-14,200823.92660238472,0,65615564.6763878
Wake,Cary 3,75886.0,4.3500000000000005,2022-07-15,,0,
Wake,Cary 3,75886.0,5.670000000000001,2022-07-16,,0,
Wake,Cary 3,75886.0,2.64,2022-07-17,,0,
Wake,Cary 3,75886.0,4.74,2022-07-18,,0,
Wake,Cary 3,75886.0,8.43,2022-07-19,320012.8868717635,0,103440971.287577
Wake,Cary 3,75886.0,6.19,2022-07-20,,0,
Wake,Cary 3,75886.0,7.7700000000000005,2022-07-21,235782.2360993294,0,74685264.5543057
Wake,Cary 3,75886.0,5.2700000000000005,2022-07-22,,0,
Wake,Cary 3,75886.0,6.8500000000000005,2022-07-23,,0,
Wake,Cary 3,75886.0,3.4299999999999997,2022-07-24,,0,
Wake,Cary 3,75886.0,3.29,2022-07-25,,0,
Wake,Cary 3,75886.0,7.38,2022-07-26,268448.8487067882,0,91861974.8728022
Wake,Cary 3,75886.0,5.670000000000001,2022-07-27,,0,
Wake,Cary 3,75886.0,6.33,2022-07-28,284344.9782482536,0,98152592.1273184
Wake,Cary 3,75886.0,4.88,2022-07-29,,0,
Wake,Cary 3,75886.0,4.4799999999999995,2022-07-30,,0,
Wake,Cary 3,75886.0,2.77,2022-07-31,,0,
Wake,Cary 3,75886.0,3.95,2022-08-01,,0,
Wake,Cary 3,75886.0,6.98,2022-08-02,177072.4025165977,0,59798413.8936358
Wake,Cary 3,75886.0,6.0600000000000005,2022-08-03,,0,
Wake,Cary 3,75886.0,5.93,2022-08-04,191707.3765873396,0,62350011.2502413
Wake,Cary 3,75886.0,4.74,2022-08-05,,0,
Wake,Cary 3,75886.0,3.8200000000000003,2022-08-06,,0,
Wake,Cary 3,75886.0,4.88,2022-08-07,,0,
Wake,Cary 3,75886.0,3.4299999999999997,2022-08-08,,0,
Wake,Cary 3,75886.0,4.220000000000001,2022-08-09,239984.80752956017,0,80804889.0487202
Wake,Cary 3,75886.0,4.4799999999999995,2022-08-10,,0,
Wake,Cary 3,75886.0,5.010000000000001,2022-08-11,125630.49605887903,0,40796807.5188589
Wake,Cary 3,75886.0,4.61,2022-08-12,,0,
Wake,Cary 3,75886.0,4.88,2022-08-13,,0,
Wake,Cary 3,75886.0,2.2399999999999998,2022-08-14,,0,
Wake,Cary 3,75886.0,3.16,2022-08-15,,0,
Wake,Cary 3,75886.0,2.64,2022-08-16,125619.7243071326,0,41733247.5456894
Wake,Cary 3,75886.0,3.69,2022-08-17,,0,
Wake,Cary 3,75886.0,3.8200000000000003,2022-08-18,104105.48082113637,0,32768236.533788495
Wake,Cary 3,75886.0,3.5600000000000005,2022-08-19,,0,
Wake,Cary 3,75886.0,3.5600000000000005,2022-08-20,,0,
Wake,Cary 3,75886.0,2.2399999999999998,2022-08-21,,0,
Wake,Cary 3,75886.0,3.4299999999999997,2022-08-22,,0,
Wake,Cary 3,75886.0,3.8200000000000003,2022-08-23,116736.9197640575,0,43906588.2772113
Wake,Cary 3,75886.0,3.69,2022-08-24,,0,
Wake,Cary 3,75886.0,2.77,2022-08-25,158947.41440489065,0,50585292.1629176
Wake,Cary 3,75886.0,2.5,2022-08-26,,0,
Wake,Cary 3,75886.0,1.7100000000000002,2022-08-27,,0,
Wake,Cary 3,75886.0,1.8399999999999999,2022-08-28,,0,
Wake,Cary 3,75886.0,1.9800000000000002,2022-08-29,,0,
Wake,Cary 3,75886.0,3.69,2022-08-30,117493.47739342811,0,40850431.8450811
Wake,Cary 3,75886.0,1.9800000000000002,2022-08-31,,0,
Wake,Cary 3,75886.0,2.37,2022-09-01,85221.42980494988,0,28822299.4834513
Wake,Cary 3,75886.0,2.64,2022-09-02,,0,
Wake,Cary 3,75886.0,2.5,2022-09-03,,0,
Wake,Cary 3,75886.0,1.4500000000000002,2022-09-04,,0,
Wake,Cary 3,75886.0,2.5,2022-09-05,,0,
Wake,Cary 3,75886.0,1.4500000000000002,2022-09-06,,0,
Wake,Cary 3,75886.0,5.4,2022-09-07,143269.51871211137,0,48454443.7311303
Wake,Cary 3,75886.0,3.4299999999999997,2022-09-08,,0,
Wake,Cary 3,75886.0,2.2399999999999998,2022-09-09,,0,
Wake,Cary 3,75886.0,2.1100000000000003,2022-09-10,94296.06322641473,0,31421009.9687025
Wake,Cary 3,75886.0,1.1900000000000002,2022-09-11,,0,
Wake,Cary 3,75886.0,1.9800000000000002,2022-09-12,,0,
Wake,Cary 3,75886.0,3.0300000000000002,2022-09-13,92817.71412828495,0,31900699.551587
Wake,Cary 3,75886.0,2.5,2022-09-14,,0,
Wake,Cary 3,75886.0,2.2399999999999998,2022-09-15,82308.44954195165,0,26892788.5521634
Wake,Cary 3,75886.0,1.58,2022-09-16,,0,
Wake,Cary 3,75886.0,2.37,2022-09-17,,0,
Wake,Cary 3,75886.0,1.9800000000000002,2022-09-18,,0,
Wake,Cary 3,75886.0,1.8399999999999999,2022-09-19,,0,
Wake,Cary 3,75886.0,1.58,2022-09-20,108805.33766778176,0,36310015.5712382
Wake,Cary 3,75886.0,1.58,2022-09-21,,0,
Wake,Cary 3,75886.0,3.0300000000000002,2022-09-22,97475.19077693568,0,31994115.166947
Wake,Cary 3,75886.0,2.2399999999999998,2022-09-23,,0,
Wake,Cary 3,75886.0,1.05,2022-09-24,,0,
Wake,Cary 3,75886.0,0.66,2022-09-25,,0,
Wake,Cary 3,75886.0,1.8399999999999999,2022-09-26,,0,
Wake,Cary 3,75886.0,1.9800000000000002,2022-09-27,58685.572715958115,0,11797405.5668334
Wake,Cary 3,75886.0,2.2399999999999998,2022-09-28,,0,
Wake,Cary 3,75886.0,1.4500000000000002,2022-09-29,92298.06607941468,0,30202754.8118338
Wake,Cary 3,75886.0,1.58,2022-09-30,,0,
Wake,Cary 3,75886.0,1.1900000000000002,2022-10-01,,0,
Wake,Cary 3,75886.0,0.26,2022-10-02,,0,
Wake,Cary 3,75886.0,1.32,2022-10-03,,0,
Wake,Cary 3,75886.0,2.2399999999999998,2022-10-04,279771.2943852534,0,98527614.8410445
Wake,Cary 3,75886.0,1.32,2022-10-05,,0,
Wake,Cary 3,75886.0,0.9199999999999999,2022-10-06,167028.76301104555,0,56323298.0185225
Wake,Cary 3,75886.0,1.32,2022-10-07,,0,
Wake,Cary 3,75886.0,1.1900000000000002,2022-10-08,,0,
Wake,Cary 3,75886.0,0.66,2022-10-09,,0,
Wake,Cary 3,75886.0,0.26,2022-10-10,,0,
Wake,Cary 3,75886.0,1.05,2022-10-11,42525.28320893353,0,14912575.5162407
Wake,Cary 3,75886.0,0.79,2022-10-12,,0,
Wake,Cary 3,75886.0,1.32,2022-10-13,30082.592175542366,0,10174078.0799672
Wake,Cary 3,75886.0,1.4500000000000002,2022-10-14,,0,
Wake,Cary 3,75886.0,1.4500000000000002,2022-10-15,,0,
Wake,Cary 3,75886.0,0.66,2022-10-16,,0,
Wake,Cary 3,75886.0,0.66,2022-10-17,,0,
Wake,Cary 3,75886.0,1.1900000000000002,2022-10-18,43551.49148995936,0,15098644.2875937
Wake,Cary 3,75886.0,1.1900000000000002,2022-10-19,,0,
Wake,Cary 3,75886.0,0.9199999999999999,2022-10-20,78314.59308455877,0,25744130.4030319
Wake,Cary 3,75886.0,1.32,2022-10-21,,0,
Wake,Cary 3,75886.0,1.05,2022-10-22,,0,
Wake,Cary 3,75886.0,0.26,2022-10-23,,0,
Wake,Cary 3,75886.0,1.7100000000000002,2022-10-24,,0,
Wake,Cary 3,75886.0,1.8399999999999999,2022-10-25,53033.36839198503,0,18094868.4466618
Wake,Cary 3,75886.0,1.7100000000000002,2022-10-26,,0,
Wake,Cary 3,75886.0,1.4500000000000002,2022-10-27,76280.8243269565,0,25227779.2591537
Wake,Cary 3,75886.0,1.8399999999999999,2022-10-28,,0,
Wake,Cary 3,75886.0,1.32,2022-10-29,,0,
Wake,Cary 3,75886.0,1.1900000000000002,2022-10-30,,0,
Wake,Cary 3,75886.0,0.9199999999999999,2022-10-31,,0,
Wake,Cary 3,75886.0,1.7100000000000002,2022-11-01,,0,
Wake,Cary 3,75886.0,1.4500000000000002,2022-11-02,,0,
Wake,Cary 3,75886.0,0.79,2022-11-03,231855.9668414858,0,77026935.9569949
Wake,Cary 3,75886.0,1.05,2022-11-04,,0,
Wake,Cary 3,75886.0,1.8399999999999999,2022-11-05,,0,
Wake,Cary 3,75886.0,1.32,2022-11-06,,0,
Wake,Cary 3,75886.0,0.79,2022-11-07,,0,
Wake,Cary 3,75886.0,2.1100000000000003,2022-11-08,,0,20112641.4119021
Wake,Cary 3,75886.0,1.1900000000000002,2022-11-09,,0,
Wake,Cary 3,75886.0,1.05,2022-11-10,11427.727492384685,0,3693898.8394418
Wake,Cary 3,75886.0,0.79,2022-11-11,,0,
Wake,Cary 3,75886.0,1.1900000000000002,2022-11-12,,0,
Wake,Cary 3,75886.0,1.05,2022-11-13,,0,
Wake,Cary 3,75886.0,1.1900000000000002,2022-11-14,,0,
Wake,Cary 3,75886.0,1.4500000000000002,2022-11-15,,0,
Wake,Cary 3,75886.0,0.26,2022-11-16,,0,
Wake,Cary 3,75886.0,1.32,2022-11-17,30957.789407514243,0,10454631.4271024
Wake,Cary 3,75886.0,1.05,2022-11-18,,0,
Wake,Cary 3,75886.0,0.79,2022-11-19,,0,
Wake,Cary 3,75886.0,1.32,2022-11-20,,0,
Wake,Cary 3,75886.0,0.26,2022-11-21,,0,
Wake,Cary 3,75886.0,0.9199999999999999,2022-11-22,72750.33415730811,0,25548050.6157958
Wake,Cary 3,75886.0,1.7100000000000002,2022-11-23,,0,
Wake,Cary 3,75886.0,1.32,2022-11-24,114225.3197456676,0,18540867.3739362
Wake,Cary 3,75886.0,0.26,2022-11-25,,0,
Wake,Cary 3,75886.0,0.66,2022-11-26,,0,
Wake,Cary 3,75886.0,1.7100000000000002,2022-11-27,,0,
Wake,Cary 3,75886.0,1.8399999999999999,2022-11-28,,0,
Wake,Cary 3,75886.0,2.5,2022-11-29,114021.62226963819,0,42032165.9813774
Wake,Cary 3,75886.0,1.7100000000000002,2022-11-30,,0,
Wake,Cary 3,75886.0,1.4500000000000002,2022-12-01,150635.39305223047,0,58459720.9916206
Wake,Cary 3,75886.0,1.7100000000000002,2022-12-02,,0,
Wake,Cary 3,75886.0,1.32,2022-12-03,,0,
Wake,Cary 3,75886.0,0.26,2022-12-04,,0,
Wake,Cary 3,75886.0,1.32,2022-12-05,,0,
Wake,Cary 3,75886.0,2.5,2022-12-06,142417.51199554076,0,52357752.8374319
Wake,Cary 3,75886.0,2.1100000000000003,2022-12-07,,0,
Wake,Cary 3,75886.0,1.05,2022-12-08,130925.17264452997,0,45455088.8669725
Wake,Cary 3,75886.0,2.37,2022-12-09,,0,
Wake,Cary 3,75886.0,2.5,2022-12-10,,0,
Wake,Cary 3,75886.0,1.7100000000000002,2022-12-11,,0,
Wake,Cary 3,75886.0,2.2399999999999998,2022-12-12,,0,
Wake,Cary 3,75886.0,3.8200000000000003,2022-12-13,124070.56006160355,0,42580160.8021703
Wake,Cary 3,75886.0,2.64,2022-12-14,,0,
Wake,Cary 3,75886.0,5.010000000000001,2022-12-15,194111.59934429504,0,66230450.0092243
Wake,Cary 3,75886.0,3.29,2022-12-16,,0,
Wake,Cary 3,75886.0,1.58,2022-12-17,,0,
Wake,Cary 3,75886.0,4.220000000000001,2022-12-18,,0,
Wake,Cary 3,75886.0,1.4500000000000002,2022-12-19,,0,
Wake,Cary 3,75886.0,3.0300000000000002,2022-12-20,307733.9274373234,0,110831367.899367
Wake,Cary 3,75886.0,1.9800000000000002,2022-12-21,,0,
Wake,Cary 3,75886.0,3.29,2022-12-22,338664.6890096457,0,117916737.872127
Wake,Cary 3,75886.0,3.0300000000000002,2022-12-23,,0,
Wake,Cary 3,75886.0,2.64,2022-12-24,,0,
Wake,Cary 3,75886.0,2.2399999999999998,2022-12-25,,0,
Wake,Cary 3,75886.0,0.9199999999999999,2022-12-26,,0,
Wake,Cary 3,75886.0,2.9000000000000004,2022-12-27,268127.49958928156,0,106196933.628671
Wake,Cary 3,75886.0,3.5600000000000005,2022-12-28,,0,
Wake,Cary 3,75886.0,3.29,2022-12-29,172124.48263393552,0,59587097.9488146
Wake,Cary 3,75886.0,3.29,2022-12-30,,0,
Wake,Cary 3,75886.0,4.09,2022-12-31,,0,
Wake,Cary 3,75886.0,3.0300000000000002,2023-01-01,,0,
Wake,Cary 3,75886.0,1.8399999999999999,2023-01-02,,0,
Wake,Cary 3,75886.0,3.8200000000000003,2023-01-03,189385.57609279524,0,73498184.682157
Wake,Cary 3,75886.0,3.29,2023-01-04,,0,
Wake,Cary 3,75886.0,3.8200000000000003,2023-01-05,253282.53487755542,0,95768914.7279242
Wake,Cary 3,75886.0,2.77,2023-01-06,,0,
Wake,Cary 3,75886.0,2.77,2023-01-07,,0,
Wake,Cary 3,75886.0,0.9199999999999999,2023-01-08,,0,
Wake,Cary 3,75886.0,1.4500000000000002,2023-01-09,,0,
Wake,Cary 3,75886.0,1.8399999999999999,2023-01-10,77636.20857563824,0,28038385.374663
Wake,Cary 3,75886.0,1.32,2023-01-11,,0,
Wake,Cary 3,75886.0,2.2399999999999998,2023-01-12,136026.55899124985,0,47565475.9007247
Wake,Cary 3,75886.0,1.58,2023-01-13,,0,
Wake,Cary 3,75886.0,1.4500000000000002,2023-01-14,,0,
Wake,Cary 3,75886.0,0.79,2023-01-15,,0,
Wake,Cary 3,75886.0,0.79,2023-01-16,,0,
Wake,Cary 3,75886.0,1.8399999999999999,2023-01-17,106160.34149342206,0,22294334.8135562
Wake,Cary 3,75886.0,2.2399999999999998,2023-01-18,,0,
Wake,Cary 3,75886.0,1.9800000000000002,2023-01-19,167394.08841712412,0,35153804.1464631
Wake,Cary 3,75886.0,1.32,2023-01-20,,0,
Wake,Cary 3,75886.0,1.32,2023-01-21,,0,
Wake,Cary 3,75886.0,0.66,2023-01-22,,0,
Wake,Cary 3,75886.0,1.05,2023-01-23,,0,
Wake,Cary 3,75886.0,1.58,2023-01-24,116036.17496281055,0,31835099.3842504
Wake,Cary 3,75886.0,3.0300000000000002,2023-01-25,,0,
Wake,Cary 3,75886.0,1.8399999999999999,2023-01-26,203703.23960114163,0,28451559.983676095
Wake,Cary 3,75886.0,1.4500000000000002,2023-01-27,,0,
Wake,Cary 3,75886.0,1.1900000000000002,2023-01-28,,0,
Wake,Cary 3,75886.0,0.79,2023-01-29,,0,
Wake,Cary 3,75886.0,1.32,2023-01-30,,0,
Wake,Cary 3,75886.0,1.05,2023-01-31,150361.85703162887,0,56478450.50819219
Wake,Cary 3,75886.0,1.1900000000000002,2023-02-01,,0,
Wake,Cary 3,75886.0,1.05,2023-02-02,125132.76633240414,0,47563754.9930299
Wake,Cary 3,75886.0,1.58,2023-02-03,,0,
Wake,Cary 3,75886.0,0.9199999999999999,2023-02-04,,0,
Wake,Cary 3,75886.0,1.32,2023-02-05,,0,
Wake,Cary 3,75886.0,1.05,2023-02-06,,0,
Wake,Cary 3,75886.0,0.9199999999999999,2023-02-07,132851.68223248067,0,50895383.8764375
Wake,Cary 3,75886.0,0.9199999999999999,2023-02-08,,0,
Wake,Cary 3,75886.0,1.4500000000000002,2023-02-09,108506.12494232753,0,41568618.3952158
Wake,Cary 3,75886.0,0.9199999999999999,2023-02-10,,0,
Wake,Cary 3,75886.0,0.26,2023-02-11,,0,
Wake,Cary 3,75886.0,0.66,2023-02-12,,0,
Wake,Cary 3,75886.0,0.66,2023-02-13,,0,
Wake,Cary 3,75886.0,1.1900000000000002,2023-02-14,106066.37910289952,0,44602113.0429203
Wake,Cary 3,75886.0,1.1900000000000002,2023-02-15,,0,
Wake,Cary 3,75886.0,1.7100000000000002,2023-02-16,98535.60224609182,0,36716721.3386579
Wake,Cary 3,75886.0,0.26,2023-02-17,,0,
Wake,Cary 3,75886.0,0.9199999999999999,2023-02-18,,0,
Wake,Cary 3,75886.0,0.79,2023-02-19,,0,
Wake,Cary 3,75886.0,0.9199999999999999,2023-02-20,,0,
Wake,Cary 3,75886.0,1.05,2023-02-21,62163.90134153422,0,23597882.5682211
Wake,Cary 3,75886.0,1.05,2023-02-22,,0,
Wake,Cary 3,75886.0,1.4500000000000002,2023-02-23,103093.11395044765,0,36717912.7788115
Wake,Cary 3,75886.0,0.66,2023-02-24,,0,
Wake,Cary 3,75886.0,1.4500000000000002,2023-02-25,,0,
Wake,Cary 3,75886.0,0.26,2023-02-26,,0,
Wake,Cary 3,75886.0,0.26,2023-02-27,,0,
Wake,Cary 3,75886.0,1.1900000000000002,2023-02-28,75510.08200896095,0,28249861.414166
Wake,Cary 3,75886.0,1.1900000000000002,2023-03-01,,0,
Wake,Cary 3,75886.0,0.66,2023-03-02,84490.36653962395,0,31609568.9750836
Wake,Cary 3,75886.0,0.26,2023-03-03,,0,
Wake,Cary 3,75886.0,1.32,2023-03-04,,0,
Wake,Cary 3,75886.0,0.66,2023-03-05,,0,
Wake,Cary 3,75886.0,0.66,2023-03-06,,0,
Wake,Cary 3,75886.0,0.66,2023-03-07,69988.96810212305,0,26847635.7229994
Wake,Cary 3,75886.0,0.26,2023-03-08,,0,
Wake,Cary 3,75886.0,1.1900000000000002,2023-03-09,79272.21505041991,0,29894610.915848
Wake,Cary 3,75886.0,0.26,2023-03-10,,0,
Wake,Cary 3,75886.0,0.66,2023-03-11,,0,
Wake,Cary 3,75886.0,0.26,2023-03-12,,0,
Wake,Cary 3,75886.0,0.26,2023-03-13,,0,
Wake,Cary 3,75886.0,1.05,2023-03-14,26634.80354723873,0,10854796.1190582
Wake,Cary 3,75886.0,0.66,2023-03-15,,0,
Wake,Cary 3,75886.0,0.66,2023-03-16,40026.071615885594,0,15254094.8662476
Wake,Cary 3,75886.0,0.26,2023-03-17,,0,
Wake,Cary 3,75886.0,,2023-03-18,,0,
Wake,Cary 3,75886.0,,2023-03-19,,0,
Wake,Cary 3,75886.0,0.26,2023-03-20,,0,
Wake,Cary 3,75886.0,0.26,2023-03-21,81957.69151214554,0,30989105.4016758
Wake,Cary 3,75886.0,1.05,2023-03-22,,0,
Wake,Cary 3,75886.0,1.05,2023-03-23,104299.09596923643,0,37563656.2832098
Wake,Cary 3,75886.0,0.26,2023-03-24,,0,
Wake,Cary 3,75886.0,1.05,2023-03-25,,0,
Wake,Cary 3,75886.0,0.26,2023-03-26,,0,
Wake,Cary 3,75886.0,0.66,2023-03-27,,0,
Wake,Cary 3,75886.0,0.9199999999999999,2023-03-28,95923.67578444869,0,38710114.0121222
Wake,Cary 3,75886.0,0.26,2023-03-29,,0,
Wake,Cary 3,75886.0,0.9199999999999999,2023-03-30,137587.53024892922,0,55592244.6793189
Wake,Cary 3,75886.0,0.66,2023-03-31,,0,
Wake,Cary 3,75886.0,0.26,2023-04-01,,0,
Wake,Cary 3,75886.0,,2023-04-02,,0,
Wake,Cary 3,75886.0,0.26,2023-04-03,,0,
Wake,Cary 3,75886.0,0.26,2023-04-04,169592.95384832495,0,60318071.9007037
Wake,Cary 3,75886.0,0.79,2023-04-05,,0,
Wake,Cary 3,75886.0,0.26,2023-04-06,89848.58387865673,0,31552517.1846775
Wake,Cary 3,75886.0,0.66,2023-04-07,,0,
Wake,Cary 3,75886.0,0.26,2023-04-08,,0,
Wake,Cary 3,75886.0,0.66,2023-04-09,,0,
Wake,Cary 3,75886.0,0.26,2023-04-10,,0,
Wake,Cary 3,75886.0,0.26,2023-04-11,52209.20143039923,0,23048381.6934282
Wake,Cary 3,75886.0,0.26,2023-04-12,,0,
Wake,Cary 3,75886.0,0.26,2023-04-13,59633.949894334524,0,23916616.5774623
Wake,Cary 3,75886.0,0.26,2023-04-14,,0,
Wake,Cary 3,75886.0,0.26,2023-04-15,,0,
Wake,Cary 3,75886.0,0.26,2023-04-16,,0,
Wake,Cary 3,75886.0,0.26,2023-04-17,,0,
Wake,Cary 3,75886.0,0.79,2023-04-18,87384.00153918345,0,37181856.9579027
Wake,Cary 3,75886.0,0.79,2023-04-19,,0,
Wake,Cary 3,75886.0,0.26,2023-04-20,71211.77214477958,0,28275804.9775151
Wake,Cary 3,75886.0,0.26,2023-04-21,,0,
Wake,Cary 3,75886.0,0.26,2023-04-22,,0,
Wake,Cary 3,75886.0,,2023-04-23,,0,
Wake,Cary 3,75886.0,,2023-04-24,,0,
Wake,Cary 3,75886.0,0.66,2023-04-25,97736.96695723679,0,38808069.69889821
Wake,Cary 3,75886.0,0.66,2023-04-26,,0,
Wake,Cary 3,75886.0,0.26,2023-04-27,55120.15849033826,0,21034006.7576673
Wake,Cary 3,75886.0,0.26,2023-04-28,,0,
Wake,Cary 3,75886.0,0.26,2023-04-29,,0,
Wake,Cary 3,75886.0,0.26,2023-04-30,,0,
Wake,Cary 3,75886.0,,2023-05-01,,0,
Wake,Cary 3,75886.0,0.9199999999999999,2023-05-02,93330.94845226854,0,40177840.5858867
Wake,Cary 3,75886.0,0.26,2023-05-03,,0,
Wake,Cary 3,75886.0,0.66,2023-05-04,210547.8884814571,0,33755681.3939787
Wake,Cary 3,75886.0,0.26,2023-05-05,,0,
Wake,Cary 3,75886.0,0.26,2023-05-06,,0,
Wake,Cary 3,75886.0,0.26,2023-05-07,,0,
Wake,Cary 3,75886.0,0.26,2023-05-08,,0,
Wake,Cary 3,75886.0,0.26,2023-05-09,162500.1670245297,0,61767340.0598325
Wake,Cary 3,75886.0,0.26,2023-05-10,,0,
Wake,Cary 3,75886.0,0.26,2023-05-11,15477.549806090123,0,5883114.45871593
Wake,Cary 3,75886.0,0.26,2023-05-12,,0,
Wake,Cary 3,75886.0,0.26,2023-05-13,,0,
Wake,Cary 3,75886.0,0.26,2023-05-14,,0,
Wake,Cary 3,75886.0,,2023-05-15,,0,
Wake,Cary 3,75886.0,0.26,2023-05-16,27551.550355651532,0,10335083.7196116
Wake,Cary 3,75886.0,0.9199999999999999,2023-05-17,,0,
Wake,Cary 3,75886.0,0.26,2023-05-18,42245.513560613734,0,15383443.8412373
Wake,Cary 3,75886.0,0.66,2023-05-19,,0,
Wake,Cary 3,75886.0,0.26,2023-05-20,,0,
Wake,Cary 3,75886.0,0.26,2023-05-21,,0,
Wake,Cary 3,75886.0,0.26,2023-05-22,,0,
Wake,Cary 3,75886.0,0.26,2023-05-23,37705.84885664291,0,13786778.9779405
Wake,Cary 3,75886.0,,2023-05-24,,0,
Wake,Cary 3,75886.0,,2023-05-25,48531.17571211314,0,16897651.6028466
Wake,Cary 3,75886.0,,2023-05-26,,0,
Wake,Cary 3,75886.0,,2023-05-27,,0,
Wake,Cary 3,75886.0,,2023-05-28,,0,
Wake,Cary 3,75886.0,,2023-05-29,,0,
Wake,Cary 3,75886.0,,2023-05-30,,0,
Wake,Cary 3,75886.0,,2023-05-31,34568.05387926842,0,12794665.9563951
Wake,Cary 3,75886.0,,2023-06-01,,0,
Wake,Cary 3,75886.0,,2023-06-02,76051.09389088373,0,27959092.3978499
Wake,Cary 3,75886.0,,2023-06-03,,0,
Wake,Cary 3,75886.0,,2023-06-04,,0,
Wake,Cary 3,75886.0,,2023-06-05,,0,
Wake,Cary 3,75886.0,,2023-06-06,43061.62840627371,0,16475398.5485736
Wake,Cary 3,75886.0,,2023-06-07,,0,
Wake,Cary 3,75886.0,,2023-06-08,42957.496295757286,0,14871286.7585198
Wake,Cary 3,75886.0,,2023-06-09,,0,
Wake,Cary 3,75886.0,,2023-06-10,,0,
Wake,Cary 3,75886.0,,2023-06-11,,0,
Wake,Cary 3,75886.0,,2023-06-12,,0,
Wake,Cary 3,75886.0,,2023-06-13,52265.62495560546,0,17989345.1661432
Wake,Cary 3,75886.0,,2023-06-14,,0,
Wake,Cary 3,75886.0,,2023-06-15,20841.162347623525,0,7194127.78086607
Wake,Cary 3,75886.0,,2023-06-16,,0,
Wake,Cary 3,75886.0,,2023-06-17,,0,
Wake,Cary 3,75886.0,,2023-06-18,,0,
Wake,Cary 3,75886.0,,2023-06-19,,0,
Wake,Cary 3,75886.0,,2023-06-20,,0,
Wake,Cary 3,75886.0,,2023-06-21,46986.056272047375,0,18094076.0406694
Wake,Cary 3,75886.0,,2023-06-22,,0,
Wake,Cary 3,75886.0,,2023-06-23,43869.41339931506,0,16631274.6601669
Wake,Cary 3,75886.0,,2023-06-24,,0,
Wake,Cary 3,75886.0,,2023-06-25,,0,
Wake,Cary 3,75886.0,,2023-06-26,,0,
Wake,Cary 3,75886.0,,2023-06-27,41011.16428486275,0,15363570.3060147
Wake,Cary 3,75886.0,,2023-06-28,,0,
Wake,Cary 3,75886.0,,2023-06-29,77592.38253849406,0,27829031.6125785
Wake,Cary 3,75886.0,,2023-06-30,,0,
Wake,Cary 3,75886.0,,2023-07-01,,0,
Wake,Cary 3,75886.0,,2023-07-02,,0,
Wake,Cary 3,75886.0,,2023-07-03,,0,
Wake,Cary 3,75886.0,,2023-07-04,,0,
Wake,Cary 3,75886.0,,2023-07-05,,0,
Wake,Cary 3,75886.0,,2023-07-06,,0,
Wake,Cary 3,75886.0,,2023-07-07,95283.59774903546,0,32367963.4657215
Wake,Cary 3,75886.0,,2023-07-08,,0,
Wake,Cary 3,75886.0,,2023-07-09,,0,
Wake,Cary 3,75886.0,,2023-07-10,,0,
Wake,Cary 3,75886.0,,2023-07-11,,0,
Wake,Cary 3,75886.0,,2023-07-12,60295.53217279032,0,22377325.7742191
Wake,Cary 3,75886.0,,2023-07-13,,0,
Wake,Cary 3,75886.0,,2023-07-14,127531.70586171908,0,43449920.7665436
Wake,Cary 3,75886.0,,2023-07-15,,0,
Wake,Cary 3,75886.0,,2023-07-16,,0,
Wake,Cary 3,75886.0,,2023-07-17,,0,
Wake,Cary 3,75886.0,,2023-07-18,,0,
Wake,Cary 3,75886.0,,2023-07-19,74015.09845970623,0,26952142.7151043
Wake,Cary 3,75886.0,,2023-07-20,,0,
Wake,Cary 3,75886.0,,2023-07-21,115184.84622553445,0,42231139.7257823
Wake,Cary 3,75886.0,,2023-07-22,,0,
Wake,Cary 3,75886.0,,2023-07-23,,0,
Wake,Cary 3,75886.0,,2023-07-24,,0,
Wake,Cary 3,75886.0,,2023-07-25,,0,
Wake,Cary 3,75886.0,,2023-07-26,108472.38542596926,0,39770096.6353115
Wake,Cary 3,75886.0,,2023-07-27,,0,
Wake,Cary 3,75886.0,,2023-07-28,132840.07678407914,0,47113876.0448777
Wake,Cary 3,75886.0,,2023-07-29,,0,
Wake,Cary 3,75886.0,,2023-07-30,,0,
Wake,Cary 3,75886.0,,2023-07-31,,0,
Wake,Cary 3,75886.0,,2023-08-01,,0,
Wake,Cary 3,75886.0,,2023-08-02,166259.20966972024,0,59049445.21335099
Wake,Cary 3,75886.0,,2023-08-03,,0,
Wake,Cary 3,75886.0,,2023-08-04,135779.53601334777,0,46327678.52402939
Wake,Cary 3,75886.0,,2023-08-05,,0,
Wake,Cary 3,75886.0,,2023-08-06,,0,
Wake,Cary 3,75886.0,,2023-08-07,,0,
Wake,Cary 3,75886.0,,2023-08-08,,0,
Wake,Cary 3,75886.0,,2023-08-09,253181.67390235787,0,89163495.153695
Wake,Cary 3,75886.0,,2023-08-10,,0,
Wake,Cary 3,75886.0,,2023-08-11,131002.37097091043,0,44697720.3371011
Wake,Cary 3,75886.0,,2023-08-12,,0,
Wake,Cary 3,75886.0,,2023-08-13,,0,
Wake,Cary 3,75886.0,,2023-08-14,,0,
Wake,Cary 3,75886.0,,2023-08-15,,0,
Wake,Cary 3,75886.0,,2023-08-16,164783.93004173672,0,58443278.8818191
Wake,Cary 3,75886.0,,2023-08-17,,0,
Wake,Cary 3,75886.0,,2023-08-18,204889.2383703935,0,70725391.2797726
Wake,Cary 3,75886.0,,2023-08-19,,0,
Wake,Cary 3,75886.0,,2023-08-20,,0,
Wake,Cary 3,75886.0,,2023-08-21,,0,
Wake,Cary 3,75886.0,,2023-08-22,,0,
Wake,Cary 3,75886.0,,2023-08-23,134859.95402638995,0,46955724.5394543
Wake,Cary 3,75886.0,,2023-08-24,,0,
Wake,Cary 3,75886.0,,2023-08-25,84215.78474371662,0,27389948.2622485
Wake,Cary 3,75886.0,,2023-08-26,,0,
Wake,Cary 3,75886.0,,2023-08-27,,0,
Wake,Cary 3,75886.0,,2023-08-28,,0,
Wake,Cary 3,75886.0,,2023-08-29,,0,
Wake,Cary 3,75886.0,,2023-08-30,162819.9177005076,0,58315243.236011
Wake,Cary 3,75886.0,,2023-08-31,,0,
Wake,Cary 3,75886.0,,2023-09-01,133784.62990941832,0,47048464.5826203
Wake,Cary 3,75886.0,,2023-09-02,,0,
Wake,Cary 3,75886.0,,2023-09-03,,0,
Wake,Cary 3,75886.0,,2023-09-04,,0,
Wake,Cary 3,75886.0,,2023-09-05,,0,
Wake,Cary 3,75886.0,,2023-09-06,123782.38970063548,0,44704119.4913813
Wake,Cary 3,75886.0,,2023-09-07,,0,
Wake,Cary 3,75886.0,,2023-09-08,220140.8639939436,0,75660638.9981923
Wake,Cary 3,75886.0,,2023-09-09,,0,
Wake,Cary 3,75886.0,,2023-09-10,,0,
Wake,Cary 3,75886.0,,2023-09-11,,0,
Wake,Cary 3,75886.0,,2023-09-12,,0,
Wake,Cary 3,75886.0,,2023-09-13,134416.885844004,0,48745929.568421
Wake,Cary 3,75886.0,,2023-09-14,,0,
Wake,Cary 3,75886.0,,2023-09-15,196584.8824299571,0,71290989.7664802
Wake,Cary 3,75886.0,,2023-09-16,,0,
Wake,Cary 3,75886.0,,2023-09-17,,0,
Wake,Cary 3,75886.0,,2023-09-18,,0,
Wake,Cary 3,75886.0,,2023-09-19,,0,
Wake,Cary 3,75886.0,,2023-09-20,116104.1808032768,0,42162791.2470367
Wake,Cary 3,75886.0,,2023-09-21,,0,
Wake,Cary 3,75886.0,,2023-09-22,161549.7743731016,0,54556329.1348051
Wake,Cary 3,75886.0,,2023-09-23,,0,
Wake,Cary 3,75886.0,,2023-09-24,,0,
Wake,Cary 3,75886.0,,2023-09-25,,0,
Wake,Cary 3,75886.0,,2023-09-26,,0,
Wake,Cary 3,75886.0,,2023-09-27,117484.55047366873,0,43074298.6534833
Wake,Cary 3,75886.0,,2023-09-28,,0,
Wake,Cary 3,75886.0,,2023-09-29,149156.6907651145,0,54686508.2964399
Wake,Cary 3,75886.0,,2023-09-30,,0,
Wake,Cary 3,75886.0,,2023-10-01,,0,
Wake,Cary 3,75886.0,,2023-10-02,,0,
Wake,Cary 3,75886.0,,2023-10-03,45843.16742983629,0,16807846.4541342
Wake,Cary 3,75886.0,,2023-10-04,,0,
Wake,Cary 3,75886.0,,2023-10-05,,0,
Wake,Cary 3,75886.0,,2023-10-06,105654.152781611,0,38736825.5021401
Wake,Cary 3,75886.0,,2023-10-07,,0,
Wake,Cary 3,75886.0,,2023-10-08,,0,
Wake,Cary 3,75886.0,,2023-10-09,,0,
Wake,Cary 3,75886.0,,2023-10-10,,0,
Wake,Cary 3,75886.0,,2023-10-11,84574.42639474412,0,31008197.1313388
Wake,Cary 3,75886.0,,2023-10-12,,0,
Wake,Cary 3,75886.0,,2023-10-13,83789.56498275904,0,29215762.6546042
Wake,Cary 3,75886.0,,2023-10-14,,0,
Wake,Cary 3,75886.0,,2023-10-15,,0,
Wake,Cary 3,75886.0,,2023-10-16,,0,
Wake,Cary 3,75886.0,,2023-10-17,,0,
Wake,Cary 3,75886.0,,2023-10-18,97832.0192983872,0,35478524.0880383
Wake,Cary 3,75886.0,,2023-10-19,,0,
Wake,Cary 3,75886.0,,2023-10-20,75019.54945212617,0,26008144.682125
Wake,Cary 3,75886.0,,2023-10-21,,0,
Wake,Cary 3,75886.0,,2023-10-22,,0,
Wake,Cary 3,75886.0,,2023-10-23,,0,
Wake,Cary 3,75886.0,,2023-10-24,,0,
Wake,Cary 3,75886.0,,2023-10-25,59198.20267541913,0,20788889.7808426
Wake,Cary 3,75886.0,,2023-10-26,,0,
Wake,Cary 3,75886.0,,2023-10-27,100380.84279383204,0,34349867.7787569
Wake,Cary 3,75886.0,,2023-10-28,,0,
Wake,Cary 3,75886.0,,2023-10-29,,0,
Wake,Cary 3,75886.0,,2023-10-30,,0,
Wake,Cary 3,75886.0,,2023-10-31,,0,
Wake,Cary 3,75886.0,,2023-11-01,133009.97857303813,0,47704926.40384
Wake,Cary 3,75886.0,,2023-11-02,,0,
Wake,Cary 3,75886.0,,2023-11-03,114015.44105953386,0,38446825.2637704
Wake,Cary 3,75886.0,,2023-11-04,,0,
Wake,Cary 3,75886.0,,2023-11-05,,0,
Wake,Cary 3,75886.0,,2023-11-06,,0,
Wake,Cary 3,75886.0,,2023-11-07,,0,
Wake,Cary 3,75886.0,,2023-11-08,108697.13151688963,0,36978779.6116847
Wake,Cary 3,75886.0,,2023-11-09,,0,
Wake,Cary 3,75886.0,,2023-11-10,121119.2371178089,0,40721441.1571565
Wake,Cary 3,75886.0,,2023-11-11,,0,
Wake,Cary 3,75886.0,,2023-11-12,,0,
Wake,Cary 3,75886.0,,2023-11-13,,0,
Wake,Cary 3,75886.0,,2023-11-14,,0,
Wake,Cary 3,75886.0,,2023-11-15,11971.432662801897,0,4084626.4478310705
Wake,Cary 3,75886.0,,2023-11-16,,0,
Wake,Cary 3,75886.0,,2023-11-17,105671.17298487805,0,34789691.698494
Wake,Cary 3,75886.0,,2023-11-18,,0,
Wake,Cary 3,75886.0,,2023-11-19,,0,
Wake,Cary 3,75886.0,,2023-11-20,,0,
Wake,Cary 3,75886.0,,2023-11-21,,0,
Wake,Cary 3,75886.0,,2023-11-22,216290.43437008501,0,74984626.6944943
Wake,Cary 3,75886.0,,2023-11-23,,0,
Wake,Cary 3,75886.0,,2023-11-24,,0,
Wake,Cary 3,75886.0,,2023-11-25,,0,
Wake,Cary 3,75886.0,,2023-11-26,,0,
Wake,Cary 3,75886.0,,2023-11-27,,0,
Wake,Cary 3,75886.0,,2023-11-28,,0,
Wake,Cary 3,75886.0,,2023-11-29,86788.19044086592,0,31257047.0996606
Wake,Cary 3,75886.0,,2023-11-30,,0,
Wake,Cary 3,75886.0,,2023-12-01,82747.4615924864,0,28398358.311835
Wake,Cary 3,75886.0,,2023-12-02,,0,
Wake,Cary 3,75886.0,,2023-12-03,,0,
Wake,Cary 3,75886.0,,2023-12-04,,0,
Wake,Cary 3,75886.0,,2023-12-05,,0,
Wake,Cary 3,75886.0,,2023-12-06,107415.27638096927,0,38203723.7807404
Wake,Cary 3,75886.0,,2023-12-07,,0,
Wake,Cary 3,75886.0,,2023-12-08,183586.9450696319,0,63738399.0748151
Wake,Cary 3,75886.0,,2023-12-09,,0,
Wake,Cary 3,75886.0,,2023-12-10,,0,
Wake,Cary 3,75886.0,,2023-12-11,,0,
Wake,Cary 3,75886.0,,2023-12-12,,0,
Wake,Cary 3,75886.0,,2023-12-13,144276.7063666204,0,66139643.1085452
Wake,Cary 3,75886.0,,2023-12-14,,0,
Wake,Cary 3,75886.0,,2023-12-15,289086.97653128556,0,105125039.409239
Wake,Cary 3,75886.0,,2023-12-16,,0,
Wake,Cary 3,75886.0,,2023-12-17,,0,
Wake,Cary 3,75886.0,,2023-12-18,,0,
Wake,Cary 3,75886.0,,2023-12-19,,0,
Wake,Cary 3,75886.0,,2023-12-20,238495.28297222182,0,127771558.315251
Wake,Cary 3,75886.0,,2023-12-21,,0,
Wake,Cary 3,75886.0,,2023-12-22,258850.45875949322,0,98390694.628811
Wake,Cary 3,75886.0,,2023-12-23,,0,
Wake,Cary 3,75886.0,,2023-12-24,,0,
Wake,Cary 3,75886.0,,2023-12-25,,0,
Wake,Cary 3,75886.0,,2023-12-26,,0,
Wake,Cary 3,75886.0,,2023-12-27,,0,
Wake,Cary 3,75886.0,,2023-12-28,,0,
Wake,Cary 3,75886.0,,2023-12-29,350527.0317678796,0,167858317.08246
Wake,Cary 3,75886.0,,2023-12-30,,0,
Wake,Cary 3,75886.0,,2023-12-31,,0,
Wake,Cary 3,75886.0,,2024-01-01,,0,
Wake,Cary 3,75886.0,,2024-01-02,,0,
Wake,Cary 3,75886.0,,2024-01-03,455608.82344397204,0,174770682.518993
Wake,Cary 3,75886.0,,2024-01-04,,0,
Wake,Cary 3,75886.0,,2024-01-05,780012.82040746,0,305047815.909441
Wake,Cary 3,75886.0,,2024-01-06,,0,
Wake,Cary 3,75886.0,,2024-01-07,,0,
Wake,Cary 3,75886.0,,2024-01-08,,0,
Wake,Cary 3,75886.0,,2024-01-09,,0,
Wake,Cary 3,75886.0,,2024-01-10,238124.42125913943,0,92175557.9376764
Wake,Cary 3,75886.0,,2024-01-11,,0,
Wake,Cary 3,75886.0,,2024-01-12,317862.7376714672,0,146508123.901084
Wake,Cary 3,75886.0,,2024-01-13,,0,
Wake,Cary 3,75886.0,,2024-01-14,,0,
Wake,Cary 3,75886.0,,2024-01-15,,0,
Wake,Cary 3,75886.0,,2024-01-16,,0,
Wake,Cary 3,75886.0,,2024-01-17,,0,178020456.573826
Wake,Cary 3,75886.0,,2024-01-18,,0,
Wake,Cary 3,75886.0,,2024-01-19,,0,
Wake,Cary 3,75886.0,,2024-01-20,,0,
Wake,Cary 3,75886.0,,2024-01-21,,0,
Wake,Cary 3,75886.0,,2024-01-22,,0,
Wake,Cary 3,75886.0,,2024-01-23,,0,
Wake,Cary 3,75886.0,,2024-01-24,359294.4196616473,0,138900014.435479
Wake,Cary 3,75886.0,,2024-01-25,,0,
Wake,Cary 3,75886.0,,2024-01-26,659118.441556599,0,248233580.139235
Wake,Cary 3,75886.0,,2024-01-27,,0,
Wake,Cary 3,75886.0,,2024-01-28,,0,
Wake,Cary 3,75886.0,,2024-01-29,,0,
Wake,Cary 3,75886.0,,2024-01-30,,0,
Wake,Cary 3,75886.0,,2024-01-31,184154.7501423736,0,70457690.8839465
Wake,Cary 3,75886.0,,2024-02-01,,0,
Wake,Cary 3,75886.0,,2024-02-02,293766.57400051516,0,112981379.396702
Wake,Cary 3,75886.0,,2024-02-03,,0,
Wake,Cary 3,75886.0,,2024-02-04,,0,
Wake,Cary 3,75886.0,,2024-02-05,,0,
Wake,Cary 3,75886.0,,2024-02-06,,0,
Wake,Cary 3,75886.0,,2024-02-07,172792.19195322474,0,64214115.2185783
Wake,Cary 3,75886.0,,2024-02-08,,0,
Wake,Cary 3,75886.0,,2024-02-09,293639.2344357271,0,109856425.233211
Wake,Cary 3,75886.0,,2024-02-10,,0,
Wake,Cary 3,75886.0,,2024-02-11,,0,
Wake,Cary 3,75886.0,,2024-02-12,,0,
Wake,Cary 3,75886.0,,2024-02-13,,0,
Wake,Cary 3,75886.0,,2024-02-14,297015.1511286925,0,118971863.838559
Wake,Cary 3,75886.0,,2024-02-15,,0,
Wake,Cary 3,75886.0,,2024-02-16,157509.80540906024,0,56806235.3236321
Wake,Cary 3,75886.0,,2024-02-17,,0,
Wake,Cary 3,75886.0,,2024-02-18,,0,
Wake,Cary 3,75886.0,,2024-02-19,,0,
Wake,Cary 3,75886.0,,2024-02-20,,0,
Wake,Cary 3,75886.0,,2024-02-21,287253.6161652281,0,106034536.091976
Wake,Cary 3,75886.0,,2024-02-22,,0,
Wake,Cary 3,75886.0,,2024-02-23,392595.9755270041,0,146878159.913546
Wake,Cary 3,75886.0,,2024-02-24,,0,
Wake,Cary 3,75886.0,,2024-02-25,,0,
Wake,Cary 3,75886.0,,2024-02-26,,0,
Wake,Cary 3,75886.0,,2024-02-27,,0,
Wake,Cary 3,75886.0,,2024-02-28,203934.8131143874,0,76601356.7320834
Wake,Cary 3,75886.0,,2024-02-29,,0,
Wake,Cary 3,75886.0,,2024-03-01,198853.77542304812,0,74891220.5838015
Wake,Cary 3,75886.0,,2024-03-02,,0,
Wake,Cary 3,75886.0,,2024-03-03,,0,
Wake,Cary 3,75886.0,,2024-03-04,,0,
Wake,Cary 3,75886.0,,2024-03-05,,0,
Wake,Cary 3,75886.0,,2024-03-06,113413.332549573,0,43957728.9827847
Wake,Cary 3,75886.0,,2024-03-07,,0,
Wake,Cary 3,75886.0,,2024-03-08,178291.7608864752,0,68125571.7591257
Wake,Cary 3,75886.0,,2024-03-09,,0,
Wake,Cary 3,75886.0,,2024-03-10,,0,
Wake,Cary 3,75886.0,,2024-03-11,,0,
Wake,Cary 3,75886.0,,2024-03-12,,0,
Wake,Cary 3,75886.0,,2024-03-13,85039.23800223041,0,33978327.0640761
Wake,Cary 3,75886.0,,2024-03-14,,0,
Wake,Cary 3,75886.0,,2024-03-15,82687.13321914121,0,31017435.8002765
Wake,Cary 3,75886.0,,2024-03-16,,0,
Wake,Cary 3,75886.0,,2024-03-17,,0,
Wake,Cary 3,75886.0,,2024-03-18,,0,
Wake,Cary 3,75886.0,,2024-03-19,,0,
Wake,Cary 3,75886.0,,2024-03-20,72820.67014248091,0,27715921.686458
Wake,Cary 3,75886.0,,2024-03-21,,0,
Wake,Cary 3,75886.0,,2024-03-22,115765.23830580564,0,41404490.2380367
Wake,Cary 3,75886.0,,2024-03-23,,0,
Wake,Cary 3,75886.0,,2024-03-24,,0,
Wake,Cary 3,75886.0,,2024-03-25,,0,
Wake,Cary 3,75886.0,,2024-03-26,,0,
Wake,Cary 3,75886.0,,2024-03-27,50914.932976485456,0,17651438.2318195
Wake,Cary 3,75886.0,,2024-03-28,,0,
Wake,Cary 3,75886.0,,2024-03-29,49753.15869369501,0,19060399.2981417
Wake,Cary 3,75886.0,,2024-03-30,,0,
Wake,Cary 3,75886.0,,2024-03-31,,0,
Wake,Cary 3,75886.0,,2024-04-01,,0,
Wake,Cary 3,75886.0,,2024-04-02,,0,
Wake,Cary 3,75886.0,,2024-04-03,99522.99231835816,0,38772568.8177284
Wake,Cary 3,75886.0,,2024-04-04,,0,
Wake,Cary 3,75886.0,,2024-04-05,74326.17304826071,0,31699908.1010512
Wake,Cary 3,75886.0,,2024-04-06,,0,
Wake,Cary 3,75886.0,,2024-04-07,,0,
Wake,Cary 3,75886.0,,2024-04-08,,0,
Wake,Cary 3,75886.0,,2024-04-09,,0,
Wake,Cary 3,75886.0,,2024-04-10,60795.09519689892,0,22775011.039205305
Wake,Cary 3,75886.0,,2024-04-11,,0,
Wake,Cary 3,75886.0,,2024-04-12,43977.466957522694,0,16387055.6697535
Wake,Cary 3,75886.0,,2024-04-13,,0,
Wake,Cary 3,75886.0,,2024-04-14,,0,
Wake,Cary 3,75886.0,,2024-04-15,,0,
Wake,Cary 3,75886.0,,2024-04-16,,0,
Wake,Cary 3,75886.0,,2024-04-17,41105.06538128845,0,14906643.6809658
Wake,Cary 3,75886.0,,2024-04-18,,0,
Wake,Cary 3,75886.0,,2024-04-19,58611.86569287822,0,20933829.5835827
Wake,Cary 3,75886.0,,2024-04-20,,0,
Wake,Cary 3,75886.0,,2024-04-21,,0,
Wake,Cary 3,75886.0,,2024-04-22,,0,
Wake,Cary 3,75886.0,,2024-04-23,,0,
Wake,Cary 3,75886.0,,2024-04-24,22896.235498439488,0,8954271.58197051
Wake,Cary 3,75886.0,,2024-04-25,,0,
Wake,Cary 3,75886.0,,2024-04-26,48799.307372133844,0,17550885.7429814
Wake,Cary 3,75886.0,,2024-04-27,,0,
Wake,Cary 3,75886.0,,2024-04-28,,0,
Wake,Cary 3,75886.0,,2024-04-29,,0,
Wake,Cary 3,75886.0,,2024-04-30,,0,
Wake,Cary 3,75886.0,,2024-05-01,42271.22425480481,0,15245203.9807951
Wake,Cary 3,75886.0,,2024-05-02,,0,
Wake,Cary 3,75886.0,,2024-05-03,38054.36470496614,0,16244365.119733
Wake,Cary 3,75886.0,,2024-05-04,,0,
Wake,Cary 3,75886.0,,2024-05-05,,0,
Wake,Cary 3,75886.0,,2024-05-06,,0,
Wake,Cary 3,75886.0,,2024-05-07,,0,
Wake,Cary 3,75886.0,,2024-05-08,,0,9505162.81155204
Wake,Cary 3,75886.0,,2024-05-09,,0,
Wake,Cary 3,75886.0,,2024-05-10,46225.33937138804,0,17316900.501014
Wake,Cary 3,75886.0,,2024-05-11,,0,
Wake,Cary 3,75886.0,,2024-05-12,,0,
Wake,Cary 3,75886.0,,2024-05-13,,0,
Wake,Cary 3,75886.0,,2024-05-14,,0,
Wake,Cary 3,75886.0,,2024-05-15,66297.06479173873,0,24439305.2469884
Wake,Raleigh,550000.0,,2021-01-06,59966.6574022598,0,24940865.7151835
Wake,Raleigh,550000.0,,2021-01-07,,0,
Wake,Raleigh,550000.0,,2021-01-08,,0,
Wake,Raleigh,550000.0,,2021-01-09,34477.34763580281,0,13086648.9608951
Wake,Raleigh,550000.0,,2021-01-10,,0,
Wake,Raleigh,550000.0,,2021-01-11,,0,
Wake,Raleigh,550000.0,,2021-01-12,,0,
Wake,Raleigh,550000.0,,2021-01-13,59947.89404140901,0,20010814.1237471
Wake,Raleigh,550000.0,,2021-01-14,,0,
Wake,Raleigh,550000.0,,2021-01-15,,0,
Wake,Raleigh,550000.0,,2021-01-16,46300.64794363036,0,15455316.2312766
Wake,Raleigh,550000.0,,2021-01-17,,0,
Wake,Raleigh,550000.0,,2021-01-18,,0,
Wake,Raleigh,550000.0,,2021-01-19,,0,
Wake,Raleigh,550000.0,,2021-01-20,25561.69008496897,0,8641656.74060391
Wake,Raleigh,550000.0,,2021-01-21,,0,
Wake,Raleigh,550000.0,,2021-01-22,,0,
Wake,Raleigh,550000.0,,2021-01-23,30990.926091357804,0,9986540.14025434
Wake,Raleigh,550000.0,,2021-01-24,,0,
Wake,Raleigh,550000.0,,2021-01-25,,0,
Wake,Raleigh,550000.0,,2021-01-26,,0,
Wake,Raleigh,550000.0,,2021-01-27,31991.209730174305,0,11114734.6141457
Wake,Raleigh,550000.0,,2021-01-28,,0,
Wake,Raleigh,550000.0,,2021-01-29,,0,
Wake,Raleigh,550000.0,,2021-01-30,7595.228765481653,0,2670704.5736704706
Wake,Raleigh,550000.0,,2021-01-31,,0,
Wake,Raleigh,550000.0,,2021-02-01,,0,
Wake,Raleigh,550000.0,,2021-02-02,,0,
Wake,Raleigh,550000.0,,2021-02-03,15564.382416273373,0,5430043.0455183
Wake,Raleigh,550000.0,,2021-02-04,,0,
Wake,Raleigh,550000.0,,2021-02-05,,0,
Wake,Raleigh,550000.0,,2021-02-06,,0,
Wake,Raleigh,550000.0,,2021-02-07,,0,
Wake,Raleigh,550000.0,,2021-02-08,,0,
Wake,Raleigh,550000.0,,2021-02-09,,0,
Wake,Raleigh,550000.0,,2021-02-10,,0,
Wake,Raleigh,550000.0,,2021-02-11,,0,
Wake,Raleigh,550000.0,,2021-02-12,,0,
Wake,Raleigh,550000.0,,2021-02-13,18867.962264113197,0,7822742.780944621
Wake,Raleigh,550000.0,,2021-02-14,,0,
Wake,Raleigh,550000.0,,2021-02-15,,0,
Wake,Raleigh,550000.0,,2021-02-16,,0,
Wake,Raleigh,550000.0,,2021-02-17,11368.81700090209,0,5785538.79922433
Wake,Raleigh,550000.0,,2021-02-18,,0,
Wake,Raleigh,550000.0,,2021-02-19,,0,
Wake,Raleigh,550000.0,,2021-02-20,4623.310502226731,0,2359145.52672739
Wake,Raleigh,550000.0,,2021-02-21,,0,
Wake,Raleigh,550000.0,,2021-02-22,,0,
Wake,Raleigh,550000.0,,2021-02-23,,0,
Wake,Raleigh,550000.0,,2021-02-24,6745.368781616023,0,2722380.01697252
Wake,Raleigh,550000.0,,2021-02-25,,0,
Wake,Raleigh,550000.0,,2021-02-26,,0,
Wake,Raleigh,550000.0,,2021-02-27,5477.225575051671,0,1945555.27817059
Wake,Raleigh,550000.0,,2021-02-28,,0,
Wake,Raleigh,550000.0,,2021-03-01,,0,
Wake,Raleigh,550000.0,,2021-03-02,,0,
Wake,Raleigh,550000.0,,2021-03-03,0.0,0,330985.783077126
Wake,Raleigh,550000.0,,2021-03-04,,0,
Wake,Raleigh,550000.0,,2021-03-05,,0,
Wake,Raleigh,550000.0,,2021-03-06,0.0,0,446357.2803764
Wake,Raleigh,550000.0,,2021-03-07,,0,
Wake,Raleigh,550000.0,,2021-03-08,,0,
Wake,Raleigh,550000.0,,2021-03-09,,0,
Wake,Raleigh,550000.0,,2021-03-10,4898.979485566358,0,1679466.13420665
Wake,Raleigh,550000.0,,2021-03-11,,0,
Wake,Raleigh,550000.0,,2021-03-12,,0,
Wake,Raleigh,550000.0,,2021-03-13,7599.342076785326,0,2606772.41264284
Wake,Raleigh,550000.0,,2021-03-14,,0,
Wake,Raleigh,550000.0,,2021-03-15,,0,
Wake,Raleigh,550000.0,,2021-03-16,,0,
Wake,Raleigh,550000.0,,2021-03-17,0.0,0,525808.532546259
Wake,Raleigh,550000.0,,2021-03-18,,0,
Wake,Raleigh,550000.0,,2021-03-19,,0,
Wake,Raleigh,550000.0,,2021-03-20,19326.148090087685,0,6455125.38830904
Wake,Raleigh,550000.0,,2021-03-21,,0,
Wake,Raleigh,550000.0,,2021-03-22,,0,
Wake,Raleigh,550000.0,,2021-03-23,,0,
Wake,Raleigh,550000.0,,2021-03-24,11357.816691600556,0,3781897.96499296
Wake,Raleigh,550000.0,,2021-03-25,,0,
Wake,Raleigh,550000.0,,2021-03-26,,0,
Wake,Raleigh,550000.0,,2021-03-27,18005.20758003085,0,6161384.91471976
Wake,Raleigh,550000.0,,2021-03-28,,0,
Wake,Raleigh,550000.0,,2021-03-29,,0,
Wake,Raleigh,550000.0,,2021-03-30,,0,
Wake,Raleigh,550000.0,,2021-03-31,0.0,0,627227.363471296
Wake,Raleigh,550000.0,,2021-04-30,,0,
Wake,Raleigh,550000.0,,2021-05-01,3872.98334620742,0,1201385.1954984
Wake,Raleigh,550000.0,,2021-05-02,,0,
Wake,Raleigh,550000.0,,2021-05-03,,0,
Wake,Raleigh,550000.0,,2021-05-04,,0,
Wake,Raleigh,550000.0,,2021-05-05,3992.1798556678355,0,1199068.32069663
Wake,Raleigh,550000.0,,2021-05-06,,0,
Wake,Raleigh,550000.0,,2021-05-07,,0,
Wake,Raleigh,550000.0,,2021-05-08,0.0,0,90179.2337667298
Wake,Raleigh,550000.0,,2021-05-09,,0,
Wake,Raleigh,550000.0,,2021-05-10,,0,
Wake,Raleigh,550000.0,,2021-05-11,,0,
Wake,Raleigh,550000.0,,2021-05-12,0.0,0,90751.8003303283
Wake,Raleigh,550000.0,,2021-05-13,,0,
Wake,Raleigh,550000.0,,2021-05-14,,0,
Wake,Raleigh,550000.0,,2021-05-15,0.0,0,90915.3907770704
Wake,Raleigh,550000.0,,2021-05-16,,0,
Wake,Raleigh,550000.0,,2021-05-17,,0,
Wake,Raleigh,550000.0,,2021-05-18,,0,
Wake,Raleigh,550000.0,,2021-05-19,0.0,0,92387.7047977518
Wake,Raleigh,550000.0,,2021-05-20,,0,
Wake,Raleigh,550000.0,,2021-05-21,,0,
Wake,Raleigh,550000.0,,2021-05-22,0.0,0,376002.478831792
Wake,Raleigh,550000.0,,2021-05-23,,0,
Wake,Raleigh,550000.0,,2021-05-24,,0,
Wake,Raleigh,550000.0,,2021-05-25,,0,
Wake,Raleigh,550000.0,,2021-05-26,0.0,0,96088.9386552978
Wake,Raleigh,550000.0,,2021-05-27,0.0,0,430278.595244469
Wake,Raleigh,550000.0,,2021-05-28,,0,
Wake,Raleigh,550000.0,,2021-05-29,,0,
Wake,Raleigh,550000.0,,2021-05-30,,0,
Wake,Raleigh,550000.0,,2021-05-31,,0,
Wake,Raleigh,550000.0,,2021-06-01,,0,
Wake,Raleigh,550000.0,,2021-06-02,,0,
Wake,Raleigh,550000.0,,2021-06-03,,0,
Wake,Raleigh,550000.0,,2021-06-04,0.0,0,108010.592461648
Wake,Raleigh,550000.0,,2021-06-05,,0,
Wake,Raleigh,550000.0,,2021-06-06,,0,
Wake,Raleigh,550000.0,,2021-06-07,,0,
Wake,Raleigh,550000.0,,2021-06-08,0.0,0,418922.28136115
Wake,Raleigh,550000.0,,2021-06-09,,0,
Wake,Raleigh,550000.0,,2021-06-10,0.0,0,94426.4507402787
Wake,Raleigh,550000.0,,2021-06-11,,0,
Wake,Raleigh,550000.0,,2021-06-12,,0,
Wake,Raleigh,550000.0,,2021-06-13,,0,
Wake,Raleigh,550000.0,,2021-06-14,,0,
Wake,Raleigh,550000.0,,2021-06-15,0.0,0,459031.654051949
Wake,Raleigh,550000.0,,2021-06-16,,0,
Wake,Raleigh,550000.0,,2021-06-17,0.0,0,92796.6809146077
Wake,Raleigh,550000.0,,2021-06-18,,0,
Wake,Raleigh,550000.0,,2021-06-19,,0,
Wake,Raleigh,550000.0,,2021-06-20,,0,
Wake,Raleigh,550000.0,,2021-06-21,,0,
Wake,Raleigh,550000.0,,2021-06-22,0.0,0,411197.424168637
Wake,Raleigh,550000.0,,2021-07-10,0.0,0,423774.578629331
Wake,Raleigh,550000.0,,2021-07-11,,0,
Wake,Raleigh,550000.0,,2021-07-12,,0,
Wake,Raleigh,550000.0,,2021-07-13,,0,
Wake,Raleigh,550000.0,,2021-07-14,9219.544457292901,0,3123837.16085195
Wake,Raleigh,550000.0,,2021-07-15,,0,
Wake,Raleigh,550000.0,,2021-07-16,0.0,0,430419.653989164
Wake,Raleigh,550000.0,,2021-07-17,,0,
Wake,Raleigh,550000.0,,2021-07-18,,0,
Wake,Raleigh,550000.0,,2021-07-19,,0,
Wake,Raleigh,550000.0,,2021-07-20,,0,
Wake,Raleigh,550000.0,,2021-07-21,9117.291264405241,0,3693475.0974094
Wake,Raleigh,550000.0,,2021-07-22,,0,
Wake,Raleigh,550000.0,,2021-07-23,10677.07825203132,0,3649288.75759415
Wake,Raleigh,550000.0,,2021-07-24,,0,
Wake,Raleigh,550000.0,,2021-07-25,,0,
Wake,Raleigh,550000.0,,2021-07-26,,0,
Wake,Raleigh,550000.0,,2021-07-27,,0,
Wake,Raleigh,550000.0,,2021-07-28,18691.57564251875,0,7705872.57670491
Wake,Raleigh,550000.0,,2021-07-29,,0,
Wake,Raleigh,550000.0,,2021-07-30,21752.873373418963,0,7139915.01513185
Wake,Raleigh,550000.0,,2021-07-31,,0,
Wake,Raleigh,550000.0,,2021-08-01,,0,
Wake,Raleigh,550000.0,,2021-08-02,,0,
Wake,Raleigh,550000.0,,2021-08-03,,0,
Wake,Raleigh,550000.0,,2021-08-04,26589.471600616685,0,8579192.21484028
Wake,Raleigh,550000.0,,2021-08-05,,0,
Wake,Raleigh,550000.0,,2021-08-06,35390.676738372786,0,9986695.59407799
Wake,Raleigh,550000.0,,2021-08-07,,0,
Wake,Raleigh,550000.0,,2021-08-08,,0,
Wake,Raleigh,550000.0,,2021-08-09,,0,
Wake,Raleigh,550000.0,,2021-08-10,,0,
Wake,Raleigh,550000.0,,2021-08-11,44665.42286825461,0,14479095.9277647
Wake,Raleigh,550000.0,,2021-08-12,,0,
Wake,Raleigh,550000.0,,2021-08-13,24899.799195977495,0,7944384.5075868
Wake,Raleigh,550000.0,,2021-08-14,,0,
Wake,Raleigh,550000.0,,2021-08-15,,0,
Wake,Raleigh,550000.0,,2021-08-16,,0,
Wake,Raleigh,550000.0,,2021-08-17,,0,
Wake,Raleigh,550000.0,,2021-08-18,37056.54463114443,0,13272456.0803492
Wake,Raleigh,550000.0,,2021-08-19,,0,
Wake,Raleigh,550000.0,,2021-08-20,12502.499750050014,0,3579639.34952674
Wake,Raleigh,550000.0,,2021-08-21,,0,
Wake,Raleigh,550000.0,,2021-08-22,,0,
Wake,Raleigh,550000.0,,2021-08-23,,0,
Wake,Raleigh,550000.0,,2021-08-24,,0,
Wake,Raleigh,550000.0,,2021-08-25,18417.043736713014,0,7161721.94707973
Wake,Raleigh,550000.0,,2021-08-26,,0,
Wake,Raleigh,550000.0,,2021-08-27,22109.104459475533,0,7252275.235701859
Wake,Raleigh,550000.0,,2021-08-28,,0,
Wake,Raleigh,550000.0,,2021-08-29,,0,
Wake,Raleigh,550000.0,,2021-08-30,,0,
Wake,Raleigh,550000.0,,2021-08-31,,0,
Wake,Raleigh,550000.0,,2021-09-01,11045.361017187272,0,3654290.97855585
Wake,Raleigh,550000.0,,2021-09-02,,0,
Wake,Raleigh,550000.0,,2021-09-03,154555.81516073714,0,53548541.8792617
Wake,Raleigh,550000.0,,2021-09-04,,0,
Wake,Raleigh,550000.0,,2021-09-05,,0,
Wake,Raleigh,550000.0,,2021-09-06,,0,
Wake,Raleigh,550000.0,,2021-09-07,,0,
Wake,Raleigh,550000.0,,2021-09-08,,0,
Wake,Raleigh,550000.0,,2021-09-09,,0,
Wake,Raleigh,550000.0,,2021-09-10,,0,
Wake,Raleigh,550000.0,,2021-09-11,24031.229681395867,0,8005167.881564101
Wake,Raleigh,550000.0,,2021-09-12,,0,
Wake,Raleigh,550000.0,,2021-09-13,,0,
Wake,Raleigh,550000.0,,2021-09-14,,0,
Wake,Raleigh,550000.0,,2021-09-15,37296.11239794304,0,12783271.0050625
Wake,Raleigh,550000.0,,2021-09-16,,0,
Wake,Raleigh,550000.0,,2021-09-17,,0,
Wake,Raleigh,550000.0,,2021-09-18,,0,
Wake,Raleigh,550000.0,,2021-09-19,,0,
Wake,Raleigh,550000.0,,2021-09-20,,0,
Wake,Raleigh,550000.0,,2021-09-21,,0,
Wake,Raleigh,550000.0,,2021-09-22,,0,
Wake,Raleigh,550000.0,,2021-09-23,,0,
Wake,Raleigh,550000.0,,2021-09-24,30618.62178478973,0,13191951.9174533
Wake,Raleigh,550000.0,,2021-09-25,,0,
Wake,Raleigh,550000.0,,2021-09-26,,0,
Wake,Raleigh,550000.0,,2021-09-27,,0,
Wake,Raleigh,550000.0,,2021-09-28,,0,
Wake,Raleigh,550000.0,,2021-09-29,22500.0,0,8950750.36363635
Wake,Raleigh,550000.0,,2021-09-30,,0,
Wake,Raleigh,550000.0,,2021-10-01,32151.010870577644,0,10218747.0542821
Wake,Raleigh,550000.0,,2021-10-02,,0,
Wake,Raleigh,550000.0,,2021-10-03,,0,
Wake,Raleigh,550000.0,,2021-10-04,,0,
Wake,Raleigh,550000.0,,2021-10-05,,0,
Wake,Raleigh,550000.0,,2021-10-06,20493.901531919193,0,6343027.89128353
Wake,Raleigh,550000.0,,2021-10-07,,0,
Wake,Raleigh,550000.0,,2021-10-08,,0,
Wake,Raleigh,550000.0,,2021-10-09,,0,
Wake,Raleigh,550000.0,,2021-10-10,,0,
Wake,Raleigh,550000.0,,2021-10-11,,0,
Wake,Raleigh,550000.0,,2021-10-12,,0,
Wake,Raleigh,550000.0,,2021-10-13,,0,
Wake,Raleigh,550000.0,,2021-10-14,,0,
Wake,Raleigh,550000.0,,2021-10-15,20676.073128135315,0,6759440.62348012
Wake,Raleigh,550000.0,,2021-10-16,,0,
Wake,Raleigh,550000.0,,2021-10-17,,0,
Wake,Raleigh,550000.0,,2021-10-18,,0,
Wake,Raleigh,550000.0,,2021-10-19,,0,
Wake,Raleigh,550000.0,,2021-10-20,10928.746497197206,0,4225724.46059225
Wake,Raleigh,550000.0,,2021-10-21,,0,
Wake,Raleigh,550000.0,,2021-10-22,7541.551564499176,0,2317042.38910231
Wake,Raleigh,550000.0,,2021-10-23,,0,
Wake,Raleigh,550000.0,,2021-10-24,,0,
Wake,Raleigh,550000.0,,2021-10-25,,0,
Wake,Raleigh,550000.0,,2021-10-26,,0,
Wake,Raleigh,550000.0,,2021-10-27,3372.6843908080114,0,1005804.28150937
Wake,Raleigh,550000.0,,2021-10-28,,0,
Wake,Raleigh,550000.0,,2021-10-29,,0,
Wake,Raleigh,550000.0,,2021-10-30,,0,
Wake,Raleigh,550000.0,,2021-10-31,,0,
Wake,Raleigh,550000.0,,2021-11-01,,0,
Wake,Raleigh,550000.0,,2021-11-02,,0,
Wake,Raleigh,550000.0,,2021-11-03,4683.748498798799,0,1595365.17994236
Wake,Raleigh,550000.0,,2021-11-04,,0,
Wake,Raleigh,550000.0,,2021-11-05,8249.999999999998,0,2892424.14
Wake,Raleigh,550000.0,,2021-11-06,,0,
Wake,Raleigh,550000.0,,2021-11-07,,0,
Wake,Raleigh,550000.0,,2021-11-08,,0,
Wake,Raleigh,550000.0,,2021-11-09,,0,
Wake,Raleigh,550000.0,,2021-11-10,11385.297536735705,0,3455668.40642575
Wake,Raleigh,550000.0,,2021-11-11,,0,
Wake,Raleigh,550000.0,,2021-11-12,,0,
Wake,Raleigh,550000.0,,2021-11-13,,0,
Wake,Raleigh,550000.0,,2021-11-14,,0,
Wake,Raleigh,550000.0,,2021-11-15,,0,
Wake,Raleigh,550000.0,,2021-11-16,,0,
Wake,Raleigh,550000.0,,2021-11-17,,0,
Wake,Raleigh,550000.0,,2021-11-18,,0,
Wake,Raleigh,550000.0,,2021-11-19,0.0,0,92387.7047977518
Wake,Raleigh,550000.0,,2021-11-20,,0,
Wake,Raleigh,550000.0,,2021-11-21,,0,
Wake,Raleigh,550000.0,,2021-11-22,,0,
Wake,Raleigh,550000.0,,2021-11-23,,0,
Wake,Raleigh,550000.0,,2021-11-24,18582.58593414814,0,6330826.87156118
Wake,Raleigh,550000.0,,2021-11-25,,0,
Wake,Raleigh,550000.0,,2021-11-26,0.0,0,1033271.93379131
Wake,Raleigh,550000.0,,2021-11-27,,0,
Wake,Raleigh,550000.0,,2021-11-28,,0,
Wake,Raleigh,550000.0,,2021-11-29,,0,
Wake,Raleigh,550000.0,,2021-11-30,,0,
Wake,Raleigh,550000.0,,2021-12-01,,0,
Wake,Raleigh,550000.0,,2021-12-02,,0,
Wake,Raleigh,550000.0,,2021-12-03,6928.203230275505,0,2138612.76323388
Wake,Raleigh,550000.0,,2021-12-04,,0,
Wake,Raleigh,550000.0,,2021-12-05,,0,
Wake,Raleigh,550000.0,,2021-12-06,,0,
Wake,Raleigh,550000.0,,2021-12-07,,0,
Wake,Raleigh,550000.0,,2021-12-08,28956.86447114055,0,9374927.86679336
Wake,Raleigh,550000.0,,2021-12-09,,0,
Wake,Raleigh,550000.0,,2021-12-10,23848.480035423687,0,8303753.95952184
Wake,Raleigh,550000.0,,2021-12-11,,0,
Wake,Raleigh,550000.0,,2021-12-12,,0,
Wake,Raleigh,550000.0,,2021-12-13,,0,
Wake,Raleigh,550000.0,,2021-12-14,,0,
Wake,Raleigh,550000.0,,2021-12-15,30724.582991474435,0,9885911.09875381
Wake,Raleigh,550000.0,,2021-12-16,,0,
Wake,Raleigh,550000.0,,2021-12-17,69821.20021884466,0,21235397.7456706
Wake,Raleigh,550000.0,,2021-12-18,,0,
Wake,Raleigh,550000.0,,2021-12-19,,0,
Wake,Raleigh,550000.0,,2021-12-20,,0,
Wake,Raleigh,550000.0,,2021-12-21,,0,
Wake,Raleigh,550000.0,,2021-12-22,,0,
Wake,Raleigh,550000.0,,2021-12-23,,0,
Wake,Raleigh,550000.0,,2021-12-24,58736.7006223537,0,18183525.3745143
Wake,Raleigh,550000.0,,2021-12-25,,0,
Wake,Raleigh,550000.0,,2021-12-26,,0,
Wake,Raleigh,550000.0,,2021-12-27,,0,
Wake,Raleigh,550000.0,,2021-12-28,,0,
Wake,Raleigh,550000.0,,2021-12-29,,0,
Wake,Raleigh,550000.0,,2021-12-30,,0,
Wake,Raleigh,550000.0,,2021-12-31,,0,
Wake,Raleigh,550000.0,,2022-01-01,,0,
Wake,Raleigh,550000.0,,2022-01-02,,0,
Wake,Raleigh,550000.0,,2022-01-03,,0,
Wake,Raleigh,550000.0,,2022-01-04,,0,
Wake,Raleigh,550000.0,,2022-01-18,,0,
Wake,Raleigh,550000.0,,2022-01-19,,0,
Wake,Raleigh,550000.0,,2022-01-20,110198.68420267082,0,39469605.4570333
Wake,Raleigh,550000.0,,2022-01-21,,0,
Wake,Raleigh,550000.0,,2022-01-22,424816.1366991601,0,140869472.738223
Wake,Raleigh,550000.0,,2022-01-23,,0,
Wake,Raleigh,550000.0,,2022-01-24,,0,
Wake,Raleigh,550000.0,,2022-01-25,,0,
Wake,Raleigh,550000.0,,2022-01-26,732290.9257938396,0,267222156.3962
Wake,Raleigh,550000.0,,2022-01-27,,0,
Wake,Raleigh,550000.0,,2022-01-28,219985.79499594984,0,72599284.0921984
Wake,Raleigh,550000.0,,2022-01-29,,0,
Wake,Raleigh,550000.0,,2022-01-30,,0,
Wake,Raleigh,550000.0,,2022-01-31,,0,
Wake,Raleigh,550000.0,,2022-02-01,,0,
Wake,Raleigh,550000.0,,2022-02-02,65812.23290544096,0,20985436.8599582
Wake,Raleigh,550000.0,,2022-02-03,,0,
Wake,Raleigh,550000.0,,2022-02-04,40847.27653100024,0,13193582.8320735
Wake,Raleigh,550000.0,,2022-02-05,,0,
Wake,Raleigh,550000.0,,2022-02-06,,0,
Wake,Raleigh,550000.0,,2022-02-07,,0,
Wake,Raleigh,550000.0,,2022-02-08,,0,
Wake,Raleigh,550000.0,,2022-02-09,22271.057451320128,0,8749311.74330008
Wake,Raleigh,550000.0,,2022-02-10,,0,
Wake,Raleigh,550000.0,,2022-02-11,55509.00827793625,0,18414485.7397844
Wake,Raleigh,550000.0,,2022-02-12,,0,
Wake,Raleigh,550000.0,,2022-02-13,,0,
Wake,Raleigh,550000.0,,2022-02-14,,0,
Wake,Raleigh,550000.0,,2022-02-15,,0,
Wake,Raleigh,550000.0,,2022-02-16,38713.69266809877,0,12144734.002278
Wake,Raleigh,550000.0,,2022-02-17,,0,
Wake,Raleigh,550000.0,,2022-02-18,41124.810029956374,0,11689691.3602717
Wake,Raleigh,550000.0,,2022-02-19,,0,
Wake,Raleigh,550000.0,,2022-02-20,,0,
Wake,Raleigh,550000.0,,2022-02-21,,0,
Wake,Raleigh,550000.0,,2022-02-22,,0,
Wake,Raleigh,550000.0,,2022-02-23,15000.000000000011,0,4954400.34545454
Wake,Raleigh,550000.0,,2022-02-24,,0,
Wake,Raleigh,550000.0,,2022-02-25,11224.972160321824,0,3617143.76401135
Wake,Raleigh,550000.0,,2022-02-26,,0,
Wake,Raleigh,550000.0,,2022-02-27,,0,
Wake,Raleigh,550000.0,,2022-02-28,,0,
Wake,Raleigh,550000.0,,2022-03-01,,0,
Wake,Raleigh,550000.0,,2022-03-02,5916.079783099622,0,1973586.33832457
Wake,Raleigh,550000.0,,2022-03-03,,0,
Wake,Raleigh,550000.0,,2022-03-04,0.0,0,96272.977907883
Wake,Raleigh,550000.0,,2022-03-05,,0,
Wake,Raleigh,550000.0,,2022-03-06,,0,
Wake,Raleigh,550000.0,,2022-03-07,,0,
Wake,Raleigh,550000.0,,2022-03-08,,0,
Wake,Raleigh,550000.0,,2022-03-09,6324.555320336765,0,2051523.63031559
Wake,Raleigh,550000.0,,2022-03-10,,0,
Wake,Raleigh,550000.0,,2022-03-11,0.0,0,484935.232039451
Wake,Raleigh,550000.0,,2022-03-12,,0,
Wake,Raleigh,550000.0,,2022-03-13,,0,
Wake,Raleigh,550000.0,,2022-03-14,,0,
Wake,Raleigh,550000.0,,2022-03-15,,0,
Wake,Raleigh,550000.0,,2022-03-16,7745.96669241484,0,2536050.31062165
Wake,Raleigh,550000.0,,2022-03-17,,0,
Wake,Raleigh,550000.0,,2022-03-18,0.0,0,522059.08437147
Wake,Raleigh,550000.0,,2022-03-19,,0,
Wake,Raleigh,550000.0,,2022-03-20,,0,
Wake,Raleigh,550000.0,,2022-03-21,,0,
Wake,Raleigh,550000.0,,2022-03-22,,0,
Wake,Raleigh,550000.0,,2022-03-23,0.0,0,392766.647249024
Wake,Raleigh,550000.0,,2022-03-24,,0,
Wake,Raleigh,550000.0,,2022-03-25,7097.5347832891985,0,2713079.33397733
Wake,Raleigh,550000.0,,2022-03-26,,0,
Wake,Raleigh,550000.0,,2022-03-27,,0,
Wake,Raleigh,550000.0,,2022-03-28,,0,
Wake,Raleigh,550000.0,,2022-03-29,,0,
Wake,Raleigh,550000.0,,2022-03-30,3708.099243547835,0,1236755.4908299
Wake,Raleigh,550000.0,,2022-03-31,,0,
Wake,Raleigh,550000.0,,2022-04-01,6495.190528383287,0,2127883.93666247
Wake,Raleigh,550000.0,,2022-04-02,,0,
Wake,Raleigh,550000.0,,2022-04-03,,0,
Wake,Raleigh,550000.0,,2022-04-04,,0,
Wake,Raleigh,550000.0,,2022-04-05,,0,
Wake,Raleigh,550000.0,,2022-04-06,12710.723818886174,0,4374981.54352731
Wake,Raleigh,550000.0,,2022-04-07,,0,
Wake,Raleigh,550000.0,,2022-04-08,17755.280904564705,0,5818014.74255197
Wake,Raleigh,550000.0,,2022-04-09,,0,
Wake,Raleigh,550000.0,,2022-04-10,,0,
Wake,Raleigh,550000.0,,2022-04-11,,0,
Wake,Raleigh,550000.0,,2022-04-12,,0,
Wake,Raleigh,550000.0,,2022-04-13,9185.586535436922,0,2925199.43396438
Wake,Raleigh,550000.0,,2022-04-14,,0,
Wake,Raleigh,550000.0,,2022-04-15,10250.000000000013,0,3109671.68727272
Wake,Raleigh,550000.0,,2022-04-16,,0,
Wake,Raleigh,550000.0,,2022-04-17,,0,
Wake,Raleigh,550000.0,,2022-04-18,,0,
Wake,Raleigh,550000.0,,2022-04-19,,0,
Wake,Raleigh,550000.0,,2022-04-20,23250.000000000007,0,9340319.64272726
Wake,Raleigh,550000.0,,2022-04-21,,0,
Wake,Raleigh,550000.0,,2022-04-22,20751.50596944713,0,6942634.92976142
Wake,Raleigh,550000.0,,2022-04-23,,0,
Wake,Raleigh,550000.0,,2022-04-24,,0,
Wake,Raleigh,550000.0,,2022-04-25,,0,
Wake,Raleigh,550000.0,,2022-04-26,,0,
Wake,Raleigh,550000.0,,2022-04-27,46578.562665672696,0,14717785.3219509
Wake,Raleigh,550000.0,,2022-04-28,,0,
Wake,Raleigh,550000.0,,2022-04-29,48107.95152570933,0,18800151.160861295
Wake,Raleigh,550000.0,,2022-04-30,,0,
Wake,Raleigh,550000.0,,2022-05-01,,0,
Wake,Raleigh,550000.0,,2022-05-02,,0,
Wake,Raleigh,550000.0,,2022-05-03,,0,
Wake,Raleigh,550000.0,,2022-05-04,43738.569935470005,0,14223794.8717157
Wake,Raleigh,550000.0,,2022-05-05,,0,
Wake,Raleigh,550000.0,,2022-05-06,40569.38500889562,0,12643110.4155888
Wake,Raleigh,550000.0,,2022-05-07,,0,
Wake,Raleigh,550000.0,,2022-05-08,,0,
Wake,Raleigh,550000.0,,2022-05-09,,0,
Wake,Raleigh,550000.0,,2022-05-10,,0,
Wake,Raleigh,550000.0,,2022-05-11,89965.27107723296,0,27510614.699894
Wake,Raleigh,550000.0,,2022-05-12,,0,
Wake,Raleigh,550000.0,,2022-05-13,54999.99999999997,0,18961068.6
Wake,Raleigh,550000.0,,2022-05-14,,0,
Wake,Raleigh,550000.0,,2022-05-15,,0,
Wake,Raleigh,550000.0,,2022-05-16,,0,
Wake,Raleigh,550000.0,,2022-05-17,,0,
Wake,Raleigh,550000.0,,2022-05-18,71807.03308172537,0,23771749.6356832
Wake,Raleigh,550000.0,,2022-05-19,,0,
Wake,Raleigh,550000.0,,2022-05-20,91651.51389911673,0,28019945.4554605
Wake,Raleigh,550000.0,,2022-05-21,,0,
Wake,Raleigh,550000.0,,2022-05-22,,0,
Wake,Raleigh,550000.0,,2022-05-23,,0,
Wake,Raleigh,550000.0,,2022-05-24,,0,
Wake,Raleigh,550000.0,,2022-05-25,48605.55523805892,0,16177868.0565062
Wake,Raleigh,550000.0,,2022-05-26,,0,
Wake,Raleigh,550000.0,,2022-05-27,64807.40698407861,0,19937984.6188538
Wake,Raleigh,550000.0,,2022-05-28,,0,
Wake,Raleigh,550000.0,,2022-05-29,,0,
Wake,Raleigh,550000.0,,2022-05-30,,0,
Wake,Raleigh,550000.0,,2022-05-31,,0,
Wake,Raleigh,550000.0,,2022-06-01,,0,
Wake,Raleigh,550000.0,,2022-06-02,25741.50345259579,0,7118572.7753977
Wake,Raleigh,550000.0,,2022-06-03,,0,
Wake,Raleigh,550000.0,,2022-06-04,83179.02379807076,0,28103210.7026859
Wake,Raleigh,550000.0,,2022-06-05,,0,
Wake,Raleigh,550000.0,,2022-06-06,,0,
Wake,Raleigh,550000.0,,2022-06-07,,0,
Wake,Raleigh,550000.0,,2022-06-08,107529.06583803284,0,35375522.0624604
Wake,Raleigh,550000.0,,2022-06-09,,0,
Wake,Raleigh,550000.0,,2022-06-10,17961.764946686064,0,6751033.66407967
Wake,Raleigh,550000.0,,2022-06-11,,0,
Wake,Raleigh,550000.0,,2022-06-12,,0,
Wake,Raleigh,550000.0,,2022-06-13,,0,
Wake,Raleigh,550000.0,,2022-06-14,,0,
Wake,Raleigh,550000.0,,2022-06-15,20248.45673131658,0,5614851.62142025
Wake,Raleigh,550000.0,,2022-06-16,,0,
Wake,Raleigh,550000.0,,2022-06-17,34967.84236981173,0,10618261.7722817
Wake,Raleigh,550000.0,,2022-06-18,,0,
Wake,Raleigh,550000.0,,2022-06-19,,0,
Wake,Raleigh,550000.0,,2022-06-20,,0,
Wake,Raleigh,550000.0,,2022-06-21,,0,
Wake,Raleigh,550000.0,,2022-06-22,,0,
Wake,Raleigh,550000.0,,2022-06-23,,0,
Wake,Raleigh,550000.0,,2022-06-24,,0,
Wake,Raleigh,550000.0,,2022-06-25,30186.917696247154,0,9291153.89967737
Wake,Raleigh,550000.0,,2022-06-26,,0,
Wake,Raleigh,550000.0,,2022-06-27,,0,
Wake,Raleigh,550000.0,,2022-06-28,,0,
Wake,Raleigh,550000.0,,2022-06-29,32017.57329967403,0,10357032.9682246
Wake,Raleigh,550000.0,,2022-06-30,,0,
Wake,Raleigh,550000.0,,2022-07-01,24230.66239292688,0,7808107.50535766
Wake,Raleigh,550000.0,,2022-07-02,,0,
Wake,Raleigh,550000.0,,2022-07-03,,0,
Wake,Raleigh,550000.0,,2022-07-04,,0,
Wake,Raleigh,550000.0,,2022-07-05,,0,
Wake,Raleigh,550000.0,,2022-07-06,,0,
Wake,Raleigh,550000.0,,2022-07-07,42071.3679359253,0,13331255.023166
Wake,Raleigh,550000.0,,2022-07-08,,0,
Wake,Raleigh,550000.0,,2022-07-09,44362.14602563766,0,14139576.9690108
Wake,Raleigh,550000.0,,2022-07-10,,0,
Wake,Raleigh,550000.0,,2022-07-11,,0,
Wake,Raleigh,550000.0,,2022-07-12,,0,
Wake,Raleigh,550000.0,,2022-07-13,34489.128721961046,0,11420014.8431679
Wake,Raleigh,550000.0,,2022-07-14,,0,
Wake,Raleigh,550000.0,,2022-07-15,41352.14625627071,0,13410730.1969845
Wake,Raleigh,550000.0,,2022-07-16,,0,
Wake,Raleigh,550000.0,,2022-07-17,,0,
Wake,Raleigh,550000.0,,2022-07-18,,0,
Wake,Raleigh,550000.0,,2022-07-19,,0,
Wake,Raleigh,550000.0,,2022-07-20,27872.477464337513,0,8843528.64094636
Wake,Raleigh,550000.0,,2022-07-21,,0,
Wake,Raleigh,550000.0,,2022-07-22,50193.37605700576,0,14308878.3221431
Wake,Raleigh,550000.0,,2022-07-23,,0,
Wake,Raleigh,550000.0,,2022-07-24,,0,
Wake,Raleigh,550000.0,,2022-07-25,,0,
Wake,Raleigh,550000.0,,2022-07-26,,0,
Wake,Raleigh,550000.0,,2022-07-27,36336.10463437159,0,12131618.1005961
Wake,Raleigh,550000.0,,2022-07-28,,0,
Wake,Raleigh,550000.0,,2022-07-29,68373.97165588671,0,21661118.1291892
Wake,Raleigh,550000.0,,2022-07-30,,0,
Wake,Raleigh,550000.0,,2022-07-31,,0,
Wake,Raleigh,550000.0,,2022-08-01,,0,
Wake,Raleigh,550000.0,,2022-08-02,,0,
Wake,Raleigh,550000.0,,2022-08-03,46636.895265444095,0,14550048.4005509
Wake,Raleigh,550000.0,,2022-08-04,,0,
Wake,Raleigh,550000.0,,2022-08-05,71151.24735378857,0,24666274.329805
Wake,Raleigh,550000.0,,2022-08-06,,0,
Wake,Raleigh,550000.0,,2022-08-07,,0,
Wake,Raleigh,550000.0,,2022-08-08,,0,
Wake,Raleigh,550000.0,,2022-08-09,,0,
Wake,Raleigh,550000.0,,2022-08-10,52863.3261344763,0,14629774.9914094
Wake,Raleigh,550000.0,,2022-08-11,,0,
Wake,Raleigh,550000.0,,2022-08-12,53244.71804789662,0,19788796.3776716
Wake,Raleigh,550000.0,,2022-08-13,,0,
Wake,Raleigh,550000.0,,2022-08-14,,0,
Wake,Raleigh,550000.0,,2022-08-15,,0,
Wake,Raleigh,550000.0,,2022-08-16,,0,
Wake,Raleigh,550000.0,,2022-08-17,38082.96863428588,0,12316443.7678398
Wake,Raleigh,550000.0,,2022-08-18,,0,
Wake,Raleigh,550000.0,,2022-08-19,31913.946794465865,0,9994038.11983196
Wake,Raleigh,550000.0,,2022-08-20,,0,
Wake,Raleigh,550000.0,,2022-08-21,,0,
Wake,Raleigh,550000.0,,2022-08-22,,0,
Wake,Raleigh,550000.0,,2022-08-23,,0,
Wake,Raleigh,550000.0,,2022-08-24,25237.62072779447,0,8285445.725986859
Wake,Raleigh,550000.0,,2022-08-25,,0,
Wake,Raleigh,550000.0,,2022-08-26,31122.740881869664,0,9502075.19110258
Wake,Raleigh,550000.0,,2022-08-27,,0,
Wake,Raleigh,550000.0,,2022-08-28,,0,
Wake,Raleigh,550000.0,,2022-08-29,,0,
Wake,Raleigh,550000.0,,2022-08-30,,0,
Wake,Raleigh,550000.0,,2022-08-31,40859.51541562867,0,15720056.6903209
Wake,Raleigh,550000.0,,2022-09-01,,0,
Wake,Raleigh,550000.0,,2022-09-02,38175.58120055282,0,14006945.1655128
Wake,Raleigh,550000.0,,2022-09-03,,0,
Wake,Raleigh,550000.0,,2022-09-04,,0,
Wake,Raleigh,550000.0,,2022-09-05,,0,
Wake,Raleigh,550000.0,,2022-09-06,,0,
Wake,Raleigh,550000.0,,2022-09-07,,0,
Wake,Raleigh,550000.0,,2022-09-08,39957.008146256354,0,12666772.8960232
Wake,Raleigh,550000.0,,2022-09-09,,0,
Wake,Raleigh,550000.0,,2022-09-10,25099.800796022297,0,8209104.70463389
Wake,Raleigh,550000.0,,2022-09-11,,0,
Wake,Raleigh,550000.0,,2022-09-12,,0,
Wake,Raleigh,550000.0,,2022-09-13,,0,
Wake,Raleigh,550000.0,,2022-09-14,18401.766219577934,0,6338882.1721307
Wake,Raleigh,550000.0,,2022-09-15,,0,
Wake,Raleigh,550000.0,,2022-09-16,71545.44010627088,0,22690471.3849437
Wake,Raleigh,550000.0,,2022-09-17,,0,
Wake,Raleigh,550000.0,,2022-09-18,,0,
Wake,Raleigh,550000.0,,2022-09-19,,0,
Wake,Raleigh,550000.0,,2022-09-20,,0,
Wake,Raleigh,550000.0,,2022-09-21,7745.96669241484,0,2479006.50502221
Wake,Raleigh,550000.0,,2022-09-22,,0,
Wake,Raleigh,550000.0,,2022-09-23,10037.429949942361,0,3152260.38724093
Wake,Raleigh,550000.0,,2022-09-24,,0,
Wake,Raleigh,550000.0,,2022-09-25,,0,
Wake,Raleigh,550000.0,,2022-09-26,,0,
Wake,Raleigh,550000.0,,2022-09-27,18998.355191963332,0,6014823.9858332
Wake,Raleigh,550000.0,,2022-09-28,,0,
Wake,Raleigh,550000.0,,2022-09-29,,0,
Wake,Raleigh,550000.0,,2022-09-30,17705.93120962577,0,5408230.07309221
Wake,Raleigh,550000.0,,2022-10-01,,0,
Wake,Raleigh,550000.0,,2022-10-02,,0,
Wake,Raleigh,550000.0,,2022-10-03,,0,
Wake,Raleigh,550000.0,,2022-10-04,,0,
Wake,Raleigh,550000.0,,2022-10-05,10313.825672368152,0,3421495.02681597
Wake,Raleigh,550000.0,,2022-10-06,,0,
Wake,Raleigh,550000.0,,2022-10-07,13581.27721849608,0,5234530.43607656
Wake,Raleigh,550000.0,,2022-10-08,,0,
Wake,Raleigh,550000.0,,2022-10-09,,0,
Wake,Raleigh,550000.0,,2022-10-10,,0,
Wake,Raleigh,550000.0,,2022-10-11,,0,
Wake,Raleigh,550000.0,,2022-10-12,14041.067587872985,0,4287840.74555517
Wake,Raleigh,550000.0,,2022-10-13,,0,
Wake,Raleigh,550000.0,,2022-10-14,23858.96058088031,0,7236751.47727785
Wake,Raleigh,550000.0,,2022-10-15,,0,
Wake,Raleigh,550000.0,,2022-10-16,,0,
Wake,Raleigh,550000.0,,2022-10-17,,0,
Wake,Raleigh,550000.0,,2022-10-18,,0,
Wake,Raleigh,550000.0,,2022-10-19,51599.41860137575,0,15711187.6164402
Wake,Raleigh,550000.0,,2022-10-20,,0,
Wake,Raleigh,550000.0,,2022-10-21,30112.289849827117,0,8922078.21635254
Wake,Raleigh,550000.0,,2022-10-22,,0,
Wake,Raleigh,550000.0,,2022-10-23,,0,
Wake,Raleigh,550000.0,,2022-10-24,,0,
Wake,Raleigh,550000.0,,2022-10-25,,0,
Wake,Raleigh,550000.0,,2022-10-26,19557.607215607943,0,6121886.36686945
Wake,Raleigh,550000.0,,2022-10-27,,0,
Wake,Raleigh,550000.0,,2022-10-28,11219.402836158433,0,3552030.29966495
Wake,Raleigh,550000.0,,2022-10-29,,0,
Wake,Raleigh,550000.0,,2022-10-30,,0,
Wake,Raleigh,550000.0,,2022-10-31,,0,
Wake,Raleigh,550000.0,,2022-11-01,,0,
Wake,Raleigh,550000.0,,2022-11-02,14195.069566578397,0,6218491.16340142
Wake,Raleigh,550000.0,,2022-11-03,,0,
Wake,Raleigh,550000.0,,2022-11-04,10618.38029079765,0,3369056.45873347
Wake,Raleigh,550000.0,,2022-11-05,,0,
Wake,Raleigh,550000.0,,2022-11-06,,0,
Wake,Raleigh,550000.0,,2022-11-07,,0,
Wake,Raleigh,550000.0,,2022-11-08,,0,
Wake,Raleigh,550000.0,,2022-11-09,15190.457530963333,0,4809254.66388106
Wake,Raleigh,550000.0,,2022-11-10,,0,
Wake,Raleigh,550000.0,,2022-11-11,15467.708298258023,0,4578724.40599206
Wake,Raleigh,550000.0,,2022-11-12,,0,
Wake,Raleigh,550000.0,,2022-11-13,,0,
Wake,Raleigh,550000.0,,2022-11-14,,0,
Wake,Raleigh,550000.0,,2022-11-15,,0,
Wake,Raleigh,550000.0,,2022-11-16,19943.670675179106,0,7309266.4624656
Wake,Raleigh,550000.0,,2022-11-17,,0,
Wake,Raleigh,550000.0,,2022-11-18,48062.45936279165,0,15031191.2619121
Wake,Raleigh,550000.0,,2022-11-19,,0,
Wake,Raleigh,550000.0,,2022-11-20,,0,
Wake,Raleigh,550000.0,,2022-11-21,,0,
Wake,Raleigh,550000.0,,2022-11-22,,0,
Wake,Raleigh,550000.0,,2022-11-23,25157.006976188604,0,7315344.309588729
Wake,Raleigh,550000.0,,2022-11-24,,0,
Wake,Raleigh,550000.0,,2022-11-25,,0,
Wake,Raleigh,550000.0,,2022-11-26,,0,
Wake,Raleigh,550000.0,,2022-11-27,,0,
Wake,Raleigh,550000.0,,2022-11-28,,0,
Wake,Raleigh,550000.0,,2022-11-29,,0,
Wake,Raleigh,550000.0,,2022-11-30,24186.773244895627,0,8821063.34594668
Wake,Raleigh,550000.0,,2022-12-01,,0,
Wake,Raleigh,550000.0,,2022-12-02,26764.01502017211,0,8657613.84635617
Wake,Raleigh,550000.0,,2022-12-03,,0,
Wake,Raleigh,550000.0,,2022-12-04,,0,
Wake,Raleigh,550000.0,,2022-12-05,,0,
Wake,Raleigh,550000.0,,2022-12-06,,0,
Wake,Raleigh,550000.0,,2022-12-07,18294.466376475728,0,5930478.58056941
Wake,Raleigh,550000.0,,2022-12-08,,0,
Wake,Raleigh,550000.0,,2022-12-09,64696.406391700104,0,20326847.4706766
Wake,Raleigh,550000.0,,2022-12-10,,0,
Wake,Raleigh,550000.0,,2022-12-11,,0,
Wake,Raleigh,550000.0,,2022-12-12,,0,
Wake,Raleigh,550000.0,,2022-12-13,,0,
Wake,Raleigh,550000.0,,2022-12-14,67175.14421272202,0,19464344.9036535
Wake,Raleigh,550000.0,,2022-12-15,,0,
Wake,Raleigh,550000.0,,2022-12-16,58137.767414994494,0,23608013.7847099
Wake,Raleigh,550000.0,,2022-12-17,,0,
Wake,Raleigh,550000.0,,2022-12-18,,0,
Wake,Raleigh,550000.0,,2022-12-19,,0,
Wake,Raleigh,550000.0,,2022-12-20,,0,
Wake,Raleigh,550000.0,,2022-12-21,65287.82428600302,0,21568628.0772859
Wake,Raleigh,550000.0,,2022-12-22,,0,
Wake,Raleigh,550000.0,,2022-12-23,98075.22622966522,0,30658827.1371185
Wake,Raleigh,550000.0,,2022-12-24,,0,
Wake,Raleigh,550000.0,,2022-12-25,,0,
Wake,Raleigh,550000.0,,2022-12-26,,0,
Wake,Raleigh,550000.0,,2022-12-27,,0,
Wake,Raleigh,550000.0,,2022-12-28,,0,
Wake,Raleigh,550000.0,,2022-12-29,211068.70919205432,0,71181809.2672808
Wake,Raleigh,550000.0,,2022-12-30,,0,
Wake,Raleigh,550000.0,,2022-12-31,180052.07580030864,0,50683958.7715281
Wake,Raleigh,550000.0,,2023-01-01,,0,
Wake,Raleigh,550000.0,,2023-01-02,,0,
Wake,Raleigh,550000.0,,2023-01-03,,0,
Wake,Raleigh,550000.0,,2023-01-04,,0,
Wake,Raleigh,550000.0,,2023-01-05,111186.77978968562,0,37497155.2265051
Wake,Raleigh,550000.0,,2023-01-06,,0,
Wake,Raleigh,550000.0,,2023-01-07,200265.4488422803,0,51136267.626845
Wake,Raleigh,550000.0,,2023-01-08,,0,
Wake,Raleigh,550000.0,,2023-01-09,,0,
Wake,Raleigh,550000.0,,2023-01-10,,0,
Wake,Raleigh,550000.0,,2023-01-11,24000.0,0,8638971.05454547
Wake,Raleigh,550000.0,,2023-01-12,,0,
Wake,Raleigh,550000.0,,2023-01-13,29250.00000000006,0,9612765.20454542
Wake,Raleigh,550000.0,,2023-01-14,,0,
Wake,Raleigh,550000.0,,2023-01-15,,0,
Wake,Raleigh,550000.0,,2023-01-16,,0,
Wake,Raleigh,550000.0,,2023-01-17,,0,
Wake,Raleigh,550000.0,,2023-01-18,61466.45426572124,0,18647852.93143
Wake,Raleigh,550000.0,,2023-01-19,,0,
Wake,Raleigh,550000.0,,2023-01-20,37464.98365140442,0,11838097.9342272
Wake,Raleigh,550000.0,,2023-01-21,,0,
Wake,Raleigh,550000.0,,2023-01-22,,0,
Wake,Raleigh,550000.0,,2023-01-23,,0,
Wake,Raleigh,550000.0,,2023-01-24,,0,
Wake,Raleigh,550000.0,,2023-01-25,35090.062695868735,0,11664882.3577961
Wake,Raleigh,550000.0,,2023-01-26,,0,
Wake,Raleigh,550000.0,,2023-01-27,68647.65108872992,0,22914823.079849
Wake,Raleigh,550000.0,,2023-01-28,,0,
Wake,Raleigh,550000.0,,2023-01-29,,0,
Wake,Raleigh,550000.0,,2023-01-30,,0,
Wake,Raleigh,550000.0,,2023-01-31,,0,
Wake,Raleigh,550000.0,,2023-02-01,59947.89404140901,0,21331115.2618088
Wake,Raleigh,550000.0,,2023-02-02,,0,
Wake,Raleigh,550000.0,,2023-02-03,30692.01850644561,0,12513810.9462703
Wake,Raleigh,550000.0,,2023-02-04,,0,
Wake,Raleigh,550000.0,,2023-02-05,,0,
Wake,Raleigh,550000.0,,2023-02-06,,0,
Wake,Raleigh,550000.0,,2023-02-07,,0,
Wake,Raleigh,550000.0,,2023-02-08,20054.612935681405,0,7021422.55819686
Wake,Raleigh,550000.0,,2023-02-09,,0,
Wake,Raleigh,550000.0,,2023-02-10,34874.775984943604,0,11824221.4502443
Wake,Raleigh,550000.0,,2023-02-11,,0,
Wake,Raleigh,550000.0,,2023-02-12,,0,
Wake,Raleigh,550000.0,,2023-02-13,,0,
Wake,Raleigh,550000.0,,2023-02-14,,0,
Wake,Raleigh,550000.0,,2023-02-15,60807.07195713347,0,27433999.490741
Wake,Raleigh,550000.0,,2023-02-16,,0,
Wake,Raleigh,550000.0,,2023-02-17,33034.07331831789,0,9824161.26731475
Wake,Raleigh,550000.0,,2023-02-18,,0,
Wake,Raleigh,550000.0,,2023-02-19,,0,
Wake,Raleigh,550000.0,,2023-02-20,,0,
Wake,Raleigh,550000.0,,2023-02-21,,0,
Wake,Raleigh,550000.0,,2023-02-22,24372.11521390789,0,6602332.62922436
Wake,Raleigh,550000.0,,2023-02-23,,0,
Wake,Raleigh,550000.0,,2023-02-24,32070.235421649177,0,8731875.18576687
Wake,Raleigh,550000.0,,2023-02-25,,0,
Wake,Raleigh,550000.0,,2023-02-26,,0,
Wake,Raleigh,550000.0,,2023-02-27,,0,
Wake,Raleigh,550000.0,,2023-02-28,,0,
Wake,Raleigh,550000.0,,2023-03-01,12134.661099511604,0,4048086.27405752
Wake,Raleigh,550000.0,,2023-03-02,,0,
Wake,Raleigh,550000.0,,2023-03-03,17056.8901034157,0,5941351.91358171
Wake,Raleigh,550000.0,,2023-03-04,,0,
Wake,Raleigh,550000.0,,2023-03-05,,0,
Wake,Raleigh,550000.0,,2023-03-06,,0,
Wake,Raleigh,550000.0,,2023-03-07,,0,
Wake,Raleigh,550000.0,,2023-03-08,12462.443580614545,0,3923272.3162924694
Wake,Raleigh,550000.0,,2023-03-09,,0,
Wake,Raleigh,550000.0,,2023-03-10,21330.729007701557,0,7523997.73867248
Wake,Raleigh,550000.0,,2023-03-11,,0,
Wake,Raleigh,550000.0,,2023-03-12,,0,
Wake,Raleigh,550000.0,,2023-03-13,,0,
Wake,Raleigh,550000.0,,2023-03-14,,0,
Wake,Raleigh,550000.0,,2023-03-15,24372.11521390789,0,7964399.218383469
Wake,Raleigh,550000.0,,2023-03-16,,0,
Wake,Raleigh,550000.0,,2023-03-17,24520.328483525664,0,7766439.911526509
Wake,Raleigh,550000.0,,2023-03-18,,0,
Wake,Raleigh,550000.0,,2023-03-19,,0,
Wake,Raleigh,550000.0,,2023-03-20,,0,
Wake,Raleigh,550000.0,,2023-03-21,,0,
Wake,Raleigh,550000.0,,2023-03-22,12238.080325157214,0,3882963.54366798
Wake,Raleigh,550000.0,,2023-03-23,,0,
Wake,Raleigh,550000.0,,2023-03-24,23570.12216069321,0,6132008.12389804
Wake,Raleigh,550000.0,,2023-03-25,,0,
Wake,Raleigh,550000.0,,2023-03-26,,0,
Wake,Raleigh,550000.0,,2023-03-27,,0,
Wake,Raleigh,550000.0,,2023-03-28,,0,
Wake,Raleigh,550000.0,,2023-03-29,10790.941056274936,0,3983054.1024678494
Wake,Raleigh,550000.0,,2023-03-30,,0,
Wake,Raleigh,550000.0,,2023-03-31,40799.68791841435,0,15197204.8428023
Wake,Raleigh,550000.0,,2023-04-01,,0,
Wake,Raleigh,550000.0,,2023-04-02,,0,
Wake,Raleigh,550000.0,,2023-04-03,,0,
Wake,Raleigh,550000.0,,2023-04-04,,0,
Wake,Raleigh,550000.0,,2023-04-05,33556.66184649482,0,10208222.0703899
Wake,Raleigh,550000.0,,2023-04-06,,0,
Wake,Raleigh,550000.0,,2023-04-07,12295.37793339432,0,3940916.27891969
Wake,Raleigh,550000.0,,2023-04-08,,0,
Wake,Raleigh,550000.0,,2023-04-09,,0,
Wake,Raleigh,550000.0,,2023-04-10,,0,
Wake,Raleigh,550000.0,,2023-04-11,,0,
Wake,Raleigh,550000.0,,2023-04-12,9085.279580453202,0,4324564.40384962
Wake,Raleigh,550000.0,,2023-04-13,,0,
Wake,Raleigh,550000.0,,2023-04-14,0.0,0,668807.436912996
Wake,Raleigh,550000.0,,2023-04-15,,0,
Wake,Raleigh,550000.0,,2023-04-16,,0,
Wake,Raleigh,550000.0,,2023-04-17,,0,
Wake,Raleigh,550000.0,,2023-04-18,,0,
Wake,Raleigh,550000.0,,2023-04-19,3111.474629375919,0,1111859.82025653
Wake,Raleigh,550000.0,,2023-04-20,,0,
Wake,Raleigh,550000.0,,2023-04-21,2431.6841336818397,0,858900.5821452459
Wake,Raleigh,550000.0,,2023-04-22,,0,
Wake,Raleigh,550000.0,,2023-04-23,,0,
Wake,Raleigh,550000.0,,2023-04-24,,0,
Wake,Raleigh,550000.0,,2023-04-25,,0,
Wake,Raleigh,550000.0,,2023-04-26,4937.956759657784,0,1783230.30081801
Wake,Raleigh,550000.0,,2023-04-27,,0,
Wake,Raleigh,550000.0,,2023-04-28,7786.684872588595,0,2754103.80427099
Wake,Raleigh,550000.0,,2023-04-29,,0,
Wake,Raleigh,550000.0,,2023-04-30,,0,
Wake,Raleigh,550000.0,,2023-05-01,,0,
Wake,Raleigh,550000.0,,2023-05-02,,0,
Wake,Raleigh,550000.0,,2023-05-03,15068.846747180112,0,6087895.73161222
Wake,Raleigh,550000.0,,2023-05-04,,0,
Wake,Raleigh,550000.0,,2023-05-05,14635.998695340199,0,5572545.48254793
Wake,Raleigh,550000.0,,2023-05-06,,0,
Wake,Raleigh,550000.0,,2023-05-07,,0,
Wake,Raleigh,550000.0,,2023-05-08,,0,
Wake,Raleigh,550000.0,,2023-05-09,,0,
Wake,Raleigh,550000.0,,2023-05-10,0.0,0,557880.411610267
Wake,Raleigh,550000.0,,2023-05-11,,0,
Wake,Raleigh,550000.0,,2023-05-12,4793.63812750817,0,1636424.64233876
Wake,Raleigh,550000.0,,2023-05-13,,0,
Wake,Raleigh,550000.0,,2023-05-14,,0,
Wake,Raleigh,550000.0,,2023-05-15,,0,
Wake,Raleigh,550000.0,,2023-05-16,,0,
Wake,Raleigh,550000.0,,2023-05-17,17308.85001350466,0,6111314.98027178
Wake,Raleigh,550000.0,,2023-05-18,,0,
Wake,Raleigh,550000.0,,2023-05-19,7618.356175055094,0,2701907.66766219
Wake,Raleigh,550000.0,,2023-05-20,,0,
Wake,Raleigh,550000.0,,2023-05-21,,0,
Wake,Raleigh,550000.0,,2023-05-22,,0,
Wake,Raleigh,550000.0,,2023-05-23,,0,
Wake,Raleigh,550000.0,,2023-05-24,5365.844233529338,0,1739434.40812991
Wake,Raleigh,550000.0,,2023-05-25,,0,
Wake,Raleigh,550000.0,,2023-05-26,6792.350117742748,0,2220561.2753562
Wake,Raleigh,550000.0,,2023-05-27,,0,
Wake,Raleigh,550000.0,,2023-05-28,,0,
Wake,Raleigh,550000.0,,2023-05-29,,0,
Wake,Raleigh,550000.0,,2023-05-30,,0,
Wake,Raleigh,550000.0,,2023-05-31,,0,
Wake,Raleigh,550000.0,,2023-06-01,8447.33756502604,0,2823820.20385055
Wake,Raleigh,550000.0,,2023-06-02,,0,
Wake,Raleigh,550000.0,,2023-06-03,0.0,0,103961.728904774
Wake,Raleigh,550000.0,,2023-06-04,,0,
Wake,Raleigh,550000.0,,2023-06-05,,0,
Wake,Raleigh,550000.0,,2023-06-06,,0,
Wake,Raleigh,550000.0,,2023-06-07,,0,
Wake,Raleigh,550000.0,,2023-06-08,,0,
Wake,Raleigh,550000.0,,2023-06-09,8090.8766925160935,0,2567116.6064151
Wake,Raleigh,550000.0,,2023-06-10,,0,
Wake,Raleigh,550000.0,,2023-06-11,,0,
Wake,Raleigh,550000.0,,2023-06-12,,0,
Wake,Raleigh,550000.0,,2023-06-13,,0,
Wake,Raleigh,550000.0,,2023-06-14,3915.3785138221333,0,1142315.99544284
Wake,Raleigh,550000.0,,2023-06-15,,0,
Wake,Raleigh,550000.0,,2023-06-16,6217.374464977152,0,1966691.0142097
Wake,Raleigh,550000.0,,2023-06-17,,0,
Wake,Raleigh,550000.0,,2023-06-18,,0,
Wake,Raleigh,550000.0,,2023-06-19,,0,
Wake,Raleigh,550000.0,,2023-06-20,,0,
Wake,Raleigh,550000.0,,2023-06-21,,0,
Wake,Raleigh,550000.0,,2023-06-22,,0,
Wake,Raleigh,550000.0,,2023-06-23,,0,
Wake,Raleigh,550000.0,,2023-06-24,3951.806243025518,0,1380323.16933036
Wake,Raleigh,550000.0,,2023-06-25,,0,
Wake,Raleigh,550000.0,,2023-06-26,,0,
Wake,Raleigh,550000.0,,2023-06-27,,0,
Wake,Raleigh,550000.0,,2023-06-28,5205.329759853927,0,1615748.93238198
Wake,Raleigh,550000.0,,2023-06-29,,0,
Wake,Raleigh,550000.0,,2023-06-30,35410.930515873246,0,12984284.9452783
Wake,Raleigh,550000.0,,2023-07-01,,0,
Wake,Raleigh,550000.0,,2023-07-02,,0,
Wake,Raleigh,550000.0,,2023-07-03,,0,
Wake,Raleigh,550000.0,,2023-07-04,,0,
Wake,Raleigh,550000.0,,2023-07-05,19058.856209122332,0,5785011.23482637
Wake,Raleigh,550000.0,,2023-07-06,,0,
Wake,Raleigh,550000.0,,2023-07-07,21343.19563701746,0,5919889.21891625
Wake,Raleigh,550000.0,,2023-07-08,,0,
Wake,Raleigh,550000.0,,2023-07-09,,0,
Wake,Raleigh,550000.0,,2023-07-10,,0,
Wake,Raleigh,550000.0,,2023-07-11,,0,
Wake,Raleigh,550000.0,,2023-07-12,6838.333130229925,0,1854366.46092398
Wake,Raleigh,550000.0,,2023-07-13,,0,
Wake,Raleigh,550000.0,,2023-07-14,32171.192082358393,0,10153864.2281118
Wake,Raleigh,550000.0,,2023-07-15,,0,
Wake,Raleigh,550000.0,,2023-07-16,,0,
Wake,Raleigh,550000.0,,2023-07-17,,0,
Wake,Raleigh,550000.0,,2023-07-18,,0,
Wake,Raleigh,550000.0,,2023-07-19,26618.90305778957,0,8602428.82007159
Wake,Raleigh,550000.0,,2023-07-20,,0,
Wake,Raleigh,550000.0,,2023-07-21,54248.1999701373,0,16902265.3350511
Wake,Raleigh,550000.0,,2023-07-22,,0,
Wake,Raleigh,550000.0,,2023-07-23,,0,
Wake,Raleigh,550000.0,,2023-07-24,,0,
Wake,Raleigh,550000.0,,2023-07-25,,0,
Wake,Raleigh,550000.0,,2023-07-26,68401.28946153,0,24993443.8935786
Wake,Raleigh,550000.0,,2023-07-27,,0,
Wake,Raleigh,550000.0,,2023-07-28,63709.427873745684,0,25379397.9630131
Wake,Raleigh,550000.0,,2023-07-29,,0,
Wake,Raleigh,550000.0,,2023-07-30,,0,
Wake,Raleigh,550000.0,,2023-07-31,,0,
Wake,Raleigh,550000.0,,2023-08-01,,0,
Wake,Raleigh,550000.0,,2023-08-02,67356.78139578826,0,21617483.8780816
Wake,Raleigh,550000.0,,2023-08-03,,0,
Wake,Raleigh,550000.0,,2023-08-04,102437.13389196324,0,32551153.3904021
Wake,Raleigh,550000.0,,2023-08-05,,0,
Wake,Raleigh,550000.0,,2023-08-06,,0,
Wake,Raleigh,550000.0,,2023-08-07,,0,
Wake,Raleigh,550000.0,,2023-08-08,,0,
Wake,Raleigh,550000.0,,2023-08-09,66965.05357274055,0,19163807.2428454
Wake,Raleigh,550000.0,,2023-08-10,,0,
Wake,Raleigh,550000.0,,2023-08-11,,0,
Wake,Raleigh,550000.0,,2023-08-12,93577.4695105612,0,29227042.8854724
Wake,Raleigh,550000.0,,2023-08-13,,0,
Wake,Raleigh,550000.0,,2023-08-14,,0,
Wake,Raleigh,550000.0,,2023-08-15,,0,
Wake,Raleigh,550000.0,,2023-08-16,62953.9768402283,0,20657229.2543534
Wake,Raleigh,550000.0,,2023-08-17,,0,
Wake,Raleigh,550000.0,,2023-08-18,126455.57638949744,0,37702966.4574967
Wake,Raleigh,550000.0,,2023-08-19,,0,
Wake,Raleigh,550000.0,,2023-08-20,,0,
Wake,Raleigh,550000.0,,2023-08-21,,0,
Wake,Raleigh,550000.0,,2023-08-22,,0,
Wake,Raleigh,550000.0,,2023-08-23,78347.33435159111,0,24928560.8268765
Wake,Raleigh,550000.0,,2023-08-24,,0,
Wake,Raleigh,550000.0,,2023-08-25,109438.27484020384,0,33962414.7985582
Wake,Raleigh,550000.0,,2023-08-26,,0,
Wake,Raleigh,550000.0,,2023-08-27,,0,
Wake,Raleigh,550000.0,,2023-08-28,,0,
Wake,Raleigh,550000.0,,2023-08-29,,0,
Wake,Raleigh,550000.0,,2023-08-30,106635.31122475337,0,36131732.5206206
Wake,Raleigh,550000.0,,2023-08-31,,0,
Wake,Raleigh,550000.0,,2023-09-01,134490.3981702785,0,52872344.2340236
Wake,Raleigh,550000.0,,2023-09-02,,0,
Wake,Raleigh,550000.0,,2023-09-03,,0,
Wake,Raleigh,550000.0,,2023-09-04,,0,
Wake,Raleigh,550000.0,,2023-09-05,,0,
Wake,Raleigh,550000.0,,2023-09-06,,0,
Wake,Raleigh,550000.0,,2023-09-07,,0,
Wake,Raleigh,550000.0,,2023-09-08,,0,
Wake,Raleigh,550000.0,,2023-09-09,84729.5698088927,0,29000303.896489695
Wake,Raleigh,550000.0,,2023-09-10,,0,
Wake,Raleigh,550000.0,,2023-09-11,,0,
Wake,Raleigh,550000.0,,2023-09-12,,0,
Wake,Raleigh,550000.0,,2023-09-13,53545.75613435674,0,19498243.4648685
Wake,Raleigh,550000.0,,2023-09-14,,0,
Wake,Raleigh,550000.0,,2023-09-15,117026.49272707445,0,38741671.4834037
Wake,Raleigh,550000.0,,2023-09-16,,0,
Wake,Raleigh,550000.0,,2023-09-17,,0,
Wake,Raleigh,550000.0,,2023-09-18,,0,
Wake,Raleigh,550000.0,,2023-09-19,,0,
Wake,Raleigh,550000.0,,2023-09-20,73255.47897597837,0,24069751.9820399
Wake,Raleigh,550000.0,,2023-09-21,,0,
Wake,Raleigh,550000.0,,2023-09-22,105586.56732747793,0,33403692.1070896
Wake,Raleigh,550000.0,,2023-09-23,,0,
Wake,Raleigh,550000.0,,2023-09-24,,0,
Wake,Raleigh,550000.0,,2023-09-25,,0,
Wake,Raleigh,550000.0,,2023-09-26,,0,
Wake,Raleigh,550000.0,,2023-09-27,91665.44387063207,0,32851155.6731044
Wake,Raleigh,550000.0,,2023-09-28,,0,
Wake,Raleigh,550000.0,,2023-09-29,78353.84610853522,0,26785734.979587
Wake,Raleigh,550000.0,,2023-09-30,,0,
Wake,Raleigh,550000.0,,2023-10-01,,0,
Wake,Raleigh,550000.0,,2023-10-02,,0,
Wake,Raleigh,550000.0,,2023-10-03,,0,
Wake,Raleigh,550000.0,,2023-10-04,59297.08255892533,0,17385693.2930372
Wake,Raleigh,550000.0,,2023-10-05,,0,
Wake,Raleigh,550000.0,,2023-10-06,94013.43095536943,0,29748202.454055306
Wake,Raleigh,550000.0,,2023-10-07,,0,
Wake,Raleigh,550000.0,,2023-10-08,,0,
Wake,Raleigh,550000.0,,2023-10-09,,0,
Wake,Raleigh,550000.0,,2023-10-10,,0,
Wake,Raleigh,550000.0,,2023-10-11,83759.52800462408,0,26047039.7562893
Wake,Raleigh,550000.0,,2023-10-12,,0,
Wake,Raleigh,550000.0,,2023-10-13,78785.8362905415,0,23641973.5357595
Wake,Raleigh,550000.0,,2023-10-14,,0,
Wake,Raleigh,550000.0,,2023-10-15,,0,
Wake,Raleigh,550000.0,,2023-10-16,,0,
Wake,Raleigh,550000.0,,2023-10-17,,0,
Wake,Raleigh,550000.0,,2023-10-18,53844.85685483137,0,17777186.7000058
Wake,Raleigh,550000.0,,2023-10-19,,0,
Wake,Raleigh,550000.0,,2023-10-20,43806.6889869572,0,13572091.2903865
Wake,Raleigh,550000.0,,2023-10-21,,0,
Wake,Raleigh,550000.0,,2023-10-22,,0,
Wake,Raleigh,550000.0,,2023-10-23,,0,
Wake,Raleigh,550000.0,,2023-10-24,,0,
Wake,Raleigh,550000.0,,2023-10-25,50582.33886302334,0,16125624.614266
Wake,Raleigh,550000.0,,2023-10-26,,0,
Wake,Raleigh,550000.0,,2023-10-27,95837.24954317094,0,36212272.0194498
Wake,Raleigh,550000.0,,2023-10-28,,0,
Wake,Raleigh,550000.0,,2023-10-29,,0,
Wake,Raleigh,550000.0,,2023-10-30,,0,
Wake,Raleigh,550000.0,,2023-10-31,,0,
Wake,Raleigh,550000.0,,2023-11-01,47005.791011904876,0,13775460.023279
Wake,Raleigh,550000.0,,2023-11-02,,0,
Wake,Raleigh,550000.0,,2023-11-03,47580.542241550844,0,15024564.2281845
Wake,Raleigh,550000.0,,2023-11-04,,0,
Wake,Raleigh,550000.0,,2023-11-05,,0,
Wake,Raleigh,550000.0,,2023-11-06,,0,
Wake,Raleigh,550000.0,,2023-11-07,,0,
Wake,Raleigh,550000.0,,2023-11-08,44753.787033013505,0,14131956.3849948
Wake,Raleigh,550000.0,,2023-11-09,,0,
Wake,Raleigh,550000.0,,2023-11-10,62110.94589522853,0,19052846.3701025
Wake,Raleigh,550000.0,,2023-11-11,,0,
Wake,Raleigh,550000.0,,2023-11-12,,0,
Wake,Raleigh,550000.0,,2023-11-13,,0,
Wake,Raleigh,550000.0,,2023-11-14,,0,
Wake,Raleigh,550000.0,,2023-11-15,53803.3818309943,0,16941418.1134987
Wake,Raleigh,550000.0,,2023-11-16,,0,
Wake,Raleigh,550000.0,,2023-11-17,35113.672550731564,0,10191768.2800241
Wake,Raleigh,550000.0,,2023-11-18,,0,
Wake,Raleigh,550000.0,,2023-11-19,,0,
Wake,Raleigh,550000.0,,2023-11-20,,0,
Wake,Raleigh,550000.0,,2023-11-21,,0,
Wake,Raleigh,550000.0,,2023-11-22,66885.03778191404,0,20880821.6514528
Wake,Raleigh,550000.0,,2023-11-23,,0,
Wake,Raleigh,550000.0,,2023-11-24,53587.729938858276,0,17146441.2007484
Wake,Raleigh,550000.0,,2023-11-25,,0,
Wake,Raleigh,550000.0,,2023-11-26,,0,
Wake,Raleigh,550000.0,,2023-11-27,,0,
Wake,Raleigh,550000.0,,2023-11-28,,0,
Wake,Raleigh,550000.0,,2023-11-29,74012.90400552744,0,27965904.9646482
Wake,Raleigh,550000.0,,2023-11-30,,0,
Wake,Raleigh,550000.0,,2023-12-01,124583.82720080474,0,38419077.3648844
Wake,Raleigh,550000.0,,2023-12-02,,0,
Wake,Raleigh,550000.0,,2023-12-03,,0,
Wake,Raleigh,550000.0,,2023-12-04,,0,
Wake,Raleigh,550000.0,,2023-12-05,,0,
Wake,Raleigh,550000.0,,2023-12-06,86351.04671747569,0,27222598.761912
Wake,Raleigh,550000.0,,2023-12-07,,0,
Wake,Raleigh,550000.0,,2023-12-08,120349.17199548999,0,50195503.9885575
Wake,Raleigh,550000.0,,2023-12-09,,0,
Wake,Raleigh,550000.0,,2023-12-10,,0,
Wake,Raleigh,550000.0,,2023-12-11,,0,
Wake,Raleigh,550000.0,,2023-12-12,,0,
Wake,Raleigh,550000.0,,2023-12-13,50860.272677036104,0,21664479.2936388
Wake,Raleigh,550000.0,,2023-12-14,,0,
Wake,Raleigh,550000.0,,2023-12-15,146527.68202629857,0,55447427.5690289
Wake,Raleigh,550000.0,,2023-12-16,,0,
Wake,Raleigh,550000.0,,2023-12-17,,0,
Wake,Raleigh,550000.0,,2023-12-18,,0,
Wake,Raleigh,550000.0,,2023-12-19,,0,
Wake,Raleigh,550000.0,,2023-12-20,35772.07416974644,0,21023267.8918412
Wake,Raleigh,550000.0,,2023-12-21,,0,
Wake,Raleigh,550000.0,,2023-12-22,249174.45695736955,0,79659637.7383099
Wake,Raleigh,550000.0,,2023-12-23,,0,
Wake,Raleigh,550000.0,,2023-12-24,,0,
Wake,Raleigh,550000.0,,2023-12-25,,0,
Wake,Raleigh,550000.0,,2023-12-26,,0,
Wake,Raleigh,550000.0,,2023-12-27,,0,
Wake,Raleigh,550000.0,,2023-12-28,242050.25388011077,0,70386865.1243213
Wake,Raleigh,550000.0,,2023-12-29,,0,
Wake,Raleigh,550000.0,,2023-12-30,248793.92915402265,0,96767323.9802437
Wake,Raleigh,550000.0,,2023-12-31,,0,
Wake,Raleigh,550000.0,,2024-01-01,,0,
Wake,Raleigh,550000.0,,2024-01-02,,0,
Wake,Raleigh,550000.0,,2024-01-03,,0,
Wake,Raleigh,550000.0,,2024-01-04,,0,
Wake,Raleigh,550000.0,,2024-01-05,,0,
Wake,Raleigh,550000.0,,2024-01-06,227168.21960828948,0,72902672.710075
Wake,Raleigh,550000.0,,2024-01-07,,0,
Wake,Raleigh,550000.0,,2024-01-08,,0,
Wake,Raleigh,550000.0,,2024-01-09,,0,
Wake,Raleigh,550000.0,,2024-01-10,169400.0795282761,0,43371619.4016792
Wake,Raleigh,550000.0,,2024-01-11,,0,
Wake,Raleigh,550000.0,,2024-01-12,107155.06524528914,0,56065457.6416486
Wake,Raleigh,550000.0,,2024-01-13,,0,
Wake,Raleigh,550000.0,,2024-01-14,,0,
Wake,Raleigh,550000.0,,2024-01-15,,0,
Wake,Raleigh,550000.0,,2024-01-16,,0,
Wake,Raleigh,550000.0,,2024-01-17,,0,
Wake,Raleigh,550000.0,,2024-01-18,,0,
Wake,Raleigh,550000.0,,2024-01-19,,0,
Wake,Raleigh,550000.0,,2024-01-20,292153.38437197637,0,103015202.405462
Wake,Raleigh,550000.0,,2024-01-21,,0,
Wake,Raleigh,550000.0,,2024-01-22,,0,
Wake,Raleigh,550000.0,,2024-01-23,,0,
Wake,Raleigh,550000.0,,2024-01-24,220517.48237235786,0,71332915.009635
Wake,Raleigh,550000.0,,2024-01-25,,0,
Wake,Raleigh,550000.0,,2024-01-26,425860.82233518525,0,145404299.822991
Wake,Raleigh,550000.0,,2024-01-27,,0,
Wake,Raleigh,550000.0,,2024-01-28,,0,
Wake,Raleigh,550000.0,,2024-01-29,,0,
Wake,Raleigh,550000.0,,2024-01-30,,0,
Wake,Raleigh,550000.0,,2024-01-31,176795.67983291845,0,60183140.8074528
Wake,Raleigh,550000.0,,2024-02-01,,0,
Wake,Raleigh,550000.0,,2024-02-02,194462.87563439982,0,66250779.24838099
Wake,Raleigh,550000.0,,2024-02-03,,0,
Wake,Raleigh,550000.0,,2024-02-04,,0,
Wake,Raleigh,550000.0,,2024-02-05,,0,
Wake,Raleigh,550000.0,,2024-02-06,,0,
Wake,Raleigh,550000.0,,2024-02-07,143151.77425867753,0,38828647.0593587
Wake,Raleigh,550000.0,,2024-02-08,,0,
Wake,Raleigh,550000.0,,2024-02-09,240684.85619166007,0,77821862.7453899
Wake,Raleigh,550000.0,,2024-02-10,,0,
Wake,Raleigh,550000.0,,2024-02-11,,0,
Wake,Raleigh,550000.0,,2024-02-12,,0,
Wake,Raleigh,550000.0,,2024-02-13,,0,
Wake,Raleigh,550000.0,,2024-02-14,173051.00711011514,0,54763624.801503
Wake,Raleigh,550000.0,,2024-02-15,,0,
Wake,Raleigh,550000.0,,2024-02-16,290823.6579097376,0,98539114.816535
Wake,Raleigh,550000.0,,2024-02-17,,0,
Wake,Raleigh,550000.0,,2024-02-18,,0,
Wake,Raleigh,550000.0,,2024-02-19,,0,
Wake,Raleigh,550000.0,,2024-02-20,,0,
Wake,Raleigh,550000.0,,2024-02-21,112560.11604707425,0,28973784.3033524
Wake,Raleigh,550000.0,,2024-02-22,,0,
Wake,Raleigh,550000.0,,2024-02-23,211333.064142836,0,68786659.4911807
Wake,Raleigh,550000.0,,2024-02-24,,0,
Wake,Raleigh,550000.0,,2024-02-25,,0,
Wake,Raleigh,550000.0,,2024-02-26,,0,
Wake,Raleigh,550000.0,,2024-02-27,,0,
Wake,Raleigh,550000.0,,2024-02-28,125895.21815815372,0,42341390.2514481
Wake,Raleigh,550000.0,,2024-02-29,,0,
Wake,Raleigh,550000.0,,2024-03-01,206646.55816151376,0,70543814.7467708
Wake,Raleigh,550000.0,,2024-03-02,,0,
Wake,Raleigh,550000.0,,2024-03-03,,0,
Wake,Raleigh,550000.0,,2024-03-04,,0,
Wake,Raleigh,550000.0,,2024-03-05,,0,
Wake,Raleigh,550000.0,,2024-03-06,78329.6940253234,0,24394622.500539
Wake,Raleigh,550000.0,,2024-03-07,,0,
Wake,Raleigh,550000.0,,2024-03-08,85267.32082105087,0,28968983.1602872
Wake,Raleigh,550000.0,,2024-03-09,,0,
Wake,Raleigh,550000.0,,2024-03-10,,0,
Wake,Raleigh,550000.0,,2024-03-11,,0,
Wake,Raleigh,550000.0,,2024-03-12,,0,
Wake,Raleigh,550000.0,,2024-03-13,39749.518145966984,0,14170786.2738485
Wake,Raleigh,550000.0,,2024-03-14,,0,
Wake,Raleigh,550000.0,,2024-03-15,60246.67957655428,0,17871437.0099231
Wake,Raleigh,550000.0,,2024-03-16,,0,
Wake,Raleigh,550000.0,,2024-03-17,,0,
Wake,Raleigh,550000.0,,2024-03-18,,0,
Wake,Raleigh,550000.0,,2024-03-19,,0,
Wake,Raleigh,550000.0,,2024-03-20,37902.73306343223,0,14295527.1171994
Wake,Raleigh,550000.0,,2024-03-21,,0,
Wake,Raleigh,550000.0,,2024-03-22,56821.084114965684,0,18569352.2215941
Wake,Raleigh,550000.0,,2024-03-23,,0,
Wake,Raleigh,550000.0,,2024-03-24,,0,
Wake,Raleigh,550000.0,,2024-03-25,,0,
Wake,Raleigh,550000.0,,2024-03-26,,0,
Wake,Raleigh,550000.0,,2024-03-27,37838.012608152385,0,13070572.2341838
Wake,Raleigh,550000.0,,2024-03-28,,0,
Wake,Raleigh,550000.0,,2024-03-29,53009.157699401345,0,29880227.070873
Wake,Raleigh,550000.0,,2024-03-30,,0,
Wake,Raleigh,550000.0,,2024-03-31,,0,
Wake,Raleigh,550000.0,,2024-04-01,,0,
Wake,Raleigh,550000.0,,2024-04-02,,0,
Wake,Raleigh,550000.0,,2024-04-03,41153.45211909326,0,13196175.1196159
Wake,Raleigh,550000.0,,2024-04-04,,0,
Wake,Raleigh,550000.0,,2024-04-05,40215.23094550125,0,14423723.7706217
Wake,Raleigh,550000.0,,2024-04-06,,0,
Wake,Raleigh,550000.0,,2024-04-07,,0,
Wake,Raleigh,550000.0,,2024-04-08,,0,
Wake,Raleigh,550000.0,,2024-04-09,,0,
Wake,Raleigh,550000.0,,2024-04-10,29040.980989979624,0,10072744.5547309
Wake,Raleigh,550000.0,,2024-04-11,,0,
Wake,Raleigh,550000.0,,2024-04-12,14520.909062451996,0,4896100.60835205
Wake,Raleigh,550000.0,,2024-04-13,,0,
Wake,Raleigh,550000.0,,2024-04-14,,0,
Wake,Raleigh,550000.0,,2024-04-15,,0,
Wake,Raleigh,550000.0,,2024-04-16,,0,
Wake,Raleigh,550000.0,,2024-04-17,27792.188426381916,0,8473748.30557581
Wake,Raleigh,550000.0,,2024-04-18,,0,
Wake,Raleigh,550000.0,,2024-04-19,36928.62304500406,0,10916806.0268029
Wake,Raleigh,550000.0,,2024-04-20,,0,
Wake,Raleigh,550000.0,,2024-04-21,,0,
Wake,Raleigh,550000.0,,2024-04-22,,0,
Wake,Raleigh,550000.0,,2024-04-23,,0,
Wake,Raleigh,550000.0,,2024-04-24,19856.04403818344,0,6798704.59047697
Wake,Raleigh,550000.0,,2024-04-25,,0,
Wake,Raleigh,550000.0,,2024-04-26,24308.29488055466,0,7712665.73858775
Wake,Raleigh,550000.0,,2024-04-27,,0,
Wake,Raleigh,550000.0,,2024-04-28,,0,
Wake,Raleigh,550000.0,,2024-04-29,,0,
Wake,Raleigh,550000.0,,2024-04-30,,0,
Wake,Raleigh,550000.0,,2024-05-01,19338.76582651466,0,6645679.74635137
Wake,Raleigh,550000.0,,2024-05-02,,0,
Wake,Raleigh,550000.0,,2024-05-03,0.0,0,689849.190852993
Wake,Raleigh,550000.0,,2024-05-04,,0,
Wake,Raleigh,550000.0,,2024-05-05,,0,
Wake,Raleigh,550000.0,,2024-05-06,,0,
Wake,Raleigh,550000.0,,2024-05-07,,0,
Wake,Raleigh,550000.0,,2024-05-08,26610.854928017638,0,8712282.26363903
Wake,Raleigh,550000.0,,2024-05-09,,0,
Wake,Raleigh,550000.0,,2024-05-10,26280.791464489797,0,8861249.56253493
Wake,Raleigh,550000.0,,2024-05-11,,0,
Wake,Raleigh,550000.0,,2024-05-12,,0,
Wake,Raleigh,550000.0,,2024-05-13,,0,
Wake,Raleigh,550000.0,,2024-05-14,,0,
Wake,Raleigh,550000.0,,2024-05-15,27966.951925442307,0,7949581.67728528
Wake,Raleigh 2,30655.0,24.790000000000003,2021-10-21,8609.784777797879,0,2584566.5037721894
Wake,Raleigh 2,30655.0,4.890000000000001,2021-10-22,,0,
Wake,Raleigh 2,30655.0,7.83,2021-10-23,,0,
Wake,Raleigh 2,30655.0,19.57,2021-10-24,,0,
Wake,Raleigh 2,30655.0,14.030000000000001,2021-10-25,,0,
Wake,Raleigh 2,30655.0,34.9,2021-10-26,14841.020770149216,0,5184503.56763922
Wake,Raleigh 2,30655.0,38.49,2021-10-27,,0,
Wake,Raleigh 2,30655.0,27.400000000000002,2021-10-28,5679.528416998885,0,1694414.51891089
Wake,Raleigh 2,30655.0,23.16,2021-10-29,,0,
Wake,Raleigh 2,30655.0,26.1,2021-10-30,,0,
Wake,Raleigh 2,30655.0,14.350000000000001,2021-10-31,,0,
Wake,Raleigh 2,30655.0,7.5,2021-11-01,,0,
Wake,Raleigh 2,30655.0,32.62,2021-11-02,5724.831777544074,0,1682480.90495848
Wake,Raleigh 2,30655.0,32.29,2021-11-03,,0,
Wake,Raleigh 2,30655.0,23.810000000000002,2021-11-04,5234.044592855514,0,1561510.12894266
Wake,Raleigh 2,30655.0,22.830000000000002,2021-11-05,,0,
Wake,Raleigh 2,30655.0,29.689999999999998,2021-11-06,,0,
Wake,Raleigh 2,30655.0,18.919999999999998,2021-11-07,,0,
Wake,Raleigh 2,30655.0,14.350000000000001,2021-11-08,,0,
Wake,Raleigh 2,30655.0,39.47,2021-11-09,,0,
Wake,Raleigh 2,30655.0,25.77,2021-11-10,,0,
Wake,Raleigh 2,30655.0,28.710000000000004,2021-11-11,,0,
Wake,Raleigh 2,30655.0,17.94,2021-11-12,,0,
Wake,Raleigh 2,30655.0,39.150000000000006,2021-11-13,,0,
Wake,Raleigh 2,30655.0,22.180000000000003,2021-11-14,,0,
Wake,Raleigh 2,30655.0,15.66,2021-11-15,,0,
Wake,Raleigh 2,30655.0,37.19,2021-11-16,24948.85822116918,0,7067316.5795625
Wake,Raleigh 2,30655.0,22.180000000000003,2021-11-17,,0,
Wake,Raleigh 2,30655.0,35.56,2021-11-18,17522.503994417344,0,4911707.34393934
Wake,Raleigh 2,30655.0,31.32,2021-11-19,,0,
Wake,Raleigh 2,30655.0,36.21,2021-11-20,,0,
Wake,Raleigh 2,30655.0,29.689999999999998,2021-11-21,,0,
Wake,Raleigh 2,30655.0,12.72,2021-11-22,,0,
Wake,Raleigh 2,30655.0,54.48,2021-11-23,9680.572872732238,0,3221590.12522679
Wake,Raleigh 2,30655.0,41.1,2021-11-24,,0,
Wake,Raleigh 2,30655.0,34.9,2021-11-25,,0,
Wake,Raleigh 2,30655.0,14.030000000000001,2021-11-26,,0,
Wake,Raleigh 2,30655.0,24.14,2021-11-27,,0,
Wake,Raleigh 2,30655.0,30.010000000000005,2021-11-28,,0,
Wake,Raleigh 2,30655.0,18.27,2021-11-29,,0,
Wake,Raleigh 2,30655.0,61.0,2021-11-30,17201.73482123242,0,5044827.48676223
Wake,Raleigh 2,30655.0,51.870000000000005,2021-12-01,,0,
Wake,Raleigh 2,30655.0,57.09,2021-12-02,9885.578466867355,0,2835709.60875088
Wake,Raleigh 2,30655.0,57.09,2021-12-03,,0,
Wake,Raleigh 2,30655.0,55.78,2021-12-04,,0,
Wake,Raleigh 2,30655.0,49.580000000000005,2021-12-05,,0,
Wake,Raleigh 2,30655.0,24.14,2021-12-06,,0,
Wake,Raleigh 2,30655.0,63.28,2021-12-07,11813.923629977598,0,3512862.07905635
Wake,Raleigh 2,30655.0,50.89,2021-12-08,,0,
Wake,Raleigh 2,30655.0,58.07000000000001,2021-12-09,19621.929129609096,0,5761877.36270541
Wake,Raleigh 2,30655.0,42.730000000000004,2021-12-10,,0,
Wake,Raleigh 2,30655.0,63.28,2021-12-11,,0,
Wake,Raleigh 2,30655.0,44.36000000000001,2021-12-12,,0,
Wake,Raleigh 2,30655.0,26.1,2021-12-13,,0,
Wake,Raleigh 2,30655.0,81.23,2021-12-14,18793.37177563325,0,5616044.34634306
Wake,Raleigh 2,30655.0,70.14,2021-12-15,,0,
Wake,Raleigh 2,30655.0,69.81,2021-12-16,32450.107726278166,0,9636996.04886196
Wake,Raleigh 2,30655.0,76.01,2021-12-17,,0,
Wake,Raleigh 2,30655.0,83.18,2021-12-18,,0,
Wake,Raleigh 2,30655.0,78.94,2021-12-19,,0,
Wake,Raleigh 2,30655.0,47.63,2021-12-20,,0,
Wake,Raleigh 2,30655.0,143.85999999999999,2021-12-21,40568.66331837116,0,12223370.6809944
Wake,Raleigh 2,30655.0,179.09000000000003,2021-12-22,,0,
Wake,Raleigh 2,30655.0,229.65,2021-12-23,,0,
Wake,Raleigh 2,30655.0,240.09000000000003,2021-12-24,,0,
Wake,Raleigh 2,30655.0,124.61,2021-12-25,,0,
Wake,Raleigh 2,30655.0,73.72000000000001,2021-12-26,,0,
Wake,Raleigh 2,30655.0,137.33,2021-12-27,,0,
Wake,Raleigh 2,30655.0,570.54,2021-12-28,,0,
Wake,Raleigh 2,30655.0,685.04,2021-12-29,173407.130519217,0,53703790.6535166
Wake,Raleigh 2,30655.0,693.85,2021-12-30,,0,
Wake,Raleigh 2,30655.0,676.5600000000001,2021-12-31,162823.09108557913,0,51330709.5261828
Wake,Raleigh 2,30655.0,496.49,2022-01-01,,0,
Wake,Raleigh 2,30655.0,302.07,2022-01-02,,0,
Wake,Raleigh 2,30655.0,248.9,2022-01-03,,0,
Wake,Raleigh 2,30655.0,788.45,2022-01-04,131371.49110528416,0,75417326.4934532
Wake,Raleigh 2,30655.0,483.44,2022-01-18,,0,
Wake,Raleigh 2,30655.0,936.5500000000001,2022-01-19,117107.183066468,0,37164399.090005
Wake,Raleigh 2,30655.0,828.5799999999999,2022-01-20,,0,
Wake,Raleigh 2,30655.0,619.8000000000001,2022-01-21,118151.01465126516,0,37583201.4293809
Wake,Raleigh 2,30655.0,158.86,2022-01-22,,0,
Wake,Raleigh 2,30655.0,69.16000000000001,2022-01-23,,0,
Wake,Raleigh 2,30655.0,145.49,2022-01-24,,0,
Wake,Raleigh 2,30655.0,643.94,2022-01-25,88072.20491226642,0,28156675.5787147
Wake,Raleigh 2,30655.0,444.95000000000005,2022-01-26,,0,
Wake,Raleigh 2,30655.0,361.44000000000005,2022-01-27,48813.98447166553,0,15129634.5332179
Wake,Raleigh 2,30655.0,274.34000000000003,2022-01-28,,0,
Wake,Raleigh 2,30655.0,270.1,2022-01-29,,0,
Wake,Raleigh 2,30655.0,87.75,2022-01-30,,0,
Wake,Raleigh 2,30655.0,78.29,2022-01-31,,0,
Wake,Raleigh 2,30655.0,297.18,2022-02-01,59674.08206248343,0,17913529.5042178
Wake,Raleigh 2,30655.0,207.14000000000001,2022-02-02,,0,
Wake,Raleigh 2,30655.0,196.71,2022-02-03,35872.62577509484,0,10719856.9569038
Wake,Raleigh 2,30655.0,168.65,2022-02-04,,0,
Wake,Raleigh 2,30655.0,148.75,2022-02-05,,0,
Wake,Raleigh 2,30655.0,105.69000000000001,2022-02-06,,0,
Wake,Raleigh 2,30655.0,47.63,2022-02-07,,0,
Wake,Raleigh 2,30655.0,167.67000000000002,2022-02-08,22415.04276150283,0,7639397.55079184
Wake,Raleigh 2,30655.0,122.33,2022-02-09,,0,
Wake,Raleigh 2,30655.0,118.74000000000001,2022-02-10,16257.79228554726,0,4860341.86226642
Wake,Raleigh 2,30655.0,87.10000000000001,2022-02-11,,0,
Wake,Raleigh 2,30655.0,82.21000000000001,2022-02-12,,0,
Wake,Raleigh 2,30655.0,49.910000000000004,2022-02-13,,0,
Wake,Raleigh 2,30655.0,34.25,2022-02-14,,0,
Wake,Raleigh 2,30655.0,88.73,2022-02-15,11615.419665255336,0,3476786.14491856
Wake,Raleigh 2,30655.0,63.28,2022-02-16,,0,
Wake,Raleigh 2,30655.0,67.85000000000001,2022-02-17,19894.991530533523,0,6045967.7968539
Wake,Raleigh 2,30655.0,53.82000000000001,2022-02-18,,0,
Wake,Raleigh 2,30655.0,51.870000000000005,2022-02-19,,0,
Wake,Raleigh 2,30655.0,34.580000000000005,2022-02-20,,0,
Wake,Raleigh 2,30655.0,18.919999999999998,2022-02-21,,0,
Wake,Raleigh 2,30655.0,52.85,2022-02-22,10386.35065843629,0,3240997.38164207
Wake,Raleigh 2,30655.0,36.54,2022-02-23,,0,
Wake,Raleigh 2,30655.0,41.1,2022-02-24,9639.742735156377,0,2981835.15853533
Wake,Raleigh 2,30655.0,33.93,2022-02-25,,0,
Wake,Raleigh 2,30655.0,30.010000000000005,2022-02-26,,0,
Wake,Raleigh 2,30655.0,18.27,2022-02-27,,0,
Wake,Raleigh 2,30655.0,11.740000000000002,2022-02-28,,0,
Wake,Raleigh 2,30655.0,30.34,2022-03-01,6569.812782720681,0,1956774.38493552
Wake,Raleigh 2,30655.0,16.96,2022-03-02,,0,
Wake,Raleigh 2,30655.0,25.44,2022-03-03,3766.749925333512,0,1106551.64388006
Wake,Raleigh 2,30655.0,18.27,2022-03-04,,0,
Wake,Raleigh 2,30655.0,15.01,2022-03-05,,0,
Wake,Raleigh 2,30655.0,6.8500000000000005,2022-03-06,,0,
Wake,Raleigh 2,30655.0,7.18,2022-03-07,,0,
Wake,Raleigh 2,30655.0,15.01,2022-03-08,1899.1145305115233,0,580178.07038842
Wake,Raleigh 2,30655.0,11.090000000000002,2022-03-09,,0,
Wake,Raleigh 2,30655.0,14.030000000000001,2022-03-10,1463.3837500806135,0,673123.825057674
Wake,Raleigh 2,30655.0,9.459999999999999,2022-03-11,,0,
Wake,Raleigh 2,30655.0,7.83,2022-03-12,,0,
Wake,Raleigh 2,30655.0,8.81,2022-03-13,,0,
Wake,Raleigh 2,30655.0,3.2600000000000002,2022-03-14,,0,
Wake,Raleigh 2,30655.0,14.030000000000001,2022-03-15,7055.742342234453,0,2219998.05561004
Wake,Raleigh 2,30655.0,10.11,2022-03-16,,0,
Wake,Raleigh 2,30655.0,10.440000000000001,2022-03-17,3663.499965879626,0,1250840.06887537
Wake,Raleigh 2,30655.0,15.980000000000002,2022-03-18,,0,
Wake,Raleigh 2,30655.0,10.11,2022-03-19,,0,
Wake,Raleigh 2,30655.0,3.91,2022-03-20,,0,
Wake,Raleigh 2,30655.0,6.8500000000000005,2022-03-21,,0,
Wake,Raleigh 2,30655.0,22.180000000000003,2022-03-22,1758.7336353183225,0,543372.721528012
Wake,Raleigh 2,30655.0,10.76,2022-03-23,,0,
Wake,Raleigh 2,30655.0,16.96,2022-03-24,5994.274601651143,0,1858633.68750851
Wake,Raleigh 2,30655.0,16.64,2022-03-25,,0,
Wake,Raleigh 2,30655.0,10.76,2022-03-26,,0,
Wake,Raleigh 2,30655.0,12.72,2022-03-27,,0,
Wake,Raleigh 2,30655.0,4.890000000000001,2022-03-28,,0,
Wake,Raleigh 2,30655.0,19.25,2022-03-29,,0,
Wake,Raleigh 2,30655.0,17.290000000000003,2022-03-30,,0,
Wake,Raleigh 2,30655.0,16.31,2022-03-31,7096.834223793033,0,2109362.43822169
Wake,Raleigh 2,30655.0,13.05,2022-04-01,,0,
Wake,Raleigh 2,30655.0,14.680000000000001,2022-04-02,,0,
Wake,Raleigh 2,30655.0,6.5200000000000005,2022-04-03,,0,
Wake,Raleigh 2,30655.0,4.57,2022-04-04,,0,
Wake,Raleigh 2,30655.0,21.86,2022-04-05,2656.2499882352945,0,781634.0050603572
Wake,Raleigh 2,30655.0,19.900000000000002,2022-04-06,,0,
Wake,Raleigh 2,30655.0,28.380000000000003,2022-04-07,4632.400241775321,0,1343691.43757569
Wake,Raleigh 2,30655.0,22.830000000000002,2022-04-08,,0,
Wake,Raleigh 2,30655.0,30.660000000000004,2022-04-09,,0,
Wake,Raleigh 2,30655.0,20.880000000000003,2022-04-10,,0,
Wake,Raleigh 2,30655.0,8.16,2022-04-11,,0,
Wake,Raleigh 2,30655.0,41.760000000000005,2022-04-12,15608.611341179596,0,4452323.41630342
Wake,Raleigh 2,30655.0,35.88,2022-04-13,,0,
Wake,Raleigh 2,30655.0,48.93000000000001,2022-04-14,7970.489069059697,0,2326713.44828745
Wake,Raleigh 2,30655.0,33.27,2022-04-15,,0,
Wake,Raleigh 2,30655.0,24.790000000000003,2022-04-16,,0,
Wake,Raleigh 2,30655.0,30.34,2022-04-17,,0,
Wake,Raleigh 2,30655.0,17.62,2022-04-18,,0,
Wake,Raleigh 2,30655.0,68.17999999999999,2022-04-19,9036.503472029435,0,3190252.31495008
Wake,Raleigh 2,30655.0,49.260000000000005,2022-04-20,,0,
Wake,Raleigh 2,30655.0,62.96000000000001,2022-04-21,37912.03704629965,0,10809646.9615384
Wake,Raleigh 2,30655.0,49.580000000000005,2022-04-22,,0,
Wake,Raleigh 2,30655.0,46.0,2022-04-23,,0,
Wake,Raleigh 2,30655.0,35.56,2022-04-24,,0,
Wake,Raleigh 2,30655.0,32.29,2022-04-25,,0,
Wake,Raleigh 2,30655.0,84.49000000000001,2022-04-26,69412.13460195567,0,20493938.7416239
Wake,Raleigh 2,30655.0,76.66000000000001,2022-04-27,,0,
Wake,Raleigh 2,30655.0,81.55000000000001,2022-04-28,40602.60145606439,0,11697122.9899956
Wake,Raleigh 2,30655.0,62.96000000000001,2022-04-29,,0,
Wake,Raleigh 2,30655.0,65.57000000000001,2022-04-30,,0,
Wake,Raleigh 2,30655.0,47.300000000000004,2022-05-01,,0,
Wake,Raleigh 2,30655.0,35.230000000000004,2022-05-02,,0,
Wake,Raleigh 2,30655.0,112.54000000000002,2022-05-03,37748.0639503538,0,11452763.5876442
Wake,Raleigh 2,30655.0,101.13,2022-05-04,,0,
Wake,Raleigh 2,30655.0,88.08,2022-05-05,53975.61023277085,0,15529731.2246633
Wake,Raleigh 2,30655.0,93.62,2022-05-06,,0,
Wake,Raleigh 2,30655.0,83.18,2022-05-07,,0,
Wake,Raleigh 2,30655.0,83.51,2022-05-08,,0,
Wake,Raleigh 2,30655.0,49.580000000000005,2022-05-09,,0,
Wake,Raleigh 2,30655.0,157.23000000000002,2022-05-10,69652.02400504962,0,20667976.9799354
Wake,Raleigh 2,30655.0,132.44000000000003,2022-05-11,,0,
Wake,Raleigh 2,30655.0,142.23,2022-05-12,113712.87394134406,0,33110359.3311177
Wake,Raleigh 2,30655.0,135.70000000000002,2022-05-13,,0,
Wake,Raleigh 2,30655.0,128.53,2022-05-14,,0,
Wake,Raleigh 2,30655.0,102.75999999999999,2022-05-15,,0,
Wake,Raleigh 2,30655.0,71.44,2022-05-16,,0,
Wake,Raleigh 2,30655.0,178.76,2022-05-17,56736.13800744647,0,18180573.962836
Wake,Raleigh 2,30655.0,169.63,2022-05-18,,0,
Wake,Raleigh 2,30655.0,166.69000000000003,2022-05-19,140864.81354830952,0,42390497.2796105
Wake,Raleigh 2,30655.0,155.93,2022-05-20,,0,
Wake,Raleigh 2,30655.0,124.94000000000001,2022-05-21,,0,
Wake,Raleigh 2,30655.0,96.88,2022-05-22,,0,
Wake,Raleigh 2,30655.0,53.82000000000001,2022-05-23,,0,
Wake,Raleigh 2,30655.0,158.21,2022-05-24,42000.5764960435,0,15891118.6321816
Wake,Raleigh 2,30655.0,167.02,2022-05-25,,0,
Wake,Raleigh 2,30655.0,139.94000000000003,2022-05-26,94333.26282918462,0,29913713.7118158
Wake,Raleigh 2,30655.0,128.20000000000002,2022-05-27,,0,
Wake,Raleigh 2,30655.0,110.25999999999999,2022-05-28,,0,
Wake,Raleigh 2,30655.0,76.01,2022-05-29,,0,
Wake,Raleigh 2,30655.0,61.33,2022-05-30,,0,
Wake,Raleigh 2,30655.0,39.47,2022-05-31,,0,
Wake,Raleigh 2,30655.0,179.42000000000002,2022-06-01,101442.25993145074,0,31967600.797912095
Wake,Raleigh 2,30655.0,132.77,2022-06-02,,0,
Wake,Raleigh 2,30655.0,117.11,2022-06-03,98763.4428774128,0,30123375.2265651
Wake,Raleigh 2,30655.0,93.95,2022-06-04,,0,
Wake,Raleigh 2,30655.0,64.92,2022-06-05,,0,
Wake,Raleigh 2,30655.0,49.260000000000005,2022-06-06,,0,
Wake,Raleigh 2,30655.0,102.10000000000001,2022-06-07,119849.16950901254,0,36495436.1792765
Wake,Raleigh 2,30655.0,102.75999999999999,2022-06-08,,0,
Wake,Raleigh 2,30655.0,104.71,2022-06-09,75729.9145318413,0,24453983.6338605
Wake,Raleigh 2,30655.0,70.14,2022-06-10,,0,
Wake,Raleigh 2,30655.0,71.11,2022-06-11,,0,
Wake,Raleigh 2,30655.0,48.28,2022-06-12,,0,
Wake,Raleigh 2,30655.0,41.760000000000005,2022-06-13,,0,
Wake,Raleigh 2,30655.0,90.69,2022-06-14,126219.37394869303,0,39370399.8249954
Wake,Raleigh 2,30655.0,95.58,2022-06-15,,0,
Wake,Raleigh 2,30655.0,89.06,2022-06-16,78662.17577082396,0,24157511.6295897
Wake,Raleigh 2,30655.0,73.4,2022-06-17,,0,
Wake,Raleigh 2,30655.0,77.31,2022-06-18,,0,
Wake,Raleigh 2,30655.0,45.34,2022-06-19,,0,
Wake,Raleigh 2,30655.0,45.34,2022-06-20,,0,
Wake,Raleigh 2,30655.0,73.07000000000001,2022-06-21,,0,
Wake,Raleigh 2,30655.0,87.10000000000001,2022-06-22,42934.57501827643,0,12533290.2693906
Wake,Raleigh 2,30655.0,91.34,2022-06-23,,0,
Wake,Raleigh 2,30655.0,82.86000000000001,2022-06-24,62306.71507951616,0,18580716.0925699
Wake,Raleigh 2,30655.0,74.05,2022-06-25,,0,
Wake,Raleigh 2,30655.0,45.67,2022-06-26,,0,
Wake,Raleigh 2,30655.0,49.580000000000005,2022-06-27,,0,
Wake,Raleigh 2,30655.0,100.47000000000001,2022-06-28,90149.83652231432,0,29967496.0245919
Wake,Raleigh 2,30655.0,90.36000000000001,2022-06-29,,0,
Wake,Raleigh 2,30655.0,85.14,2022-06-30,92379.11660110195,0,28894783.9803597
Wake,Raleigh 2,30655.0,81.23,2022-07-01,,0,
Wake,Raleigh 2,30655.0,80.25,2022-07-02,,0,
Wake,Raleigh 2,30655.0,42.410000000000004,2022-07-03,,0,
Wake,Raleigh 2,30655.0,43.06,2022-07-04,,0,
Wake,Raleigh 2,30655.0,37.19,2022-07-05,,0,
Wake,Raleigh 2,30655.0,95.91000000000001,2022-07-06,34544.73252176082,0,9934860.65588835
Wake,Raleigh 2,30655.0,82.86000000000001,2022-07-07,,0,
Wake,Raleigh 2,30655.0,83.18,2022-07-08,27021.660644749405,0,8612128.42414488
Wake,Raleigh 2,30655.0,79.27000000000001,2022-07-09,,0,
Wake,Raleigh 2,30655.0,53.17000000000001,2022-07-10,,0,
Wake,Raleigh 2,30655.0,48.93000000000001,2022-07-11,,0,
Wake,Raleigh 2,30655.0,109.61,2022-07-12,46870.12957097522,0,18804263.2642284
Wake,Raleigh 2,30655.0,73.72000000000001,2022-07-13,,0,
Wake,Raleigh 2,30655.0,89.38,2022-07-14,87791.54660899882,0,30549502.7781431
Wake,Raleigh 2,30655.0,71.44,2022-07-15,,0,
Wake,Raleigh 2,30655.0,65.24,2022-07-16,,0,
Wake,Raleigh 2,30655.0,54.150000000000006,2022-07-17,,0,
Wake,Raleigh 2,30655.0,55.129999999999995,2022-07-18,,0,
Wake,Raleigh 2,30655.0,107.65,2022-07-19,40877.14061673106,0,14244525.1303734
Wake,Raleigh 2,30655.0,87.75,2022-07-20,,0,
Wake,Raleigh 2,30655.0,101.78,2022-07-21,49440.870461592844,0,16007711.6646815
Wake,Raleigh 2,30655.0,70.14,2022-07-22,,0,
Wake,Raleigh 2,30655.0,79.92000000000002,2022-07-23,,0,
Wake,Raleigh 2,30655.0,49.580000000000005,2022-07-24,,0,
Wake,Raleigh 2,30655.0,48.28,2022-07-25,,0,
Wake,Raleigh 2,30655.0,127.55000000000001,2022-07-26,34781.60043758771,0,11501926.5977451
Wake,Raleigh 2,30655.0,81.23,2022-07-27,,0,
Wake,Raleigh 2,30655.0,96.23,2022-07-28,56434.78780858485,0,18056133.9028435
Wake,Raleigh 2,30655.0,76.33,2022-07-29,,0,
Wake,Raleigh 2,30655.0,79.60000000000001,2022-07-30,,0,
Wake,Raleigh 2,30655.0,54.150000000000006,2022-07-31,,0,
Wake,Raleigh 2,30655.0,46.97,2022-08-01,,0,
Wake,Raleigh 2,30655.0,91.01,2022-08-02,63459.80108698735,0,22309849.0052435
Wake,Raleigh 2,30655.0,87.75,2022-08-03,,0,
Wake,Raleigh 2,30655.0,83.84,2022-08-04,77876.71027977498,0,24127855.1043708
Wake,Raleigh 2,30655.0,90.03,2022-08-05,,0,
Wake,Raleigh 2,30655.0,86.77000000000001,2022-08-06,,0,
Wake,Raleigh 2,30655.0,56.760000000000005,2022-08-07,,0,
Wake,Raleigh 2,30655.0,49.910000000000004,2022-08-08,,0,
Wake,Raleigh 2,30655.0,86.77000000000001,2022-08-09,70890.36919074418,0,22427291.1386642
Wake,Raleigh 2,30655.0,75.03,2022-08-10,,0,
Wake,Raleigh 2,30655.0,69.81,2022-08-11,38439.71352650799,0,12023358.3030616
Wake,Raleigh 2,30655.0,54.800000000000004,2022-08-12,,0,
Wake,Raleigh 2,30655.0,54.48,2022-08-13,,0,
Wake,Raleigh 2,30655.0,42.410000000000004,2022-08-14,,0,
Wake,Raleigh 2,30655.0,40.78,2022-08-15,,0,
Wake,Raleigh 2,30655.0,61.650000000000006,2022-08-16,48003.53289081959,0,15074052.3297563
Wake,Raleigh 2,30655.0,58.720000000000006,2022-08-17,,0,
Wake,Raleigh 2,30655.0,56.11000000000001,2022-08-18,36926.44846177328,0,11545472.1616121
Wake,Raleigh 2,30655.0,54.150000000000006,2022-08-19,,0,
Wake,Raleigh 2,30655.0,49.910000000000004,2022-08-20,,0,
Wake,Raleigh 2,30655.0,40.120000000000005,2022-08-21,,0,
Wake,Raleigh 2,30655.0,31.97,2022-08-22,,0,
Wake,Raleigh 2,30655.0,65.89,2022-08-23,56572.775784824276,0,17450600.6350929
Wake,Raleigh 2,30655.0,57.74,2022-08-24,78245.30720752523,0,22985989.256699
Wake,Raleigh 2,30655.0,55.46000000000001,2022-08-25,,0,
Wake,Raleigh 2,30655.0,47.300000000000004,2022-08-26,,0,
Wake,Raleigh 2,30655.0,40.78,2022-08-27,,0,
Wake,Raleigh 2,30655.0,39.800000000000004,2022-08-28,,0,
Wake,Raleigh 2,30655.0,37.19,2022-08-29,,0,
Wake,Raleigh 2,30655.0,58.720000000000006,2022-08-30,31764.512431328167,0,9990370.5270161
Wake,Raleigh 2,30655.0,42.080000000000005,2022-08-31,,0,
Wake,Raleigh 2,30655.0,54.48,2022-09-01,35969.67166933832,0,10828807.4684156
Wake,Raleigh 2,30655.0,46.0,2022-09-02,,0,
Wake,Raleigh 2,30655.0,42.080000000000005,2022-09-03,,0,
Wake,Raleigh 2,30655.0,30.99,2022-09-04,,0,
Wake,Raleigh 2,30655.0,31.64,2022-09-05,,0,
Wake,Raleigh 2,30655.0,22.51,2022-09-06,,0,
Wake,Raleigh 2,30655.0,62.629999999999995,2022-09-07,24348.751959802805,0,7790307.057492729
Wake,Raleigh 2,30655.0,59.370000000000005,2022-09-08,,0,
Wake,Raleigh 2,30655.0,56.760000000000005,2022-09-09,86836.0343175574,0,27182437.7789888
Wake,Raleigh 2,30655.0,50.89,2022-09-10,,0,
Wake,Raleigh 2,30655.0,30.660000000000004,2022-09-11,,0,
Wake,Raleigh 2,30655.0,30.34,2022-09-12,,0,
Wake,Raleigh 2,30655.0,51.220000000000006,2022-09-13,88278.5903602906,0,29171042.9111657
Wake,Raleigh 2,30655.0,52.85,2022-09-14,,0,
Wake,Raleigh 2,30655.0,43.06,2022-09-15,53718.83245194377,0,15522185.8741084
Wake,Raleigh 2,30655.0,33.27,2022-09-16,,0,
Wake,Raleigh 2,30655.0,33.93,2022-09-17,,0,
Wake,Raleigh 2,30655.0,28.05,2022-09-18,,0,
Wake,Raleigh 2,30655.0,22.830000000000002,2022-09-19,,0,
Wake,Raleigh 2,30655.0,35.88,2022-09-20,30157.05849382528,0,8874082.82946601
Wake,Raleigh 2,30655.0,37.839999999999996,2022-09-21,,0,
Wake,Raleigh 2,30655.0,43.39,2022-09-22,56148.1353385845,0,16432140.5669648
Wake,Raleigh 2,30655.0,30.99,2022-09-23,,0,
Wake,Raleigh 2,30655.0,27.400000000000002,2022-09-24,,0,
Wake,Raleigh 2,30655.0,16.64,2022-09-25,,0,
Wake,Raleigh 2,30655.0,15.01,2022-09-26,,0,
Wake,Raleigh 2,30655.0,38.49,2022-09-27,60554.54744278088,0,17931077.9633987
Wake,Raleigh 2,30655.0,34.9,2022-09-28,,0,
Wake,Raleigh 2,30655.0,32.29,2022-09-29,35075.22553027988,0,9788572.65413302
Wake,Raleigh 2,30655.0,25.44,2022-09-30,,0,
Wake,Raleigh 2,30655.0,14.030000000000001,2022-10-01,,0,
Wake,Raleigh 2,30655.0,17.94,2022-10-02,,0,
Wake,Raleigh 2,30655.0,19.900000000000002,2022-10-03,,0,
Wake,Raleigh 2,30655.0,28.710000000000004,2022-10-04,20369.703164258444,0,6232990.4243707
Wake,Raleigh 2,30655.0,22.180000000000003,2022-10-05,,0,
Wake,Raleigh 2,30655.0,24.790000000000003,2022-10-06,146986.69017295406,0,41600933.9983612
Wake,Raleigh 2,30655.0,16.96,2022-10-07,,0,
Wake,Raleigh 2,30655.0,17.62,2022-10-08,,0,
Wake,Raleigh 2,30655.0,14.350000000000001,2022-10-09,,0,
Wake,Raleigh 2,30655.0,9.459999999999999,2022-10-10,,0,
Wake,Raleigh 2,30655.0,21.200000000000003,2022-10-11,121676.68404834197,0,36871633.7687437
Wake,Raleigh 2,30655.0,17.94,2022-10-12,,0,
Wake,Raleigh 2,30655.0,19.900000000000002,2022-10-13,15027.143441120163,0,4529545.93954988
Wake,Raleigh 2,30655.0,16.96,2022-10-14,,0,
Wake,Raleigh 2,30655.0,11.090000000000002,2022-10-15,,0,
Wake,Raleigh 2,30655.0,14.030000000000001,2022-10-16,,0,
Wake,Raleigh 2,30655.0,10.440000000000001,2022-10-17,,0,
Wake,Raleigh 2,30655.0,23.490000000000002,2022-10-18,33822.715443914356,0,10215870.5667345
Wake,Raleigh 2,30655.0,18.919999999999998,2022-10-19,,0,
Wake,Raleigh 2,30655.0,15.01,2022-10-20,20549.034040557734,0,5770219.43570403
Wake,Raleigh 2,30655.0,16.31,2022-10-21,,0,
Wake,Raleigh 2,30655.0,12.4,2022-10-22,,0,
Wake,Raleigh 2,30655.0,16.64,2022-10-23,,0,
Wake,Raleigh 2,30655.0,16.64,2022-10-24,,0,
Wake,Raleigh 2,30655.0,25.12,2022-10-25,28592.401613016023,0,8261843.23386823
Wake,Raleigh 2,30655.0,22.830000000000002,2022-10-26,,0,
Wake,Raleigh 2,30655.0,20.880000000000003,2022-10-27,20714.318236427684,0,6236124.86885658
Wake,Raleigh 2,30655.0,14.350000000000001,2022-10-28,,0,
Wake,Raleigh 2,30655.0,15.980000000000002,2022-10-29,,0,
Wake,Raleigh 2,30655.0,15.330000000000002,2022-10-30,,0,
Wake,Raleigh 2,30655.0,11.420000000000002,2022-10-31,,0,
Wake,Raleigh 2,30655.0,20.55,2022-11-01,12112.165619739528,0,3906658.33361424
Wake,Raleigh 2,30655.0,17.94,2022-11-02,,0,
Wake,Raleigh 2,30655.0,22.830000000000002,2022-11-03,25864.02526676771,0,7926990.730701329
Wake,Raleigh 2,30655.0,21.86,2022-11-04,,0,
Wake,Raleigh 2,30655.0,15.66,2022-11-05,,0,
Wake,Raleigh 2,30655.0,10.76,2022-11-06,,0,
Wake,Raleigh 2,30655.0,12.07,2022-11-07,,0,
Wake,Raleigh 2,30655.0,18.27,2022-11-08,14009.205830453071,0,4011665.57930629
Wake,Raleigh 2,30655.0,15.980000000000002,2022-11-09,,0,
Wake,Raleigh 2,30655.0,17.290000000000003,2022-11-10,34597.31559887628,0,9851722.34699646
Wake,Raleigh 2,30655.0,18.59,2022-11-11,,0,
Wake,Raleigh 2,30655.0,13.05,2022-11-12,,0,
Wake,Raleigh 2,30655.0,9.459999999999999,2022-11-13,,0,
Wake,Raleigh 2,30655.0,10.440000000000001,2022-11-14,,0,
Wake,Raleigh 2,30655.0,20.230000000000004,2022-11-15,39475.933835920965,0,12079366.8718807
Wake,Raleigh 2,30655.0,12.07,2022-11-16,,0,
Wake,Raleigh 2,30655.0,13.37,2022-11-17,58836.26984267449,0,18105212.4980998
Wake,Raleigh 2,30655.0,13.37,2022-11-18,,0,
Wake,Raleigh 2,30655.0,12.72,2022-11-19,,0,
Wake,Raleigh 2,30655.0,8.48,2022-11-20,,0,
Wake,Raleigh 2,30655.0,11.090000000000002,2022-11-21,,0,
Wake,Raleigh 2,30655.0,21.53,2022-11-22,26343.509048720152,0,7810453.32527853
Wake,Raleigh 2,30655.0,15.980000000000002,2022-11-23,,0,
Wake,Raleigh 2,30655.0,22.830000000000002,2022-11-24,46575.00607622074,0,7844725.43445647
Wake,Raleigh 2,30655.0,6.8500000000000005,2022-11-25,,0,
Wake,Raleigh 2,30655.0,19.25,2022-11-26,,0,
Wake,Raleigh 2,30655.0,24.47,2022-11-27,,0,
Wake,Raleigh 2,30655.0,17.62,2022-11-28,,0,
Wake,Raleigh 2,30655.0,37.839999999999996,2022-11-29,56671.73678298561,0,18831749.8873815
Wake,Raleigh 2,30655.0,34.9,2022-11-30,,0,
Wake,Raleigh 2,30655.0,32.62,2022-12-01,38396.49749651658,0,13934829.3156391
Wake,Raleigh 2,30655.0,28.380000000000003,2022-12-02,,0,
Wake,Raleigh 2,30655.0,22.830000000000002,2022-12-03,,0,
Wake,Raleigh 2,30655.0,20.880000000000003,2022-12-04,,0,
Wake,Raleigh 2,30655.0,21.86,2022-12-05,,0,
Wake,Raleigh 2,30655.0,28.710000000000004,2022-12-06,36134.26661771349,0,11132693.4879288
Wake,Raleigh 2,30655.0,30.660000000000004,2022-12-07,,0,
Wake,Raleigh 2,30655.0,34.25,2022-12-08,38334.80727746001,0,12629599.1525324
Wake,Raleigh 2,30655.0,33.27,2022-12-09,,0,
Wake,Raleigh 2,30655.0,26.75,2022-12-10,,0,
Wake,Raleigh 2,30655.0,25.44,2022-12-11,,0,
Wake,Raleigh 2,30655.0,27.080000000000002,2022-12-12,,0,
Wake,Raleigh 2,30655.0,36.21,2022-12-13,111126.68088717495,0,34621513.6240704
Wake,Raleigh 2,30655.0,40.120000000000005,2022-12-14,,0,
Wake,Raleigh 2,30655.0,41.43000000000001,2022-12-15,40062.39029314153,0,13065189.588046
Wake,Raleigh 2,30655.0,44.69,2022-12-16,,0,
Wake,Raleigh 2,30655.0,42.410000000000004,2022-12-17,,0,
Wake,Raleigh 2,30655.0,32.29,2022-12-18,,0,
Wake,Raleigh 2,30655.0,28.380000000000003,2022-12-19,,0,
Wake,Raleigh 2,30655.0,42.410000000000004,2022-12-20,86859.4257579452,0,14629914.2795716
Wake,Raleigh 2,30655.0,50.56,2022-12-21,,0,
Wake,Raleigh 2,30655.0,51.54,2022-12-22,128288.56431888232,0,41077208.1829849
Wake,Raleigh 2,30655.0,60.35,2022-12-23,,0,
Wake,Raleigh 2,30655.0,49.580000000000005,2022-12-24,,0,
Wake,Raleigh 2,30655.0,30.34,2022-12-25,,0,
Wake,Raleigh 2,30655.0,17.290000000000003,2022-12-26,,0,
Wake,Raleigh 2,30655.0,51.870000000000005,2022-12-27,,0,
Wake,Raleigh 2,30655.0,62.629999999999995,2022-12-28,58604.32044653362,0,20667992.4785479
Wake,Raleigh 2,30655.0,59.370000000000005,2022-12-29,,0,
Wake,Raleigh 2,30655.0,64.92,2022-12-30,38359.65817105255,0,13300938.6173313
Wake,Raleigh 2,30655.0,65.57000000000001,2022-12-31,,0,
Wake,Raleigh 2,30655.0,39.800000000000004,2023-01-01,,0,
Wake,Raleigh 2,30655.0,36.21,2023-01-02,,0,
Wake,Raleigh 2,30655.0,65.57000000000001,2023-01-03,,0,
Wake,Raleigh 2,30655.0,63.61000000000001,2023-01-04,188319.50293052528,0,61089395.7290806
Wake,Raleigh 2,30655.0,58.07000000000001,2023-01-05,,0,
Wake,Raleigh 2,30655.0,41.760000000000005,2023-01-06,47805.66526051079,0,15011918.0068426
Wake,Raleigh 2,30655.0,41.760000000000005,2023-01-07,,0,
Wake,Raleigh 2,30655.0,25.12,2023-01-08,,0,
Wake,Raleigh 2,30655.0,21.86,2023-01-09,,0,
Wake,Raleigh 2,30655.0,41.760000000000005,2023-01-10,43386.24620775573,0,13404475.9282298
Wake,Raleigh 2,30655.0,38.82,2023-01-11,,0,
Wake,Raleigh 2,30655.0,34.580000000000005,2023-01-12,61162.158627700606,0,18632125.963443305
Wake,Raleigh 2,30655.0,29.360000000000003,2023-01-13,,0,
Wake,Raleigh 2,30655.0,25.12,2023-01-14,,0,
Wake,Raleigh 2,30655.0,30.34,2023-01-15,,0,
Wake,Raleigh 2,30655.0,19.57,2023-01-16,,0,
Wake,Raleigh 2,30655.0,31.32,2023-01-17,,0,
Wake,Raleigh 2,30655.0,29.689999999999998,2023-01-18,92407.2536763213,0,27728271.273894
Wake,Raleigh 2,30655.0,28.710000000000004,2023-01-19,,0,
Wake,Raleigh 2,30655.0,29.03,2023-01-20,66301.31332032582,0,19829270.0464644
Wake,Raleigh 2,30655.0,26.1,2023-01-21,,0,
Wake,Raleigh 2,30655.0,19.25,2023-01-22,,0,
Wake,Raleigh 2,30655.0,19.57,2023-01-23,,0,
Wake,Raleigh 2,30655.0,33.27,2023-01-24,67983.91056713348,0,22112221.2099238
Wake,Raleigh 2,30655.0,26.75,2023-01-25,,0,
Wake,Raleigh 2,30655.0,28.710000000000004,2023-01-26,66969.65978710065,0,19814146.226677
Wake,Raleigh 2,30655.0,26.75,2023-01-27,,0,
Wake,Raleigh 2,30655.0,22.830000000000002,2023-01-28,,0,
Wake,Raleigh 2,30655.0,21.53,2023-01-29,,0,
Wake,Raleigh 2,30655.0,15.66,2023-01-30,,0,
Wake,Raleigh 2,30655.0,34.9,2023-01-31,59639.881539117785,0,14905884.0169052
Wake,Raleigh 2,30655.0,28.05,2023-02-01,,0,
Wake,Raleigh 2,30655.0,34.25,2023-02-02,158720.05390624097,0,51624758.1692156
Wake,Raleigh 2,30655.0,26.42,2023-02-03,,0,
Wake,Raleigh 2,30655.0,18.59,2023-02-04,,0,
Wake,Raleigh 2,30655.0,10.11,2023-02-05,,0,
Wake,Raleigh 2,30655.0,12.72,2023-02-06,,0,
Wake,Raleigh 2,30655.0,30.34,2023-02-07,65322.52736996631,0,19972115.8794039
Wake,Raleigh 2,30655.0,23.16,2023-02-08,,0,
Wake,Raleigh 2,30655.0,24.47,2023-02-09,97445.47644708809,0,29059576.1637866
Wake,Raleigh 2,30655.0,25.44,2023-02-10,,0,
Wake,Raleigh 2,30655.0,19.25,2023-02-11,,0,
Wake,Raleigh 2,30655.0,16.31,2023-02-12,,0,
Wake,Raleigh 2,30655.0,13.700000000000001,2023-02-13,,0,
Wake,Raleigh 2,30655.0,22.180000000000003,2023-02-14,30417.148534995846,0,10193863.1548102
Wake,Raleigh 2,30655.0,21.200000000000003,2023-02-15,,0,
Wake,Raleigh 2,30655.0,20.880000000000003,2023-02-16,22863.725199538243,0,7078019.95900906
Wake,Raleigh 2,30655.0,21.200000000000003,2023-02-17,,0,
Wake,Raleigh 2,30655.0,23.16,2023-02-18,,0,
Wake,Raleigh 2,30655.0,11.090000000000002,2023-02-19,,0,
Wake,Raleigh 2,30655.0,14.030000000000001,2023-02-20,,0,
Wake,Raleigh 2,30655.0,20.880000000000003,2023-02-21,20355.93672617402,0,6620904.4473823
Wake,Raleigh 2,30655.0,24.47,2023-02-22,,0,
Wake,Raleigh 2,30655.0,12.72,2023-02-23,23802.977796906005,0,7274731.22091697
Wake,Raleigh 2,30655.0,12.07,2023-02-24,,0,
Wake,Raleigh 2,30655.0,14.680000000000001,2023-02-25,,0,
Wake,Raleigh 2,30655.0,11.740000000000002,2023-02-26,,0,
Wake,Raleigh 2,30655.0,8.48,2023-02-27,,0,
Wake,Raleigh 2,30655.0,17.62,2023-02-28,16414.946481789102,0,5093806.19245699
Wake,Raleigh 2,30655.0,13.05,2023-03-01,,0,
Wake,Raleigh 2,30655.0,12.4,2023-03-02,19505.391254727525,0,5780645.87615556
Wake,Raleigh 2,30655.0,11.420000000000002,2023-03-03,,0,
Wake,Raleigh 2,30655.0,10.11,2023-03-04,,0,
Wake,Raleigh 2,30655.0,6.8500000000000005,2023-03-05,,0,
Wake,Raleigh 2,30655.0,7.18,2023-03-06,,0,
Wake,Raleigh 2,30655.0,12.07,2023-03-07,10065.394676812237,0,3055083.92215328
Wake,Raleigh 2,30655.0,14.350000000000001,2023-03-08,,0,
Wake,Raleigh 2,30655.0,6.8500000000000005,2023-03-09,11447.159036197589,0,3463173.56869269
Wake,Raleigh 2,30655.0,10.11,2023-03-10,,0,
Wake,Raleigh 2,30655.0,7.5,2023-03-11,,0,
Wake,Raleigh 2,30655.0,6.5200000000000005,2023-03-12,,0,
Wake,Raleigh 2,30655.0,7.5,2023-03-13,,0,
Wake,Raleigh 2,30655.0,15.330000000000002,2023-03-14,20633.690387325303,0,6461548.61385649
Wake,Raleigh 2,30655.0,7.18,2023-03-15,,0,
Wake,Raleigh 2,30655.0,14.350000000000001,2023-03-16,27713.6957838539,0,8206426.44920699
Wake,Raleigh 2,30655.0,11.740000000000002,2023-03-17,,0,
Wake,Raleigh 2,30655.0,7.5,2023-03-18,,0,
Wake,Raleigh 2,30655.0,8.81,2023-03-19,,0,
Wake,Raleigh 2,30655.0,6.2,2023-03-20,,0,
Wake,Raleigh 2,30655.0,12.4,2023-03-21,24108.841116901487,0,6817454.91454491
Wake,Raleigh 2,30655.0,10.76,2023-03-22,,0,
Wake,Raleigh 2,30655.0,15.330000000000002,2023-03-23,23452.836928610563,0,8714210.14675822
Wake,Raleigh 2,30655.0,9.13,2023-03-24,,0,
Wake,Raleigh 2,30655.0,9.790000000000001,2023-03-25,,0,
Wake,Raleigh 2,30655.0,6.2,2023-03-26,,0,
Wake,Raleigh 2,30655.0,8.16,2023-03-27,,0,
Wake,Raleigh 2,30655.0,10.440000000000001,2023-03-28,50625.34639881495,0,15853593.3567272
Wake,Raleigh 2,30655.0,10.440000000000001,2023-03-29,,0,
Wake,Raleigh 2,30655.0,15.01,2023-03-30,20561.48394450169,0,6060623.86035668
Wake,Raleigh 2,30655.0,7.5,2023-03-31,,0,
Wake,Raleigh 2,30655.0,8.48,2023-04-01,,0,
Wake,Raleigh 2,30655.0,5.550000000000001,2023-04-02,,0,
Wake,Raleigh 2,30655.0,4.57,2023-04-03,,0,
Wake,Raleigh 2,30655.0,10.11,2023-04-04,15141.295915475665,0,4444293.03292824
Wake,Raleigh 2,30655.0,6.5200000000000005,2023-04-05,,0,
Wake,Raleigh 2,30655.0,6.5200000000000005,2023-04-06,13628.75907777376,0,3964989.6482870295
Wake,Raleigh 2,30655.0,9.459999999999999,2023-04-07,,0,
Wake,Raleigh 2,30655.0,6.5200000000000005,2023-04-08,,0,
Wake,Raleigh 2,30655.0,6.5200000000000005,2023-04-09,,0,
Wake,Raleigh 2,30655.0,4.24,2023-04-10,,0,
Wake,Raleigh 2,30655.0,8.48,2023-04-11,18222.526443937488,0,5990003.79584227
Wake,Raleigh 2,30655.0,6.2,2023-04-12,,0,
Wake,Raleigh 2,30655.0,6.8500000000000005,2023-04-13,14358.363416490069,0,4365192.97128155
Wake,Raleigh 2,30655.0,3.91,2023-04-14,,0,
Wake,Raleigh 2,30655.0,7.18,2023-04-15,,0,
Wake,Raleigh 2,30655.0,4.24,2023-04-16,,0,
Wake,Raleigh 2,30655.0,2.2800000000000002,2023-04-17,,0,
Wake,Raleigh 2,30655.0,6.2,2023-04-18,62674.36657837084,0,19797071.468102
Wake,Raleigh 2,30655.0,4.24,2023-04-19,,0,
Wake,Raleigh 2,30655.0,4.890000000000001,2023-04-20,6037.018055298502,0,1812249.09229185
Wake,Raleigh 2,30655.0,3.59,2023-04-21,,0,
Wake,Raleigh 2,30655.0,3.59,2023-04-22,,0,
Wake,Raleigh 2,30655.0,2.94,2023-04-23,,0,
Wake,Raleigh 2,30655.0,3.59,2023-04-24,,0,
Wake,Raleigh 2,30655.0,7.18,2023-04-25,5491.174737704129,0,1708741.0858687
Wake,Raleigh 2,30655.0,7.83,2023-04-26,,0,
Wake,Raleigh 2,30655.0,6.2,2023-04-27,18858.194478793583,0,5737877.48531664
Wake,Raleigh 2,30655.0,5.220000000000001,2023-04-28,,0,
Wake,Raleigh 2,30655.0,3.59,2023-04-29,,0,
Wake,Raleigh 2,30655.0,4.24,2023-04-30,,0,
Wake,Raleigh 2,30655.0,1.9600000000000002,2023-05-01,,0,
Wake,Raleigh 2,30655.0,4.57,2023-05-02,5610.920067154768,0,1895660.81179449
Wake,Raleigh 2,30655.0,6.5200000000000005,2023-05-03,,0,
Wake,Raleigh 2,30655.0,7.18,2023-05-04,16690.326899135325,0,5210175.7098809
Wake,Raleigh 2,30655.0,6.5200000000000005,2023-05-05,,0,
Wake,Raleigh 2,30655.0,5.870000000000001,2023-05-06,,0,
Wake,Raleigh 2,30655.0,5.870000000000001,2023-05-07,,0,
Wake,Raleigh 2,30655.0,2.2800000000000002,2023-05-08,,0,
Wake,Raleigh 2,30655.0,7.83,2023-05-09,7648.334328466559,0,2396060.54783303
Wake,Raleigh 2,30655.0,4.24,2023-05-10,,0,
Wake,Raleigh 2,30655.0,5.870000000000001,2023-05-11,12004.109504665477,0,3573860.66230025
Wake,Raleigh 2,30655.0,3.2600000000000002,2023-05-12,,0,
Wake,Raleigh 2,30655.0,2.94,2023-05-13,,0,
Wake,Raleigh 2,30655.0,3.91,2023-05-14,,0,
Wake,Raleigh 2,30655.0,3.2600000000000002,2023-05-15,,0,
Wake,Raleigh 2,30655.0,3.59,2023-05-16,4557.325531493227,0,1434466.28186478
Wake,Raleigh 2,30655.0,5.870000000000001,2023-05-17,,0,
Wake,Raleigh 2,30655.0,2.6100000000000003,2023-05-18,4993.91129276443,0,1564486.24159055
Wake,Raleigh 2,30655.0,3.2600000000000002,2023-05-19,,0,
Wake,Raleigh 2,30655.0,6.2,2023-05-20,,0,
Wake,Raleigh 2,30655.0,0.65,2023-05-21,,0,
Wake,Raleigh 2,30655.0,1.9600000000000002,2023-05-22,,0,
Wake,Raleigh 2,30655.0,2.6100000000000003,2023-05-23,10320.651965840156,0,3368330.93132577
Wake,Raleigh 2,30655.0,4.890000000000001,2023-05-24,,0,
Wake,Raleigh 2,30655.0,,2023-05-25,12380.417763549027,0,3990122.82432168
Wake,Raleigh 2,30655.0,,2023-05-26,,0,
Wake,Raleigh 2,30655.0,,2023-05-27,,0,
Wake,Raleigh 2,30655.0,,2023-05-28,,0,
Wake,Raleigh 2,30655.0,,2023-05-29,,0,
Wake,Raleigh 2,30655.0,,2023-05-30,,0,
Wake,Raleigh 2,30655.0,,2023-05-31,10246.028645284976,0,3371811.1029927
Wake,Raleigh 2,30655.0,,2023-06-01,,0,
Wake,Raleigh 2,30655.0,,2023-06-02,5267.8382663100065,0,1676321.47467519
Wake,Raleigh 2,30655.0,,2023-06-03,,0,
Wake,Raleigh 2,30655.0,,2023-06-04,,0,
Wake,Raleigh 2,30655.0,,2023-06-05,,0,
Wake,Raleigh 2,30655.0,,2023-06-06,13651.698355882312,0,4300387.58694068
Wake,Raleigh 2,30655.0,,2023-06-07,,0,
Wake,Raleigh 2,30655.0,,2023-06-08,12993.895528285604,0,3359901.18825721
Wake,Raleigh 2,30655.0,,2023-06-09,,0,
Wake,Raleigh 2,30655.0,,2023-06-10,,0,
Wake,Raleigh 2,30655.0,,2023-06-11,,0,
Wake,Raleigh 2,30655.0,,2023-06-12,,0,
Wake,Raleigh 2,30655.0,,2023-06-13,5381.0592823346715,0,1743580.74645197
Wake,Raleigh 2,30655.0,,2023-06-14,,0,
Wake,Raleigh 2,30655.0,,2023-06-15,14076.516827681475,0,4470711.29565578
Wake,Raleigh 2,30655.0,,2023-06-16,,0,
Wake,Raleigh 2,30655.0,,2023-06-17,,0,
Wake,Raleigh 2,30655.0,,2023-06-18,,0,
Wake,Raleigh 2,30655.0,,2023-06-19,,0,
Wake,Raleigh 2,30655.0,,2023-06-20,,0,
Wake,Raleigh 2,30655.0,,2023-06-21,13403.178130577828,0,4319751.40085555
Wake,Raleigh 2,30655.0,,2023-06-22,,0,
Wake,Raleigh 2,30655.0,,2023-06-23,9776.193124115338,0,3353609.34378499
Wake,Raleigh 2,30655.0,,2023-06-24,,0,
Wake,Raleigh 2,30655.0,,2023-06-25,,0,
Wake,Raleigh 2,30655.0,,2023-06-26,,0,
Wake,Raleigh 2,30655.0,,2023-06-27,12210.574925039378,0,3939907.08430632
Wake,Raleigh 2,30655.0,,2023-06-28,,0,
Wake,Raleigh 2,30655.0,,2023-06-29,14922.23073136187,0,4647177.81748079
Wake,Raleigh 2,30655.0,,2023-06-30,,0,
Wake,Raleigh 2,30655.0,,2023-07-01,,0,
Wake,Raleigh 2,30655.0,,2023-07-02,,0,
Wake,Raleigh 2,30655.0,,2023-07-03,,0,
Wake,Raleigh 2,30655.0,,2023-07-04,,0,
Wake,Raleigh 2,30655.0,,2023-07-05,57681.87930364268,0,17486438.1152765
Wake,Raleigh 2,30655.0,,2023-07-06,,0,
Wake,Raleigh 2,30655.0,,2023-07-07,73761.24998940842,0,22169673.5970612
Wake,Raleigh 2,30655.0,,2023-07-08,,0,
Wake,Raleigh 2,30655.0,,2023-07-09,,0,
Wake,Raleigh 2,30655.0,,2023-07-10,,0,
Wake,Raleigh 2,30655.0,,2023-07-11,,0,
Wake,Raleigh 2,30655.0,,2023-07-12,41138.123437998554,0,13156934.0687358
Wake,Raleigh 2,30655.0,,2023-07-13,,0,
Wake,Raleigh 2,30655.0,,2023-07-14,118328.81305920397,0,37011454.7291231
Wake,Raleigh 2,30655.0,,2023-07-15,,0,
Wake,Raleigh 2,30655.0,,2023-07-16,,0,
Wake,Raleigh 2,30655.0,,2023-07-17,,0,
Wake,Raleigh 2,30655.0,,2023-07-18,,0,
Wake,Raleigh 2,30655.0,,2023-07-19,50894.14897608568,0,16849038.7089497
Wake,Raleigh 2,30655.0,,2023-07-20,,0,
Wake,Raleigh 2,30655.0,,2023-07-21,31369.182329158655,0,12542684.5614133
Wake,Raleigh 2,30655.0,,2023-07-22,,0,
Wake,Raleigh 2,30655.0,,2023-07-23,,0,
Wake,Raleigh 2,30655.0,,2023-07-24,,0,
Wake,Raleigh 2,30655.0,,2023-07-25,,0,
Wake,Raleigh 2,30655.0,,2023-07-26,120938.79443751709,0,41621052.769093
Wake,Raleigh 2,30655.0,,2023-07-27,,0,
Wake,Raleigh 2,30655.0,,2023-07-28,102416.46742589801,0,33880745.8956812
Wake,Raleigh 2,30655.0,,2023-07-29,,0,
Wake,Raleigh 2,30655.0,,2023-07-30,,0,
Wake,Raleigh 2,30655.0,,2023-07-31,,0,
Wake,Raleigh 2,30655.0,,2023-08-01,,0,
Wake,Raleigh 2,30655.0,,2023-08-02,64391.27580658739,0,21150426.2360384
Wake,Raleigh 2,30655.0,,2023-08-03,,0,
Wake,Raleigh 2,30655.0,,2023-08-04,88447.42845329082,0,28582445.9292371
Wake,Raleigh 2,30655.0,,2023-08-05,,0,
Wake,Raleigh 2,30655.0,,2023-08-06,,0,
Wake,Raleigh 2,30655.0,,2023-08-07,,0,
Wake,Raleigh 2,30655.0,,2023-08-08,,0,
Wake,Raleigh 2,30655.0,,2023-08-09,70981.96954156735,0,24016464.0077396
Wake,Raleigh 2,30655.0,,2023-08-10,,0,
Wake,Raleigh 2,30655.0,,2023-08-11,80061.67122912186,0,25803321.6508424
Wake,Raleigh 2,30655.0,,2023-08-12,,0,
Wake,Raleigh 2,30655.0,,2023-08-13,,0,
Wake,Raleigh 2,30655.0,,2023-08-14,,0,
Wake,Raleigh 2,30655.0,,2023-08-15,,0,
Wake,Raleigh 2,30655.0,,2023-08-16,84496.83070979659,0,28390916.9263832
Wake,Raleigh 2,30655.0,,2023-08-17,,0,
Wake,Raleigh 2,30655.0,,2023-08-18,96236.50658663796,0,31717495.0466884
Wake,Raleigh 2,30655.0,,2023-08-19,,0,
Wake,Raleigh 2,30655.0,,2023-08-20,,0,
Wake,Raleigh 2,30655.0,,2023-08-21,,0,
Wake,Raleigh 2,30655.0,,2023-08-22,,0,
Wake,Raleigh 2,30655.0,,2023-08-23,101052.61599780594,0,33317260.115378
Wake,Raleigh 2,30655.0,,2023-08-24,,0,
Wake,Raleigh 2,30655.0,,2023-08-25,165474.3315442008,0,53739898.4201633
Wake,Raleigh 2,30655.0,,2023-08-26,,0,
Wake,Raleigh 2,30655.0,,2023-08-27,,0,
Wake,Raleigh 2,30655.0,,2023-08-28,,0,
Wake,Raleigh 2,30655.0,,2023-08-29,,0,
Wake,Raleigh 2,30655.0,,2023-08-30,125358.83694418991,0,41981224.0023314
Wake,Raleigh 2,30655.0,,2023-08-31,,0,
Wake,Raleigh 2,30655.0,,2023-09-01,84140.03327786358,0,28510001.739544895
Wake,Raleigh 2,30655.0,,2023-09-02,,0,
Wake,Raleigh 2,30655.0,,2023-09-03,,0,
Wake,Raleigh 2,30655.0,,2023-09-04,,0,
Wake,Raleigh 2,30655.0,,2023-09-05,,0,
Wake,Raleigh 2,30655.0,,2023-09-06,,0,
Wake,Raleigh 2,30655.0,,2023-09-07,,0,
Wake,Raleigh 2,30655.0,,2023-09-08,,0,
Wake,Raleigh 2,30655.0,,2023-09-09,94428.48087309254,0,29629077.187208895
Wake,Raleigh 2,30655.0,,2023-09-10,,0,
Wake,Raleigh 2,30655.0,,2023-09-11,,0,
Wake,Raleigh 2,30655.0,,2023-09-12,,0,
Wake,Raleigh 2,30655.0,,2023-09-13,76961.5514396638,0,25821050.6533724
Wake,Raleigh 2,30655.0,,2023-09-14,,0,
Wake,Raleigh 2,30655.0,,2023-09-15,117778.11511482103,0,39340722.0409399
Wake,Raleigh 2,30655.0,,2023-09-16,,0,
Wake,Raleigh 2,30655.0,,2023-09-17,,0,
Wake,Raleigh 2,30655.0,,2023-09-18,,0,
Wake,Raleigh 2,30655.0,,2023-09-19,,0,
Wake,Raleigh 2,30655.0,,2023-09-20,96161.23127331532,0,31930173.2557147
Wake,Raleigh 2,30655.0,,2023-09-21,,0,
Wake,Raleigh 2,30655.0,,2023-09-22,127379.68911879165,0,39748055.1624799
Wake,Raleigh 2,30655.0,,2023-09-23,,0,
Wake,Raleigh 2,30655.0,,2023-09-24,,0,
Wake,Raleigh 2,30655.0,,2023-09-25,,0,
Wake,Raleigh 2,30655.0,,2023-09-26,,0,
Wake,Raleigh 2,30655.0,,2023-09-27,123042.9193411795,0,41190456.1701414
Wake,Raleigh 2,30655.0,,2023-09-28,,0,
Wake,Raleigh 2,30655.0,,2023-09-29,162155.21453224996,0,51440535.4693583
Wake,Raleigh 2,30655.0,,2023-09-30,,0,
Wake,Raleigh 2,30655.0,,2023-10-01,,0,
Wake,Raleigh 2,30655.0,,2023-10-02,,0,
Wake,Raleigh 2,30655.0,,2023-10-03,,0,
Wake,Raleigh 2,30655.0,,2023-10-04,61528.03913664081,0,20339108.0324308
Wake,Raleigh 2,30655.0,,2023-10-05,,0,
Wake,Raleigh 2,30655.0,,2023-10-06,157597.82993429835,0,50228324.9206762
Wake,Raleigh 2,30655.0,,2023-10-07,,0,
Wake,Raleigh 2,30655.0,,2023-10-08,,0,
Wake,Raleigh 2,30655.0,,2023-10-09,,0,
Wake,Raleigh 2,30655.0,,2023-10-10,,0,
Wake,Raleigh 2,30655.0,,2023-10-11,45430.152982353036,0,15432818.4415086
Wake,Raleigh 2,30655.0,,2023-10-12,,0,
Wake,Raleigh 2,30655.0,,2023-10-13,174278.94881482402,0,55781525.3997945
Wake,Raleigh 2,30655.0,,2023-10-14,,0,
Wake,Raleigh 2,30655.0,,2023-10-15,,0,
Wake,Raleigh 2,30655.0,,2023-10-16,,0,
Wake,Raleigh 2,30655.0,,2023-10-17,,0,
Wake,Raleigh 2,30655.0,,2023-10-18,106007.71481359268,0,33785934.4000822
Wake,Raleigh 2,30655.0,,2023-10-19,,0,
Wake,Raleigh 2,30655.0,,2023-10-20,50166.98515956491,0,15468457.2742023
Wake,Raleigh 2,30655.0,,2023-10-21,,0,
Wake,Raleigh 2,30655.0,,2023-10-22,,0,
Wake,Raleigh 2,30655.0,,2023-10-23,,0,
Wake,Raleigh 2,30655.0,,2023-10-24,,0,
Wake,Raleigh 2,30655.0,,2023-10-25,18911.107846977153,0,6251378.5732457
Wake,Raleigh 2,30655.0,,2023-10-26,,0,
Wake,Raleigh 2,30655.0,,2023-10-27,137196.18945145654,0,43404187.6078267
Wake,Raleigh 2,30655.0,,2023-10-28,,0,
Wake,Raleigh 2,30655.0,,2023-10-29,,0,
Wake,Raleigh 2,30655.0,,2023-10-30,,0,
Wake,Raleigh 2,30655.0,,2023-10-31,,0,
Wake,Raleigh 2,30655.0,,2023-11-01,310677.0026892884,0,99054863.039649
Wake,Raleigh 2,30655.0,,2023-11-02,,0,
Wake,Raleigh 2,30655.0,,2023-11-03,69175.14004322645,0,21261083.884285
Wake,Raleigh 2,30655.0,,2023-11-04,,0,
Wake,Raleigh 2,30655.0,,2023-11-05,,0,
Wake,Raleigh 2,30655.0,,2023-11-06,,0,
Wake,Raleigh 2,30655.0,,2023-11-07,,0,
Wake,Raleigh 2,30655.0,,2023-11-08,49601.362884501475,0,17088670.2784455
Wake,Raleigh 2,30655.0,,2023-11-09,,0,
Wake,Raleigh 2,30655.0,,2023-11-10,151652.16516753062,0,49662959.033722
Wake,Raleigh 2,30655.0,,2023-11-11,,0,
Wake,Raleigh 2,30655.0,,2023-11-12,,0,
Wake,Raleigh 2,30655.0,,2023-11-13,,0,
Wake,Raleigh 2,30655.0,,2023-11-14,,0,
Wake,Raleigh 2,30655.0,,2023-11-15,69569.47606529751,0,22378806.3182902
Wake,Raleigh 2,30655.0,,2023-11-16,,0,
Wake,Raleigh 2,30655.0,,2023-11-17,80453.7134009363,0,20843086.7105915
Wake,Raleigh 2,30655.0,,2023-11-18,,0,
Wake,Raleigh 2,30655.0,,2023-11-19,,0,
Wake,Raleigh 2,30655.0,,2023-11-20,,0,
Wake,Raleigh 2,30655.0,,2023-11-21,,0,
Wake,Raleigh 2,30655.0,,2023-11-22,97887.12887811137,0,35017452.0759133
Wake,Raleigh 2,30655.0,,2023-11-23,,0,
Wake,Raleigh 2,30655.0,,2023-11-24,79390.62161237941,0,12411188.3203131
Wake,Raleigh 2,30655.0,,2023-11-25,,0,
Wake,Raleigh 2,30655.0,,2023-11-26,,0,
Wake,Raleigh 2,30655.0,,2023-11-27,,0,
Wake,Raleigh 2,30655.0,,2023-11-28,,0,
Wake,Raleigh 2,30655.0,,2023-11-29,117454.27706133138,0,39087515.1833489
Wake,Raleigh 2,30655.0,,2023-11-30,,0,
Wake,Raleigh 2,30655.0,,2023-12-01,105137.03058390043,0,34702848.4007421
Wake,Raleigh 2,30655.0,,2023-12-02,,0,
Wake,Raleigh 2,30655.0,,2023-12-03,,0,
Wake,Raleigh 2,30655.0,,2023-12-04,,0,
Wake,Raleigh 2,30655.0,,2023-12-05,,0,
Wake,Raleigh 2,30655.0,,2023-12-06,147345.96838732992,0,48089014.5862785
Wake,Raleigh 2,30655.0,,2023-12-07,,0,
Wake,Raleigh 2,30655.0,,2023-12-08,89596.21197349824,0,28677091.5702238
Wake,Raleigh 2,30655.0,,2023-12-09,,0,
Wake,Raleigh 2,30655.0,,2023-12-10,,0,
Wake,Raleigh 2,30655.0,,2023-12-11,,0,
Wake,Raleigh 2,30655.0,,2023-12-12,,0,
Wake,Raleigh 2,30655.0,,2023-12-13,83558.33890163199,0,36103075.3396755
Wake,Raleigh 2,30655.0,,2023-12-14,,0,
Wake,Raleigh 2,30655.0,,2023-12-15,206896.71819533542,0,71458932.7433491
Wake,Raleigh 2,30655.0,,2023-12-16,,0,
Wake,Raleigh 2,30655.0,,2023-12-17,,0,
Wake,Raleigh 2,30655.0,,2023-12-18,,0,
Wake,Raleigh 2,30655.0,,2023-12-19,,0,
Wake,Raleigh 2,30655.0,,2023-12-20,190182.9014396407,0,82195865.0426897
Wake,Raleigh 2,30655.0,,2023-12-21,,0,
Wake,Raleigh 2,30655.0,,2023-12-22,330785.6103278977,0,116127192.290329
Wake,Raleigh 2,30655.0,,2023-12-23,,0,
Wake,Raleigh 2,30655.0,,2023-12-24,,0,
Wake,Raleigh 2,30655.0,,2023-12-25,,0,
Wake,Raleigh 2,30655.0,,2023-12-26,,0,
Wake,Raleigh 2,30655.0,,2023-12-27,,0,
Wake,Raleigh 2,30655.0,,2023-12-28,266799.9999999999,0,101999310.165389
Wake,Raleigh 2,30655.0,,2023-12-29,,0,
Wake,Raleigh 2,30655.0,,2023-12-30,261598.7767555499,0,97038951.3172237
Wake,Raleigh 2,30655.0,,2023-12-31,,0,
Wake,Raleigh 2,30655.0,,2024-01-01,,0,
Wake,Raleigh 2,30655.0,,2024-01-02,,0,
Wake,Raleigh 2,30655.0,,2024-01-03,,0,
Wake,Raleigh 2,30655.0,,2024-01-04,,0,
Wake,Raleigh 2,30655.0,,2024-01-05,,0,
Wake,Raleigh 2,30655.0,,2024-01-06,302097.9973452323,0,101877904.558486
Wake,Raleigh 2,30655.0,,2024-01-07,,0,
Wake,Raleigh 2,30655.0,,2024-01-08,,0,
Wake,Raleigh 2,30655.0,,2024-01-09,,0,
Wake,Raleigh 2,30655.0,,2024-01-10,190788.88856534596,0,64246381.6565042
Wake,Raleigh 2,30655.0,,2024-01-11,,0,
Wake,Raleigh 2,30655.0,,2024-01-12,252979.9992094236,0,104931685.29035
Wake,Raleigh 2,30655.0,,2024-01-13,,0,
Wake,Raleigh 2,30655.0,,2024-01-14,,0,
Wake,Raleigh 2,30655.0,,2024-01-15,,0,
Wake,Raleigh 2,30655.0,,2024-01-16,,0,
Wake,Raleigh 2,30655.0,,2024-01-17,,0,
Wake,Raleigh 2,30655.0,,2024-01-18,,0,
Wake,Raleigh 2,30655.0,,2024-01-19,,0,
Wake,Raleigh 2,30655.0,,2024-01-20,426558.64778480376,0,154384973.208493
Wake,Raleigh 2,30655.0,,2024-01-21,,0,
Wake,Raleigh 2,30655.0,,2024-01-22,,0,
Wake,Raleigh 2,30655.0,,2024-01-23,,0,
Wake,Raleigh 2,30655.0,,2024-01-24,401899.8880318336,0,137370800.276593
Wake,Raleigh 2,30655.0,,2024-01-25,,0,
Wake,Raleigh 2,30655.0,,2024-01-26,377597.4046520977,0,131115723.05278
Wake,Raleigh 2,30655.0,,2024-01-27,,0,
Wake,Raleigh 2,30655.0,,2024-01-28,,0,
Wake,Raleigh 2,30655.0,,2024-01-29,,0,
Wake,Raleigh 2,30655.0,,2024-01-30,,0,
Wake,Raleigh 2,30655.0,,2024-01-31,313289.0039564109,0,110603727.781878
Wake,Raleigh 2,30655.0,,2024-02-01,,0,
Wake,Raleigh 2,30655.0,,2024-02-02,174394.78203203232,0,59781031.6731905
Wake,Raleigh 2,30655.0,,2024-02-03,,0,
Wake,Raleigh 2,30655.0,,2024-02-04,,0,
Wake,Raleigh 2,30655.0,,2024-02-05,,0,
Wake,Raleigh 2,30655.0,,2024-02-06,,0,
Wake,Raleigh 2,30655.0,,2024-02-07,200139.6512438252,0,64997902.8609471
Wake,Raleigh 2,30655.0,,2024-02-08,,0,
Wake,Raleigh 2,30655.0,,2024-02-09,364705.41536971997,0,117271815.684317
Wake,Raleigh 2,30655.0,,2024-02-10,,0,
Wake,Raleigh 2,30655.0,,2024-02-11,,0,
Wake,Raleigh 2,30655.0,,2024-02-12,,0,
Wake,Raleigh 2,30655.0,,2024-02-13,,0,
Wake,Raleigh 2,30655.0,,2024-02-14,408854.986517225,0,144645318.642375
Wake,Raleigh 2,30655.0,,2024-02-15,,0,
Wake,Raleigh 2,30655.0,,2024-02-16,447537.39508559497,0,144072409.078967
Wake,Raleigh 2,30655.0,,2024-02-17,,0,
Wake,Raleigh 2,30655.0,,2024-02-18,,0,
Wake,Raleigh 2,30655.0,,2024-02-19,,0,
Wake,Raleigh 2,30655.0,,2024-02-20,,0,
Wake,Raleigh 2,30655.0,,2024-02-21,193687.5834946576,0,64337549.9046884
Wake,Raleigh 2,30655.0,,2024-02-22,,0,
Wake,Raleigh 2,30655.0,,2024-02-23,252168.27714841545,0,80960700.3890325
Wake,Raleigh 2,30655.0,,2024-02-24,,0,
Wake,Raleigh 2,30655.0,,2024-02-25,,0,
Wake,Raleigh 2,30655.0,,2024-02-26,,0,
Wake,Raleigh 2,30655.0,,2024-02-27,,0,
Wake,Raleigh 2,30655.0,,2024-02-28,81848.13742535622,0,27167427.8627933
Wake,Raleigh 2,30655.0,,2024-02-29,,0,
Wake,Raleigh 2,30655.0,,2024-03-01,103179.62008071177,0,34668330.1326193
Wake,Raleigh 2,30655.0,,2024-03-02,,0,
Wake,Raleigh 2,30655.0,,2024-03-03,,0,
Wake,Raleigh 2,30655.0,,2024-03-04,,0,
Wake,Raleigh 2,30655.0,,2024-03-05,,0,
Wake,Raleigh 2,30655.0,,2024-03-06,,0,
Wake,Raleigh 2,30655.0,,2024-03-07,,0,
Wake,Raleigh 2,30655.0,,2024-03-08,106784.43706832943,0,38318987.9065727
Wake,Raleigh 2,30655.0,,2024-03-09,,0,
Wake,Raleigh 2,30655.0,,2024-03-10,,0,
Wake,Raleigh 2,30655.0,,2024-03-11,,0,
Wake,Raleigh 2,30655.0,,2024-03-12,,0,
Wake,Raleigh 2,30655.0,,2024-03-13,36769.90073416031,0,12554460.378114
Wake,Raleigh 2,30655.0,,2024-03-14,,0,
Wake,Raleigh 2,30655.0,,2024-03-15,59639.68477448549,0,19420299.6398452
Wake,Raleigh 2,30655.0,,2024-03-16,,0,
Wake,Raleigh 2,30655.0,,2024-03-17,,0,
Wake,Raleigh 2,30655.0,,2024-03-18,,0,
Wake,Raleigh 2,30655.0,,2024-03-19,,0,
Wake,Raleigh 2,30655.0,,2024-03-20,51420.000000000015,0,17207263.9465013
Wake,Raleigh 2,30655.0,,2024-03-21,,0,
Wake,Raleigh 2,30655.0,,2024-03-22,60087.48288953365,0,19736771.1486514
Wake,Raleigh 2,30655.0,,2024-03-23,,0,
Wake,Raleigh 2,30655.0,,2024-03-24,,0,
Wake,Raleigh 2,30655.0,,2024-03-25,,0,
Wake,Raleigh 2,30655.0,,2024-03-26,,0,
Wake,Raleigh 2,30655.0,,2024-03-27,28720.383005802676,0,9203182.76526763
Wake,Raleigh 2,30655.0,,2024-03-28,,0,
Wake,Raleigh 2,30655.0,,2024-03-29,30361.284557804913,0,12169678.7770465
Wake,Raleigh 2,30655.0,,2024-03-30,,0,
Wake,Raleigh 2,30655.0,,2024-03-31,,0,
Wake,Raleigh 2,30655.0,,2024-04-01,,0,
Wake,Raleigh 2,30655.0,,2024-04-02,,0,
Wake,Raleigh 2,30655.0,,2024-04-03,61052.475789274955,0,21388142.7087317
Wake,Raleigh 2,30655.0,,2024-04-04,,0,
Wake,Raleigh 2,30655.0,,2024-04-05,32459.999999999993,0,12582017.6048279
Wake,Raleigh 2,30655.0,,2024-04-06,,0,
Wake,Raleigh 2,30655.0,,2024-04-07,,0,
Wake,Raleigh 2,30655.0,,2024-04-08,,0,
Wake,Raleigh 2,30655.0,,2024-04-09,,0,
Wake,Raleigh 2,30655.0,,2024-04-10,28139.282151469342,0,9958631.38765579
Wake,Raleigh 2,30655.0,,2024-04-11,,0,
Wake,Raleigh 2,30655.0,,2024-04-12,15596.08925339939,0,5299984.49150283
Wake,Raleigh 2,30655.0,,2024-04-13,,0,
Wake,Raleigh 2,30655.0,,2024-04-14,,0,
Wake,Raleigh 2,30655.0,,2024-04-15,,0,
Wake,Raleigh 2,30655.0,,2024-04-16,,0,
Wake,Raleigh 2,30655.0,,2024-04-17,18688.04965746827,0,6380718.31265362
Wake,Raleigh 2,30655.0,,2024-04-18,,0,
Wake,Raleigh 2,30655.0,,2024-04-19,34265.65627563552,0,11669809.6787816
Wake,Raleigh 2,30655.0,,2024-04-20,,0,
Wake,Raleigh 2,30655.0,,2024-04-21,,0,
Wake,Raleigh 2,30655.0,,2024-04-22,,0,
Wake,Raleigh 2,30655.0,,2024-04-23,,0,
Wake,Raleigh 2,30655.0,,2024-04-24,21928.33783030534,0,7302929.65165856
Wake,Raleigh 2,30655.0,,2024-04-25,,0,
Wake,Raleigh 2,30655.0,,2024-04-26,16620.228638619887,0,5576183.9193806
Wake,Raleigh 2,30655.0,,2024-04-27,,0,
Wake,Raleigh 2,30655.0,,2024-04-28,,0,
Wake,Raleigh 2,30655.0,,2024-04-29,,0,
Wake,Raleigh 2,30655.0,,2024-04-30,,0,
Wake,Raleigh 2,30655.0,,2024-05-01,11887.7415853475,0,3884182.7308603306
Wake,Raleigh 2,30655.0,,2024-05-02,,0,
Wake,Raleigh 2,30655.0,,2024-05-03,27600.000000000015,0,8793043.97977492
Wake,Raleigh 2,30655.0,,2024-05-04,,0,
Wake,Raleigh 2,30655.0,,2024-05-05,,0,
Wake,Raleigh 2,30655.0,,2024-05-06,,0,
Wake,Raleigh 2,30655.0,,2024-05-07,,0,
Wake,Raleigh 2,30655.0,,2024-05-08,16690.59615472137,0,5760552.22971815
Wake,Raleigh 2,30655.0,,2024-05-09,,0,
Wake,Raleigh 2,30655.0,,2024-05-10,27577.164466275353,0,9643913.70365843
Wake,Raleigh 2,30655.0,,2024-05-11,,0,
Wake,Raleigh 2,30655.0,,2024-05-12,,0,
Wake,Raleigh 2,30655.0,,2024-05-13,,0,
Wake,Raleigh 2,30655.0,,2024-05-14,,0,
Wake,Raleigh 2,30655.0,,2024-05-15,18020.11098744955,0,6137085.59738237
Wake,Raleigh 3,7776.0,2.5700000000000003,2021-10-21,24765.395211867704,0,6968328.68135705
Wake,Raleigh 3,7776.0,,2021-10-22,,0,
Wake,Raleigh 3,7776.0,,2021-10-23,,0,
Wake,Raleigh 3,7776.0,2.5700000000000003,2021-10-24,,0,
Wake,Raleigh 3,7776.0,,2021-10-25,,0,
Wake,Raleigh 3,7776.0,2.5700000000000003,2021-10-26,17964.790118451172,0,7547245.36418651
Wake,Raleigh 3,7776.0,2.5700000000000003,2021-10-27,,0,
Wake,Raleigh 3,7776.0,,2021-10-28,11092.280938279771,0,3034678.59931012
Wake,Raleigh 3,7776.0,,2021-10-29,,0,
Wake,Raleigh 3,7776.0,,2021-10-30,,0,
Wake,Raleigh 3,7776.0,,2021-10-31,,0,
Wake,Raleigh 3,7776.0,,2021-11-01,,0,
Wake,Raleigh 3,7776.0,2.5700000000000003,2021-11-02,6339.7596717615115,0,1941238.81410426
Wake,Raleigh 3,7776.0,,2021-11-03,,0,
Wake,Raleigh 3,7776.0,2.5700000000000003,2021-11-04,5651.0629451458135,0,1546044.486108
Wake,Raleigh 3,7776.0,2.5700000000000003,2021-11-05,,0,
Wake,Raleigh 3,7776.0,,2021-11-06,,0,
Wake,Raleigh 3,7776.0,2.5700000000000003,2021-11-07,,0,
Wake,Raleigh 3,7776.0,2.5700000000000003,2021-11-08,,0,
Wake,Raleigh 3,7776.0,2.5700000000000003,2021-11-09,,0,
Wake,Raleigh 3,7776.0,,2021-11-10,,0,
Wake,Raleigh 3,7776.0,2.5700000000000003,2021-11-11,,0,
Wake,Raleigh 3,7776.0,2.5700000000000003,2021-11-12,,0,
Wake,Raleigh 3,7776.0,2.5700000000000003,2021-11-13,,0,
Wake,Raleigh 3,7776.0,2.5700000000000003,2021-11-14,,0,
Wake,Raleigh 3,7776.0,2.5700000000000003,2021-11-15,,0,
Wake,Raleigh 3,7776.0,2.5700000000000003,2021-11-16,1528.0794501595794,0,1090936.23975694
Wake,Raleigh 3,7776.0,2.5700000000000003,2021-11-17,,0,
Wake,Raleigh 3,7776.0,2.5700000000000003,2021-11-18,5456.575313602747,0,1572524.37676571
Wake,Raleigh 3,7776.0,,2021-11-19,,0,
Wake,Raleigh 3,7776.0,2.5700000000000003,2021-11-20,,0,
Wake,Raleigh 3,7776.0,2.5700000000000003,2021-11-21,,0,
Wake,Raleigh 3,7776.0,,2021-11-22,,0,
Wake,Raleigh 3,7776.0,2.5700000000000003,2021-11-23,5804.5443046861765,0,1816915.07883831
Wake,Raleigh 3,7776.0,2.5700000000000003,2021-11-24,,0,
Wake,Raleigh 3,7776.0,2.5700000000000003,2021-11-25,,0,
Wake,Raleigh 3,7776.0,2.5700000000000003,2021-11-26,,0,
Wake,Raleigh 3,7776.0,2.5700000000000003,2021-11-27,,0,
Wake,Raleigh 3,7776.0,,2021-11-28,,0,
Wake,Raleigh 3,7776.0,2.5700000000000003,2021-11-29,,0,
Wake,Raleigh 3,7776.0,2.5700000000000003,2021-11-30,12575.052282992714,0,3826003.3204765106
Wake,Raleigh 3,7776.0,2.5700000000000003,2021-12-01,,0,
Wake,Raleigh 3,7776.0,7.720000000000001,2021-12-02,13362.077366478195,0,4247590.97273437
Wake,Raleigh 3,7776.0,2.5700000000000003,2021-12-03,,0,
Wake,Raleigh 3,7776.0,7.720000000000001,2021-12-04,,0,
Wake,Raleigh 3,7776.0,2.5700000000000003,2021-12-05,,0,
Wake,Raleigh 3,7776.0,2.5700000000000003,2021-12-06,,0,
Wake,Raleigh 3,7776.0,2.5700000000000003,2021-12-07,28021.134495827828,0,8266351.430996259
Wake,Raleigh 3,7776.0,7.720000000000001,2021-12-08,,0,
Wake,Raleigh 3,7776.0,2.5700000000000003,2021-12-09,5462.589955609969,0,1816246.67133111
Wake,Raleigh 3,7776.0,2.5700000000000003,2021-12-10,,0,
Wake,Raleigh 3,7776.0,6.43,2021-12-11,,0,
Wake,Raleigh 3,7776.0,2.5700000000000003,2021-12-12,,0,
Wake,Raleigh 3,7776.0,2.5700000000000003,2021-12-13,,0,
Wake,Raleigh 3,7776.0,9.0,2021-12-14,,0,
Wake,Raleigh 3,7776.0,2.5700000000000003,2021-12-15,,0,
Wake,Raleigh 3,7776.0,2.5700000000000003,2021-12-16,59329.72650074369,0,17098167.958331
Wake,Raleigh 3,7776.0,2.5700000000000003,2021-12-17,,0,
Wake,Raleigh 3,7776.0,2.5700000000000003,2021-12-18,,0,
Wake,Raleigh 3,7776.0,9.0,2021-12-19,,0,
Wake,Raleigh 3,7776.0,2.5700000000000003,2021-12-20,,0,
Wake,Raleigh 3,7776.0,7.720000000000001,2021-12-21,58649.66202367204,0,19814381.025378
Wake,Raleigh 3,7776.0,2.5700000000000003,2021-12-22,,0,
Wake,Raleigh 3,7776.0,14.15,2021-12-23,,0,
Wake,Raleigh 3,7776.0,18.0,2021-12-24,,0,
Wake,Raleigh 3,7776.0,6.43,2021-12-25,,0,
Wake,Raleigh 3,7776.0,6.43,2021-12-26,,0,
Wake,Raleigh 3,7776.0,2.5700000000000003,2021-12-27,,0,
Wake,Raleigh 3,7776.0,46.300000000000004,2021-12-28,,0,
Wake,Raleigh 3,7776.0,83.59,2021-12-29,,0,
Wake,Raleigh 3,7776.0,74.59,2021-12-30,,0,
Wake,Raleigh 3,7776.0,64.3,2021-12-31,257182.02553402187,0,86010777.868648
Wake,Raleigh 3,7776.0,27.010000000000005,2022-01-01,,0,
Wake,Raleigh 3,7776.0,38.580000000000005,2022-01-02,,0,
Wake,Raleigh 3,7776.0,20.580000000000002,2022-01-03,,0,
Wake,Raleigh 3,7776.0,74.59,2022-01-04,,0,
Wake,Raleigh 3,7776.0,48.870000000000005,2022-01-18,,0,
Wake,Raleigh 3,7776.0,75.87,2022-01-19,226866.9921728978,0,112428034.18086
Wake,Raleigh 3,7776.0,70.73,2022-01-20,,0,
Wake,Raleigh 3,7776.0,48.870000000000005,2022-01-21,179455.04594104306,0,105530533.710585
Wake,Raleigh 3,7776.0,2.5700000000000003,2022-01-22,,0,
Wake,Raleigh 3,7776.0,2.5700000000000003,2022-01-23,,0,
Wake,Raleigh 3,7776.0,2.5700000000000003,2022-01-24,,0,
Wake,Raleigh 3,7776.0,59.160000000000004,2022-01-25,128276.74346956958,0,64131868.8165395
Wake,Raleigh 3,7776.0,37.29,2022-01-26,,0,
Wake,Raleigh 3,7776.0,30.860000000000003,2022-01-27,88908.59013616185,0,37178547.0331951
Wake,Raleigh 3,7776.0,24.430000000000003,2022-01-28,,0,
Wake,Raleigh 3,7776.0,20.580000000000002,2022-01-29,,0,
Wake,Raleigh 3,7776.0,2.5700000000000003,2022-01-30,,0,
Wake,Raleigh 3,7776.0,7.720000000000001,2022-01-31,,0,
Wake,Raleigh 3,7776.0,30.860000000000003,2022-02-01,32474.79146969231,0,12647127.1223635
Wake,Raleigh 3,7776.0,14.15,2022-02-02,,0,
Wake,Raleigh 3,7776.0,12.86,2022-02-03,135262.98713986782,0,51953104.3709738
Wake,Raleigh 3,7776.0,11.57,2022-02-04,,0,
Wake,Raleigh 3,7776.0,10.290000000000001,2022-02-05,,0,
Wake,Raleigh 3,7776.0,9.0,2022-02-06,,0,
Wake,Raleigh 3,7776.0,9.0,2022-02-07,,0,
Wake,Raleigh 3,7776.0,9.0,2022-02-08,15199.156752925493,0,55936696.6399541
Wake,Raleigh 3,7776.0,9.0,2022-02-09,,0,
Wake,Raleigh 3,7776.0,9.0,2022-02-10,27427.811524071683,0,12150330.0342504
Wake,Raleigh 3,7776.0,7.720000000000001,2022-02-11,,0,
Wake,Raleigh 3,7776.0,2.5700000000000003,2022-02-12,,0,
Wake,Raleigh 3,7776.0,2.5700000000000003,2022-02-13,,0,
Wake,Raleigh 3,7776.0,2.5700000000000003,2022-02-14,,0,
Wake,Raleigh 3,7776.0,6.43,2022-02-15,45600.18259831866,0,18491285.7119333
Wake,Raleigh 3,7776.0,10.290000000000001,2022-02-16,,0,
Wake,Raleigh 3,7776.0,2.5700000000000003,2022-02-17,25110.53977914454,0,9082395.04874235
Wake,Raleigh 3,7776.0,9.0,2022-02-18,,0,
Wake,Raleigh 3,7776.0,2.5700000000000003,2022-02-19,,0,
Wake,Raleigh 3,7776.0,2.5700000000000003,2022-02-20,,0,
Wake,Raleigh 3,7776.0,6.43,2022-02-21,,0,
Wake,Raleigh 3,7776.0,6.43,2022-02-22,10471.568650398098,0,3955751.40845066
Wake,Raleigh 3,7776.0,2.5700000000000003,2022-02-23,,0,
Wake,Raleigh 3,7776.0,2.5700000000000003,2022-02-24,7805.236191173206,0,2971312.49010397
Wake,Raleigh 3,7776.0,2.5700000000000003,2022-02-25,,0,
Wake,Raleigh 3,7776.0,2.5700000000000003,2022-02-26,,0,
Wake,Raleigh 3,7776.0,,2022-02-27,,0,
Wake,Raleigh 3,7776.0,2.5700000000000003,2022-02-28,,0,
Wake,Raleigh 3,7776.0,2.5700000000000003,2022-03-01,15872.237712433625,0,5764113.34914328
Wake,Raleigh 3,7776.0,2.5700000000000003,2022-03-02,,0,
Wake,Raleigh 3,7776.0,6.43,2022-03-03,12081.51277779401,0,4463942.78266688
Wake,Raleigh 3,7776.0,2.5700000000000003,2022-03-04,,0,
Wake,Raleigh 3,7776.0,,2022-03-05,,0,
Wake,Raleigh 3,7776.0,,2022-03-06,,0,
Wake,Raleigh 3,7776.0,,2022-03-07,,0,
Wake,Raleigh 3,7776.0,2.5700000000000003,2022-03-08,3621.8009332374977,0,1260625.66302266
Wake,Raleigh 3,7776.0,2.5700000000000003,2022-03-09,,0,
Wake,Raleigh 3,7776.0,,2022-03-10,2586.6735395097703,0,962034.18577362
Wake,Raleigh 3,7776.0,2.5700000000000003,2022-03-11,,0,
Wake,Raleigh 3,7776.0,2.5700000000000003,2022-03-12,,0,
Wake,Raleigh 3,7776.0,,2022-03-13,,0,
Wake,Raleigh 3,7776.0,,2022-03-14,,0,
Wake,Raleigh 3,7776.0,,2022-03-15,3833.7699461496168,0,1662873.75308023
Wake,Raleigh 3,7776.0,,2022-03-16,,0,
Wake,Raleigh 3,7776.0,,2022-03-17,1729.3547929791612,0,858696.7111638631
Wake,Raleigh 3,7776.0,,2022-03-18,,0,
Wake,Raleigh 3,7776.0,,2022-03-19,,0,
Wake,Raleigh 3,7776.0,,2022-03-20,,0,
Wake,Raleigh 3,7776.0,,2022-03-21,,0,
Wake,Raleigh 3,7776.0,2.5700000000000003,2022-03-22,1524.572071107169,0,637524.162337375
Wake,Raleigh 3,7776.0,,2022-03-23,,0,
Wake,Raleigh 3,7776.0,,2022-03-24,0.0,0,280734.51984391
Wake,Raleigh 3,7776.0,2.5700000000000003,2022-03-25,,0,
Wake,Raleigh 3,7776.0,,2022-03-26,,0,
Wake,Raleigh 3,7776.0,,2022-03-27,,0,
Wake,Raleigh 3,7776.0,,2022-03-28,,0,
Wake,Raleigh 3,7776.0,,2022-03-29,0.0,0,328236.825039451
Wake,Raleigh 3,7776.0,2.5700000000000003,2022-03-30,,0,
Wake,Raleigh 3,7776.0,,2022-03-31,2928.8362876746833,0,941010.692260811
Wake,Raleigh 3,7776.0,,2022-04-01,,0,
Wake,Raleigh 3,7776.0,,2022-04-02,,0,
Wake,Raleigh 3,7776.0,,2022-04-03,,0,
Wake,Raleigh 3,7776.0,,2022-04-04,,0,
Wake,Raleigh 3,7776.0,2.5700000000000003,2022-04-05,1828.57813614841,0,816278.549822581
Wake,Raleigh 3,7776.0,,2022-04-06,,0,
Wake,Raleigh 3,7776.0,2.5700000000000003,2022-04-07,4561.24456700143,0,2056126.69499956
Wake,Raleigh 3,7776.0,2.5700000000000003,2022-04-08,,0,
Wake,Raleigh 3,7776.0,,2022-04-09,,0,
Wake,Raleigh 3,7776.0,,2022-04-10,,0,
Wake,Raleigh 3,7776.0,,2022-04-11,,0,
Wake,Raleigh 3,7776.0,2.5700000000000003,2022-04-12,3602.8988328844302,0,1522394.893783
Wake,Raleigh 3,7776.0,2.5700000000000003,2022-04-13,,0,
Wake,Raleigh 3,7776.0,2.5700000000000003,2022-04-14,15888.329427601888,0,6295905.00555669
Wake,Raleigh 3,7776.0,2.5700000000000003,2022-04-15,,0,
Wake,Raleigh 3,7776.0,2.5700000000000003,2022-04-16,,0,
Wake,Raleigh 3,7776.0,,2022-04-17,,0,
Wake,Raleigh 3,7776.0,2.5700000000000003,2022-04-18,,0,
Wake,Raleigh 3,7776.0,2.5700000000000003,2022-04-19,16806.30566186394,0,6348768.70049869
Wake,Raleigh 3,7776.0,,2022-04-20,,0,
Wake,Raleigh 3,7776.0,2.5700000000000003,2022-04-21,10840.694719435653,0,4686251.64896671
Wake,Raleigh 3,7776.0,2.5700000000000003,2022-04-22,,0,
Wake,Raleigh 3,7776.0,2.5700000000000003,2022-04-23,,0,
Wake,Raleigh 3,7776.0,2.5700000000000003,2022-04-24,,0,
Wake,Raleigh 3,7776.0,2.5700000000000003,2022-04-25,,0,
Wake,Raleigh 3,7776.0,2.5700000000000003,2022-04-26,10399.27064750217,0,3953752.14817023
Wake,Raleigh 3,7776.0,2.5700000000000003,2022-04-27,,0,
Wake,Raleigh 3,7776.0,2.5700000000000003,2022-04-28,,0,
Wake,Raleigh 3,7776.0,2.5700000000000003,2022-04-29,,0,
Wake,Raleigh 3,7776.0,6.43,2022-04-30,,0,
Wake,Raleigh 3,7776.0,2.5700000000000003,2022-05-01,,0,
Wake,Raleigh 3,7776.0,,2022-05-02,,0,
Wake,Raleigh 3,7776.0,2.5700000000000003,2022-05-03,16690.464822766335,0,6061258.20639332
Wake,Raleigh 3,7776.0,6.43,2022-05-04,,0,
Wake,Raleigh 3,7776.0,2.5700000000000003,2022-05-05,31306.44965498329,0,11597756.902359
Wake,Raleigh 3,7776.0,10.290000000000001,2022-05-06,,0,
Wake,Raleigh 3,7776.0,2.5700000000000003,2022-05-07,,0,
Wake,Raleigh 3,7776.0,2.5700000000000003,2022-05-08,,0,
Wake,Raleigh 3,7776.0,6.43,2022-05-09,,0,
Wake,Raleigh 3,7776.0,6.43,2022-05-10,59891.98670106041,0,20030001.5273636
Wake,Raleigh 3,7776.0,2.5700000000000003,2022-05-11,,0,
Wake,Raleigh 3,7776.0,6.43,2022-05-12,38614.28660483062,0,15526858.274756
Wake,Raleigh 3,7776.0,2.5700000000000003,2022-05-13,,0,
Wake,Raleigh 3,7776.0,2.5700000000000003,2022-05-14,,0,
Wake,Raleigh 3,7776.0,2.5700000000000003,2022-05-15,,0,
Wake,Raleigh 3,7776.0,2.5700000000000003,2022-05-16,,0,
Wake,Raleigh 3,7776.0,7.720000000000001,2022-05-17,50852.643648093705,0,17254478.5614775
Wake,Raleigh 3,7776.0,7.720000000000001,2022-05-18,,0,
Wake,Raleigh 3,7776.0,7.720000000000001,2022-05-19,67296.40428730205,0,21687294.421093
Wake,Raleigh 3,7776.0,7.720000000000001,2022-05-20,,0,
Wake,Raleigh 3,7776.0,6.43,2022-05-21,,0,
Wake,Raleigh 3,7776.0,2.5700000000000003,2022-05-22,,0,
Wake,Raleigh 3,7776.0,,2022-05-23,,0,
Wake,Raleigh 3,7776.0,2.5700000000000003,2022-05-24,47661.582516739865,0,15800509.6690443
Wake,Raleigh 3,7776.0,2.5700000000000003,2022-05-25,,0,
Wake,Raleigh 3,7776.0,2.5700000000000003,2022-05-26,120414.22533903539,0,43494788.8863171
Wake,Raleigh 3,7776.0,2.5700000000000003,2022-05-27,,0,
Wake,Raleigh 3,7776.0,16.72,2022-05-28,,0,
Wake,Raleigh 3,7776.0,,2022-05-29,,0,
Wake,Raleigh 3,7776.0,9.0,2022-05-30,,0,
Wake,Raleigh 3,7776.0,2.5700000000000003,2022-05-31,,0,
Wake,Raleigh 3,7776.0,23.150000000000002,2022-06-01,66338.34465827432,0,25060046.7873815
Wake,Raleigh 3,7776.0,18.0,2022-06-02,,0,
Wake,Raleigh 3,7776.0,10.290000000000001,2022-06-03,96111.3431494953,0,30786198.554479
Wake,Raleigh 3,7776.0,12.86,2022-06-04,,0,
Wake,Raleigh 3,7776.0,2.5700000000000003,2022-06-05,,0,
Wake,Raleigh 3,7776.0,,2022-06-06,,0,
Wake,Raleigh 3,7776.0,7.720000000000001,2022-06-07,79945.9032721503,0,23895719.452069
Wake,Raleigh 3,7776.0,6.43,2022-06-08,,0,
Wake,Raleigh 3,7776.0,7.720000000000001,2022-06-09,68460.5849157017,0,20662735.7055988
Wake,Raleigh 3,7776.0,2.5700000000000003,2022-06-10,,0,
Wake,Raleigh 3,7776.0,2.5700000000000003,2022-06-11,,0,
Wake,Raleigh 3,7776.0,2.5700000000000003,2022-06-12,,0,
Wake,Raleigh 3,7776.0,2.5700000000000003,2022-06-13,,0,
Wake,Raleigh 3,7776.0,7.720000000000001,2022-06-14,22986.426777557248,0,7239878.406722749
Wake,Raleigh 3,7776.0,2.5700000000000003,2022-06-15,,0,
Wake,Raleigh 3,7776.0,7.720000000000001,2022-06-16,55286.97533777735,0,17117308.2893704
Wake,Raleigh 3,7776.0,2.5700000000000003,2022-06-17,,0,
Wake,Raleigh 3,7776.0,2.5700000000000003,2022-06-18,,0,
Wake,Raleigh 3,7776.0,2.5700000000000003,2022-06-19,,0,
Wake,Raleigh 3,7776.0,2.5700000000000003,2022-06-20,,0,
Wake,Raleigh 3,7776.0,6.43,2022-06-21,,0,
Wake,Raleigh 3,7776.0,9.0,2022-06-22,49084.16754922101,0,13141944.9990292
Wake,Raleigh 3,7776.0,2.5700000000000003,2022-06-23,,0,
Wake,Raleigh 3,7776.0,6.43,2022-06-24,158437.22545538365,0,46893897.9075612
Wake,Raleigh 3,7776.0,2.5700000000000003,2022-06-25,,0,
Wake,Raleigh 3,7776.0,2.5700000000000003,2022-06-26,,0,
Wake,Raleigh 3,7776.0,2.5700000000000003,2022-06-27,,0,
Wake,Raleigh 3,7776.0,9.0,2022-06-28,50167.71870436205,0,15239280.685095
Wake,Raleigh 3,7776.0,6.43,2022-06-29,,0,
Wake,Raleigh 3,7776.0,6.43,2022-06-30,60760.763244054135,0,19462769.5364068
Wake,Raleigh 3,7776.0,2.5700000000000003,2022-07-01,,0,
Wake,Raleigh 3,7776.0,2.5700000000000003,2022-07-02,,0,
Wake,Raleigh 3,7776.0,,2022-07-03,,0,
Wake,Raleigh 3,7776.0,,2022-07-04,,0,
Wake,Raleigh 3,7776.0,2.5700000000000003,2022-07-05,,0,
Wake,Raleigh 3,7776.0,6.43,2022-07-06,54776.35097375509,0,17225869.0507368
Wake,Raleigh 3,7776.0,2.5700000000000003,2022-07-07,,0,
Wake,Raleigh 3,7776.0,6.43,2022-07-08,94226.23583694728,0,32017158.8489907
Wake,Raleigh 3,7776.0,6.43,2022-07-09,,0,
Wake,Raleigh 3,7776.0,2.5700000000000003,2022-07-10,,0,
Wake,Raleigh 3,7776.0,,2022-07-11,,0,
Wake,Raleigh 3,7776.0,7.720000000000001,2022-07-12,94096.2492291803,0,40905273.1553627
Wake,Raleigh 3,7776.0,2.5700000000000003,2022-07-13,,0,
Wake,Raleigh 3,7776.0,2.5700000000000003,2022-07-14,101439.13919193129,0,41035724.4393159
Wake,Raleigh 3,7776.0,2.5700000000000003,2022-07-15,,0,
Wake,Raleigh 3,7776.0,2.5700000000000003,2022-07-16,,0,
Wake,Raleigh 3,7776.0,7.720000000000001,2022-07-17,,0,
Wake,Raleigh 3,7776.0,2.5700000000000003,2022-07-18,,0,
Wake,Raleigh 3,7776.0,2.5700000000000003,2022-07-19,40020.36275447793,0,14085583.5502172
Wake,Raleigh 3,7776.0,6.43,2022-07-20,,0,
Wake,Raleigh 3,7776.0,9.0,2022-07-21,124483.09338621043,0,43691923.2933
Wake,Raleigh 3,7776.0,2.5700000000000003,2022-07-22,,0,
Wake,Raleigh 3,7776.0,10.290000000000001,2022-07-23,,0,
Wake,Raleigh 3,7776.0,10.290000000000001,2022-07-24,,0,
Wake,Raleigh 3,7776.0,2.5700000000000003,2022-07-25,,0,
Wake,Raleigh 3,7776.0,7.720000000000001,2022-07-26,45423.91286536202,0,15722067.941068
Wake,Raleigh 3,7776.0,2.5700000000000003,2022-07-27,,0,
Wake,Raleigh 3,7776.0,10.290000000000001,2022-07-28,121983.48819409947,0,41508185.5775142
Wake,Raleigh 3,7776.0,11.57,2022-07-29,,0,
Wake,Raleigh 3,7776.0,2.5700000000000003,2022-07-30,,0,
Wake,Raleigh 3,7776.0,2.5700000000000003,2022-07-31,,0,
Wake,Raleigh 3,7776.0,2.5700000000000003,2022-08-01,,0,
Wake,Raleigh 3,7776.0,7.720000000000001,2022-08-02,69220.64348155106,0,23790077.6270004
Wake,Raleigh 3,7776.0,6.43,2022-08-03,,0,
Wake,Raleigh 3,7776.0,6.43,2022-08-04,95742.57628662392,0,31413804.158643305
Wake,Raleigh 3,7776.0,2.5700000000000003,2022-08-05,,0,
Wake,Raleigh 3,7776.0,2.5700000000000003,2022-08-06,,0,
Wake,Raleigh 3,7776.0,2.5700000000000003,2022-08-07,,0,
Wake,Raleigh 3,7776.0,6.43,2022-08-08,,0,
Wake,Raleigh 3,7776.0,9.0,2022-08-09,57426.68467707331,0,19261428.476038095
Wake,Raleigh 3,7776.0,6.43,2022-08-10,,0,
Wake,Raleigh 3,7776.0,2.5700000000000003,2022-08-11,95641.21265437835,0,31054635.3313678
Wake,Raleigh 3,7776.0,2.5700000000000003,2022-08-12,,0,
Wake,Raleigh 3,7776.0,2.5700000000000003,2022-08-13,,0,
Wake,Raleigh 3,7776.0,,2022-08-14,,0,
Wake,Raleigh 3,7776.0,,2022-08-15,,0,
Wake,Raleigh 3,7776.0,2.5700000000000003,2022-08-16,120141.71301009502,0,42928469.5569002
Wake,Raleigh 3,7776.0,2.5700000000000003,2022-08-17,,0,
Wake,Raleigh 3,7776.0,,2022-08-18,124267.95255414807,0,44765803.9638464
Wake,Raleigh 3,7776.0,2.5700000000000003,2022-08-19,,0,
Wake,Raleigh 3,7776.0,2.5700000000000003,2022-08-20,,0,
Wake,Raleigh 3,7776.0,9.0,2022-08-21,,0,
Wake,Raleigh 3,7776.0,6.43,2022-08-22,,0,
Wake,Raleigh 3,7776.0,6.43,2022-08-23,24300.981934893065,0,9262774.90789578
Wake,Raleigh 3,7776.0,2.5700000000000003,2022-08-24,,0,
Wake,Raleigh 3,7776.0,12.86,2022-08-25,146467.29279945086,0,48769946.8198972
Wake,Raleigh 3,7776.0,2.5700000000000003,2022-08-26,,0,
Wake,Raleigh 3,7776.0,2.5700000000000003,2022-08-27,,0,
Wake,Raleigh 3,7776.0,11.57,2022-08-28,,0,
Wake,Raleigh 3,7776.0,2.5700000000000003,2022-08-29,,0,
Wake,Raleigh 3,7776.0,6.43,2022-08-30,66679.76244708731,0,21585952.4035739
Wake,Raleigh 3,7776.0,2.5700000000000003,2022-08-31,,0,
Wake,Raleigh 3,7776.0,2.5700000000000003,2022-09-01,41232.812419237256,0,13468555.0072562
Wake,Raleigh 3,7776.0,10.290000000000001,2022-09-02,,0,
Wake,Raleigh 3,7776.0,2.5700000000000003,2022-09-03,,0,
Wake,Raleigh 3,7776.0,2.5700000000000003,2022-09-04,,0,
Wake,Raleigh 3,7776.0,2.5700000000000003,2022-09-05,,0,
Wake,Raleigh 3,7776.0,2.5700000000000003,2022-09-06,,0,
Wake,Raleigh 3,7776.0,2.5700000000000003,2022-09-07,53064.35950805408,0,17953257.38231
Wake,Raleigh 3,7776.0,,2022-09-08,,0,
Wake,Raleigh 3,7776.0,7.720000000000001,2022-09-09,127785.09434202414,0,43171306.7269644
Wake,Raleigh 3,7776.0,2.5700000000000003,2022-09-10,,0,
Wake,Raleigh 3,7776.0,2.5700000000000003,2022-09-11,,0,
Wake,Raleigh 3,7776.0,2.5700000000000003,2022-09-12,,0,
Wake,Raleigh 3,7776.0,6.43,2022-09-13,193863.47733134276,0,75121558.956236
Wake,Raleigh 3,7776.0,2.5700000000000003,2022-09-14,,0,
Wake,Raleigh 3,7776.0,2.5700000000000003,2022-09-15,54292.24328575858,0,17496504.8636637
Wake,Raleigh 3,7776.0,6.43,2022-09-16,,0,
Wake,Raleigh 3,7776.0,2.5700000000000003,2022-09-17,,0,
Wake,Raleigh 3,7776.0,2.5700000000000003,2022-09-18,,0,
Wake,Raleigh 3,7776.0,2.5700000000000003,2022-09-19,,0,
Wake,Raleigh 3,7776.0,2.5700000000000003,2022-09-20,94583.69626949458,0,31309830.7900991
Wake,Raleigh 3,7776.0,6.43,2022-09-21,,0,
Wake,Raleigh 3,7776.0,2.5700000000000003,2022-09-22,42016.83260313657,0,13254209.8446594
Wake,Raleigh 3,7776.0,2.5700000000000003,2022-09-23,,0,
Wake,Raleigh 3,7776.0,2.5700000000000003,2022-09-24,,0,
Wake,Raleigh 3,7776.0,2.5700000000000003,2022-09-25,,0,
Wake,Raleigh 3,7776.0,2.5700000000000003,2022-09-26,,0,
Wake,Raleigh 3,7776.0,2.5700000000000003,2022-09-27,1287749.6342131088,0,396190483.294933
Wake,Raleigh 3,7776.0,2.5700000000000003,2022-09-28,,0,
Wake,Raleigh 3,7776.0,,2022-09-29,17180.594547337427,0,5294164.41685671
Wake,Raleigh 3,7776.0,,2022-09-30,,0,
Wake,Raleigh 3,7776.0,,2022-10-01,,0,
Wake,Raleigh 3,7776.0,,2022-10-02,,0,
Wake,Raleigh 3,7776.0,,2022-10-03,,0,
Wake,Raleigh 3,7776.0,2.5700000000000003,2022-10-04,8979.161542148582,0,3623646.64432448
Wake,Raleigh 3,7776.0,2.5700000000000003,2022-10-05,,0,
Wake,Raleigh 3,7776.0,2.5700000000000003,2022-10-06,119541.03937978801,0,42190100.5130506
Wake,Raleigh 3,7776.0,,2022-10-07,,0,
Wake,Raleigh 3,7776.0,,2022-10-08,,0,
Wake,Raleigh 3,7776.0,2.5700000000000003,2022-10-09,,0,
Wake,Raleigh 3,7776.0,2.5700000000000003,2022-10-10,,0,
Wake,Raleigh 3,7776.0,2.5700000000000003,2022-10-11,143420.95149593733,0,42798505.0903984
Wake,Raleigh 3,7776.0,,2022-10-12,,0,
Wake,Raleigh 3,7776.0,,2022-10-13,37399.11555103941,0,11943199.7783603
Wake,Raleigh 3,7776.0,2.5700000000000003,2022-10-14,,0,
Wake,Raleigh 3,7776.0,2.5700000000000003,2022-10-15,,0,
Wake,Raleigh 3,7776.0,,2022-10-16,,0,
Wake,Raleigh 3,7776.0,2.5700000000000003,2022-10-17,,0,
Wake,Raleigh 3,7776.0,2.5700000000000003,2022-10-18,14380.783949423629,0,4788441.53555933
Wake,Raleigh 3,7776.0,2.5700000000000003,2022-10-19,,0,
Wake,Raleigh 3,7776.0,2.5700000000000003,2022-10-20,15341.35900107942,0,4794622.14414151
Wake,Raleigh 3,7776.0,,2022-10-21,,0,
Wake,Raleigh 3,7776.0,,2022-10-22,,0,
Wake,Raleigh 3,7776.0,2.5700000000000003,2022-10-23,,0,
Wake,Raleigh 3,7776.0,,2022-10-24,,0,
Wake,Raleigh 3,7776.0,2.5700000000000003,2022-10-25,29747.772488036797,0,9383934.8313512
Wake,Raleigh 3,7776.0,2.5700000000000003,2022-10-26,,0,
Wake,Raleigh 3,7776.0,,2022-10-27,21947.42918885948,0,6966053.05946291
Wake,Raleigh 3,7776.0,2.5700000000000003,2022-10-28,,0,
Wake,Raleigh 3,7776.0,2.5700000000000003,2022-10-29,,0,
Wake,Raleigh 3,7776.0,2.5700000000000003,2022-10-30,,0,
Wake,Raleigh 3,7776.0,2.5700000000000003,2022-10-31,,0,
Wake,Raleigh 3,7776.0,2.5700000000000003,2022-11-01,18880.997510724894,0,9678517.33023206
Wake,Raleigh 3,7776.0,,2022-11-02,,0,
Wake,Raleigh 3,7776.0,2.5700000000000003,2022-11-03,137844.03581221774,0,74216186.1315468
Wake,Raleigh 3,7776.0,2.5700000000000003,2022-11-04,,0,
Wake,Raleigh 3,7776.0,,2022-11-05,,0,
Wake,Raleigh 3,7776.0,2.5700000000000003,2022-11-06,,0,
Wake,Raleigh 3,7776.0,,2022-11-07,,0,
Wake,Raleigh 3,7776.0,,2022-11-08,7266.930232223238,0,2575359.70246529
Wake,Raleigh 3,7776.0,2.5700000000000003,2022-11-09,,0,
Wake,Raleigh 3,7776.0,2.5700000000000003,2022-11-10,14243.054397290985,0,4465237.11759072
Wake,Raleigh 3,7776.0,,2022-11-11,,0,
Wake,Raleigh 3,7776.0,2.5700000000000003,2022-11-12,,0,
Wake,Raleigh 3,7776.0,,2022-11-13,,0,
Wake,Raleigh 3,7776.0,2.5700000000000003,2022-11-14,,0,
Wake,Raleigh 3,7776.0,2.5700000000000003,2022-11-15,18423.506357162332,0,7336368.17243844
Wake,Raleigh 3,7776.0,2.5700000000000003,2022-11-16,,0,
Wake,Raleigh 3,7776.0,2.5700000000000003,2022-11-17,27221.30371602364,0,8958001.74981556
Wake,Raleigh 3,7776.0,2.5700000000000003,2022-11-18,,0,
Wake,Raleigh 3,7776.0,,2022-11-19,,0,
Wake,Raleigh 3,7776.0,2.5700000000000003,2022-11-20,,0,
Wake,Raleigh 3,7776.0,,2022-11-21,,0,
Wake,Raleigh 3,7776.0,2.5700000000000003,2022-11-22,30744.576952692005,0,10371875.1885966
Wake,Raleigh 3,7776.0,,2022-11-23,,0,
Wake,Raleigh 3,7776.0,,2022-11-24,19406.828437434073,0,6547014.86604613
Wake,Raleigh 3,7776.0,,2022-11-25,,0,
Wake,Raleigh 3,7776.0,,2022-11-26,,0,
Wake,Raleigh 3,7776.0,2.5700000000000003,2022-11-27,,0,
Wake,Raleigh 3,7776.0,2.5700000000000003,2022-11-28,,0,
Wake,Raleigh 3,7776.0,6.43,2022-11-29,16891.495493294875,0,7425255.084543139
Wake,Raleigh 3,7776.0,,2022-11-30,,0,
Wake,Raleigh 3,7776.0,2.5700000000000003,2022-12-01,21384.579116737357,0,7536935.50808542
Wake,Raleigh 3,7776.0,2.5700000000000003,2022-12-02,,0,
Wake,Raleigh 3,7776.0,,2022-12-03,,0,
Wake,Raleigh 3,7776.0,2.5700000000000003,2022-12-04,,0,
Wake,Raleigh 3,7776.0,2.5700000000000003,2022-12-05,,0,
Wake,Raleigh 3,7776.0,2.5700000000000003,2022-12-06,56492.33250627916,0,21368107.078140695
Wake,Raleigh 3,7776.0,2.5700000000000003,2022-12-07,,0,
Wake,Raleigh 3,7776.0,2.5700000000000003,2022-12-08,114320.09755069317,0,40737014.09471
Wake,Raleigh 3,7776.0,2.5700000000000003,2022-12-09,,0,
Wake,Raleigh 3,7776.0,2.5700000000000003,2022-12-10,,0,
Wake,Raleigh 3,7776.0,2.5700000000000003,2022-12-11,,0,
Wake,Raleigh 3,7776.0,2.5700000000000003,2022-12-12,,0,
Wake,Raleigh 3,7776.0,2.5700000000000003,2022-12-13,164324.5238605607,0,63835284.7212154
Wake,Raleigh 3,7776.0,2.5700000000000003,2022-12-14,,0,
Wake,Raleigh 3,7776.0,2.5700000000000003,2022-12-15,46256.4580356084,0,18262017.5099179
Wake,Raleigh 3,7776.0,,2022-12-16,,0,
Wake,Raleigh 3,7776.0,2.5700000000000003,2022-12-17,,0,
Wake,Raleigh 3,7776.0,2.5700000000000003,2022-12-18,,0,
Wake,Raleigh 3,7776.0,2.5700000000000003,2022-12-19,,0,
Wake,Raleigh 3,7776.0,2.5700000000000003,2022-12-20,60678.81958311315,0,25825761.0173768
Wake,Raleigh 3,7776.0,6.43,2022-12-21,,0,
Wake,Raleigh 3,7776.0,7.720000000000001,2022-12-22,262529.4913433539,0,99045631.5344174
Wake,Raleigh 3,7776.0,,2022-12-23,,0,
Wake,Raleigh 3,7776.0,7.720000000000001,2022-12-24,,0,
Wake,Raleigh 3,7776.0,2.5700000000000003,2022-12-25,,0,
Wake,Raleigh 3,7776.0,2.5700000000000003,2022-12-26,,0,
Wake,Raleigh 3,7776.0,2.5700000000000003,2022-12-27,,0,
Wake,Raleigh 3,7776.0,2.5700000000000003,2022-12-28,238437.63341385516,0,108760180.429622
Wake,Raleigh 3,7776.0,2.5700000000000003,2022-12-29,,0,
Wake,Raleigh 3,7776.0,2.5700000000000003,2022-12-30,264313.18158578477,0,116702896.558689
Wake,Raleigh 3,7776.0,2.5700000000000003,2022-12-31,,0,
Wake,Raleigh 3,7776.0,2.5700000000000003,2023-01-01,,0,
Wake,Raleigh 3,7776.0,2.5700000000000003,2023-01-02,,0,
Wake,Raleigh 3,7776.0,2.5700000000000003,2023-01-03,,0,
Wake,Raleigh 3,7776.0,2.5700000000000003,2023-01-04,61112.48683370693,0,29154900.142375
Wake,Raleigh 3,7776.0,2.5700000000000003,2023-01-05,,0,
Wake,Raleigh 3,7776.0,2.5700000000000003,2023-01-06,47952.28706745905,0,2892252.1845336
Wake,Raleigh 3,7776.0,,2023-01-07,,0,
Wake,Raleigh 3,7776.0,2.5700000000000003,2023-01-08,,0,
Wake,Raleigh 3,7776.0,2.5700000000000003,2023-01-09,,0,
Wake,Raleigh 3,7776.0,2.5700000000000003,2023-01-10,77937.64074566285,0,35360524.0997537
Wake,Raleigh 3,7776.0,2.5700000000000003,2023-01-11,,0,
Wake,Raleigh 3,7776.0,2.5700000000000003,2023-01-12,39984.64510283917,0,16953794.961865
Wake,Raleigh 3,7776.0,2.5700000000000003,2023-01-13,,0,
Wake,Raleigh 3,7776.0,2.5700000000000003,2023-01-14,,0,
Wake,Raleigh 3,7776.0,2.5700000000000003,2023-01-15,,0,
Wake,Raleigh 3,7776.0,2.5700000000000003,2023-01-16,,0,
Wake,Raleigh 3,7776.0,2.5700000000000003,2023-01-17,,0,
Wake,Raleigh 3,7776.0,,2023-01-18,104823.54877125664,0,43578497.7542415
Wake,Raleigh 3,7776.0,2.5700000000000003,2023-01-19,,0,
Wake,Raleigh 3,7776.0,2.5700000000000003,2023-01-20,76526.61744778746,0,30734205.5802025
Wake,Raleigh 3,7776.0,2.5700000000000003,2023-01-21,,0,
Wake,Raleigh 3,7776.0,2.5700000000000003,2023-01-22,,0,
Wake,Raleigh 3,7776.0,,2023-01-23,,0,
Wake,Raleigh 3,7776.0,2.5700000000000003,2023-01-24,61137.54362092097,0,43006228.5577039
Wake,Raleigh 3,7776.0,2.5700000000000003,2023-01-25,,0,
Wake,Raleigh 3,7776.0,,2023-01-26,192382.06323875434,0,97398763.4608206
Wake,Raleigh 3,7776.0,2.5700000000000003,2023-01-27,,0,
Wake,Raleigh 3,7776.0,2.5700000000000003,2023-01-28,,0,
Wake,Raleigh 3,7776.0,6.43,2023-01-29,,0,
Wake,Raleigh 3,7776.0,2.5700000000000003,2023-01-30,,0,
Wake,Raleigh 3,7776.0,2.5700000000000003,2023-01-31,40932.27815550955,0,22636004.623087306
Wake,Raleigh 3,7776.0,15.430000000000001,2023-02-01,,0,
Wake,Raleigh 3,7776.0,2.5700000000000003,2023-02-02,46705.79441568257,0,26783762.1534677
Wake,Raleigh 3,7776.0,2.5700000000000003,2023-02-03,,0,
Wake,Raleigh 3,7776.0,15.430000000000001,2023-02-04,,0,
Wake,Raleigh 3,7776.0,2.5700000000000003,2023-02-05,,0,
Wake,Raleigh 3,7776.0,2.5700000000000003,2023-02-06,,0,
Wake,Raleigh 3,7776.0,9.0,2023-02-07,75567.60996617527,0,40502192.3191001
Wake,Raleigh 3,7776.0,2.5700000000000003,2023-02-08,,0,
Wake,Raleigh 3,7776.0,2.5700000000000003,2023-02-09,81033.78051158665,0,39408246.8461692
Wake,Raleigh 3,7776.0,2.5700000000000003,2023-02-10,,0,
Wake,Raleigh 3,7776.0,,2023-02-11,,0,
Wake,Raleigh 3,7776.0,2.5700000000000003,2023-02-12,,0,
Wake,Raleigh 3,7776.0,2.5700000000000003,2023-02-13,,0,
Wake,Raleigh 3,7776.0,2.5700000000000003,2023-02-14,67831.88446446118,0,67164588.3010419
Wake,Raleigh 3,7776.0,2.5700000000000003,2023-02-15,,0,
Wake,Raleigh 3,7776.0,2.5700000000000003,2023-02-16,120850.62694086447,0,71067553.9573191
Wake,Raleigh 3,7776.0,2.5700000000000003,2023-02-17,,0,
Wake,Raleigh 3,7776.0,2.5700000000000003,2023-02-18,,0,
Wake,Raleigh 3,7776.0,2.5700000000000003,2023-02-19,,0,
Wake,Raleigh 3,7776.0,2.5700000000000003,2023-02-20,,0,
Wake,Raleigh 3,7776.0,2.5700000000000003,2023-02-21,28819.15800296741,0,13959179.5911664
Wake,Raleigh 3,7776.0,2.5700000000000003,2023-02-22,,0,
Wake,Raleigh 3,7776.0,2.5700000000000003,2023-02-23,56240.41554789583,0,25516432.7574569
Wake,Raleigh 3,7776.0,2.5700000000000003,2023-02-24,,0,
Wake,Raleigh 3,7776.0,2.5700000000000003,2023-02-25,,0,
Wake,Raleigh 3,7776.0,,2023-02-26,,0,
Wake,Raleigh 3,7776.0,,2023-02-27,,0,
Wake,Raleigh 3,7776.0,,2023-02-28,77949.2429854198,0,33316697.3431806
Wake,Raleigh 3,7776.0,2.5700000000000003,2023-03-01,,0,
Wake,Raleigh 3,7776.0,2.5700000000000003,2023-03-02,23324.928467200087,0,9572016.11332822
Wake,Raleigh 3,7776.0,,2023-03-03,,0,
Wake,Raleigh 3,7776.0,2.5700000000000003,2023-03-04,,0,
Wake,Raleigh 3,7776.0,,2023-03-05,,0,
Wake,Raleigh 3,7776.0,,2023-03-06,,0,
Wake,Raleigh 3,7776.0,,2023-03-07,14205.157443689255,0,6147567.95984393
Wake,Raleigh 3,7776.0,,2023-03-08,,0,
Wake,Raleigh 3,7776.0,2.5700000000000003,2023-03-09,41151.21148884927,0,17027742.6150214
Wake,Raleigh 3,7776.0,2.5700000000000003,2023-03-10,,0,
Wake,Raleigh 3,7776.0,,2023-03-11,,0,
Wake,Raleigh 3,7776.0,,2023-03-12,,0,
Wake,Raleigh 3,7776.0,,2023-03-13,,0,
Wake,Raleigh 3,7776.0,,2023-03-14,19103.63292674983,0,9169558.07507537
Wake,Raleigh 3,7776.0,2.5700000000000003,2023-03-15,,0,
Wake,Raleigh 3,7776.0,,2023-03-16,49774.53171050438,0,22267846.5583398
Wake,Raleigh 3,7776.0,2.5700000000000003,2023-03-17,,0,
Wake,Raleigh 3,7776.0,,2023-03-18,,0,
Wake,Raleigh 3,7776.0,2.5700000000000003,2023-03-19,,0,
Wake,Raleigh 3,7776.0,,2023-03-20,,0,
Wake,Raleigh 3,7776.0,,2023-03-21,36979.99391562955,0,15013723.4464376
Wake,Raleigh 3,7776.0,,2023-03-22,,0,
Wake,Raleigh 3,7776.0,,2023-03-23,57019.38571222951,0,23621508.0319557
Wake,Raleigh 3,7776.0,,2023-03-24,,0,
Wake,Raleigh 3,7776.0,,2023-03-25,,0,
Wake,Raleigh 3,7776.0,2.5700000000000003,2023-03-26,,0,
Wake,Raleigh 3,7776.0,,2023-03-27,,0,
Wake,Raleigh 3,7776.0,2.5700000000000003,2023-03-28,4597.262881324068,0,2327492.03541701
Wake,Raleigh 3,7776.0,,2023-03-29,,0,
Wake,Raleigh 3,7776.0,,2023-03-30,12263.607014251573,0,6662511.10066752
Wake,Raleigh 3,7776.0,,2023-03-31,,0,
Wake,Raleigh 3,7776.0,,2023-04-01,,0,
Wake,Raleigh 3,7776.0,,2023-04-02,,0,
Wake,Raleigh 3,7776.0,,2023-04-03,,0,
Wake,Raleigh 3,7776.0,,2023-04-04,8613.812744656125,0,3866178.25052197
Wake,Raleigh 3,7776.0,,2023-04-05,,0,
Wake,Raleigh 3,7776.0,,2023-04-06,26998.715969467907,0,11027081.8135881
Wake,Raleigh 3,7776.0,,2023-04-07,,0,
Wake,Raleigh 3,7776.0,,2023-04-08,,0,
Wake,Raleigh 3,7776.0,,2023-04-09,,0,
Wake,Raleigh 3,7776.0,,2023-04-10,,0,
Wake,Raleigh 3,7776.0,2.5700000000000003,2023-04-11,15123.118064737857,0,17087243.525561
Wake,Raleigh 3,7776.0,,2023-04-12,,0,
Wake,Raleigh 3,7776.0,2.5700000000000003,2023-04-13,28626.228846985745,0,19676795.019092105
Wake,Raleigh 3,7776.0,,2023-04-14,,0,
Wake,Raleigh 3,7776.0,2.5700000000000003,2023-04-15,,0,
Wake,Raleigh 3,7776.0,,2023-04-16,,0,
Wake,Raleigh 3,7776.0,,2023-04-17,,0,
Wake,Raleigh 3,7776.0,,2023-04-18,35765.16107890474,0,20527190.6689806
Wake,Raleigh 3,7776.0,,2023-04-19,,0,
Wake,Raleigh 3,7776.0,2.5700000000000003,2023-04-20,8074.805818098669,0,3974099.79593786
Wake,Raleigh 3,7776.0,2.5700000000000003,2023-04-21,,0,
Wake,Raleigh 3,7776.0,2.5700000000000003,2023-04-22,,0,
Wake,Raleigh 3,7776.0,2.5700000000000003,2023-04-23,,0,
Wake,Raleigh 3,7776.0,2.5700000000000003,2023-04-24,,0,
Wake,Raleigh 3,7776.0,2.5700000000000003,2023-04-25,22240.90843468404,0,12938262.3549949
Wake,Raleigh 3,7776.0,2.5700000000000003,2023-04-26,,0,
Wake,Raleigh 3,7776.0,,2023-04-27,5535.625890538494,0,2648962.28856245
Wake,Raleigh 3,7776.0,,2023-04-28,,0,
Wake,Raleigh 3,7776.0,,2023-04-29,,0,
Wake,Raleigh 3,7776.0,,2023-04-30,,0,
Wake,Raleigh 3,7776.0,,2023-05-01,,0,
Wake,Raleigh 3,7776.0,,2023-05-02,17613.735208637612,0,27429710.827524
Wake,Raleigh 3,7776.0,,2023-05-03,,0,
Wake,Raleigh 3,7776.0,,2023-05-04,33604.5671895949,0,26550478.469894
Wake,Raleigh 3,7776.0,,2023-05-05,,0,
Wake,Raleigh 3,7776.0,2.5700000000000003,2023-05-06,,0,
Wake,Raleigh 3,7776.0,,2023-05-07,,0,
Wake,Raleigh 3,7776.0,,2023-05-08,,0,
Wake,Raleigh 3,7776.0,,2023-05-09,11726.363801281288,0,6199386.52279321
Wake,Raleigh 3,7776.0,,2023-05-10,,0,
Wake,Raleigh 3,7776.0,,2023-05-11,16664.196020210533,0,8266355.442333869
Wake,Raleigh 3,7776.0,,2023-05-12,,0,
Wake,Raleigh 3,7776.0,,2023-05-13,,0,
Wake,Raleigh 3,7776.0,2.5700000000000003,2023-05-14,,0,
Wake,Raleigh 3,7776.0,,2023-05-15,,0,
Wake,Raleigh 3,7776.0,2.5700000000000003,2023-05-16,1680.3083050440478,0,734549.109311541
Wake,Raleigh 3,7776.0,2.5700000000000003,2023-05-17,,0,
Wake,Raleigh 3,7776.0,,2023-05-18,4261.318457942332,0,2070284.63231912
Wake,Raleigh 3,7776.0,,2023-05-19,,0,
Wake,Raleigh 3,7776.0,,2023-05-20,,0,
Wake,Raleigh 3,7776.0,,2023-05-21,,0,
Wake,Raleigh 3,7776.0,,2023-05-22,,0,
Wake,Raleigh 3,7776.0,,2023-05-23,16220.490035754157,0,8330517.0197168
Wake,Raleigh 3,7776.0,,2023-05-24,,0,
Wake,Raleigh 3,7776.0,,2023-05-25,6040.500310404757,0,2608267.06007337
Wake,Raleigh 3,7776.0,,2023-05-26,,0,
Wake,Raleigh 3,7776.0,,2023-05-27,,0,
Wake,Raleigh 3,7776.0,,2023-05-28,,0,
Wake,Raleigh 3,7776.0,,2023-05-29,,0,
Wake,Raleigh 3,7776.0,,2023-05-30,,0,
Wake,Raleigh 3,7776.0,,2023-05-31,11578.46017396095,0,5946463.96802341
Wake,Raleigh 3,7776.0,,2023-06-01,,0,
Wake,Raleigh 3,7776.0,,2023-06-02,34515.53175021358,0,14164383.2493517
Wake,Raleigh 3,7776.0,,2023-06-03,,0,
Wake,Raleigh 3,7776.0,,2023-06-04,,0,
Wake,Raleigh 3,7776.0,,2023-06-05,,0,
Wake,Raleigh 3,7776.0,,2023-06-06,7277.841713035528,0,3053974.43694603
Wake,Raleigh 3,7776.0,,2023-06-07,,0,
Wake,Raleigh 3,7776.0,,2023-06-08,11832.346005758951,0,4878763.84991762
Wake,Raleigh 3,7776.0,,2023-06-09,,0,
Wake,Raleigh 3,7776.0,,2023-06-10,,0,
Wake,Raleigh 3,7776.0,,2023-06-11,,0,
Wake,Raleigh 3,7776.0,,2023-06-12,,0,
Wake,Raleigh 3,7776.0,,2023-06-13,1558.8457268119894,0,641991.127015934
Wake,Raleigh 3,7776.0,,2023-06-14,,0,
Wake,Raleigh 3,7776.0,,2023-06-15,1073.2846779862282,0,348081.971757372
Wake,Raleigh 3,7776.0,,2023-06-16,,0,
Wake,Raleigh 3,7776.0,,2023-06-17,,0,
Wake,Raleigh 3,7776.0,,2023-06-18,,0,
Wake,Raleigh 3,7776.0,,2023-06-19,,0,
Wake,Raleigh 3,7776.0,,2023-06-20,,0,
Wake,Raleigh 3,7776.0,,2023-06-21,15698.319973806141,0,5571039.41520429
Wake,Raleigh 3,7776.0,,2023-06-22,,0,
Wake,Raleigh 3,7776.0,,2023-06-23,3564.28113369302,0,1670912.7187182
Wake,Raleigh 3,7776.0,,2023-06-24,,0,
Wake,Raleigh 3,7776.0,,2023-06-25,,0,
Wake,Raleigh 3,7776.0,,2023-06-26,,0,
Wake,Raleigh 3,7776.0,,2023-06-27,22703.500258770677,0,8664917.00431683
Wake,Raleigh 3,7776.0,,2023-06-28,,0,
Wake,Raleigh 3,7776.0,,2023-06-29,21369.684695848926,0,8124650.24095004
Wake,Raleigh 3,7776.0,,2023-06-30,,0,
Wake,Raleigh 3,7776.0,,2023-07-01,,0,
Wake,Raleigh 3,7776.0,,2023-07-02,,0,
Wake,Raleigh 3,7776.0,,2023-07-03,,0,
Wake,Raleigh 3,7776.0,,2023-07-04,,0,
Wake,Raleigh 3,7776.0,,2023-07-05,0.0,0,778861.919394194
Wake,Raleigh 3,7776.0,,2023-07-06,,0,
Wake,Raleigh 3,7776.0,,2023-07-07,29215.338437197715,0,13895078.7103143
Wake,Raleigh 3,7776.0,,2023-07-08,,0,
Wake,Raleigh 3,7776.0,,2023-07-09,,0,
Wake,Raleigh 3,7776.0,,2023-07-10,,0,
Wake,Raleigh 3,7776.0,,2023-07-11,,0,
Wake,Raleigh 3,7776.0,,2023-07-12,44877.71830207063,0,19814977.3892253
Wake,Raleigh 3,7776.0,,2023-07-13,,0,
Wake,Raleigh 3,7776.0,,2023-07-14,103008.24044706333,0,38962652.3486008
Wake,Raleigh 3,7776.0,,2023-07-15,,0,
Wake,Raleigh 3,7776.0,,2023-07-16,,0,
Wake,Raleigh 3,7776.0,,2023-07-17,,0,
Wake,Raleigh 3,7776.0,,2023-07-18,,0,
Wake,Raleigh 3,7776.0,,2023-07-19,162442.54368853002,0,69667658.7317405
Wake,Raleigh 3,7776.0,,2023-07-20,,0,
Wake,Raleigh 3,7776.0,,2023-07-21,35241.06695320109,0,13895993.2129841
Wake,Raleigh 3,7776.0,,2023-07-22,,0,
Wake,Raleigh 3,7776.0,,2023-07-23,,0,
Wake,Raleigh 3,7776.0,,2023-07-24,,0,
Wake,Raleigh 3,7776.0,,2023-07-25,,0,
Wake,Raleigh 3,7776.0,,2023-07-26,47019.41726563616,0,20028149.3509094
Wake,Raleigh 3,7776.0,,2023-07-27,,0,
Wake,Raleigh 3,7776.0,,2023-07-28,97651.07884708705,0,42735841.8321912
Wake,Raleigh 3,7776.0,,2023-07-29,,0,
Wake,Raleigh 3,7776.0,,2023-07-30,,0,
Wake,Raleigh 3,7776.0,,2023-07-31,,0,
Wake,Raleigh 3,7776.0,,2023-08-01,,0,
Wake,Raleigh 3,7776.0,,2023-08-02,26110.855979841053,0,4792012.9762392
Wake,Raleigh 3,7776.0,,2023-08-03,,0,
Wake,Raleigh 3,7776.0,,2023-08-04,198610.42268722944,0,25428064.831865095
Wake,Raleigh 3,7776.0,,2023-08-05,,0,
Wake,Raleigh 3,7776.0,,2023-08-06,,0,
Wake,Raleigh 3,7776.0,,2023-08-07,,0,
Wake,Raleigh 3,7776.0,,2023-08-08,,0,
Wake,Raleigh 3,7776.0,,2023-08-09,67952.04191192491,0,11213927.2832694
Wake,Raleigh 3,7776.0,,2023-08-10,,0,
Wake,Raleigh 3,7776.0,,2023-08-11,89162.09957151071,0,8029852.00203567
Wake,Raleigh 3,7776.0,,2023-08-12,,0,
Wake,Raleigh 3,7776.0,,2023-08-13,,0,
Wake,Raleigh 3,7776.0,,2023-08-14,,0,
Wake,Raleigh 3,7776.0,,2023-08-15,,0,
Wake,Raleigh 3,7776.0,,2023-08-16,103499.67342943663,0,13452585.6783106
Wake,Raleigh 3,7776.0,,2023-08-17,,0,
Wake,Raleigh 3,7776.0,,2023-08-18,81126.50861463223,0,10386615.6303607
Wake,Raleigh 3,7776.0,,2023-08-19,,0,
Wake,Raleigh 3,7776.0,,2023-08-20,,0,
Wake,Raleigh 3,7776.0,,2023-08-21,,0,
Wake,Raleigh 3,7776.0,,2023-08-22,,0,
Wake,Raleigh 3,7776.0,,2023-08-23,,0,
Wake,Raleigh 3,7776.0,,2023-08-24,,0,
Wake,Raleigh 3,7776.0,,2023-08-25,139951.56162044048,0,19212433.7529527
Wake,Raleigh 3,7776.0,,2023-08-26,,0,
Wake,Raleigh 3,7776.0,,2023-08-27,,0,
Wake,Raleigh 3,7776.0,,2023-08-28,,0,
Wake,Raleigh 3,7776.0,,2023-08-29,,0,
Wake,Raleigh 3,7776.0,,2023-08-30,87761.81401953805,0,12859604.5277337
Wake,Raleigh 3,7776.0,,2023-08-31,,0,
Wake,Raleigh 3,7776.0,,2023-09-01,53721.93965225009,0,36612994.1491099
Wake,Raleigh 3,7776.0,,2023-09-02,,0,
Wake,Raleigh 3,7776.0,,2023-09-03,,0,
Wake,Raleigh 3,7776.0,,2023-09-04,,0,
Wake,Raleigh 3,7776.0,,2023-09-05,,0,
Wake,Raleigh 3,7776.0,,2023-09-06,,0,
Wake,Raleigh 3,7776.0,,2023-09-07,,0,
Wake,Raleigh 3,7776.0,,2023-09-08,,0,
Wake,Raleigh 3,7776.0,,2023-09-09,68337.16412026477,0,24983450.2696371
Wake,Raleigh 3,7776.0,,2023-09-10,,0,
Wake,Raleigh 3,7776.0,,2023-09-11,,0,
Wake,Raleigh 3,7776.0,,2023-09-12,,0,
Wake,Raleigh 3,7776.0,,2023-09-13,40258.88224975949,0,5565902.30125773
Wake,Raleigh 3,7776.0,,2023-09-14,,0,
Wake,Raleigh 3,7776.0,,2023-09-15,141064.9850246335,0,22386817.199819
Wake,Raleigh 3,7776.0,,2023-09-16,,0,
Wake,Raleigh 3,7776.0,,2023-09-17,,0,
Wake,Raleigh 3,7776.0,,2023-09-18,,0,
Wake,Raleigh 3,7776.0,,2023-09-19,,0,
Wake,Raleigh 3,7776.0,,2023-09-20,122368.85224598617,0,18526219.3381942
Wake,Raleigh 3,7776.0,,2023-09-21,,0,
Wake,Raleigh 3,7776.0,,2023-09-22,129537.7690096598,0,17404478.7478562
Wake,Raleigh 3,7776.0,,2023-09-23,,0,
Wake,Raleigh 3,7776.0,,2023-09-24,,0,
Wake,Raleigh 3,7776.0,,2023-09-25,,0,
Wake,Raleigh 3,7776.0,,2023-09-26,,0,
Wake,Raleigh 3,7776.0,,2023-09-27,48861.62911733501,0,21788079.0571574
Wake,Raleigh 3,7776.0,,2023-09-28,,0,
Wake,Raleigh 3,7776.0,,2023-09-29,31241.702898529693,0,6767842.36852906
Wake,Raleigh 3,7776.0,,2023-09-30,,0,
Wake,Raleigh 3,7776.0,,2023-10-01,,0,
Wake,Raleigh 3,7776.0,,2023-10-02,,0,
Wake,Raleigh 3,7776.0,,2023-10-03,,0,
Wake,Raleigh 3,7776.0,,2023-10-04,47137.53918057237,0,5713757.17113177
Wake,Raleigh 3,7776.0,,2023-10-05,,0,
Wake,Raleigh 3,7776.0,,2023-10-06,84241.85183149764,0,12712914.4593769
Wake,Raleigh 3,7776.0,,2023-10-07,,0,
Wake,Raleigh 3,7776.0,,2023-10-08,,0,
Wake,Raleigh 3,7776.0,,2023-10-09,,0,
Wake,Raleigh 3,7776.0,,2023-10-10,,0,
Wake,Raleigh 3,7776.0,,2023-10-11,39472.26874655167,0,4765399.28961841
Wake,Raleigh 3,7776.0,,2023-10-12,,0,
Wake,Raleigh 3,7776.0,,2023-10-13,158665.69131352863,0,53835819.9852197
Wake,Raleigh 3,7776.0,,2023-10-14,,0,
Wake,Raleigh 3,7776.0,,2023-10-15,,0,
Wake,Raleigh 3,7776.0,,2023-10-16,,0,
Wake,Raleigh 3,7776.0,,2023-10-17,,0,
Wake,Raleigh 3,7776.0,,2023-10-18,37269.182980044025,0,6531424.3172527
Wake,Raleigh 3,7776.0,,2023-10-19,,0,
Wake,Raleigh 3,7776.0,,2023-10-20,,0,
Wake,Raleigh 3,7776.0,,2023-10-21,62288.676338480705,0,21680568.6881886
Wake,Raleigh 3,7776.0,,2023-10-22,,0,
Wake,Raleigh 3,7776.0,,2023-10-23,,0,
Wake,Raleigh 3,7776.0,,2023-10-24,,0,
Wake,Raleigh 3,7776.0,,2023-10-25,8978.374017604758,0,738652.0774247348
Wake,Raleigh 3,7776.0,,2023-10-26,,0,
Wake,Raleigh 3,7776.0,,2023-10-27,65185.888043348794,0,14882707.7959192
Wake,Raleigh 3,7776.0,,2023-10-28,,0,
Wake,Raleigh 3,7776.0,,2023-10-29,,0,
Wake,Raleigh 3,7776.0,,2023-10-30,,0,
Wake,Raleigh 3,7776.0,,2023-10-31,,0,
Wake,Raleigh 3,7776.0,,2023-11-01,67152.81081235535,0,8662945.76427583
Wake,Raleigh 3,7776.0,,2023-11-02,,0,
Wake,Raleigh 3,7776.0,,2023-11-03,34878.83025561498,0,4261781.29326786
Wake,Raleigh 3,7776.0,,2023-11-04,,0,
Wake,Raleigh 3,7776.0,,2023-11-05,,0,
Wake,Raleigh 3,7776.0,,2023-11-06,,0,
Wake,Raleigh 3,7776.0,,2023-11-07,,0,
Wake,Raleigh 3,7776.0,,2023-11-08,18387.822057002857,0,2014041.13468109
Wake,Raleigh 3,7776.0,,2023-11-09,,0,
Wake,Raleigh 3,7776.0,,2023-11-10,29360.000000000036,0,3501689.72222223
Wake,Raleigh 3,7776.0,,2023-11-11,,0,
Wake,Raleigh 3,7776.0,,2023-11-12,,0,
Wake,Raleigh 3,7776.0,,2023-11-13,,0,
Wake,Raleigh 3,7776.0,,2023-11-14,,0,
Wake,Raleigh 3,7776.0,,2023-11-15,8027.328322673745,0,1328634.32807365
Wake,Raleigh 3,7776.0,,2023-11-16,,0,
Wake,Raleigh 3,7776.0,,2023-11-17,33435.705465863844,0,4118001.85519955
Wake,Raleigh 3,7776.0,,2023-11-18,,0,
Wake,Raleigh 3,7776.0,,2023-11-19,,0,
Wake,Raleigh 3,7776.0,,2023-11-20,,0,
Wake,Raleigh 3,7776.0,,2023-11-21,,0,
Wake,Raleigh 3,7776.0,,2023-11-22,44662.65554129087,0,7305321.69137049
Wake,Raleigh 3,7776.0,,2023-11-23,,0,
Wake,Raleigh 3,7776.0,,2023-11-24,15049.837208421897,0,3238244.20856378
Wake,Raleigh 3,7776.0,,2023-11-25,,0,
Wake,Raleigh 3,7776.0,,2023-11-26,,0,
Wake,Raleigh 3,7776.0,,2023-11-27,,0,
Wake,Raleigh 3,7776.0,,2023-11-28,,0,
Wake,Raleigh 3,7776.0,,2023-11-29,94429.61399899928,0,15215692.8929179
Wake,Raleigh 3,7776.0,,2023-11-30,,0,
Wake,Raleigh 3,7776.0,,2023-12-01,420173.7735746958,0,61362878.1824713
Wake,Raleigh 3,7776.0,,2023-12-02,,0,
Wake,Raleigh 3,7776.0,,2023-12-03,,0,
Wake,Raleigh 3,7776.0,,2023-12-04,,0,
Wake,Raleigh 3,7776.0,,2023-12-05,,0,
Wake,Raleigh 3,7776.0,,2023-12-06,47140.000000000044,0,4497810.72222223
Wake,Raleigh 3,7776.0,,2023-12-07,,0,
Wake,Raleigh 3,7776.0,,2023-12-08,131053.90951818271,0,10973216.6516849
Wake,Raleigh 3,7776.0,,2023-12-09,,0,
Wake,Raleigh 3,7776.0,,2023-12-10,,0,
Wake,Raleigh 3,7776.0,,2023-12-11,,0,
Wake,Raleigh 3,7776.0,,2023-12-12,,0,
Wake,Raleigh 3,7776.0,,2023-12-13,32729.900702568597,0,5943045.36555745
Wake,Raleigh 3,7776.0,,2023-12-14,,0,
Wake,Raleigh 3,7776.0,,2023-12-15,55651.300074661274,0,8723418.58017552
Wake,Raleigh 3,7776.0,,2023-12-16,,0,
Wake,Raleigh 3,7776.0,,2023-12-17,,0,
Wake,Raleigh 3,7776.0,,2023-12-18,,0,
Wake,Raleigh 3,7776.0,,2023-12-19,,0,
Wake,Raleigh 3,7776.0,,2023-12-20,65617.81160630101,0,34434678.221546
Wake,Raleigh 3,7776.0,,2023-12-21,,0,
Wake,Raleigh 3,7776.0,,2023-12-22,334867.01838192437,0,75639017.9631793
Wake,Raleigh 3,7776.0,,2023-12-23,,0,
Wake,Raleigh 3,7776.0,,2023-12-24,,0,
Wake,Raleigh 3,7776.0,,2023-12-25,,0,
Wake,Raleigh 3,7776.0,,2023-12-26,,0,
Wake,Raleigh 3,7776.0,,2023-12-27,,0,
Wake,Raleigh 3,7776.0,,2023-12-28,120060.0000000001,0,132964365.625
Wake,Raleigh 3,7776.0,,2023-12-29,,0,
Wake,Raleigh 3,7776.0,,2023-12-30,138823.25453611874,0,48387230.9887158
Wake,Raleigh 3,7776.0,,2023-12-31,,0,
Wake,Raleigh 3,7776.0,,2024-01-01,,0,
Wake,Raleigh 3,7776.0,,2024-01-02,,0,
Wake,Raleigh 3,7776.0,,2024-01-03,,0,
Wake,Raleigh 3,7776.0,,2024-01-04,,0,
Wake,Raleigh 3,7776.0,,2024-01-05,,0,
Wake,Raleigh 3,7776.0,,2024-01-06,256293.11344630388,0,48907845.2987063
Wake,Raleigh 3,7776.0,,2024-01-07,,0,
Wake,Raleigh 3,7776.0,,2024-01-08,,0,
Wake,Raleigh 3,7776.0,,2024-01-09,,0,
Wake,Raleigh 3,7776.0,,2024-01-10,75571.592546406,0,18615067.5734482
Wake,Raleigh 3,7776.0,,2024-01-11,,0,
Wake,Raleigh 3,7776.0,,2024-01-12,76834.16427605622,0,44098488.3727157
Wake,Raleigh 3,7776.0,,2024-01-13,,0,
Wake,Raleigh 3,7776.0,,2024-01-14,,0,
Wake,Raleigh 3,7776.0,,2024-01-15,,0,
Wake,Raleigh 3,7776.0,,2024-01-16,,0,
Wake,Raleigh 3,7776.0,,2024-01-17,,0,
Wake,Raleigh 3,7776.0,,2024-01-18,,0,
Wake,Raleigh 3,7776.0,,2024-01-19,,0,
Wake,Raleigh 3,7776.0,,2024-01-20,168802.3767605187,0,41169141.3337993
Wake,Raleigh 3,7776.0,,2024-01-21,,0,
Wake,Raleigh 3,7776.0,,2024-01-22,,0,
Wake,Raleigh 3,7776.0,,2024-01-23,,0,
Wake,Raleigh 3,7776.0,,2024-01-24,132230.75134022345,0,37077502.6757986
Wake,Raleigh 3,7776.0,,2024-01-25,,0,
Wake,Raleigh 3,7776.0,,2024-01-26,209286.33017949347,0,81607280.3348028
Wake,Raleigh 3,7776.0,,2024-01-27,,0,
Wake,Raleigh 3,7776.0,,2024-01-28,,0,
Wake,Raleigh 3,7776.0,,2024-01-29,,0,
Wake,Raleigh 3,7776.0,,2024-01-30,,0,
Wake,Raleigh 3,7776.0,,2024-01-31,133561.19047088508,0,29648358.264695305
Wake,Raleigh 3,7776.0,,2024-02-01,,0,
Wake,Raleigh 3,7776.0,,2024-02-02,216796.75274320884,0,44853592.0562643
Wake,Raleigh 3,7776.0,,2024-02-03,,0,
Wake,Raleigh 3,7776.0,,2024-02-04,,0,
Wake,Raleigh 3,7776.0,,2024-02-05,,0,
Wake,Raleigh 3,7776.0,,2024-02-06,,0,
Wake,Raleigh 3,7776.0,,2024-02-07,70728.9530531876,0,19109342.2431305
Wake,Raleigh 3,7776.0,,2024-02-08,,0,
Wake,Raleigh 3,7776.0,,2024-02-09,121438.79940117974,0,22050671.6637671
Wake,Raleigh 3,7776.0,,2024-02-10,,0,
Wake,Raleigh 3,7776.0,,2024-02-11,,0,
Wake,Raleigh 3,7776.0,,2024-02-12,,0,
Wake,Raleigh 3,7776.0,,2024-02-13,,0,
Wake,Raleigh 3,7776.0,,2024-02-14,228292.7068480289,0,50454907.725842
Wake,Raleigh 3,7776.0,,2024-02-15,,0,
Wake,Raleigh 3,7776.0,,2024-02-16,230229.45076596923,0,66685800.5328001
Wake,Raleigh 3,7776.0,,2024-02-17,,0,
Wake,Raleigh 3,7776.0,,2024-02-18,,0,
Wake,Raleigh 3,7776.0,,2024-02-19,,0,
Wake,Raleigh 3,7776.0,,2024-02-20,,0,
Wake,Raleigh 3,7776.0,,2024-02-21,79795.83447774703,0,18218331.0454266
Wake,Raleigh 3,7776.0,,2024-02-22,,0,
Wake,Raleigh 3,7776.0,,2024-02-23,137275.89737459377,0,29871521.2601644
Wake,Raleigh 3,7776.0,,2024-02-24,,0,
Wake,Raleigh 3,7776.0,,2024-02-25,,0,
Wake,Raleigh 3,7776.0,,2024-02-26,,0,
Wake,Raleigh 3,7776.0,,2024-02-27,,0,
Wake,Raleigh 3,7776.0,,2024-02-28,107872.05754967329,0,14913611.6008466
Wake,Raleigh 3,7776.0,,2024-02-29,,0,
Wake,Raleigh 3,7776.0,,2024-03-01,218283.30215570773,0,70982698.1485062
Wake,Raleigh 3,7776.0,,2024-03-02,,0,
Wake,Raleigh 3,7776.0,,2024-03-03,,0,
Wake,Raleigh 3,7776.0,,2024-03-04,,0,
Wake,Raleigh 3,7776.0,,2024-03-05,,0,
Wake,Raleigh 3,7776.0,,2024-03-06,,0,
Wake,Raleigh 3,7776.0,,2024-03-07,,0,
Wake,Raleigh 3,7776.0,,2024-03-08,20478.349542870892,0,9829408.68551305
Wake,Raleigh 3,7776.0,,2024-03-09,,0,
Wake,Raleigh 3,7776.0,,2024-03-10,,0,
Wake,Raleigh 3,7776.0,,2024-03-11,,0,
Wake,Raleigh 3,7776.0,,2024-03-12,,0,
Wake,Raleigh 3,7776.0,,2024-03-13,34470.718008187774,0,14531945.0683045
Wake,Raleigh 3,7776.0,,2024-03-14,,0,
Wake,Raleigh 3,7776.0,,2024-03-15,74499.55704566301,0,31552114.4829434
Wake,Raleigh 3,7776.0,,2024-03-16,,0,
Wake,Raleigh 3,7776.0,,2024-03-17,,0,
Wake,Raleigh 3,7776.0,,2024-03-18,,0,
Wake,Raleigh 3,7776.0,,2024-03-19,,0,
Wake,Raleigh 3,7776.0,,2024-03-20,30581.092197630856,0,8381406.65971778
Wake,Raleigh 3,7776.0,,2024-03-21,,0,
Wake,Raleigh 3,7776.0,,2024-03-22,46753.82337306763,0,15840974.5891848
Wake,Raleigh 3,7776.0,,2024-03-23,,0,
Wake,Raleigh 3,7776.0,,2024-03-24,,0,
Wake,Raleigh 3,7776.0,,2024-03-25,,0,
Wake,Raleigh 3,7776.0,,2024-03-26,,0,
Wake,Raleigh 3,7776.0,,2024-03-27,36023.409055779324,0,9136462.13802831
Wake,Raleigh 3,7776.0,,2024-03-28,,0,
Wake,Raleigh 3,7776.0,,2024-03-29,32773.110929541,0,38289917.9360138
Wake,Raleigh 3,7776.0,,2024-03-30,,0,
Wake,Raleigh 3,7776.0,,2024-03-31,,0,
Wake,Raleigh 3,7776.0,,2024-04-01,,0,
Wake,Raleigh 3,7776.0,,2024-04-02,,0,
Wake,Raleigh 3,7776.0,,2024-04-03,49567.90897344773,0,20751742.7803699
Wake,Raleigh 3,7776.0,,2024-04-04,,0,
Wake,Raleigh 3,7776.0,,2024-04-05,17107.366834203345,0,5829572.85107193
Wake,Raleigh 3,7776.0,,2024-04-06,,0,
Wake,Raleigh 3,7776.0,,2024-04-07,,0,
Wake,Raleigh 3,7776.0,,2024-04-08,,0,
Wake,Raleigh 3,7776.0,,2024-04-09,,0,
Wake,Raleigh 3,7776.0,,2024-04-10,13705.47335920947,0,4643642.79865616
Wake,Raleigh 3,7776.0,,2024-04-11,,0,
Wake,Raleigh 3,7776.0,,2024-04-12,20484.38429633658,0,6122754.01564125
Wake,Raleigh 3,7776.0,,2024-04-13,,0,
Wake,Raleigh 3,7776.0,,2024-04-14,,0,
Wake,Raleigh 3,7776.0,,2024-04-15,,0,
Wake,Raleigh 3,7776.0,,2024-04-16,,0,
Wake,Raleigh 3,7776.0,,2024-04-17,8255.906976220122,0,2166252.52499169
Wake,Raleigh 3,7776.0,,2024-04-18,,0,
Wake,Raleigh 3,7776.0,,2024-04-19,29747.053635612414,0,11715154.0557211
Wake,Raleigh 3,7776.0,,2024-04-20,,0,
Wake,Raleigh 3,7776.0,,2024-04-21,,0,
Wake,Raleigh 3,7776.0,,2024-04-22,,0,
Wake,Raleigh 3,7776.0,,2024-04-23,,0,
Wake,Raleigh 3,7776.0,,2024-04-24,4705.741174352881,0,848699.46435746
Wake,Raleigh 3,7776.0,,2024-04-25,,0,
Wake,Raleigh 3,7776.0,,2024-04-26,7492.582999206626,0,1717940.01488267
Wake,Raleigh 3,7776.0,,2024-04-27,,0,
Wake,Raleigh 3,7776.0,,2024-04-28,,0,
Wake,Raleigh 3,7776.0,,2024-04-29,,0,
Wake,Raleigh 3,7776.0,,2024-04-30,,0,
Wake,Raleigh 3,7776.0,,2024-05-01,29540.074475193866,0,8354938.24467461
Wake,Raleigh 3,7776.0,,2024-05-02,,0,
Wake,Raleigh 3,7776.0,,2024-05-03,,0,361614.462575876
Wake,Raleigh 3,7776.0,,2024-05-04,,0,
Wake,Raleigh 3,7776.0,,2024-05-05,,0,
Wake,Raleigh 3,7776.0,,2024-05-06,,0,
Wake,Raleigh 3,7776.0,,2024-05-07,,0,
Wake,Raleigh 3,7776.0,,2024-05-08,5593.961029538916,0,2265678.52720835
Wake,Raleigh 3,7776.0,,2024-05-09,,0,
Wake,Raleigh 3,7776.0,,2024-05-10,0.0,0,633854.276964787
Wake,Raleigh 3,7776.0,,2024-05-11,,0,
Wake,Raleigh 3,7776.0,,2024-05-12,,0,
Wake,Raleigh 3,7776.0,,2024-05-13,,0,
Wake,Raleigh 3,7776.0,,2024-05-14,,0,
Wake,Raleigh 3,7776.0,,2024-05-15,0.0,0,477159.912156334
Wilson,City of Wilson,49384.0,0.4,2021-06-19,5338.539126015651,0,3903878.73223495
Wilson,City of Wilson,49384.0,0.4,2021-06-20,,0,
Wilson,City of Wilson,49384.0,0.4,2021-06-21,,0,
Wilson,City of Wilson,49384.0,1.42,2021-06-22,,0,
Wilson,City of Wilson,49384.0,0.4,2021-07-11,,0,
Wilson,City of Wilson,49384.0,0.4,2021-07-12,,0,
Wilson,City of Wilson,49384.0,0.4,2021-07-13,,0,
Wilson,City of Wilson,49384.0,1.21,2021-07-14,4000.0000000000027,0,2931186.13316053
Wilson,City of Wilson,49384.0,0.4,2021-07-15,,0,
Wilson,City of Wilson,49384.0,1.01,2021-07-16,,0,
Wilson,City of Wilson,49384.0,0.4,2021-07-17,0.0,0,196769.652853082
Wilson,City of Wilson,49384.0,0.4,2021-07-18,,0,
Wilson,City of Wilson,49384.0,0.4,2021-07-19,,0,
Wilson,City of Wilson,49384.0,2.23,2021-07-20,,0,
Wilson,City of Wilson,49384.0,0.4,2021-07-21,0.0,0,274657.64044076
Wilson,City of Wilson,49384.0,1.42,2021-07-22,,0,
Wilson,City of Wilson,49384.0,1.21,2021-07-23,,0,
Wilson,City of Wilson,49384.0,0.4,2021-07-24,0.0,0,1267099.86308166
Wilson,City of Wilson,49384.0,1.42,2021-07-25,,0,
Wilson,City of Wilson,49384.0,1.62,2021-07-26,,0,
Wilson,City of Wilson,49384.0,1.01,2021-07-27,,0,
Wilson,City of Wilson,49384.0,1.62,2021-07-28,4769.696007084725,0,4975930.88610934
Wilson,City of Wilson,49384.0,1.82,2021-07-29,,0,
Wilson,City of Wilson,49384.0,2.23,2021-07-30,,0,
Wilson,City of Wilson,49384.0,1.62,2021-07-31,,0,
Wilson,City of Wilson,49384.0,2.6300000000000003,2021-08-01,,0,
Wilson,City of Wilson,49384.0,1.42,2021-08-02,,0,
Wilson,City of Wilson,49384.0,4.05,2021-08-03,,0,
Wilson,City of Wilson,49384.0,2.43,2021-08-04,7390.872749547242,0,6146826.81256229
Wilson,City of Wilson,49384.0,2.23,2021-08-05,,0,
Wilson,City of Wilson,49384.0,2.43,2021-08-06,,0,
Wilson,City of Wilson,49384.0,4.66,2021-08-07,0.0,0,623427.488317805
Wilson,City of Wilson,49384.0,1.42,2021-08-08,,0,
Wilson,City of Wilson,49384.0,2.23,2021-08-09,,0,
Wilson,City of Wilson,49384.0,2.83,2021-08-10,,0,
Wilson,City of Wilson,49384.0,4.25,2021-08-11,34496.37662132073,0,31149012.6408239
Wilson,City of Wilson,49384.0,2.83,2021-08-12,,0,
Wilson,City of Wilson,49384.0,5.670000000000001,2021-08-13,,0,
Wilson,City of Wilson,49384.0,3.85,2021-08-14,0.0,0,1178515.00539719
Wilson,City of Wilson,49384.0,1.62,2021-08-15,,0,
Wilson,City of Wilson,49384.0,3.64,2021-08-16,,0,
Wilson,City of Wilson,49384.0,5.470000000000001,2021-08-17,,0,
Wilson,City of Wilson,49384.0,3.64,2021-08-18,66238.20649745897,0,56510512.0995484
Wilson,City of Wilson,49384.0,5.0600000000000005,2021-08-19,,0,
Wilson,City of Wilson,49384.0,5.470000000000001,2021-08-20,,0,
Wilson,City of Wilson,49384.0,6.28,2021-08-21,6093.028803476973,0,5810040.0399838
Wilson,City of Wilson,49384.0,3.44,2021-08-22,,0,
Wilson,City of Wilson,49384.0,4.66,2021-08-23,,0,
Wilson,City of Wilson,49384.0,5.670000000000001,2021-08-24,34872.983812688035,0,25207299.110612705
Wilson,City of Wilson,49384.0,7.690000000000001,2021-08-25,,0,
Wilson,City of Wilson,49384.0,5.470000000000001,2021-08-26,,0,
Wilson,City of Wilson,49384.0,6.28,2021-08-27,,0,
Wilson,City of Wilson,49384.0,6.48,2021-08-28,,0,
Wilson,City of Wilson,49384.0,5.670000000000001,2021-08-29,,0,
Wilson,City of Wilson,49384.0,2.6300000000000003,2021-08-30,,0,
Wilson,City of Wilson,49384.0,11.540000000000001,2021-08-31,66143.78277661474,0,37721371.7884359
Wilson,City of Wilson,49384.0,9.31,2021-09-01,,0,
Wilson,City of Wilson,49384.0,7.690000000000001,2021-09-02,,0,
Wilson,City of Wilson,49384.0,7.690000000000001,2021-09-03,83964.27811873343,0,48785333.472403
Wilson,City of Wilson,49384.0,5.0600000000000005,2021-09-04,,0,
Wilson,City of Wilson,49384.0,4.05,2021-09-05,,0,
Wilson,City of Wilson,49384.0,4.25,2021-09-06,,0,
Wilson,City of Wilson,49384.0,7.490000000000001,2021-09-07,,0,
Wilson,City of Wilson,49384.0,12.15,2021-09-08,119999.99999999987,0,61076598.0884498
Wilson,City of Wilson,49384.0,11.540000000000001,2021-09-09,,0,
Wilson,City of Wilson,49384.0,6.88,2021-09-10,25811.818998280614,0,13711259.7861273
Wilson,City of Wilson,49384.0,6.88,2021-09-11,,0,
Wilson,City of Wilson,49384.0,6.07,2021-09-12,,0,
Wilson,City of Wilson,49384.0,5.470000000000001,2021-09-13,,0,
Wilson,City of Wilson,49384.0,8.709999999999999,2021-09-14,62749.50199005568,0,30206154.6078127
Wilson,City of Wilson,49384.0,11.14,2021-09-15,,0,
Wilson,City of Wilson,49384.0,5.260000000000001,2021-09-16,,0,
Wilson,City of Wilson,49384.0,5.0600000000000005,2021-09-17,39591.66578965836,0,18572942.3514226
Wilson,City of Wilson,49384.0,6.28,2021-09-18,,0,
Wilson,City of Wilson,49384.0,3.64,2021-09-19,,0,
Wilson,City of Wilson,49384.0,2.6300000000000003,2021-09-20,,0,
Wilson,City of Wilson,49384.0,4.45,2021-09-21,12497.499749949993,0,6322554.56530131
Wilson,City of Wilson,49384.0,3.64,2021-09-22,,0,
Wilson,City of Wilson,49384.0,4.86,2021-09-23,,0,
Wilson,City of Wilson,49384.0,3.44,2021-09-24,11979.14855071095,0,8135517.549518261
Wilson,City of Wilson,49384.0,5.870000000000001,2021-09-25,,0,
Wilson,City of Wilson,49384.0,2.43,2021-09-26,,0,
Wilson,City of Wilson,49384.0,2.23,2021-09-27,,0,
Wilson,City of Wilson,49384.0,4.05,2021-09-28,32764.30985081176,0,15571061.7762317
Wilson,City of Wilson,49384.0,4.66,2021-09-29,,0,
Wilson,City of Wilson,49384.0,3.85,2021-09-30,,0,
Wilson,City of Wilson,49384.0,2.43,2021-10-01,10062.305898749077,0,4905464.59348032
Wilson,City of Wilson,49384.0,4.05,2021-10-02,,0,
Wilson,City of Wilson,49384.0,2.02,2021-10-03,,0,
Wilson,City of Wilson,49384.0,2.02,2021-10-04,,0,
Wilson,City of Wilson,49384.0,3.44,2021-10-05,38454.51859014751,0,17892110.9965544
Wilson,City of Wilson,49384.0,4.86,2021-10-06,,0,
Wilson,City of Wilson,49384.0,1.62,2021-10-07,,0,
Wilson,City of Wilson,49384.0,2.83,2021-10-08,8042.8539710727,0,3705187.32234757
Wilson,City of Wilson,49384.0,2.02,2021-10-09,,0,
Wilson,City of Wilson,49384.0,1.21,2021-10-10,,0,
Wilson,City of Wilson,49384.0,2.43,2021-10-11,,0,
Wilson,City of Wilson,49384.0,2.43,2021-10-12,11113.055385446434,0,5298456.55080083
Wilson,City of Wilson,49384.0,1.21,2021-10-13,,0,
Wilson,City of Wilson,49384.0,1.82,2021-10-14,,0,
Wilson,City of Wilson,49384.0,1.42,2021-10-15,,0,
Wilson,City of Wilson,49384.0,1.42,2021-10-16,,0,
Wilson,City of Wilson,49384.0,1.01,2021-10-17,,0,
Wilson,City of Wilson,49384.0,2.23,2021-10-18,,0,
Wilson,City of Wilson,49384.0,2.83,2021-10-19,10164.275675128061,0,4370839.01018411
Wilson,City of Wilson,49384.0,1.62,2021-10-20,,0,
Wilson,City of Wilson,49384.0,2.02,2021-10-21,,0,
Wilson,City of Wilson,49384.0,1.01,2021-10-22,14798.64858694874,0,6749390.20630493
Wilson,City of Wilson,49384.0,1.21,2021-10-23,,0,
Wilson,City of Wilson,49384.0,1.21,2021-10-24,,0,
Wilson,City of Wilson,49384.0,0.4,2021-10-25,,0,
Wilson,City of Wilson,49384.0,1.82,2021-10-26,12710.723818886174,0,5524320.3519874
Wilson,City of Wilson,49384.0,1.82,2021-10-27,,0,
Wilson,City of Wilson,49384.0,0.4,2021-10-28,,0,
Wilson,City of Wilson,49384.0,0.4,2021-10-29,0.0,0,705282.901375187
Wilson,City of Wilson,49384.0,1.21,2021-10-30,,0,
Wilson,City of Wilson,49384.0,2.02,2021-10-31,,0,
Wilson,City of Wilson,49384.0,1.01,2021-11-01,,0,
Wilson,City of Wilson,49384.0,1.42,2021-11-02,11250.0,0,5380995.46411792
Wilson,City of Wilson,49384.0,2.43,2021-11-03,,0,
Wilson,City of Wilson,49384.0,1.62,2021-11-04,,0,
Wilson,City of Wilson,49384.0,0.4,2021-11-05,0.0,0,788923.694743584
Wilson,City of Wilson,49384.0,0.4,2021-11-06,,0,
Wilson,City of Wilson,49384.0,0.4,2021-11-07,,0,
Wilson,City of Wilson,49384.0,0.4,2021-11-08,,0,
Wilson,City of Wilson,49384.0,2.6300000000000003,2021-11-09,3102.418411497713,0,1400687.25735589
Wilson,City of Wilson,49384.0,2.6300000000000003,2021-11-10,,0,
Wilson,City of Wilson,49384.0,0.4,2021-11-11,,0,
Wilson,City of Wilson,49384.0,1.21,2021-11-12,,0,
Wilson,City of Wilson,49384.0,1.42,2021-11-13,0.0,0,995472.255240017
Wilson,City of Wilson,49384.0,1.42,2021-11-14,,0,
Wilson,City of Wilson,49384.0,0.4,2021-11-15,,0,
Wilson,City of Wilson,49384.0,2.02,2021-11-16,8196.79815537751,0,3556200.06709645
Wilson,City of Wilson,49384.0,1.62,2021-11-17,,0,
Wilson,City of Wilson,49384.0,1.01,2021-11-18,,0,
Wilson,City of Wilson,49384.0,1.42,2021-11-19,0.0,0,308769.942445914
Wilson,City of Wilson,49384.0,1.01,2021-11-20,,0,
Wilson,City of Wilson,49384.0,0.4,2021-11-21,,0,
Wilson,City of Wilson,49384.0,0.4,2021-11-22,,0,
Wilson,City of Wilson,49384.0,0.4,2021-11-23,0.0,0,1149921.15892941
Wilson,City of Wilson,49384.0,0.4,2021-11-24,,0,
Wilson,City of Wilson,49384.0,0.4,2021-11-25,,0,
Wilson,City of Wilson,49384.0,0.4,2021-11-26,,0,
Wilson,City of Wilson,49384.0,1.42,2021-11-27,,0,
Wilson,City of Wilson,49384.0,1.62,2021-11-28,,0,
Wilson,City of Wilson,49384.0,1.01,2021-11-29,,0,
Wilson,City of Wilson,49384.0,0.4,2021-11-30,11979.14855071095,0,5481832.93122167
Wilson,City of Wilson,49384.0,2.02,2021-12-01,,0,
Wilson,City of Wilson,49384.0,3.24,2021-12-02,,0,
Wilson,City of Wilson,49384.0,1.42,2021-12-03,11478.240283249012,0,5314198.40110143
Wilson,City of Wilson,49384.0,1.21,2021-12-04,,0,
Wilson,City of Wilson,49384.0,2.43,2021-12-05,,0,
Wilson,City of Wilson,49384.0,1.21,2021-12-06,,0,
Wilson,City of Wilson,49384.0,2.6300000000000003,2021-12-07,26470.502450841414,0,11829223.9403112
Wilson,City of Wilson,49384.0,1.82,2021-12-08,,0,
Wilson,City of Wilson,49384.0,2.02,2021-12-09,,0,
Wilson,City of Wilson,49384.0,2.23,2021-12-10,14684.1751555884,0,8790753.53376114
Wilson,City of Wilson,49384.0,2.43,2021-12-11,,0,
Wilson,City of Wilson,49384.0,1.82,2021-12-12,,0,
Wilson,City of Wilson,49384.0,2.02,2021-12-13,,0,
Wilson,City of Wilson,49384.0,2.6300000000000003,2021-12-14,25874.698065871245,0,12296810.8853677
Wilson,City of Wilson,49384.0,2.43,2021-12-15,,0,
Wilson,City of Wilson,49384.0,3.04,2021-12-16,,0,
Wilson,City of Wilson,49384.0,2.23,2021-12-17,10974.402033823997,0,5030458.42223892
Wilson,City of Wilson,49384.0,2.6300000000000003,2021-12-18,,0,
Wilson,City of Wilson,49384.0,2.6300000000000003,2021-12-19,,0,
Wilson,City of Wilson,49384.0,2.02,2021-12-20,,0,
Wilson,City of Wilson,49384.0,2.83,2021-12-21,16742.535650253223,0,10395174.0452129
Wilson,City of Wilson,49384.0,3.64,2021-12-22,,0,
Wilson,City of Wilson,49384.0,5.0600000000000005,2021-12-23,,0,
Wilson,City of Wilson,49384.0,4.45,2021-12-24,2738.612787525828,0,1593301.34011791
Wilson,City of Wilson,49384.0,4.45,2021-12-25,,0,
Wilson,City of Wilson,49384.0,5.670000000000001,2021-12-26,,0,
Wilson,City of Wilson,49384.0,11.540000000000001,2021-12-27,,0,
Wilson,City of Wilson,49384.0,18.830000000000002,2021-12-28,,0,
Wilson,City of Wilson,49384.0,26.12,2021-12-29,114318.63365173675,0,56695268.9168473
Wilson,City of Wilson,49384.0,27.939999999999998,2021-12-30,,0,
Wilson,City of Wilson,49384.0,28.55,2021-12-31,,0,
Wilson,City of Wilson,49384.0,19.03,2022-01-01,,0,
Wilson,City of Wilson,49384.0,8.91,2022-01-02,,0,
Wilson,City of Wilson,49384.0,9.31,2022-01-03,,0,
Wilson,City of Wilson,49384.0,48.19,2022-01-04,,0,
Wilson,City of Wilson,49384.0,39.89,2022-01-05,,0,
Wilson,City of Wilson,49384.0,29.560000000000002,2022-01-18,,0,
Wilson,City of Wilson,49384.0,36.65,2022-01-19,52440.44240850753,0,51934311.0107664
Wilson,City of Wilson,49384.0,33.82,2022-01-20,,0,
Wilson,City of Wilson,49384.0,29.560000000000002,2022-01-21,,0,
Wilson,City of Wilson,49384.0,7.9,2022-01-22,90000.0,0,70159902.3975376
Wilson,City of Wilson,49384.0,4.05,2022-01-23,,0,
Wilson,City of Wilson,49384.0,9.11,2022-01-24,,0,
Wilson,City of Wilson,49384.0,33.410000000000004,2022-01-25,110056.80351527562,0,88832274.0766524
Wilson,City of Wilson,49384.0,24.3,2022-01-26,,0,
Wilson,City of Wilson,49384.0,17.01,2022-01-27,,0,
Wilson,City of Wilson,49384.0,14.380000000000003,2022-01-28,66755.14961409349,0,48866772.8208479
Wilson,City of Wilson,49384.0,6.88,2022-01-29,,0,
Wilson,City of Wilson,49384.0,5.0600000000000005,2022-01-30,,0,
Wilson,City of Wilson,49384.0,2.83,2022-01-31,,0,
Wilson,City of Wilson,49384.0,11.14,2022-02-01,21354.15650406264,0,14469722.4289128
Wilson,City of Wilson,49384.0,7.690000000000001,2022-02-02,,0,
Wilson,City of Wilson,49384.0,6.07,2022-02-03,,0,
Wilson,City of Wilson,49384.0,5.260000000000001,2022-02-04,16431.676725154968,0,10680786.8491699
Wilson,City of Wilson,49384.0,3.85,2022-02-05,,0,
Wilson,City of Wilson,49384.0,2.23,2022-02-06,,0,
Wilson,City of Wilson,49384.0,3.04,2022-02-07,,0,
Wilson,City of Wilson,49384.0,4.25,2022-02-08,24799.193535274513,0,15036250.5997623
Wilson,City of Wilson,49384.0,3.24,2022-02-09,,0,
Wilson,City of Wilson,49384.0,2.83,2022-02-10,,0,
Wilson,City of Wilson,49384.0,3.64,2022-02-11,22612.220147522054,0,18407433.3046145
Wilson,City of Wilson,49384.0,1.82,2022-02-12,,0,
Wilson,City of Wilson,49384.0,1.01,2022-02-13,,0,
Wilson,City of Wilson,49384.0,2.43,2022-02-14,,0,
Wilson,City of Wilson,49384.0,3.44,2022-02-15,12772.039774444806,0,8997073.89718257
Wilson,City of Wilson,49384.0,2.6300000000000003,2022-02-16,,0,
Wilson,City of Wilson,49384.0,3.04,2022-02-17,,0,
Wilson,City of Wilson,49384.0,2.83,2022-02-18,6528.782428600297,0,4323858.29347828
Wilson,City of Wilson,49384.0,1.42,2022-02-19,,0,
Wilson,City of Wilson,49384.0,1.42,2022-02-20,,0,
Wilson,City of Wilson,49384.0,1.62,2022-02-21,,0,
Wilson,City of Wilson,49384.0,1.21,2022-02-22,10198.039027185565,0,6277080.94071098
Wilson,City of Wilson,49384.0,1.62,2022-02-23,,0,
Wilson,City of Wilson,49384.0,1.21,2022-02-24,,0,
Wilson,City of Wilson,49384.0,1.42,2022-02-25,9788.385975225954,0,6197501.5955638
Wilson,City of Wilson,49384.0,1.01,2022-02-26,,0,
Wilson,City of Wilson,49384.0,0.4,2022-02-27,,0,
Wilson,City of Wilson,49384.0,0.4,2022-02-28,,0,
Wilson,City of Wilson,49384.0,1.21,2022-03-01,3535.53390593274,0,2176186.26845876
Wilson,City of Wilson,49384.0,0.4,2022-03-02,,0,
Wilson,City of Wilson,49384.0,1.21,2022-03-03,,0,
Wilson,City of Wilson,49384.0,0.4,2022-03-04,0.0,0,179005.725859401
Wilson,City of Wilson,49384.0,0.4,2022-03-05,,0,
Wilson,City of Wilson,49384.0,,2022-03-06,,0,
Wilson,City of Wilson,49384.0,0.4,2022-03-07,,0,
Wilson,City of Wilson,49384.0,0.4,2022-03-08,3750.0000000000027,0,2150098.614936
Wilson,City of Wilson,49384.0,0.4,2022-03-09,,0,
Wilson,City of Wilson,49384.0,0.4,2022-03-10,,0,
Wilson,City of Wilson,49384.0,1.21,2022-03-11,0.0,0,186293.490779885
Wilson,City of Wilson,49384.0,0.4,2022-03-12,,0,
Wilson,City of Wilson,49384.0,,2022-03-13,,0,
Wilson,City of Wilson,49384.0,0.4,2022-03-14,,0,
Wilson,City of Wilson,49384.0,0.4,2022-03-15,0.0,0,224098.771304898
Wilson,City of Wilson,49384.0,0.4,2022-03-16,,0,
Wilson,City of Wilson,49384.0,0.4,2022-03-17,,0,
Wilson,City of Wilson,49384.0,0.4,2022-03-18,0.0,0,198591.594083203
Wilson,City of Wilson,49384.0,,2022-03-19,,0,
Wilson,City of Wilson,49384.0,,2022-03-20,,0,
Wilson,City of Wilson,49384.0,,2022-03-21,,0,
Wilson,City of Wilson,49384.0,0.4,2022-03-22,0.0,0,183560.578934703
Wilson,City of Wilson,49384.0,,2022-03-23,,0,
Wilson,City of Wilson,49384.0,0.4,2022-03-24,,0,
Wilson,City of Wilson,49384.0,,2022-03-25,0.0,0,186748.976087415
Wilson,City of Wilson,49384.0,,2022-03-26,,0,
Wilson,City of Wilson,49384.0,,2022-03-27,,0,
Wilson,City of Wilson,49384.0,,2022-03-28,,0,
Wilson,City of Wilson,49384.0,0.4,2022-03-29,0.0,0,166252.137248553
Wilson,City of Wilson,49384.0,0.4,2022-03-30,,0,
Wilson,City of Wilson,49384.0,,2022-03-31,,0,
Wilson,City of Wilson,49384.0,0.4,2022-04-01,0.0,0,173995.387476567
Wilson,City of Wilson,49384.0,,2022-04-02,,0,
Wilson,City of Wilson,49384.0,0.4,2022-04-03,,0,
Wilson,City of Wilson,49384.0,,2022-04-04,,0,
Wilson,City of Wilson,49384.0,,2022-04-05,0.0,0,160558.570904424
Wilson,City of Wilson,49384.0,0.4,2022-04-06,,0,
Wilson,City of Wilson,49384.0,0.4,2022-04-07,,0,
Wilson,City of Wilson,49384.0,0.4,2022-04-08,0.0,0,1137641.23501029
Wilson,City of Wilson,49384.0,0.4,2022-04-09,,0,
Wilson,City of Wilson,49384.0,0.4,2022-04-10,,0,
Wilson,City of Wilson,49384.0,1.21,2022-04-11,,0,
Wilson,City of Wilson,49384.0,0.4,2022-04-12,10052.984631441552,0,5579035.1630637
Wilson,City of Wilson,49384.0,1.42,2022-04-13,,0,
Wilson,City of Wilson,49384.0,1.42,2022-04-14,,0,
Wilson,City of Wilson,49384.0,0.4,2022-04-15,1999.9999999999995,0,1134454.884173
Wilson,City of Wilson,49384.0,0.4,2022-04-16,,0,
Wilson,City of Wilson,49384.0,0.4,2022-04-17,,0,
Wilson,City of Wilson,49384.0,0.4,2022-04-18,,0,
Wilson,City of Wilson,49384.0,0.4,2022-04-19,6250.000000000003,0,3070885.0538636
Wilson,City of Wilson,49384.0,1.21,2022-04-20,,0,
Wilson,City of Wilson,49384.0,1.42,2022-04-21,,0,
Wilson,City of Wilson,49384.0,1.01,2022-04-22,3436.9317712168845,0,1846776.93792763
Wilson,City of Wilson,49384.0,0.4,2022-04-23,,0,
Wilson,City of Wilson,49384.0,0.4,2022-04-24,,0,
Wilson,City of Wilson,49384.0,0.4,2022-04-25,,0,
Wilson,City of Wilson,49384.0,1.42,2022-04-26,0.0,0,775958.5002234591
Wilson,City of Wilson,49384.0,1.62,2022-04-27,,0,
Wilson,City of Wilson,49384.0,1.01,2022-04-28,,0,
Wilson,City of Wilson,49384.0,0.4,2022-04-29,4472.1359549995805,0,2169922.4931328
Wilson,City of Wilson,49384.0,0.4,2022-04-30,,0,
Wilson,City of Wilson,49384.0,0.4,2022-05-01,,0,
Wilson,City of Wilson,49384.0,1.21,2022-05-02,,0,
Wilson,City of Wilson,49384.0,1.62,2022-05-03,0.0,0,153270.80598394
Wilson,City of Wilson,49384.0,1.82,2022-05-04,,0,
Wilson,City of Wilson,49384.0,2.6300000000000003,2022-05-05,,0,
Wilson,City of Wilson,49384.0,1.21,2022-05-06,3269.1742076555065,0,1646375.69941642
Wilson,City of Wilson,49384.0,1.21,2022-05-07,,0,
Wilson,City of Wilson,49384.0,1.21,2022-05-08,,0,
Wilson,City of Wilson,49384.0,1.82,2022-05-09,,0,
Wilson,City of Wilson,49384.0,2.43,2022-05-10,4373.213921133976,0,2249307.10930819
Wilson,City of Wilson,49384.0,3.04,2022-05-11,,0,
Wilson,City of Wilson,49384.0,3.24,2022-05-12,,0,
Wilson,City of Wilson,49384.0,3.44,2022-05-13,0.0,0,143250.129218273
Wilson,City of Wilson,49384.0,3.64,2022-05-14,,0,
Wilson,City of Wilson,49384.0,2.43,2022-05-15,,0,
Wilson,City of Wilson,49384.0,1.42,2022-05-16,,0,
Wilson,City of Wilson,49384.0,3.24,2022-05-17,32402.739081750486,0,15374389.7525344
Wilson,City of Wilson,49384.0,4.66,2022-05-18,,0,
Wilson,City of Wilson,49384.0,4.05,2022-05-19,,0,
Wilson,City of Wilson,49384.0,3.85,2022-05-20,25372.228912730534,0,11318975.4900124
Wilson,City of Wilson,49384.0,4.25,2022-05-21,,0,
Wilson,City of Wilson,49384.0,1.82,2022-05-22,,0,
Wilson,City of Wilson,49384.0,1.42,2022-05-23,,0,
Wilson,City of Wilson,49384.0,4.66,2022-05-24,0.0,0,347077.617237482
Wilson,City of Wilson,49384.0,2.6300000000000003,2022-05-25,,0,
Wilson,City of Wilson,49384.0,3.24,2022-05-26,,0,
Wilson,City of Wilson,49384.0,3.24,2022-05-27,6250.000000000003,0,3022977.33071439
Wilson,City of Wilson,49384.0,1.42,2022-05-28,,0,
Wilson,City of Wilson,49384.0,1.01,2022-05-29,,0,
Wilson,City of Wilson,49384.0,2.02,2022-05-30,,0,
Wilson,City of Wilson,49384.0,1.42,2022-05-31,,0,
Wilson,City of Wilson,49384.0,5.670000000000001,2022-06-01,26790.85664923765,0,11951849.0398375
Wilson,City of Wilson,49384.0,4.25,2022-06-02,,0,
Wilson,City of Wilson,49384.0,3.85,2022-06-03,3968.626966596889,0,1952993.60388515
Wilson,City of Wilson,49384.0,2.43,2022-06-04,,0,
Wilson,City of Wilson,49384.0,1.01,2022-06-05,,0,
Wilson,City of Wilson,49384.0,1.01,2022-06-06,,0,
Wilson,City of Wilson,49384.0,4.86,2022-06-07,0.0,0,692689.68008643
Wilson,City of Wilson,49384.0,3.24,2022-06-08,,0,
Wilson,City of Wilson,49384.0,1.42,2022-06-09,,0,
Wilson,City of Wilson,49384.0,3.85,2022-06-10,16023.420358962072,0,7602761.888303579
Wilson,City of Wilson,49384.0,2.02,2022-06-11,,0,
Wilson,City of Wilson,49384.0,1.42,2022-06-12,,0,
Wilson,City of Wilson,49384.0,1.62,2022-06-13,,0,
Wilson,City of Wilson,49384.0,4.66,2022-06-14,8923.284148787367,0,4199703.28193894
Wilson,City of Wilson,49384.0,4.86,2022-06-15,,0,
Wilson,City of Wilson,49384.0,4.45,2022-06-16,,0,
Wilson,City of Wilson,49384.0,3.64,2022-06-17,14241.225368626147,0,6407829.89583736
Wilson,City of Wilson,49384.0,3.85,2022-06-18,,0,
Wilson,City of Wilson,49384.0,0.4,2022-06-19,,0,
Wilson,City of Wilson,49384.0,2.6300000000000003,2022-06-20,,0,
Wilson,City of Wilson,49384.0,5.670000000000001,2022-06-21,11456.439237389613,0,6112014.97288461
Wilson,City of Wilson,49384.0,3.64,2022-06-22,,0,
Wilson,City of Wilson,49384.0,5.260000000000001,2022-06-23,,0,
Wilson,City of Wilson,49384.0,5.870000000000001,2022-06-24,15742.06149143118,0,7348596.658416711
Wilson,City of Wilson,49384.0,2.83,2022-06-25,,0,
Wilson,City of Wilson,49384.0,2.6300000000000003,2022-06-26,,0,
Wilson,City of Wilson,49384.0,1.62,2022-06-27,,0,
Wilson,City of Wilson,49384.0,5.470000000000001,2022-06-28,19960.89927833916,0,8537678.87889792
Wilson,City of Wilson,49384.0,4.45,2022-06-29,,0,
Wilson,City of Wilson,49384.0,4.25,2022-06-30,,0,
Wilson,City of Wilson,49384.0,2.83,2022-07-01,21250.000000000007,0,9431114.37915114
Wilson,City of Wilson,49384.0,4.05,2022-07-02,,0,
Wilson,City of Wilson,49384.0,1.42,2022-07-03,,0,
Wilson,City of Wilson,49384.0,3.24,2022-07-04,,0,
Wilson,City of Wilson,49384.0,0.4,2022-07-05,,0,
Wilson,City of Wilson,49384.0,7.490000000000001,2022-07-06,26197.566680896183,0,11205227.2100146
Wilson,City of Wilson,49384.0,7.690000000000001,2022-07-07,,0,
Wilson,City of Wilson,49384.0,4.66,2022-07-08,26263.091973337807,0,12964543.6945533
Wilson,City of Wilson,49384.0,5.0600000000000005,2022-07-09,,0,
Wilson,City of Wilson,49384.0,2.23,2022-07-10,,0,
Wilson,City of Wilson,49384.0,2.83,2022-07-11,,0,
Wilson,City of Wilson,49384.0,6.07,2022-07-12,48088.46015417838,0,32069016.209467705
Wilson,City of Wilson,49384.0,5.670000000000001,2022-07-13,,0,
Wilson,City of Wilson,49384.0,7.290000000000001,2022-07-14,,0,
Wilson,City of Wilson,49384.0,6.28,2022-07-15,13012.013679673131,0,8138796.38987449
Wilson,City of Wilson,49384.0,4.66,2022-07-16,,0,
Wilson,City of Wilson,49384.0,2.83,2022-07-17,,0,
Wilson,City of Wilson,49384.0,4.45,2022-07-18,,0,
Wilson,City of Wilson,49384.0,10.530000000000001,2022-07-19,20946.360065653404,0,10805606.3678861
Wilson,City of Wilson,49384.0,8.3,2022-07-20,,0,
Wilson,City of Wilson,49384.0,7.690000000000001,2022-07-21,,0,
Wilson,City of Wilson,49384.0,8.709999999999999,2022-07-22,0.0,0,669117.016634515
Wilson,City of Wilson,49384.0,4.86,2022-07-23,,0,
Wilson,City of Wilson,49384.0,5.0600000000000005,2022-07-24,,0,
Wilson,City of Wilson,49384.0,3.85,2022-07-25,,0,
Wilson,City of Wilson,49384.0,8.91,2022-07-26,39221.327106562865,0,18278955.5869397
Wilson,City of Wilson,49384.0,4.25,2022-07-27,,0,
Wilson,City of Wilson,49384.0,5.470000000000001,2022-07-28,,0,
Wilson,City of Wilson,49384.0,6.68,2022-07-29,35864.32768085858,0,18198944.3572952
Wilson,City of Wilson,49384.0,4.45,2022-07-30,,0,
Wilson,City of Wilson,49384.0,3.24,2022-07-31,,0,
Wilson,City of Wilson,49384.0,3.64,2022-08-01,,0,
Wilson,City of Wilson,49384.0,7.290000000000001,2022-08-02,73739.40601876305,0,58953481.4692598
Wilson,City of Wilson,49384.0,5.260000000000001,2022-08-03,,0,
Wilson,City of Wilson,49384.0,5.670000000000001,2022-08-04,,0,
Wilson,City of Wilson,49384.0,3.64,2022-08-05,17743.83695822298,0,8949503.57149085
Wilson,City of Wilson,49384.0,2.43,2022-08-06,,0,
Wilson,City of Wilson,49384.0,3.44,2022-08-07,,0,
Wilson,City of Wilson,49384.0,4.66,2022-08-08,,0,
Wilson,City of Wilson,49384.0,8.709999999999999,2022-08-09,45654.95591937421,0,22082223.4846453
Wilson,City of Wilson,49384.0,5.870000000000001,2022-08-10,,0,
Wilson,City of Wilson,49384.0,5.870000000000001,2022-08-11,,0,
Wilson,City of Wilson,49384.0,4.45,2022-08-12,24743.68606331729,0,13864598.1862148
Wilson,City of Wilson,49384.0,6.28,2022-08-13,,0,
Wilson,City of Wilson,49384.0,3.44,2022-08-14,,0,
Wilson,City of Wilson,49384.0,2.23,2022-08-15,,0,
Wilson,City of Wilson,49384.0,8.3,2022-08-16,19863.597357981293,0,10049104.2745981
Wilson,City of Wilson,49384.0,6.68,2022-08-17,,0,
Wilson,City of Wilson,49384.0,4.45,2022-08-18,,0,
Wilson,City of Wilson,49384.0,2.43,2022-08-19,27372.431386341977,0,12987618.9647543
Wilson,City of Wilson,49384.0,2.83,2022-08-20,,0,
Wilson,City of Wilson,49384.0,2.23,2022-08-21,,0,
Wilson,City of Wilson,49384.0,1.62,2022-08-22,,0,
Wilson,City of Wilson,49384.0,4.45,2022-08-23,33847.08259215259,0,17201260.9129664
Wilson,City of Wilson,49384.0,3.24,2022-08-24,,0,
Wilson,City of Wilson,49384.0,4.45,2022-08-25,,0,
Wilson,City of Wilson,49384.0,2.83,2022-08-26,21270.5782714058,0,10777208.1361272
Wilson,City of Wilson,49384.0,2.43,2022-08-27,,0,
Wilson,City of Wilson,49384.0,1.62,2022-08-28,,0,
Wilson,City of Wilson,49384.0,1.01,2022-08-29,,0,
Wilson,City of Wilson,49384.0,2.02,2022-08-30,45538.44529625498,0,20839056.131984495
Wilson,City of Wilson,49384.0,2.23,2022-08-31,,0,
Wilson,City of Wilson,49384.0,1.82,2022-09-01,,0,
Wilson,City of Wilson,49384.0,2.83,2022-09-02,14387.49456993818,0,7036089.66485867
Wilson,City of Wilson,49384.0,2.83,2022-09-03,,0,
Wilson,City of Wilson,49384.0,1.62,2022-09-04,,0,
Wilson,City of Wilson,49384.0,3.64,2022-09-05,,0,
Wilson,City of Wilson,49384.0,2.6300000000000003,2022-09-06,,0,
Wilson,City of Wilson,49384.0,3.64,2022-09-07,26324.893162176362,0,12329155.8201033
Wilson,City of Wilson,49384.0,1.62,2022-09-08,,0,
Wilson,City of Wilson,49384.0,3.44,2022-09-09,0.0,0,415434.291250983
Wilson,City of Wilson,49384.0,3.44,2022-09-10,,0,
Wilson,City of Wilson,49384.0,2.23,2022-09-11,,0,
Wilson,City of Wilson,49384.0,3.04,2022-09-12,,0,
Wilson,City of Wilson,49384.0,6.88,2022-09-13,20093.531297410125,0,11582428.3445364
Wilson,City of Wilson,49384.0,2.6300000000000003,2022-09-14,,0,
Wilson,City of Wilson,49384.0,3.44,2022-09-15,,0,
Wilson,City of Wilson,49384.0,4.25,2022-09-16,8660.254037844388,0,4208675.12807766
Wilson,City of Wilson,49384.0,2.83,2022-09-17,,0,
Wilson,City of Wilson,49384.0,1.62,2022-09-18,,0,
Wilson,City of Wilson,49384.0,2.02,2022-09-19,,0,
Wilson,City of Wilson,49384.0,2.6300000000000003,2022-09-20,38031.237161049605,0,16558244.9467196
Wilson,City of Wilson,49384.0,1.42,2022-09-21,,0,
Wilson,City of Wilson,49384.0,4.25,2022-09-22,,0,
Wilson,City of Wilson,49384.0,2.02,2022-09-23,15176.05021077619,0,7107640.9172748
Wilson,City of Wilson,49384.0,2.02,2022-09-24,,0,
Wilson,City of Wilson,49384.0,0.4,2022-09-25,,0,
Wilson,City of Wilson,49384.0,2.23,2022-09-26,,0,
Wilson,City of Wilson,49384.0,3.24,2022-09-27,16307.590257300468,0,7150087.12042592
Wilson,City of Wilson,49384.0,3.04,2022-09-28,,0,
Wilson,City of Wilson,49384.0,1.21,2022-09-29,,0,
Wilson,City of Wilson,49384.0,2.23,2022-09-30,3464.1016151377585,0,1577257.42970229
Wilson,City of Wilson,49384.0,0.4,2022-10-01,,0,
Wilson,City of Wilson,49384.0,0.4,2022-10-02,,0,
Wilson,City of Wilson,49384.0,0.4,2022-10-03,,0,
Wilson,City of Wilson,49384.0,3.04,2022-10-04,12196.310917650495,0,6478690.53457356
Wilson,City of Wilson,49384.0,2.23,2022-10-05,,0,
Wilson,City of Wilson,49384.0,1.01,2022-10-06,,0,
Wilson,City of Wilson,49384.0,2.23,2022-10-07,12454.816798541306,0,5938178.41866217
Wilson,City of Wilson,49384.0,2.02,2022-10-08,,0,
Wilson,City of Wilson,49384.0,0.4,2022-10-09,,0,
Wilson,City of Wilson,49384.0,0.4,2022-10-10,,0,
Wilson,City of Wilson,49384.0,2.83,2022-10-11,44529.50552501435,0,20240818.9286272
Wilson,City of Wilson,49384.0,1.62,2022-10-12,,0,
Wilson,City of Wilson,49384.0,0.4,2022-10-13,,0,
Wilson,City of Wilson,49384.0,1.21,2022-10-14,0.0,0,1130194.36613289
Wilson,City of Wilson,49384.0,1.42,2022-10-15,,0,
Wilson,City of Wilson,49384.0,0.4,2022-10-16,,0,
Wilson,City of Wilson,49384.0,0.4,2022-10-17,,0,
Wilson,City of Wilson,49384.0,1.42,2022-10-18,0.0,0,1488690.28921203
Wilson,City of Wilson,49384.0,1.42,2022-10-19,,0,
Wilson,City of Wilson,49384.0,0.4,2022-10-20,,0,
Wilson,City of Wilson,49384.0,0.4,2022-10-21,30669.61036596327,0,13517663.0630583
Wilson,City of Wilson,49384.0,0.4,2022-10-22,,0,
Wilson,City of Wilson,49384.0,0.4,2022-10-23,,0,
Wilson,City of Wilson,49384.0,1.21,2022-10-24,,0,
Wilson,City of Wilson,49384.0,1.62,2022-10-25,64299.10574805844,0,29769215.1868651
Wilson,City of Wilson,49384.0,0.4,2022-10-26,,0,
Wilson,City of Wilson,49384.0,0.4,2022-10-27,,0,
Wilson,City of Wilson,49384.0,0.4,2022-10-28,7305.819598101229,0,3371249.91961054
Wilson,City of Wilson,49384.0,1.42,2022-10-29,,0,
Wilson,City of Wilson,49384.0,0.4,2022-10-30,,0,
Wilson,City of Wilson,49384.0,0.4,2022-10-31,,0,
Wilson,City of Wilson,49384.0,1.01,2022-11-01,5373.5463150511705,0,2553748.94237337
Wilson,City of Wilson,49384.0,0.4,2022-11-02,,0,
Wilson,City of Wilson,49384.0,1.62,2022-11-03,,0,
Wilson,City of Wilson,49384.0,0.4,2022-11-04,0.0,0,353069.182396019
Wilson,City of Wilson,49384.0,0.4,2022-11-05,,0,
Wilson,City of Wilson,49384.0,0.4,2022-11-06,,0,
Wilson,City of Wilson,49384.0,,2022-11-07,,0,
Wilson,City of Wilson,49384.0,0.4,2022-11-08,5916.079783099622,0,2793445.7923907
Wilson,City of Wilson,49384.0,1.01,2022-11-09,,0,
Wilson,City of Wilson,49384.0,0.4,2022-11-10,,0,
Wilson,City of Wilson,49384.0,0.4,2022-11-11,0.0,0,136417.849605319
Wilson,City of Wilson,49384.0,0.4,2022-11-12,,0,
Wilson,City of Wilson,49384.0,,2022-11-13,,0,
Wilson,City of Wilson,49384.0,0.4,2022-11-14,,0,
Wilson,City of Wilson,49384.0,1.42,2022-11-15,8923.284148787367,0,4281782.17344263
Wilson,City of Wilson,49384.0,0.4,2022-11-16,,0,
Wilson,City of Wilson,49384.0,0.4,2022-11-17,,0,
Wilson,City of Wilson,49384.0,0.4,2022-11-18,4854.121959736902,0,2403636.0866043
Wilson,City of Wilson,49384.0,1.82,2022-11-19,,0,
Wilson,City of Wilson,49384.0,0.4,2022-11-20,,0,
Wilson,City of Wilson,49384.0,0.4,2022-11-21,,0,
Wilson,City of Wilson,49384.0,0.4,2022-11-22,7549.83443527075,0,3420191.49386902
Wilson,City of Wilson,49384.0,0.4,2022-11-23,,0,
Wilson,City of Wilson,49384.0,0.4,2022-11-24,,0,
Wilson,City of Wilson,49384.0,0.4,2022-11-25,,0,
Wilson,City of Wilson,49384.0,1.21,2022-11-26,,0,
Wilson,City of Wilson,49384.0,1.21,2022-11-27,,0,
Wilson,City of Wilson,49384.0,1.42,2022-11-28,,0,
Wilson,City of Wilson,49384.0,2.43,2022-11-29,9055.385138137433,0,4601993.1556705
Wilson,City of Wilson,49384.0,1.62,2022-11-30,,0,
Wilson,City of Wilson,49384.0,1.62,2022-12-01,,0,
Wilson,City of Wilson,49384.0,0.4,2022-12-02,23811.761799581316,0,13853477.9939143
Wilson,City of Wilson,49384.0,1.82,2022-12-03,,0,
Wilson,City of Wilson,49384.0,1.21,2022-12-04,,0,
Wilson,City of Wilson,49384.0,0.4,2022-12-05,,0,
Wilson,City of Wilson,49384.0,1.42,2022-12-06,24994.999499899986,0,12510994.3367932
Wilson,City of Wilson,49384.0,2.02,2022-12-07,,0,
Wilson,City of Wilson,49384.0,2.23,2022-12-08,,0,
Wilson,City of Wilson,49384.0,1.62,2022-12-09,22937.41484997822,0,12149209.7662435
Wilson,City of Wilson,49384.0,2.23,2022-12-10,,0,
Wilson,City of Wilson,49384.0,1.82,2022-12-11,,0,
Wilson,City of Wilson,49384.0,1.82,2022-12-12,,0,
Wilson,City of Wilson,49384.0,2.6300000000000003,2022-12-13,25377.155080899025,0,12507756.5746395
Wilson,City of Wilson,49384.0,1.62,2022-12-14,,0,
Wilson,City of Wilson,49384.0,2.83,2022-12-15,,0,
Wilson,City of Wilson,49384.0,2.6300000000000003,2022-12-16,31499.007920885375,0,16370128.3062857
Wilson,City of Wilson,49384.0,2.6300000000000003,2022-12-17,,0,
Wilson,City of Wilson,49384.0,1.42,2022-12-18,,0,
Wilson,City of Wilson,49384.0,2.43,2022-12-19,,0,
Wilson,City of Wilson,49384.0,4.66,2022-12-20,23828.816588324313,0,13151051.689956
Wilson,City of Wilson,49384.0,3.85,2022-12-21,,0,
Wilson,City of Wilson,49384.0,3.64,2022-12-22,,0,
Wilson,City of Wilson,49384.0,3.04,2022-12-23,87142.12528966689,0,49496201.3190476
Wilson,City of Wilson,49384.0,2.6300000000000003,2022-12-24,,0,
Wilson,City of Wilson,49384.0,2.02,2022-12-25,,0,
Wilson,City of Wilson,49384.0,1.82,2022-12-26,,0,
Wilson,City of Wilson,49384.0,3.24,2022-12-27,,0,
Wilson,City of Wilson,49384.0,4.25,2022-12-28,86023.25267042621,0,51432303.603137
Wilson,City of Wilson,49384.0,4.25,2022-12-29,,0,
Wilson,City of Wilson,49384.0,4.86,2022-12-30,130623.50477613123,0,73392354.5237371
Wilson,City of Wilson,49384.0,4.66,2022-12-31,,0,
Wilson,City of Wilson,49384.0,2.83,2023-01-01,,0,
Wilson,City of Wilson,49384.0,1.82,2023-01-02,,0,
Wilson,City of Wilson,49384.0,1.82,2023-01-03,,0,
Wilson,City of Wilson,49384.0,2.43,2023-01-04,93541.43466934857,0,54063092.719343
Wilson,City of Wilson,49384.0,5.0600000000000005,2023-01-05,,0,
Wilson,City of Wilson,49384.0,1.42,2023-01-06,41533.119314590454,0,24641152.937504105
Wilson,City of Wilson,49384.0,2.6300000000000003,2023-01-07,,0,
Wilson,City of Wilson,49384.0,1.82,2023-01-08,,0,
Wilson,City of Wilson,49384.0,1.01,2023-01-09,,0,
Wilson,City of Wilson,49384.0,3.24,2023-01-10,93374.24698491562,0,53250729.5187315
Wilson,City of Wilson,49384.0,2.43,2023-01-11,,0,
Wilson,City of Wilson,49384.0,3.85,2023-01-12,,0,
Wilson,City of Wilson,49384.0,1.42,2023-01-13,26247.618939629538,0,13982995.9157178
Wilson,City of Wilson,49384.0,1.62,2023-01-14,,0,
Wilson,City of Wilson,49384.0,1.62,2023-01-15,,0,
Wilson,City of Wilson,49384.0,1.21,2023-01-16,,0,
Wilson,City of Wilson,49384.0,0.4,2023-01-17,,0,
Wilson,City of Wilson,49384.0,2.02,2023-01-18,20627.651344736267,0,10957425.6035259
Wilson,City of Wilson,49384.0,2.6300000000000003,2023-01-19,,0,
Wilson,City of Wilson,49384.0,1.42,2023-01-20,26291.633650269796,0,13764606.1605938
Wilson,City of Wilson,49384.0,3.24,2023-01-21,,0,
Wilson,City of Wilson,49384.0,1.42,2023-01-22,,0,
Wilson,City of Wilson,49384.0,2.6300000000000003,2023-01-23,,0,
Wilson,City of Wilson,49384.0,1.62,2023-01-24,94406.037942496,0,75910311.4800083
Wilson,City of Wilson,49384.0,1.62,2023-01-25,,0,
Wilson,City of Wilson,49384.0,2.43,2023-01-26,,0,
Wilson,City of Wilson,49384.0,3.24,2023-01-27,2487.4685927665496,0,2501594.73872282
Wilson,City of Wilson,49384.0,1.21,2023-01-28,,0,
Wilson,City of Wilson,49384.0,0.4,2023-01-29,,0,
Wilson,City of Wilson,49384.0,2.43,2023-01-30,,0,
Wilson,City of Wilson,49384.0,2.43,2023-01-31,70710.67811865473,0,51491331.3832085
Wilson,City of Wilson,49384.0,2.6300000000000003,2023-02-01,,0,
Wilson,City of Wilson,49384.0,2.6300000000000003,2023-02-02,,0,
Wilson,City of Wilson,49384.0,3.04,2023-02-03,29862.183443278267,0,27788541.9116128
Wilson,City of Wilson,49384.0,1.42,2023-02-04,,0,
Wilson,City of Wilson,49384.0,1.42,2023-02-05,,0,
Wilson,City of Wilson,49384.0,1.01,2023-02-06,,0,
Wilson,City of Wilson,49384.0,2.43,2023-02-07,109544.51150103328,0,103365162.038743
Wilson,City of Wilson,49384.0,2.6300000000000003,2023-02-08,,0,
Wilson,City of Wilson,49384.0,1.62,2023-02-09,,0,
Wilson,City of Wilson,49384.0,2.23,2023-02-10,25867.45058949572,0,21434079.4398704
Wilson,City of Wilson,49384.0,2.02,2023-02-11,,0,
Wilson,City of Wilson,49384.0,1.21,2023-02-12,,0,
Wilson,City of Wilson,49384.0,1.42,2023-02-13,,0,
Wilson,City of Wilson,49384.0,2.02,2023-02-14,28912.58376555097,0,44678948.7051698
Wilson,City of Wilson,49384.0,2.6300000000000003,2023-02-15,,0,
Wilson,City of Wilson,49384.0,3.04,2023-02-16,,0,
Wilson,City of Wilson,49384.0,3.04,2023-02-17,12737.739202857008,0,11823934.3495782
Wilson,City of Wilson,49384.0,3.04,2023-02-18,,0,
Wilson,City of Wilson,49384.0,0.4,2023-02-19,,0,
Wilson,City of Wilson,49384.0,0.4,2023-02-20,,0,
Wilson,City of Wilson,49384.0,1.42,2023-02-21,11739.35688187391,0,9304442.53868203
Wilson,City of Wilson,49384.0,1.21,2023-02-22,,0,
Wilson,City of Wilson,49384.0,2.23,2023-02-23,,0,
Wilson,City of Wilson,49384.0,1.21,2023-02-24,4609.7722286464505,0,3363891.11213975
Wilson,City of Wilson,49384.0,1.62,2023-02-25,,0,
Wilson,City of Wilson,49384.0,1.21,2023-02-26,,0,
Wilson,City of Wilson,49384.0,1.82,2023-02-27,,0,
Wilson,City of Wilson,49384.0,0.4,2023-02-28,18371.173070873843,0,12307613.0905014
Wilson,City of Wilson,49384.0,1.42,2023-03-01,,0,
Wilson,City of Wilson,49384.0,0.4,2023-03-02,,0,
Wilson,City of Wilson,49384.0,1.21,2023-03-03,14374.456511465065,0,9321532.32950161
Wilson,City of Wilson,49384.0,0.4,2023-03-04,,0,
Wilson,City of Wilson,49384.0,0.4,2023-03-05,,0,
Wilson,City of Wilson,49384.0,,2023-03-06,,0,
Wilson,City of Wilson,49384.0,0.4,2023-03-07,4723.610906922803,0,3265924.7059398
Wilson,City of Wilson,49384.0,0.4,2023-03-08,,0,
Wilson,City of Wilson,49384.0,0.4,2023-03-09,,0,
Wilson,City of Wilson,49384.0,0.4,2023-03-10,7322.9092579384105,0,4653328.33396343
Wilson,City of Wilson,49384.0,0.4,2023-03-11,,0,
Wilson,City of Wilson,49384.0,0.4,2023-03-12,,0,
Wilson,City of Wilson,49384.0,0.4,2023-03-13,,0,
Wilson,City of Wilson,49384.0,1.21,2023-03-14,0.0,0,1014291.76878714
Wilson,City of Wilson,49384.0,1.21,2023-03-15,,0,
Wilson,City of Wilson,49384.0,0.4,2023-03-16,,0,
Wilson,City of Wilson,49384.0,,2023-03-17,10318.217536474025,0,6683237.61944568
Wilson,City of Wilson,49384.0,0.4,2023-03-18,,0,
Wilson,City of Wilson,49384.0,0.4,2023-03-19,,0,
Wilson,City of Wilson,49384.0,1.21,2023-03-20,,0,
Wilson,City of Wilson,49384.0,1.01,2023-03-21,7540.508388696353,0,4670221.74941144
Wilson,City of Wilson,49384.0,0.4,2023-03-22,,0,
Wilson,City of Wilson,49384.0,0.4,2023-03-23,,0,
Wilson,City of Wilson,49384.0,0.4,2023-03-24,4954.391087636304,0,2946982.25537733
Wilson,City of Wilson,49384.0,0.4,2023-03-25,,0,
Wilson,City of Wilson,49384.0,0.4,2023-03-26,,0,
Wilson,City of Wilson,49384.0,0.4,2023-03-27,,0,
Wilson,City of Wilson,49384.0,0.4,2023-03-28,11903.467063003116,0,7208187.57776418
Wilson,City of Wilson,49384.0,0.4,2023-03-29,,0,
Wilson,City of Wilson,49384.0,0.4,2023-03-30,,0,
Wilson,City of Wilson,49384.0,,2023-03-31,231418.25279134762,0,165857354.932529
Wilson,City of Wilson,49384.0,0.4,2023-04-01,,0,
Wilson,City of Wilson,49384.0,,2023-04-02,,0,
Wilson,City of Wilson,49384.0,0.4,2023-04-03,,0,
Wilson,City of Wilson,49384.0,0.4,2023-04-04,10305.619998452308,0,6177409.49756083
Wilson,City of Wilson,49384.0,0.4,2023-04-05,,0,
Wilson,City of Wilson,49384.0,,2023-04-06,,0,
Wilson,City of Wilson,49384.0,0.4,2023-04-07,2393.2354861149797,0,1441894.52794098
Wilson,City of Wilson,49384.0,0.4,2023-04-08,,0,
Wilson,City of Wilson,49384.0,,2023-04-09,,0,
Wilson,City of Wilson,49384.0,,2023-04-10,,0,
Wilson,City of Wilson,49384.0,,2023-04-11,3147.4086378717993,0,3594718.73078767
Wilson,City of Wilson,49384.0,0.4,2023-04-12,,0,
Wilson,City of Wilson,49384.0,0.4,2023-04-13,,0,
Wilson,City of Wilson,49384.0,0.4,2023-04-14,4542.489745613083,0,3753515.6439982895
Wilson,City of Wilson,49384.0,,2023-04-15,,0,
Wilson,City of Wilson,49384.0,0.4,2023-04-16,,0,
Wilson,City of Wilson,49384.0,0.4,2023-04-17,,0,
Wilson,City of Wilson,49384.0,0.4,2023-04-18,0.0,0,214989.065154293
Wilson,City of Wilson,49384.0,0.4,2023-04-19,,0,
Wilson,City of Wilson,49384.0,0.4,2023-04-20,,0,
Wilson,City of Wilson,49384.0,,2023-04-21,2909.375156283564,0,1940191.03017947
Wilson,City of Wilson,49384.0,0.4,2023-04-22,,0,
Wilson,City of Wilson,49384.0,0.4,2023-04-23,,0,
Wilson,City of Wilson,49384.0,0.4,2023-04-24,,0,
Wilson,City of Wilson,49384.0,0.4,2023-04-25,0.0,0,392932.986958764
Wilson,City of Wilson,49384.0,,2023-04-26,,0,
Wilson,City of Wilson,49384.0,0.4,2023-04-27,,0,
Wilson,City of Wilson,49384.0,,2023-04-28,8870.05877009843,0,5690854.33176589
Wilson,City of Wilson,49384.0,0.4,2023-04-29,,0,
Wilson,City of Wilson,49384.0,,2023-04-30,,0,
Wilson,City of Wilson,49384.0,0.4,2023-05-01,,0,
Wilson,City of Wilson,49384.0,0.4,2023-05-02,0.0,0,270558.272672987
Wilson,City of Wilson,49384.0,0.4,2023-05-03,,0,
Wilson,City of Wilson,49384.0,0.4,2023-05-04,,0,
Wilson,City of Wilson,49384.0,0.4,2023-05-05,0.0,0,257349.198754609
Wilson,City of Wilson,49384.0,,2023-05-06,,0,
Wilson,City of Wilson,49384.0,,2023-05-07,,0,
Wilson,City of Wilson,49384.0,,2023-05-08,,0,
Wilson,City of Wilson,49384.0,0.4,2023-05-09,0.0,0,191303.829162718
Wilson,City of Wilson,49384.0,0.4,2023-05-10,,0,
Wilson,City of Wilson,49384.0,0.4,2023-05-11,,0,
Wilson,City of Wilson,49384.0,0.4,2023-05-12,0.0,0,383531.14656894107
Wilson,City of Wilson,49384.0,,2023-05-13,,0,
Wilson,City of Wilson,49384.0,0.4,2023-05-14,,0,
Wilson,City of Wilson,49384.0,0.4,2023-05-15,,0,
Wilson,City of Wilson,49384.0,,2023-05-16,0.0,0,1168520.72022345
Wilson,City of Wilson,49384.0,,2023-05-17,,0,
Wilson,City of Wilson,49384.0,0.4,2023-05-18,,0,
Wilson,City of Wilson,49384.0,0.4,2023-05-19,0.0,0,1324986.06977348
Wilson,City of Wilson,49384.0,,2023-05-20,,0,
Wilson,City of Wilson,49384.0,,2023-05-21,,0,
Wilson,City of Wilson,49384.0,,2023-05-22,,0,
Wilson,City of Wilson,49384.0,,2023-05-23,0.0,0,188343.174663772
Wilson,City of Wilson,49384.0,,2023-05-24,,0,
Wilson,City of Wilson,49384.0,,2023-05-25,,0,
Wilson,City of Wilson,49384.0,,2023-05-26,4466.162636145267,0,2776392.75205793
Wilson,City of Wilson,49384.0,,2023-05-27,,0,
Wilson,City of Wilson,49384.0,,2023-05-28,,0,
Wilson,City of Wilson,49384.0,,2023-05-29,,0,
Wilson,City of Wilson,49384.0,,2023-05-30,,0,
Wilson,City of Wilson,49384.0,,2023-05-31,0.0,0,728751.3494643
Wilson,City of Wilson,49384.0,,2023-06-01,,0,
Wilson,City of Wilson,49384.0,,2023-06-02,2490.8636455554924,0,1712647.2083601
Wilson,City of Wilson,49384.0,,2023-06-03,,0,
Wilson,City of Wilson,49384.0,,2023-06-04,,0,
Wilson,City of Wilson,49384.0,,2023-06-05,,0,
Wilson,City of Wilson,49384.0,,2023-06-06,0.0,0,172856.674207742
Wilson,City of Wilson,49384.0,,2023-06-07,,0,
Wilson,City of Wilson,49384.0,,2023-06-08,,0,
Wilson,City of Wilson,49384.0,,2023-06-09,3390.9264342506813,0,2032593.9791702
Wilson,City of Wilson,49384.0,,2023-06-10,,0,
Wilson,City of Wilson,49384.0,,2023-06-11,,0,
Wilson,City of Wilson,49384.0,,2023-06-12,,0,
Wilson,City of Wilson,49384.0,,2023-06-13,0.0,0,360369.951514662
Wilson,City of Wilson,49384.0,,2023-06-14,,0,
Wilson,City of Wilson,49384.0,,2023-06-15,,0,
Wilson,City of Wilson,49384.0,,2023-06-16,0.0,0,1215047.6748287
Wilson,City of Wilson,49384.0,,2023-06-17,,0,
Wilson,City of Wilson,49384.0,,2023-06-18,,0,
Wilson,City of Wilson,49384.0,,2023-06-19,,0,
Wilson,City of Wilson,49384.0,,2023-06-20,0.0,0,674636.081262669
Wilson,City of Wilson,49384.0,,2023-06-21,,0,
Wilson,City of Wilson,49384.0,,2023-06-22,,0,
Wilson,City of Wilson,49384.0,,2023-06-23,0.0,0,971836.1366122031
Wilson,City of Wilson,49384.0,,2023-06-24,,0,
Wilson,City of Wilson,49384.0,,2023-06-25,,0,
Wilson,City of Wilson,49384.0,,2023-06-26,,0,
Wilson,City of Wilson,49384.0,,2023-06-27,0.0,0,165113.423979727
Wilson,City of Wilson,49384.0,,2023-06-28,,0,
Wilson,City of Wilson,49384.0,,2023-06-29,,0,
Wilson,City of Wilson,49384.0,,2023-06-30,7040.000000000005,0,3869165.6957719
Wilson,City of Wilson,49384.0,,2023-07-01,,0,
Wilson,City of Wilson,49384.0,,2023-07-02,,0,
Wilson,City of Wilson,49384.0,,2023-07-03,,0,
Wilson,City of Wilson,49384.0,,2023-07-04,4880.000000000006,0,2543631.81597278
Wilson,City of Wilson,49384.0,,2023-07-05,,0,
Wilson,City of Wilson,49384.0,,2023-07-06,,0,
Wilson,City of Wilson,49384.0,,2023-07-07,10503.599383068658,0,6827465.51287025
Wilson,City of Wilson,49384.0,,2023-07-08,,0,
Wilson,City of Wilson,49384.0,,2023-07-09,,0,
Wilson,City of Wilson,49384.0,,2023-07-10,,0,
Wilson,City of Wilson,49384.0,,2023-07-11,16567.800095365707,0,11747138.5863685
Wilson,City of Wilson,49384.0,,2023-07-12,,0,
Wilson,City of Wilson,49384.0,,2023-07-13,,0,
Wilson,City of Wilson,49384.0,,2023-07-14,14109.67044264323,0,8457638.86238068
Wilson,City of Wilson,49384.0,,2023-07-15,,0,
Wilson,City of Wilson,49384.0,,2023-07-16,,0,
Wilson,City of Wilson,49384.0,,2023-07-17,,0,
Wilson,City of Wilson,49384.0,,2023-07-18,8415.343130259176,0,5199150.44296494
Wilson,City of Wilson,49384.0,,2023-07-19,,0,
Wilson,City of Wilson,49384.0,,2023-07-20,,0,
Wilson,City of Wilson,49384.0,,2023-07-21,21621.37830944181,0,13706115.873414
Wilson,City of Wilson,49384.0,,2023-07-22,,0,
Wilson,City of Wilson,49384.0,,2023-07-23,,0,
Wilson,City of Wilson,49384.0,,2023-07-24,,0,
Wilson,City of Wilson,49384.0,,2023-07-25,,0,
Wilson,City of Wilson,49384.0,,2023-07-26,11838.310690297007,0,6179628.38499942
Wilson,City of Wilson,49384.0,,2023-07-27,,0,
Wilson,City of Wilson,49384.0,,2023-07-28,15998.99996874804,0,9087335.43879369
Wilson,City of Wilson,49384.0,,2023-07-29,,0,
Wilson,City of Wilson,49384.0,,2023-07-30,,0,
Wilson,City of Wilson,49384.0,,2023-07-31,,0,
Wilson,City of Wilson,49384.0,,2023-08-01,20632.934837293546,0,10675550.8433574
Wilson,City of Wilson,49384.0,,2023-08-02,,0,
Wilson,City of Wilson,49384.0,,2023-08-03,,0,
Wilson,City of Wilson,49384.0,,2023-08-04,9116.249228712442,0,4646900.23837573
Wilson,City of Wilson,49384.0,,2023-08-05,,0,
Wilson,City of Wilson,49384.0,,2023-08-06,,0,
Wilson,City of Wilson,49384.0,,2023-08-07,,0,
Wilson,City of Wilson,49384.0,,2023-08-08,24762.148533598614,0,12185654.6638449
Wilson,City of Wilson,49384.0,,2023-08-09,,0,
Wilson,City of Wilson,49384.0,,2023-08-10,,0,
Wilson,City of Wilson,49384.0,,2023-08-11,31581.15894010226,0,15541345.1383638
Wilson,City of Wilson,49384.0,,2023-08-12,,0,
Wilson,City of Wilson,49384.0,,2023-08-13,,0,
Wilson,City of Wilson,49384.0,,2023-08-14,,0,
Wilson,City of Wilson,49384.0,,2023-08-15,41804.468660658815,0,20732539.5426116
Wilson,City of Wilson,49384.0,,2023-08-16,,0,
Wilson,City of Wilson,49384.0,,2023-08-17,,0,
Wilson,City of Wilson,49384.0,,2023-08-18,42409.140524184164,0,25095871.6865929
Wilson,City of Wilson,49384.0,,2023-08-19,,0,
Wilson,City of Wilson,49384.0,,2023-08-20,,0,
Wilson,City of Wilson,49384.0,,2023-08-21,,0,
Wilson,City of Wilson,49384.0,,2023-08-22,60114.89000239458,0,29030072.4743824
Wilson,City of Wilson,49384.0,,2023-08-23,,0,
Wilson,City of Wilson,49384.0,,2023-08-24,,0,
Wilson,City of Wilson,49384.0,,2023-08-25,50884.5359613311,0,25820777.8728639
Wilson,City of Wilson,49384.0,,2023-08-26,,0,
Wilson,City of Wilson,49384.0,,2023-08-27,,0,
Wilson,City of Wilson,49384.0,,2023-08-28,,0,
Wilson,City of Wilson,49384.0,,2023-08-29,73841.19717339372,0,35092631.2213877
Wilson,City of Wilson,49384.0,,2023-08-30,,0,
Wilson,City of Wilson,49384.0,,2023-08-31,,0,
Wilson,City of Wilson,49384.0,,2023-09-01,30188.792622428642,0,18026388.0420583
Wilson,City of Wilson,49384.0,,2023-09-02,,0,
Wilson,City of Wilson,49384.0,,2023-09-03,,0,
Wilson,City of Wilson,49384.0,,2023-09-04,,0,
Wilson,City of Wilson,49384.0,,2023-09-05,,0,
Wilson,City of Wilson,49384.0,,2023-09-06,40906.55693162161,0,18750792.3627406
Wilson,City of Wilson,49384.0,,2023-09-07,,0,
Wilson,City of Wilson,49384.0,,2023-09-08,89699.9732441433,0,43454514.852992
Wilson,City of Wilson,49384.0,,2023-09-09,,0,
Wilson,City of Wilson,49384.0,,2023-09-10,,0,
Wilson,City of Wilson,49384.0,,2023-09-11,,0,
Wilson,City of Wilson,49384.0,,2023-09-12,45580.30715122492,0,21207596.524578705
Wilson,City of Wilson,49384.0,,2023-09-13,,0,
Wilson,City of Wilson,49384.0,,2023-09-14,,0,
Wilson,City of Wilson,49384.0,,2023-09-15,5082.833855242568,0,2777927.82349098
Wilson,City of Wilson,49384.0,,2023-09-16,,0,
Wilson,City of Wilson,49384.0,,2023-09-17,,0,
Wilson,City of Wilson,49384.0,,2023-09-18,,0,
Wilson,City of Wilson,49384.0,,2023-09-19,40808.33248247228,0,20457478.8602714
Wilson,City of Wilson,49384.0,,2023-09-20,,0,
Wilson,City of Wilson,49384.0,,2023-09-21,,0,
Wilson,City of Wilson,49384.0,,2023-09-22,48532.84248836046,0,23809003.3313383
Wilson,City of Wilson,49384.0,,2023-09-23,,0,
Wilson,City of Wilson,49384.0,,2023-09-24,,0,
Wilson,City of Wilson,49384.0,,2023-09-25,,0,
Wilson,City of Wilson,49384.0,,2023-09-26,49347.10123198722,0,26553652.7896691
Wilson,City of Wilson,49384.0,,2023-09-27,,0,
Wilson,City of Wilson,49384.0,,2023-09-28,,0,
Wilson,City of Wilson,49384.0,,2023-09-29,37790.40618993137,0,18944573.0497232
Wilson,City of Wilson,49384.0,,2023-09-30,,0,
Wilson,City of Wilson,49384.0,,2023-10-01,,0,
Wilson,City of Wilson,49384.0,,2023-10-02,,0,
Wilson,City of Wilson,49384.0,,2023-10-03,20702.695476676472,0,10426001.3630971
Wilson,City of Wilson,49384.0,,2023-10-04,,0,
Wilson,City of Wilson,49384.0,,2023-10-05,,0,
Wilson,City of Wilson,49384.0,,2023-10-06,21118.939367307263,0,10489930.7946887
Wilson,City of Wilson,49384.0,,2023-10-07,,0,
Wilson,City of Wilson,49384.0,,2023-10-08,,0,
Wilson,City of Wilson,49384.0,,2023-10-09,,0,
Wilson,City of Wilson,49384.0,,2023-10-10,30016.36220463768,0,13022669.0059574
Wilson,City of Wilson,49384.0,,2023-10-11,,0,
Wilson,City of Wilson,49384.0,,2023-10-12,,0,
Wilson,City of Wilson,49384.0,,2023-10-13,33052.685216181795,0,14948040.7468465
Wilson,City of Wilson,49384.0,,2023-10-14,,0,
Wilson,City of Wilson,49384.0,,2023-10-15,,0,
Wilson,City of Wilson,49384.0,,2023-10-16,,0,
Wilson,City of Wilson,49384.0,,2023-10-17,31813.38711926165,0,15070369.4479131
Wilson,City of Wilson,49384.0,,2023-10-18,,0,
Wilson,City of Wilson,49384.0,,2023-10-19,,0,
Wilson,City of Wilson,49384.0,,2023-10-20,4521.946483540029,0,2187158.67367122
Wilson,City of Wilson,49384.0,,2023-10-21,,0,
Wilson,City of Wilson,49384.0,,2023-10-22,,0,
Wilson,City of Wilson,49384.0,,2023-10-23,,0,
Wilson,City of Wilson,49384.0,,2023-10-24,23186.202793903096,0,10805844.7371765
Wilson,City of Wilson,49384.0,,2023-10-25,,0,
Wilson,City of Wilson,49384.0,,2023-10-26,,0,
Wilson,City of Wilson,49384.0,,2023-10-27,14890.211549873957,0,7030838.04255427
Wilson,City of Wilson,49384.0,,2023-10-28,,0,
Wilson,City of Wilson,49384.0,,2023-10-29,,0,
Wilson,City of Wilson,49384.0,,2023-10-30,,0,
Wilson,City of Wilson,49384.0,,2023-10-31,93541.40901226591,0,42375701.6357409
Wilson,City of Wilson,49384.0,,2023-11-01,,0,
Wilson,City of Wilson,49384.0,,2023-11-02,,0,
Wilson,City of Wilson,49384.0,,2023-11-03,31576.396247830417,0,14788675.7670185
Wilson,City of Wilson,49384.0,,2023-11-04,,0,
Wilson,City of Wilson,49384.0,,2023-11-05,,0,
Wilson,City of Wilson,49384.0,,2023-11-06,,0,
Wilson,City of Wilson,49384.0,,2023-11-07,10406.497970018549,0,4714304.15371041
Wilson,City of Wilson,49384.0,,2023-11-08,,0,
Wilson,City of Wilson,49384.0,,2023-11-09,,0,
Wilson,City of Wilson,49384.0,,2023-11-10,43163.929385541385,0,20017132.4050495
Wilson,City of Wilson,49384.0,,2023-11-11,,0,
Wilson,City of Wilson,49384.0,,2023-11-12,,0,
Wilson,City of Wilson,49384.0,,2023-11-13,,0,
Wilson,City of Wilson,49384.0,,2023-11-14,9296.364880962885,0,4018997.89930014
Wilson,City of Wilson,49384.0,,2023-11-15,,0,
Wilson,City of Wilson,49384.0,,2023-11-16,,0,
Wilson,City of Wilson,49384.0,,2023-11-17,28468.719676163873,0,13027700.9563631
Wilson,City of Wilson,49384.0,,2023-11-18,,0,
Wilson,City of Wilson,49384.0,,2023-11-19,,0,
Wilson,City of Wilson,49384.0,,2023-11-20,,0,
Wilson,City of Wilson,49384.0,,2023-11-21,90212.0767968459,0,39138720.6902715
Wilson,City of Wilson,49384.0,,2023-11-22,,0,
Wilson,City of Wilson,49384.0,,2023-11-23,,0,
Wilson,City of Wilson,49384.0,,2023-11-24,,0,
Wilson,City of Wilson,49384.0,,2023-11-25,,0,
Wilson,City of Wilson,49384.0,,2023-11-26,,0,
Wilson,City of Wilson,49384.0,,2023-11-27,,0,
Wilson,City of Wilson,49384.0,,2023-11-28,78482.70637535381,0,36275783.1156038
Wilson,City of Wilson,49384.0,,2023-11-29,,0,
Wilson,City of Wilson,49384.0,,2023-11-30,,0,
Wilson,City of Wilson,49384.0,,2023-12-01,0.0,0,1648714.54364155
Wilson,City of Wilson,49384.0,,2023-12-02,,0,
Wilson,City of Wilson,49384.0,,2023-12-03,,0,
Wilson,City of Wilson,49384.0,,2023-12-04,,0,
Wilson,City of Wilson,49384.0,,2023-12-05,86276.3467005876,0,40870103.3473694
Wilson,City of Wilson,49384.0,,2023-12-06,,0,
Wilson,City of Wilson,49384.0,,2023-12-07,,0,
Wilson,City of Wilson,49384.0,,2023-12-08,0.0,0,1098364.97349444
Wilson,City of Wilson,49384.0,,2023-12-09,,0,
Wilson,City of Wilson,49384.0,,2023-12-10,,0,
Wilson,City of Wilson,49384.0,,2023-12-11,,0,
Wilson,City of Wilson,49384.0,,2023-12-12,34468.94254252663,0,17411608.3005054
Wilson,City of Wilson,49384.0,,2023-12-13,,0,
Wilson,City of Wilson,49384.0,,2023-12-14,,0,
Wilson,City of Wilson,49384.0,,2023-12-15,0.0,0,1778353.31897449
Wilson,City of Wilson,49384.0,,2023-12-16,,0,
Wilson,City of Wilson,49384.0,,2023-12-17,,0,
Wilson,City of Wilson,49384.0,,2023-12-18,,0,
Wilson,City of Wilson,49384.0,,2023-12-19,11064.91753245365,0,24079035.5440722
Wilson,City of Wilson,49384.0,,2023-12-20,,0,
Wilson,City of Wilson,49384.0,,2023-12-21,,0,
Wilson,City of Wilson,49384.0,,2023-12-22,16300.380363660237,0,12707034.392857
Wilson,City of Wilson,49384.0,,2023-12-23,,0,
Wilson,City of Wilson,49384.0,,2023-12-24,,0,
Wilson,City of Wilson,49384.0,,2023-12-25,,0,
Wilson,City of Wilson,49384.0,,2023-12-26,,0,
Wilson,City of Wilson,49384.0,,2023-12-27,,0,
Wilson,City of Wilson,49384.0,,2023-12-28,,0,
Wilson,City of Wilson,49384.0,,2023-12-29,624569.7719230419,0,760729700.481724
Wilson,City of Wilson,49384.0,,2023-12-30,,0,
Wilson,City of Wilson,49384.0,,2023-12-31,,0,
Wilson,City of Wilson,49384.0,,2024-01-01,,0,
Wilson,City of Wilson,49384.0,,2024-01-02,,0,
Wilson,City of Wilson,49384.0,,2024-01-03,,0,
Wilson,City of Wilson,49384.0,,2024-01-04,,0,
Wilson,City of Wilson,49384.0,,2024-01-05,23084.540281322494,0,15394514.4863516
Wilson,City of Wilson,49384.0,,2024-01-06,,0,
Wilson,City of Wilson,49384.0,,2024-01-07,,0,
Wilson,City of Wilson,49384.0,,2024-01-08,,0,
Wilson,City of Wilson,49384.0,,2024-01-09,56406.47125995382,0,43409837.3020936
Wilson,City of Wilson,49384.0,,2024-01-10,,0,
Wilson,City of Wilson,49384.0,,2024-01-11,,0,
Wilson,City of Wilson,49384.0,,2024-01-12,21850.766576941853,0,25525670.4810752
Wilson,City of Wilson,49384.0,,2024-01-13,,0,
Wilson,City of Wilson,49384.0,,2024-01-14,,0,
Wilson,City of Wilson,49384.0,,2024-01-15,,0,
Wilson,City of Wilson,49384.0,,2024-01-16,,0,
Wilson,City of Wilson,49384.0,,2024-01-17,45900.65794735409,0,36450557.9165913
Wilson,City of Wilson,49384.0,,2024-01-18,,0,
Wilson,City of Wilson,49384.0,,2024-01-19,15197.77615310872,0,11626154.7315482
Wilson,City of Wilson,49384.0,,2024-01-20,,0,
Wilson,City of Wilson,49384.0,,2024-01-21,,0,
Wilson,City of Wilson,49384.0,,2024-01-22,,0,
Wilson,City of Wilson,49384.0,,2024-01-23,91840.07839717905,0,61386693.9435449
Wilson,City of Wilson,49384.0,,2024-01-24,,0,
Wilson,City of Wilson,49384.0,,2024-01-25,,0,
Wilson,City of Wilson,49384.0,,2024-01-26,34586.37303910314,0,22375512.0054824
Wilson,City of Wilson,49384.0,,2024-01-27,,0,
Wilson,City of Wilson,49384.0,,2024-01-28,,0,
Wilson,City of Wilson,49384.0,,2024-01-29,,0,
Wilson,City of Wilson,49384.0,,2024-01-30,60300.95189961768,0,39011453.1999768
Wilson,City of Wilson,49384.0,,2024-01-31,,0,
Wilson,City of Wilson,49384.0,,2024-02-01,,0,
Wilson,City of Wilson,49384.0,,2024-02-02,46147.97937071568,0,29855245.7429048
Wilson,City of Wilson,49384.0,,2024-02-03,,0,
Wilson,City of Wilson,49384.0,,2024-02-04,,0,
Wilson,City of Wilson,49384.0,,2024-02-05,,0,
Wilson,City of Wilson,49384.0,,2024-02-06,100539.66381483494,0,59572035.06233061
Wilson,City of Wilson,49384.0,,2024-02-07,,0,
Wilson,City of Wilson,49384.0,,2024-02-08,,0,
Wilson,City of Wilson,49384.0,,2024-02-09,25370.2345278872,0,14915759.0706888
Wilson,City of Wilson,49384.0,,2024-02-10,,0,
Wilson,City of Wilson,49384.0,,2024-02-11,,0,
Wilson,City of Wilson,49384.0,,2024-02-12,,0,
Wilson,City of Wilson,49384.0,,2024-02-13,96890.6806664087,0,54661976.9945007
Wilson,City of Wilson,49384.0,,2024-02-14,,0,
Wilson,City of Wilson,49384.0,,2024-02-15,,0,
Wilson,City of Wilson,49384.0,,2024-02-16,159317.29347437475,0,95253959.2823504
Wilson,City of Wilson,49384.0,,2024-02-17,,0,
Wilson,City of Wilson,49384.0,,2024-02-18,,0,
Wilson,City of Wilson,49384.0,,2024-02-19,,0,
Wilson,City of Wilson,49384.0,,2024-02-20,90269.65603124892,0,47605347.4986219
Wilson,City of Wilson,49384.0,,2024-02-21,,0,
Wilson,City of Wilson,49384.0,,2024-02-22,,0,
Wilson,City of Wilson,49384.0,,2024-02-23,114814.91889123124,0,68734514.7600936
Wilson,City of Wilson,49384.0,,2024-02-24,,0,
Wilson,City of Wilson,49384.0,,2024-02-25,,0,
Wilson,City of Wilson,49384.0,,2024-02-26,,0,
Wilson,City of Wilson,49384.0,,2024-02-27,99296.26579081404,0,53279049.7260616
Wilson,City of Wilson,49384.0,,2024-02-28,,0,
Wilson,City of Wilson,49384.0,,2024-02-29,,0,
Wilson,City of Wilson,49384.0,,2024-03-01,11610.271314659287,0,7502317.80173598
Wilson,City of Wilson,49384.0,,2024-03-02,,0,
Wilson,City of Wilson,49384.0,,2024-03-03,,0,
Wilson,City of Wilson,49384.0,,2024-03-04,,0,
Wilson,City of Wilson,49384.0,,2024-03-05,59349.38584349466,0,40306534.9794184
Wilson,City of Wilson,49384.0,,2024-03-06,,0,
Wilson,City of Wilson,49384.0,,2024-03-07,,0,
Wilson,City of Wilson,49384.0,,2024-03-08,9232.984349602237,0,16015930.1918952
Wilson,City of Wilson,49384.0,,2024-03-09,,0,
Wilson,City of Wilson,49384.0,,2024-03-10,,0,
Wilson,City of Wilson,49384.0,,2024-03-11,,0,
Wilson,City of Wilson,49384.0,,2024-03-12,19956.653025996126,0,19503987.2863422
Wilson,City of Wilson,49384.0,,2024-03-13,,0,
Wilson,City of Wilson,49384.0,,2024-03-14,,0,
Wilson,City of Wilson,49384.0,,2024-03-15,5013.2624108458585,0,4115621.4524232494
Wilson,City of Wilson,49384.0,,2024-03-16,,0,
Wilson,City of Wilson,49384.0,,2024-03-17,,0,
Wilson,City of Wilson,49384.0,,2024-03-18,,0,
Wilson,City of Wilson,49384.0,,2024-03-19,13781.988245532651,0,9592310.70399572
Wilson,City of Wilson,49384.0,,2024-03-20,,0,
Wilson,City of Wilson,49384.0,,2024-03-21,,0,
Wilson,City of Wilson,49384.0,,2024-03-22,23166.190882404477,0,15839628.7619266
Wilson,City of Wilson,49384.0,,2024-03-23,,0,
Wilson,City of Wilson,49384.0,,2024-03-24,,0,
Wilson,City of Wilson,49384.0,,2024-03-25,,0,
Wilson,City of Wilson,49384.0,,2024-03-26,0.0,0,2822390.73183506
Wilson,City of Wilson,49384.0,,2024-03-27,,0,
Wilson,City of Wilson,49384.0,,2024-03-28,,0,
Wilson,City of Wilson,49384.0,,2024-03-29,14628.356025199828,0,11807267.6128653
Wilson,City of Wilson,49384.0,,2024-03-30,,0,
Wilson,City of Wilson,49384.0,,2024-03-31,,0,
Wilson,City of Wilson,49384.0,,2024-04-01,,0,
Wilson,City of Wilson,49384.0,,2024-04-02,16986.959704432116,0,13307364.9127228
Wilson,City of Wilson,49384.0,,2024-04-03,,0,
Wilson,City of Wilson,49384.0,,2024-04-04,,0,
Wilson,City of Wilson,49384.0,,2024-04-05,8688.79738513911,0,8125404.95271357
Wilson,City of Wilson,49384.0,,2024-04-06,,0,
Wilson,City of Wilson,49384.0,,2024-04-07,,0,
Wilson,City of Wilson,49384.0,,2024-04-08,,0,
Wilson,City of Wilson,49384.0,,2024-04-09,0.0,0,2390479.89438108
Wilson,City of Wilson,49384.0,,2024-04-10,,0,
Wilson,City of Wilson,49384.0,,2024-04-11,,0,
Wilson,City of Wilson,49384.0,,2024-04-12,5303.583694069522,0,3512438.12939789
Wilson,City of Wilson,49384.0,,2024-04-13,,0,
Wilson,City of Wilson,49384.0,,2024-04-14,,0,
Wilson,City of Wilson,49384.0,,2024-04-15,,0,
Wilson,City of Wilson,49384.0,,2024-04-16,0.0,0,1293779.60068057
Wilson,City of Wilson,49384.0,,2024-04-17,,0,
Wilson,City of Wilson,49384.0,,2024-04-18,,0,
Wilson,City of Wilson,49384.0,,2024-04-19,,0,4670827.82930491
Wilson,City of Wilson,49384.0,,2024-04-20,,0,
Wilson,City of Wilson,49384.0,,2024-04-21,,0,
Wilson,City of Wilson,49384.0,,2024-04-22,,0,
Wilson,City of Wilson,49384.0,,2024-04-23,,0,13082675.4274387
Wilson,City of Wilson,49384.0,,2024-04-24,,0,
Wilson,City of Wilson,49384.0,,2024-04-25,,0,
Wilson,City of Wilson,49384.0,,2024-04-26,23924.48118559736,0,13680654.3385813
Wilson,City of Wilson,49384.0,,2024-04-27,,0,
Wilson,City of Wilson,49384.0,,2024-04-28,,0,
Wilson,City of Wilson,49384.0,,2024-04-29,,0,
Wilson,City of Wilson,49384.0,,2024-04-30,9034.467333495659,0,4563662.09147442
Wilson,City of Wilson,49384.0,,2024-05-01,,0,
Wilson,City of Wilson,49384.0,,2024-05-02,,0,
Wilson,City of Wilson,49384.0,,2024-05-03,5763.3323693849325,0,3185183.40578349
Wilson,City of Wilson,49384.0,,2024-05-04,,0,
Wilson,City of Wilson,49384.0,,2024-05-05,,0,
Wilson,City of Wilson,49384.0,,2024-05-06,,0,
Wilson,City of Wilson,49384.0,,2024-05-07,7761.752379456598,0,4551418.10196705
Wilson,City of Wilson,49384.0,,2024-05-08,,0,
Wilson,City of Wilson,49384.0,,2024-05-09,,0,
Wilson,City of Wilson,49384.0,,2024-05-10,0.0,0,1275248.90327499
Wilson,City of Wilson,49384.0,,2024-05-11,,0,
Wilson,City of Wilson,49384.0,,2024-05-12,,0,
Wilson,City of Wilson,49384.0,,2024-05-13,,0,
Wilson,City of Wilson,49384.0,,2024-05-14,24959.407044238895,0,12014879.5478422
Wilson,City of Wilson,49384.0,,2024-05-15,,0,
"Duplin,pender",Wallace (CDC Contract),10000.0,,2022-05-23,283379.4394793012,1,78843782.9700637
"Duplin,pender",Wallace (CDC Contract),10000.0,,2022-05-24,,1,
"Duplin,pender",Wallace (CDC Contract),10000.0,,2022-05-25,356595.7487197567,1,116222734.814244
"Duplin,pender",Wallace (CDC Contract),10000.0,,2022-05-26,,1,
"Duplin,pender",Wallace (CDC Contract),10000.0,,2022-05-27,,1,
"Duplin,pender",Wallace (CDC Contract),10000.0,,2022-05-28,,1,
"Duplin,pender",Wallace (CDC Contract),10000.0,,2022-05-29,,1,
"Duplin,pender",Wallace (CDC Contract),10000.0,,2022-05-30,,1,
"Duplin,pender",Wallace (CDC Contract),10000.0,,2022-05-31,635016.9757529206,1,180524873.827134
"Duplin,pender",Wallace (CDC Contract),10000.0,,2022-06-01,,1,
"Duplin,pender",Wallace (CDC Contract),10000.0,,2022-06-02,,1,
"Duplin,pender",Wallace (CDC Contract),10000.0,,2022-06-03,,1,
"Duplin,pender",Wallace (CDC Contract),10000.0,,2022-06-04,,1,
"Duplin,pender",Wallace (CDC Contract),10000.0,,2022-06-05,,1,
"Duplin,pender",Wallace (CDC Contract),10000.0,,2022-06-06,1218637.7025246501,1,414250198.090486
"Duplin,pender",Wallace (CDC Contract),10000.0,,2022-06-07,,1,
"Duplin,pender",Wallace (CDC Contract),10000.0,,2022-06-08,436983.962519904,1,117610711.421494
"Duplin,pender",Wallace (CDC Contract),10000.0,,2022-06-09,,1,
"Duplin,pender",Wallace (CDC Contract),10000.0,,2022-06-10,,1,
"Duplin,pender",Wallace (CDC Contract),10000.0,,2022-06-11,,1,
"Duplin,pender",Wallace (CDC Contract),10000.0,,2022-06-12,,1,
"Duplin,pender",Wallace (CDC Contract),10000.0,,2022-06-13,827229.1678206587,1,322846648.391624
"Duplin,pender",Wallace (CDC Contract),10000.0,,2022-06-14,,1,
"Duplin,pender",Wallace (CDC Contract),10000.0,,2022-06-15,860494.5798877657,1,295764309.389809
"Duplin,pender",Wallace (CDC Contract),10000.0,,2022-06-16,,1,
"Duplin,pender",Wallace (CDC Contract),10000.0,,2022-06-17,,1,
"Duplin,pender",Wallace (CDC Contract),10000.0,,2022-06-18,,1,
"Duplin,pender",Wallace (CDC Contract),10000.0,,2022-06-19,,1,
"Duplin,pender",Wallace (CDC Contract),10000.0,,2022-06-20,831103.6051490947,1,224943260.465593
"Duplin,pender",Wallace (CDC Contract),10000.0,,2022-06-21,,1,
"Duplin,pender",Wallace (CDC Contract),10000.0,,2022-06-22,1208867.8192918072,1,299273555.101828
"Duplin,pender",Wallace (CDC Contract),10000.0,,2022-06-23,,1,
"Duplin,pender",Wallace (CDC Contract),10000.0,,2022-06-24,,1,
"Duplin,pender",Wallace (CDC Contract),10000.0,,2022-06-25,,1,
"Duplin,pender",Wallace (CDC Contract),10000.0,,2022-06-26,,1,
"Duplin,pender",Wallace (CDC Contract),10000.0,,2022-06-27,1586657.0911339566,1,425234128.096717
"Duplin,pender",Wallace (CDC Contract),10000.0,,2022-06-28,,1,
"Duplin,pender",Wallace (CDC Contract),10000.0,,2022-06-29,2075210.3803609381,1,505108738.336516
"Duplin,pender",Wallace (CDC Contract),10000.0,,2022-06-30,,1,
"Duplin,pender",Wallace (CDC Contract),10000.0,,2022-07-01,,1,
"Duplin,pender",Wallace (CDC Contract),10000.0,,2022-07-02,,1,
"Duplin,pender",Wallace (CDC Contract),10000.0,,2022-07-03,,1,
"Duplin,pender",Wallace (CDC Contract),10000.0,,2022-07-04,,1,
"Duplin,pender",Wallace (CDC Contract),10000.0,,2022-07-05,,1,
"Duplin,pender",Wallace (CDC Contract),10000.0,,2022-07-06,1628996.2672704628,1,561759265.028444
"Duplin,pender",Wallace (CDC Contract),10000.0,,2022-07-07,,1,
"Duplin,pender",Wallace (CDC Contract),10000.0,,2022-07-08,,1,
"Duplin,pender",Wallace (CDC Contract),10000.0,,2022-07-09,,1,
"Duplin,pender",Wallace (CDC Contract),10000.0,,2022-07-10,,1,
"Duplin,pender",Wallace (CDC Contract),10000.0,,2022-07-11,,1,
"Duplin,pender",Wallace (CDC Contract),10000.0,,2022-07-12,1579622.073553448,1,1088269254.29572
"Duplin,pender",Wallace (CDC Contract),10000.0,,2022-07-13,2042018.0857057157,1,1181894869.50329
"Duplin,pender",Wallace (CDC Contract),10000.0,,2022-07-14,,1,
"Duplin,pender",Wallace (CDC Contract),10000.0,,2022-07-15,,1,
"Duplin,pender",Wallace (CDC Contract),10000.0,,2022-07-16,,1,
"Duplin,pender",Wallace (CDC Contract),10000.0,,2022-07-17,,1,
"Duplin,pender",Wallace (CDC Contract),10000.0,,2022-07-18,1271210.9738476833,1,579851063.458566
"Duplin,pender",Wallace (CDC Contract),10000.0,,2022-07-19,,1,
"Duplin,pender",Wallace (CDC Contract),10000.0,,2022-07-20,1094663.524152379,1,701120690.292031
"Duplin,pender",Wallace (CDC Contract),10000.0,,2022-07-21,,1,
"Duplin,pender",Wallace (CDC Contract),10000.0,,2022-07-22,,1,
"Duplin,pender",Wallace (CDC Contract),10000.0,,2022-07-23,,1,
"Duplin,pender",Wallace (CDC Contract),10000.0,,2022-07-24,,1,
"Duplin,pender",Wallace (CDC Contract),10000.0,,2022-07-25,1472260.34182303,1,716142617.284893
"Duplin,pender",Wallace (CDC Contract),10000.0,,2022-07-26,,1,
"Duplin,pender",Wallace (CDC Contract),10000.0,,2022-07-27,1773097.3937855994,1,708103643.252999
"Duplin,pender",Wallace (CDC Contract),10000.0,,2022-07-28,,1,
"Duplin,pender",Wallace (CDC Contract),10000.0,,2022-07-29,,1,
"Duplin,pender",Wallace (CDC Contract),10000.0,,2022-07-30,,1,
"Duplin,pender",Wallace (CDC Contract),10000.0,,2022-07-31,,1,
"Duplin,pender",Wallace (CDC Contract),10000.0,,2022-08-01,1021089.0329703316,1,372221689.966589
"Duplin,pender",Wallace (CDC Contract),10000.0,,2022-08-02,,1,
"Duplin,pender",Wallace (CDC Contract),10000.0,,2022-08-03,,1,
"Duplin,pender",Wallace (CDC Contract),10000.0,,2022-08-04,,1,
"Duplin,pender",Wallace (CDC Contract),10000.0,,2022-08-05,,1,
"Duplin,pender",Wallace (CDC Contract),10000.0,,2022-08-06,,1,
"Duplin,pender",Wallace (CDC Contract),10000.0,,2022-08-07,,1,
"Duplin,pender",Wallace (CDC Contract),10000.0,,2022-08-08,1193066.0917944328,1,404202798.35714
"Duplin,pender",Wallace (CDC Contract),10000.0,,2022-08-09,,1,
"Duplin,pender",Wallace (CDC Contract),10000.0,,2022-08-10,1305399.8208136633,1,475368498.340316
"Duplin,pender",Wallace (CDC Contract),10000.0,,2022-08-11,,1,
"Duplin,pender",Wallace (CDC Contract),10000.0,,2022-08-12,,1,
"Duplin,pender",Wallace (CDC Contract),10000.0,,2022-08-13,,1,
"Duplin,pender",Wallace (CDC Contract),10000.0,,2022-08-14,,1,
"Duplin,pender",Wallace (CDC Contract),10000.0,,2022-08-15,584423.2369056606,1,202423228.469915
"Duplin,pender",Wallace (CDC Contract),10000.0,,2022-08-16,,1,
"Duplin,pender",Wallace (CDC Contract),10000.0,,2022-08-17,757439.6416579895,1,260056130.171566
"Duplin,pender",Wallace (CDC Contract),10000.0,,2022-08-18,,1,
"Duplin,pender",Wallace (CDC Contract),10000.0,,2022-08-19,,1,
"Duplin,pender",Wallace (CDC Contract),10000.0,,2022-08-20,,1,
"Duplin,pender",Wallace (CDC Contract),10000.0,,2022-08-21,,1,
"Duplin,pender",Wallace (CDC Contract),10000.0,,2022-08-22,1509407.8033208484,1,1274729213.8379
"Duplin,pender",Wallace (CDC Contract),10000.0,,2022-08-23,,1,
"Duplin,pender",Wallace (CDC Contract),10000.0,,2022-08-24,824994.5716873053,1,489676122.021089
"Duplin,pender",Wallace (CDC Contract),10000.0,,2022-08-25,,1,
"Duplin,pender",Wallace (CDC Contract),10000.0,,2022-08-26,,1,
"Duplin,pender",Wallace (CDC Contract),10000.0,,2022-08-27,,1,
"Duplin,pender",Wallace (CDC Contract),10000.0,,2022-08-28,,1,
"Duplin,pender",Wallace (CDC Contract),10000.0,,2022-08-29,1267234.2850359473,1,668700219.562969
"Duplin,pender",Wallace (CDC Contract),10000.0,,2022-08-30,,1,
"Duplin,pender",Wallace (CDC Contract),10000.0,,2022-08-31,774500.7714017597,1,396085534.230675
"Duplin,pender",Wallace (CDC Contract),10000.0,,2022-09-01,,1,
"Duplin,pender",Wallace (CDC Contract),10000.0,,2022-09-02,,1,
"Duplin,pender",Wallace (CDC Contract),10000.0,,2022-09-03,,1,
"Duplin,pender",Wallace (CDC Contract),10000.0,,2022-09-04,,1,
"Duplin,pender",Wallace (CDC Contract),10000.0,,2022-09-05,,1,
"Duplin,pender",Wallace (CDC Contract),10000.0,,2022-09-06,,1,
"Duplin,pender",Wallace (CDC Contract),10000.0,,2022-09-07,960303.8429176715,1,376599899.699186
"Duplin,pender",Wallace (CDC Contract),10000.0,,2022-09-08,,1,
"Duplin,pender",Wallace (CDC Contract),10000.0,,2022-09-09,,1,
"Duplin,pender",Wallace (CDC Contract),10000.0,,2022-09-10,,1,
"Duplin,pender",Wallace (CDC Contract),10000.0,,2022-09-11,,1,
"Duplin,pender",Wallace (CDC Contract),10000.0,,2022-09-12,1456060.2177635806,1,929284480.7271339
"Duplin,pender",Wallace (CDC Contract),10000.0,,2022-09-13,,1,
"Duplin,pender",Wallace (CDC Contract),10000.0,,2022-09-14,665315.9976933575,1,301462915.166911
"Duplin,pender",Wallace (CDC Contract),10000.0,,2022-09-15,,1,
"Duplin,pender",Wallace (CDC Contract),10000.0,,2022-09-16,,1,
"Duplin,pender",Wallace (CDC Contract),10000.0,,2022-09-17,,1,
"Duplin,pender",Wallace (CDC Contract),10000.0,,2022-09-18,,1,
"Duplin,pender",Wallace (CDC Contract),10000.0,,2022-09-19,,1,
"Duplin,pender",Wallace (CDC Contract),10000.0,,2022-09-20,,1,
"Duplin,pender",Wallace (CDC Contract),10000.0,,2022-09-21,,1,
"Duplin,pender",Wallace (CDC Contract),10000.0,,2022-09-22,,1,
"Duplin,pender",Wallace (CDC Contract),10000.0,,2022-09-23,,1,
"Duplin,pender",Wallace (CDC Contract),10000.0,,2022-09-24,,1,
"Duplin,pender",Wallace (CDC Contract),10000.0,,2022-09-25,,1,
"Duplin,pender",Wallace (CDC Contract),10000.0,,2022-09-26,443444.2810488014,1,153928902.101911
"Duplin,pender",Wallace (CDC Contract),10000.0,,2022-09-27,,1,
"Duplin,pender",Wallace (CDC Contract),10000.0,,2022-09-28,247771.57977960707,1,93603870.9021529
"Duplin,pender",Wallace (CDC Contract),10000.0,,2022-09-29,,1,
"Duplin,pender",Wallace (CDC Contract),10000.0,,2022-09-30,,1,
"Duplin,pender",Wallace (CDC Contract),10000.0,,2022-10-01,,1,
"Duplin,pender",Wallace (CDC Contract),10000.0,,2022-10-02,,1,
"Duplin,pender",Wallace (CDC Contract),10000.0,,2022-10-03,545011.2534113204,1,218274456.338568
"Duplin,pender",Wallace (CDC Contract),10000.0,,2022-10-04,,1,
"Duplin,pender",Wallace (CDC Contract),10000.0,,2022-10-05,368663.8963157375,1,133134545.871036
"Duplin,pender",Wallace (CDC Contract),10000.0,,2022-10-06,,1,
"Duplin,pender",Wallace (CDC Contract),10000.0,,2022-10-07,,1,
"Duplin,pender",Wallace (CDC Contract),10000.0,,2022-10-08,,1,
"Duplin,pender",Wallace (CDC Contract),10000.0,,2022-10-09,,1,
"Duplin,pender",Wallace (CDC Contract),10000.0,,2022-10-10,441484.57770508097,1,269563869.707748
"Duplin,pender",Wallace (CDC Contract),10000.0,,2022-10-11,,1,
"Duplin,pender",Wallace (CDC Contract),10000.0,,2022-10-12,263940.6604489396,1,92019041.8954409
"Duplin,pender",Wallace (CDC Contract),10000.0,,2022-10-13,,1,
"Duplin,pender",Wallace (CDC Contract),10000.0,,2022-10-14,,1,
"Duplin,pender",Wallace (CDC Contract),10000.0,,2022-10-15,,1,
"Duplin,pender",Wallace (CDC Contract),10000.0,,2022-10-16,,1,
"Duplin,pender",Wallace (CDC Contract),10000.0,,2022-10-17,185887.2554846123,1,61077481.1479139
"Duplin,pender",Wallace (CDC Contract),10000.0,,2022-10-18,,1,
"Duplin,pender",Wallace (CDC Contract),10000.0,,2022-10-19,207873.23509303422,1,6743590.25911844
"Duplin,pender",Wallace (CDC Contract),10000.0,,2022-10-20,,1,
"Duplin,pender",Wallace (CDC Contract),10000.0,,2022-10-21,,1,
"Duplin,pender",Wallace (CDC Contract),10000.0,,2022-10-22,,1,
"Duplin,pender",Wallace (CDC Contract),10000.0,,2022-10-23,,1,
"Duplin,pender",Wallace (CDC Contract),10000.0,,2022-10-24,701376.4417256662,1,212399230.600667
"Duplin,pender",Wallace (CDC Contract),10000.0,,2022-10-25,,1,
"Duplin,pender",Wallace (CDC Contract),10000.0,,2022-10-26,789018.2328181994,1,188165225.96613
"Duplin,pender",Wallace (CDC Contract),10000.0,,2022-10-27,,1,
"Duplin,pender",Wallace (CDC Contract),10000.0,,2022-10-28,,1,
"Duplin,pender",Wallace (CDC Contract),10000.0,,2022-10-29,,1,
"Duplin,pender",Wallace (CDC Contract),10000.0,,2022-10-30,,1,
"Duplin,pender",Wallace (CDC Contract),10000.0,,2022-10-31,181944.83426385533,1,44078974.4398334
"Duplin,pender",Wallace (CDC Contract),10000.0,,2022-11-01,,1,
"Duplin,pender",Wallace (CDC Contract),10000.0,,2022-11-02,340561.92633000336,1,104422212.390297
"Duplin,pender",Wallace (CDC Contract),10000.0,,2022-11-03,,1,
"Duplin,pender",Wallace (CDC Contract),10000.0,,2022-11-04,,1,
"Duplin,pender",Wallace (CDC Contract),10000.0,,2022-11-05,,1,
"Duplin,pender",Wallace (CDC Contract),10000.0,,2022-11-06,,1,
"Duplin,pender",Wallace (CDC Contract),10000.0,,2022-11-07,271887.17797153525,1,83262419.4306203
"Duplin,pender",Wallace (CDC Contract),10000.0,,2022-11-08,,1,
"Duplin,pender",Wallace (CDC Contract),10000.0,,2022-11-09,735335.247454072,1,223239751.266153
"Duplin,pender",Wallace (CDC Contract),10000.0,,2022-11-10,,1,
"Duplin,pender",Wallace (CDC Contract),10000.0,,2022-11-11,,1,
"Duplin,pender",Wallace (CDC Contract),10000.0,,2022-11-12,,1,
"Duplin,pender",Wallace (CDC Contract),10000.0,,2022-11-13,,1,
"Duplin,pender",Wallace (CDC Contract),10000.0,,2022-11-14,409111.91264244955,1,212475086.520815
"Duplin,pender",Wallace (CDC Contract),10000.0,,2022-11-15,,1,
"Duplin,pender",Wallace (CDC Contract),10000.0,,2022-11-16,281773.741936703,1,93969779.0322663
"Duplin,pender",Wallace (CDC Contract),10000.0,,2022-11-17,,1,
"Duplin,pender",Wallace (CDC Contract),10000.0,,2022-11-18,,1,
"Duplin,pender",Wallace (CDC Contract),10000.0,,2022-11-19,,1,
"Duplin,pender",Wallace (CDC Contract),10000.0,,2022-11-20,,1,
"Duplin,pender",Wallace (CDC Contract),10000.0,,2022-11-21,1500265.0720186397,1,469093941.138961
"Duplin,pender",Wallace (CDC Contract),10000.0,,2022-11-22,,1,
"Duplin,pender",Wallace (CDC Contract),10000.0,,2022-11-23,,1,
"Duplin,pender",Wallace (CDC Contract),10000.0,,2022-11-24,,1,
"Duplin,pender",Wallace (CDC Contract),10000.0,,2022-11-25,,1,
"Duplin,pender",Wallace (CDC Contract),10000.0,,2022-11-26,,1,
"Duplin,pender",Wallace (CDC Contract),10000.0,,2022-11-27,,1,
"Duplin,pender",Wallace (CDC Contract),10000.0,,2022-11-28,372615.8488071685,1,110301102.664637
"Duplin,pender",Wallace (CDC Contract),10000.0,,2022-11-29,,1,
"Duplin,pender",Wallace (CDC Contract),10000.0,,2022-11-30,684963.3903382736,1,199650252.16956
"Duplin,pender",Wallace (CDC Contract),10000.0,,2022-12-01,,1,
"Duplin,pender",Wallace (CDC Contract),10000.0,,2022-12-02,,1,
"Duplin,pender",Wallace (CDC Contract),10000.0,,2022-12-03,,1,
"Duplin,pender",Wallace (CDC Contract),10000.0,,2022-12-04,,1,
"Duplin,pender",Wallace (CDC Contract),10000.0,,2022-12-05,527202.1121325247,1,321901712.18048
"Duplin,pender",Wallace (CDC Contract),10000.0,,2022-12-06,,1,
"Duplin,pender",Wallace (CDC Contract),10000.0,,2022-12-07,990032.8663669766,1,299813632.987644
"Duplin,pender",Wallace (CDC Contract),10000.0,,2022-12-08,,1,
"Duplin,pender",Wallace (CDC Contract),10000.0,,2022-12-09,,1,
"Duplin,pender",Wallace (CDC Contract),10000.0,,2022-12-10,,1,
"Duplin,pender",Wallace (CDC Contract),10000.0,,2022-12-11,,1,
"Duplin,pender",Wallace (CDC Contract),10000.0,,2022-12-12,604759.2028218642,1,181309034.519861
"Duplin,pender",Wallace (CDC Contract),10000.0,,2022-12-13,,1,
"Duplin,pender",Wallace (CDC Contract),10000.0,,2022-12-14,1097176.649116094,1,330183572.761344
"Duplin,pender",Wallace (CDC Contract),10000.0,,2022-12-15,,1,
"Duplin,pender",Wallace (CDC Contract),10000.0,,2022-12-16,,1,
"Duplin,pender",Wallace (CDC Contract),10000.0,,2022-12-17,,1,
"Duplin,pender",Wallace (CDC Contract),10000.0,,2022-12-18,,1,
"Duplin,pender",Wallace (CDC Contract),10000.0,,2022-12-19,1207398.9112778062,1,374780002.777583
"Duplin,pender",Wallace (CDC Contract),10000.0,,2022-12-20,,1,
"Duplin,pender",Wallace (CDC Contract),10000.0,,2022-12-21,,1,
"Duplin,pender",Wallace (CDC Contract),10000.0,,2022-12-22,,1,
"Duplin,pender",Wallace (CDC Contract),10000.0,,2022-12-23,,1,
"Duplin,pender",Wallace (CDC Contract),10000.0,,2022-12-24,,1,
"Duplin,pender",Wallace (CDC Contract),10000.0,,2022-12-25,,1,
"Duplin,pender",Wallace (CDC Contract),10000.0,,2022-12-26,,1,
"Duplin,pender",Wallace (CDC Contract),10000.0,,2022-12-27,,1,
"Duplin,pender",Wallace (CDC Contract),10000.0,,2022-12-28,,1,
"Duplin,pender",Wallace (CDC Contract),10000.0,,2022-12-29,,1,
"Duplin,pender",Wallace (CDC Contract),10000.0,,2022-12-30,,1,
"Duplin,pender",Wallace (CDC Contract),10000.0,,2022-12-31,,1,
"Duplin,pender",Wallace (CDC Contract),10000.0,,2023-01-01,,1,
"Duplin,pender",Wallace (CDC Contract),10000.0,,2023-01-02,,1,
"Duplin,pender",Wallace (CDC Contract),10000.0,,2023-01-03,,1,
"Duplin,pender",Wallace (CDC Contract),10000.0,,2023-01-04,1512922.9566573976,1,473051733.066814
"Duplin,pender",Wallace (CDC Contract),10000.0,,2023-01-05,,1,
"Duplin,pender",Wallace (CDC Contract),10000.0,,2023-01-06,,1,
"Duplin,pender",Wallace (CDC Contract),10000.0,,2023-01-07,,1,
"Duplin,pender",Wallace (CDC Contract),10000.0,,2023-01-08,,1,
"Duplin,pender",Wallace (CDC Contract),10000.0,,2023-01-09,976579.5322243315,1,289455067.828379
"Duplin,pender",Wallace (CDC Contract),10000.0,,2023-01-10,,1,
"Duplin,pender",Wallace (CDC Contract),10000.0,,2023-01-11,1682894.3989422647,1,1027550110.23604
"Duplin,pender",Wallace (CDC Contract),10000.0,,2023-01-12,,1,
"Duplin,pender",Wallace (CDC Contract),10000.0,,2023-01-13,,1,
"Duplin,pender",Wallace (CDC Contract),10000.0,,2023-01-14,,1,
"Duplin,pender",Wallace (CDC Contract),10000.0,,2023-01-15,,1,
"Duplin,pender",Wallace (CDC Contract),10000.0,,2023-01-16,,1,
"Duplin,pender",Wallace (CDC Contract),10000.0,,2023-01-17,,1,
"Duplin,pender",Wallace (CDC Contract),10000.0,,2023-01-18,1027477.5539949855,1,301818490.152467
"Duplin,pender",Wallace (CDC Contract),10000.0,,2023-01-19,,1,
"Duplin,pender",Wallace (CDC Contract),10000.0,,2023-01-20,,1,
"Duplin,pender",Wallace (CDC Contract),10000.0,,2023-01-21,,1,
"Duplin,pender",Wallace (CDC Contract),10000.0,,2023-01-22,,1,
"Duplin,pender",Wallace (CDC Contract),10000.0,,2023-01-23,570549.6744522711,1,468883621.94851
"Duplin,pender",Wallace (CDC Contract),10000.0,,2023-01-24,,1,
"Duplin,pender",Wallace (CDC Contract),10000.0,,2023-01-25,1393894.9563165803,1,851091379.780461
"Duplin,pender",Wallace (CDC Contract),10000.0,,2023-01-26,,1,
"Duplin,pender",Wallace (CDC Contract),10000.0,,2023-01-27,,1,
"Duplin,pender",Wallace (CDC Contract),10000.0,,2023-01-28,,1,
"Duplin,pender",Wallace (CDC Contract),10000.0,,2023-01-29,,1,
"Duplin,pender",Wallace (CDC Contract),10000.0,,2023-01-30,3221245.8745420077,1,1398617864.11146
"Duplin,pender",Wallace (CDC Contract),10000.0,,2023-01-31,,1,
"Duplin,pender",Wallace (CDC Contract),10000.0,,2023-02-01,1106621.4824644618,1,499748291.694712
"Duplin,pender",Wallace (CDC Contract),10000.0,,2023-02-02,,1,
"Duplin,pender",Wallace (CDC Contract),10000.0,,2023-02-03,,1,
"Duplin,pender",Wallace (CDC Contract),10000.0,,2023-02-04,,1,
"Duplin,pender",Wallace (CDC Contract),10000.0,,2023-02-05,,1,
"Duplin,pender",Wallace (CDC Contract),10000.0,,2023-02-06,1622212.8580362792,1,871368814.043814
"Duplin,pender",Wallace (CDC Contract),10000.0,,2023-02-07,,1,
"Duplin,pender",Wallace (CDC Contract),10000.0,,2023-02-08,1274071.407354205,1,616845060.900483
"Duplin,pender",Wallace (CDC Contract),10000.0,,2023-02-09,,1,
"Duplin,pender",Wallace (CDC Contract),10000.0,,2023-02-10,,1,
"Duplin,pender",Wallace (CDC Contract),10000.0,,2023-02-11,,1,
"Duplin,pender",Wallace (CDC Contract),10000.0,,2023-02-12,,1,
"Duplin,pender",Wallace (CDC Contract),10000.0,,2023-02-13,1160814.5327718325,1,708775964.708783
"Duplin,pender",Wallace (CDC Contract),10000.0,,2023-02-14,,1,
"Duplin,pender",Wallace (CDC Contract),10000.0,,2023-02-15,1129126.0789949207,1,737298440.751225
"Duplin,pender",Wallace (CDC Contract),10000.0,,2023-02-16,,1,
"Duplin,pender",Wallace (CDC Contract),10000.0,,2023-02-17,,1,
"Duplin,pender",Wallace (CDC Contract),10000.0,,2023-02-18,,1,
"Duplin,pender",Wallace (CDC Contract),10000.0,,2023-02-19,,1,
"Duplin,pender",Wallace (CDC Contract),10000.0,,2023-02-20,661007.2810185226,1,324532351.915307
"Duplin,pender",Wallace (CDC Contract),10000.0,,2023-02-21,,1,
"Duplin,pender",Wallace (CDC Contract),10000.0,,2023-02-22,1316044.2021069624,1,803556875.4643631
"Duplin,pender",Wallace (CDC Contract),10000.0,,2023-02-23,,1,
"Duplin,pender",Wallace (CDC Contract),10000.0,,2023-02-24,,1,
"Duplin,pender",Wallace (CDC Contract),10000.0,,2023-02-25,,1,
"Duplin,pender",Wallace (CDC Contract),10000.0,,2023-02-26,,1,
"Duplin,pender",Wallace (CDC Contract),10000.0,,2023-02-27,431140.94546947785,1,263248202.812299
"Duplin,pender",Wallace (CDC Contract),10000.0,,2023-02-28,,1,
"Duplin,pender",Wallace (CDC Contract),10000.0,,2023-03-01,681200.5974849806,1,415930880.439379
"Duplin,pender",Wallace (CDC Contract),10000.0,,2023-03-02,,1,
"Duplin,pender",Wallace (CDC Contract),10000.0,,2023-03-03,,1,
"Duplin,pender",Wallace (CDC Contract),10000.0,,2023-03-04,,1,
"Duplin,pender",Wallace (CDC Contract),10000.0,,2023-03-05,,1,
"Duplin,pender",Wallace (CDC Contract),10000.0,,2023-03-06,937610.5875134827,1,359537112.25072
"Duplin,pender",Wallace (CDC Contract),10000.0,,2023-03-07,,1,
"Duplin,pender",Wallace (CDC Contract),10000.0,,2023-03-08,593871.1747404091,1,362608843.106296
"Duplin,pender",Wallace (CDC Contract),10000.0,,2023-03-09,,1,
"Duplin,pender",Wallace (CDC Contract),10000.0,,2023-03-10,,1,
"Duplin,pender",Wallace (CDC Contract),10000.0,,2023-03-11,,1,
"Duplin,pender",Wallace (CDC Contract),10000.0,,2023-03-12,,1,
"Duplin,pender",Wallace (CDC Contract),10000.0,,2023-03-13,416599.0255401343,1,254369124.341403
"Duplin,pender",Wallace (CDC Contract),10000.0,,2023-03-14,,1,
"Duplin,pender",Wallace (CDC Contract),10000.0,,2023-03-15,198068.98800598615,1,78950817.5599348
"Duplin,pender",Wallace (CDC Contract),10000.0,,2023-03-16,,1,
"Duplin,pender",Wallace (CDC Contract),10000.0,,2023-03-17,,1,
"Duplin,pender",Wallace (CDC Contract),10000.0,,2023-03-18,,1,
"Duplin,pender",Wallace (CDC Contract),10000.0,,2023-03-19,,1,
"Duplin,pender",Wallace (CDC Contract),10000.0,,2023-03-20,180957.3295826371,1,67472093.7271085
"Duplin,pender",Wallace (CDC Contract),10000.0,,2023-03-21,,1,
"Duplin,pender",Wallace (CDC Contract),10000.0,,2023-03-22,201639.69778224357,1,73504529.6241464
"Duplin,pender",Wallace (CDC Contract),10000.0,,2023-03-23,,1,
"Duplin,pender",Wallace (CDC Contract),10000.0,,2023-03-24,,1,
"Duplin,pender",Wallace (CDC Contract),10000.0,,2023-03-25,,1,
"Duplin,pender",Wallace (CDC Contract),10000.0,,2023-03-26,,1,
"Duplin,pender",Wallace (CDC Contract),10000.0,,2023-03-27,394322.8631697146,1,240767633.294937
"Duplin,pender",Wallace (CDC Contract),10000.0,,2023-03-28,,1,
"Duplin,pender",Wallace (CDC Contract),10000.0,,2023-03-29,593341.2065063608,1,310401871.589688
"Duplin,pender",Wallace (CDC Contract),10000.0,,2023-03-30,,1,
"Duplin,pender",Wallace (CDC Contract),10000.0,,2023-03-31,,1,
"Duplin,pender",Wallace (CDC Contract),10000.0,,2023-04-01,,1,
"Duplin,pender",Wallace (CDC Contract),10000.0,,2023-04-02,,1,
"Duplin,pender",Wallace (CDC Contract),10000.0,,2023-04-03,233051.17760967987,1,100834537.338816
"Duplin,pender",Wallace (CDC Contract),10000.0,,2023-04-04,,1,
"Duplin,pender",Wallace (CDC Contract),10000.0,,2023-04-05,226168.94645240356,1,138095370.69302
"Duplin,pender",Wallace (CDC Contract),10000.0,,2023-04-06,,1,
"Duplin,pender",Wallace (CDC Contract),10000.0,,2023-04-07,,1,
"Duplin,pender",Wallace (CDC Contract),10000.0,,2023-04-08,,1,
"Duplin,pender",Wallace (CDC Contract),10000.0,,2023-04-09,,1,
"Duplin,pender",Wallace (CDC Contract),10000.0,,2023-04-10,99065.95254127744,1,60488186.6137349
"Duplin,pender",Wallace (CDC Contract),10000.0,,2023-04-11,,1,
"Duplin,pender",Wallace (CDC Contract),10000.0,,2023-04-12,140160.7631011892,1,85580062.3413548
"Duplin,pender",Wallace (CDC Contract),10000.0,,2023-04-13,,1,
"Duplin,pender",Wallace (CDC Contract),10000.0,,2023-04-14,,1,
"Duplin,pender",Wallace (CDC Contract),10000.0,,2023-04-15,,1,
"Duplin,pender",Wallace (CDC Contract),10000.0,,2023-04-16,,1,
"Duplin,pender",Wallace (CDC Contract),10000.0,,2023-04-17,522397.95617291133,1,240857700.197567
"Duplin,pender",Wallace (CDC Contract),10000.0,,2023-04-18,,1,
"Duplin,pender",Wallace (CDC Contract),10000.0,,2023-04-19,56997.61656100865,1,34801890.8478558
"Duplin,pender",Wallace (CDC Contract),10000.0,,2023-04-20,,1,
"Duplin,pender",Wallace (CDC Contract),10000.0,,2023-04-21,,1,
"Duplin,pender",Wallace (CDC Contract),10000.0,,2023-04-22,,1,
"Duplin,pender",Wallace (CDC Contract),10000.0,,2023-04-23,,1,
"Duplin,pender",Wallace (CDC Contract),10000.0,,2023-04-24,90154.54437093729,1,55047014.2778197
"Duplin,pender",Wallace (CDC Contract),10000.0,,2023-04-25,,1,
"Duplin,pender",Wallace (CDC Contract),10000.0,,2023-04-26,106010.2426609477,1,64728266.1353396
"Duplin,pender",Wallace (CDC Contract),10000.0,,2023-04-27,,1,
"Duplin,pender",Wallace (CDC Contract),10000.0,,2023-04-28,,1,
"Duplin,pender",Wallace (CDC Contract),10000.0,,2023-04-29,,1,
"Duplin,pender",Wallace (CDC Contract),10000.0,,2023-04-30,,1,
"Duplin,pender",Wallace (CDC Contract),10000.0,,2023-05-01,88066.61344202534,1,66606798.232984
"Duplin,pender",Wallace (CDC Contract),10000.0,,2023-05-02,,1,
"Duplin,pender",Wallace (CDC Contract),10000.0,,2023-05-03,118181.01263958494,1,61691275.6834075
"Duplin,pender",Wallace (CDC Contract),10000.0,,2023-05-04,,1,
"Duplin,pender",Wallace (CDC Contract),10000.0,,2023-05-05,,1,
"Duplin,pender",Wallace (CDC Contract),10000.0,,2023-05-06,,1,
"Duplin,pender",Wallace (CDC Contract),10000.0,,2023-05-07,,1,
"Duplin,pender",Wallace (CDC Contract),10000.0,,2023-05-08,248005.43852362904,1,151428405.641058
"Duplin,pender",Wallace (CDC Contract),10000.0,,2023-05-09,,1,
"Duplin,pender",Wallace (CDC Contract),10000.0,,2023-05-10,131533.51394567234,1,51832114.9201236
"Duplin,pender",Wallace (CDC Contract),10000.0,,2023-05-11,,1,
"Duplin,pender",Wallace (CDC Contract),10000.0,,2023-05-12,,1,
"Duplin,pender",Wallace (CDC Contract),10000.0,,2023-05-13,,1,
"Duplin,pender",Wallace (CDC Contract),10000.0,,2023-05-14,,1,
"Duplin,pender",Wallace (CDC Contract),10000.0,,2023-05-15,382069.39830754953,1,135950837.033219
"Duplin,pender",Wallace (CDC Contract),10000.0,,2023-05-16,,1,
"Duplin,pender",Wallace (CDC Contract),10000.0,,2023-05-17,211781.4460493735,1,129310578.471685
"Duplin,pender",Wallace (CDC Contract),10000.0,,2023-05-18,,1,
"Duplin,pender",Wallace (CDC Contract),10000.0,,2023-05-19,,1,
"Duplin,pender",Wallace (CDC Contract),10000.0,,2023-05-20,,1,
"Duplin,pender",Wallace (CDC Contract),10000.0,,2023-05-21,,1,
"Duplin,pender",Wallace (CDC Contract),10000.0,,2023-05-22,26691.881635847156,1,16297663.0824614
"Duplin,pender",Wallace (CDC Contract),10000.0,,2023-05-23,,1,
"Duplin,pender",Wallace (CDC Contract),10000.0,,2023-05-24,105409.65023636288,1,64361553.3977629
"Duplin,pender",Wallace (CDC Contract),10000.0,,2023-05-25,,1,
"Duplin,pender",Wallace (CDC Contract),10000.0,,2023-05-26,,1,
"Duplin,pender",Wallace (CDC Contract),10000.0,,2023-05-27,,1,
"Duplin,pender",Wallace (CDC Contract),10000.0,,2023-05-28,,1,
"Duplin,pender",Wallace (CDC Contract),10000.0,,2023-05-29,,1,
"Duplin,pender",Wallace (CDC Contract),10000.0,,2023-05-30,593789.5269630029,1,314008003.288596
"Duplin,pender",Wallace (CDC Contract),10000.0,,2023-05-31,485598.2712036291,1,296499030.134834
"Duplin,pender",Wallace (CDC Contract),10000.0,,2023-06-01,,1,
"Duplin,pender",Wallace (CDC Contract),10000.0,,2023-06-02,,1,
"Duplin,pender",Wallace (CDC Contract),10000.0,,2023-06-03,,1,
"Duplin,pender",Wallace (CDC Contract),10000.0,,2023-06-04,,1,
"Duplin,pender",Wallace (CDC Contract),10000.0,,2023-06-05,143757.55118785723,1,87776207.2671892
"Duplin,pender",Wallace (CDC Contract),10000.0,,2023-06-06,,1,
"Duplin,pender",Wallace (CDC Contract),10000.0,,2023-06-07,864054.1953089781,1,351282926.649088
"Duplin,pender",Wallace (CDC Contract),10000.0,,2023-06-08,,1,
"Duplin,pender",Wallace (CDC Contract),10000.0,,2023-06-09,,1,
"Duplin,pender",Wallace (CDC Contract),10000.0,,2023-06-10,,1,
"Duplin,pender",Wallace (CDC Contract),10000.0,,2023-06-11,,1,
"Duplin,pender",Wallace (CDC Contract),10000.0,,2023-06-12,144039.98391552604,1,87948656.4598615
"Duplin,pender",Wallace (CDC Contract),10000.0,,2023-06-13,,1,
"Duplin,pender",Wallace (CDC Contract),10000.0,,2023-06-14,230809.5182194667,1,94360285.8289408
"Duplin,pender",Wallace (CDC Contract),10000.0,,2023-06-15,,1,
"Duplin,pender",Wallace (CDC Contract),10000.0,,2023-06-16,,1,
"Duplin,pender",Wallace (CDC Contract),10000.0,,2023-06-17,,1,
"Duplin,pender",Wallace (CDC Contract),10000.0,,2023-06-18,,1,
"Duplin,pender",Wallace (CDC Contract),10000.0,,2023-06-19,39969.69972044193,1,14010500.502395
"Duplin,pender",Wallace (CDC Contract),10000.0,,2023-06-20,,1,
"Duplin,pender",Wallace (CDC Contract),10000.0,,2023-06-21,112968.67803762846,1,78171062.6666172
"Duplin,pender",Wallace (CDC Contract),10000.0,,2023-06-22,,1,
"Duplin,pender",Wallace (CDC Contract),10000.0,,2023-06-23,,1,
"Duplin,pender",Wallace (CDC Contract),10000.0,,2023-06-24,,1,
"Duplin,pender",Wallace (CDC Contract),10000.0,,2023-06-25,,1,
"Duplin,pender",Wallace (CDC Contract),10000.0,,2023-06-26,99336.45936455543,1,67045833.9935722
"Duplin,pender",Wallace (CDC Contract),10000.0,,2023-06-27,,1,
"Duplin,pender",Wallace (CDC Contract),10000.0,,2023-06-28,117155.64485632803,1,71533481.7577139
"Duplin,pender",Wallace (CDC Contract),10000.0,,2023-06-29,,1,
"Duplin,pender",Wallace (CDC Contract),10000.0,,2023-06-30,,1,
"Duplin,pender",Wallace (CDC Contract),10000.0,,2023-07-01,,1,
"Duplin,pender",Wallace (CDC Contract),10000.0,,2023-07-02,,1,
"Duplin,pender",Wallace (CDC Contract),10000.0,,2023-07-03,92742.17603464505,1,56626983.4089574
"Duplin,pender",Wallace (CDC Contract),10000.0,,2023-07-04,,1,
"Duplin,pender",Wallace (CDC Contract),10000.0,,2023-07-05,89690.5208583585,1,54763688.4721111
"Duplin,pender",Wallace (CDC Contract),10000.0,,2023-07-06,,1,
"Duplin,pender",Wallace (CDC Contract),10000.0,,2023-07-07,,1,
"Duplin,pender",Wallace (CDC Contract),10000.0,,2023-07-08,,1,
"Duplin,pender",Wallace (CDC Contract),10000.0,,2023-07-09,,1,
"Duplin,pender",Wallace (CDC Contract),10000.0,,2023-07-10,69028.62546821596,1,67990509.4920894
"Duplin,pender",Wallace (CDC Contract),10000.0,,2023-07-11,,1,
"Duplin,pender",Wallace (CDC Contract),10000.0,,2023-07-12,94284.24234107754,1,57568545.9955117
"Duplin,pender",Wallace (CDC Contract),10000.0,,2023-07-13,,1,
"Duplin,pender",Wallace (CDC Contract),10000.0,,2023-07-14,,1,
"Duplin,pender",Wallace (CDC Contract),10000.0,,2023-07-15,,1,
"Duplin,pender",Wallace (CDC Contract),10000.0,,2023-07-16,,1,
"Duplin,pender",Wallace (CDC Contract),10000.0,,2023-07-17,87888.23795793846,1,53663241.5313125
"Duplin,pender",Wallace (CDC Contract),10000.0,,2023-07-18,,1,
"Duplin,pender",Wallace (CDC Contract),10000.0,,2023-07-19,65006.64400057601,1,35951725.5441879
"Duplin,pender",Wallace (CDC Contract),10000.0,,2023-07-20,,1,
"Duplin,pender",Wallace (CDC Contract),10000.0,,2023-07-21,,1,
"Duplin,pender",Wallace (CDC Contract),10000.0,,2023-07-22,,1,
"Duplin,pender",Wallace (CDC Contract),10000.0,,2023-07-23,,1,
"Duplin,pender",Wallace (CDC Contract),10000.0,,2023-07-24,215527.17511017018,1,103532198.563212
"Duplin,pender",Wallace (CDC Contract),10000.0,,2023-07-25,,1,
"Duplin,pender",Wallace (CDC Contract),10000.0,,2023-07-26,237164.2401665002,1,104858544.920028
"Duplin,pender",Wallace (CDC Contract),10000.0,,2023-07-27,,1,
"Duplin,pender",Wallace (CDC Contract),10000.0,,2023-07-28,,1,
"Duplin,pender",Wallace (CDC Contract),10000.0,,2023-07-29,,1,
"Duplin,pender",Wallace (CDC Contract),10000.0,,2023-07-30,,1,
"Duplin,pender",Wallace (CDC Contract),10000.0,,2023-07-31,240126.80848751764,1,146617832.162887
"Duplin,pender",Wallace (CDC Contract),10000.0,,2023-08-01,,1,
"Duplin,pender",Wallace (CDC Contract),10000.0,,2023-08-02,376893.0397615264,1,153226604.025407
"Duplin,pender",Wallace (CDC Contract),10000.0,,2023-08-03,,1,
"Duplin,pender",Wallace (CDC Contract),10000.0,,2023-08-04,,1,
"Duplin,pender",Wallace (CDC Contract),10000.0,,2023-08-05,,1,
"Duplin,pender",Wallace (CDC Contract),10000.0,,2023-08-06,,1,
"Duplin,pender",Wallace (CDC Contract),10000.0,,2023-08-07,177967.33375828376,1,63325689.2496093
"Duplin,pender",Wallace (CDC Contract),10000.0,,2023-08-08,,1,
"Duplin,pender",Wallace (CDC Contract),10000.0,,2023-08-09,,1,
"Duplin,pender",Wallace (CDC Contract),10000.0,,2023-08-10,,1,
"Duplin,pender",Wallace (CDC Contract),10000.0,,2023-08-11,,1,
"Duplin,pender",Wallace (CDC Contract),10000.0,,2023-08-12,,1,
"Duplin,pender",Wallace (CDC Contract),10000.0,,2023-08-13,,1,
"Duplin,pender",Wallace (CDC Contract),10000.0,,2023-08-14,273174.2540168391,1,166796107.352357
"Duplin,pender",Wallace (CDC Contract),10000.0,,2023-08-15,,1,
"Duplin,pender",Wallace (CDC Contract),10000.0,,2023-08-16,164061.04247243374,1,100173214.899252
"Duplin,pender",Wallace (CDC Contract),10000.0,,2023-08-17,,1,
"Duplin,pender",Wallace (CDC Contract),10000.0,,2023-08-18,,1,
"Duplin,pender",Wallace (CDC Contract),10000.0,,2023-08-19,,1,
"Duplin,pender",Wallace (CDC Contract),10000.0,,2023-08-20,,1,
"Duplin,pender",Wallace (CDC Contract),10000.0,,2023-08-21,313247.8234644234,1,113478027.357171
"Duplin,pender",Wallace (CDC Contract),10000.0,,2023-08-22,,1,
"Duplin,pender",Wallace (CDC Contract),10000.0,,2023-08-23,263041.9628870712,1,160609482.170241
"Duplin,pender",Wallace (CDC Contract),10000.0,,2023-08-24,,1,
"Duplin,pender",Wallace (CDC Contract),10000.0,,2023-08-25,,1,
"Duplin,pender",Wallace (CDC Contract),10000.0,,2023-08-26,,1,
"Duplin,pender",Wallace (CDC Contract),10000.0,,2023-08-27,,1,
"Duplin,pender",Wallace (CDC Contract),10000.0,,2023-08-28,374743.0059180111,1,228812465.763309
"Duplin,pender",Wallace (CDC Contract),10000.0,,2023-08-29,,1,
"Duplin,pender",Wallace (CDC Contract),10000.0,,2023-08-30,709003.3634435582,1,432906832.848252
"Duplin,pender",Wallace (CDC Contract),10000.0,,2023-08-31,,1,
"Duplin,pender",Wallace (CDC Contract),10000.0,,2023-09-01,,1,
"Duplin,pender",Wallace (CDC Contract),10000.0,,2023-09-02,,1,
"Duplin,pender",Wallace (CDC Contract),10000.0,,2023-09-03,,1,
"Duplin,pender",Wallace (CDC Contract),10000.0,,2023-09-04,,1,
"Duplin,pender",Wallace (CDC Contract),10000.0,,2023-09-05,,1,
"Duplin,pender",Wallace (CDC Contract),10000.0,,2023-09-06,650241.4527881821,1,319985119.39997
"Duplin,pender",Wallace (CDC Contract),10000.0,,2023-09-07,,1,
"Duplin,pender",Wallace (CDC Contract),10000.0,,2023-09-08,,1,
"Duplin,pender",Wallace (CDC Contract),10000.0,,2023-09-09,,1,
"Duplin,pender",Wallace (CDC Contract),10000.0,,2023-09-10,,1,
"Duplin,pender",Wallace (CDC Contract),10000.0,,2023-09-11,268994.20748561627,1,164243833.557489
"Duplin,pender",Wallace (CDC Contract),10000.0,,2023-09-12,,1,
"Duplin,pender",Wallace (CDC Contract),10000.0,,2023-09-13,480654.3138786078,1,193227590.782096
"Duplin,pender",Wallace (CDC Contract),10000.0,,2023-09-14,,1,
"Duplin,pender",Wallace (CDC Contract),10000.0,,2023-09-15,,1,
"Duplin,pender",Wallace (CDC Contract),10000.0,,2023-09-16,,1,
"Duplin,pender",Wallace (CDC Contract),10000.0,,2023-09-17,,1,
"Duplin,pender",Wallace (CDC Contract),10000.0,,2023-09-18,,1,
"Duplin,pender",Wallace (CDC Contract),10000.0,,2023-09-19,,1,
"Duplin,pender",Wallace (CDC Contract),10000.0,,2023-09-20,,1,
"Duplin,pender",Wallace (CDC Contract),10000.0,,2023-09-21,,1,
"Duplin,pender",Wallace (CDC Contract),10000.0,,2023-09-22,,1,
"Duplin,pender",Wallace (CDC Contract),10000.0,,2023-09-23,,1,
"Duplin,pender",Wallace (CDC Contract),10000.0,,2023-09-24,,1,
"Duplin,pender",Wallace (CDC Contract),10000.0,,2023-09-25,,1,
"Duplin,pender",Wallace (CDC Contract),10000.0,,2023-09-26,,1,
"Duplin,pender",Wallace (CDC Contract),10000.0,,2023-09-27,,1,
"Duplin,pender",Wallace (CDC Contract),10000.0,,2023-09-28,,1,
"Duplin,pender",Wallace (CDC Contract),10000.0,,2023-09-29,,1,
"Duplin,pender",Wallace (CDC Contract),10000.0,,2023-09-30,,1,
"Duplin,pender",Wallace (CDC Contract),10000.0,,2023-10-01,,1,
"Duplin,pender",Wallace (CDC Contract),10000.0,,2023-10-02,,1,
"Duplin,pender",Wallace (CDC Contract),10000.0,,2023-10-03,,1,
"Duplin,pender",Wallace (CDC Contract),10000.0,,2023-10-04,,1,
"Duplin,pender",Wallace (CDC Contract),10000.0,,2023-10-05,,1,
"Duplin,pender",Wallace (CDC Contract),10000.0,,2023-10-06,,1,
"Duplin,pender",Wallace (CDC Contract),10000.0,,2023-10-07,,1,
"Duplin,pender",Wallace (CDC Contract),10000.0,,2023-10-08,,1,
"Duplin,pender",Wallace (CDC Contract),10000.0,,2023-10-09,,1,
"Duplin,pender",Wallace (CDC Contract),10000.0,,2023-10-10,,1,
"Duplin,pender",Wallace (CDC Contract),10000.0,,2023-10-11,,1,
"Duplin,pender",Wallace (CDC Contract),10000.0,,2023-10-12,,1,
"Duplin,pender",Wallace (CDC Contract),10000.0,,2023-10-13,,1,
"Duplin,pender",Wallace (CDC Contract),10000.0,,2023-10-14,,1,
"Duplin,pender",Wallace (CDC Contract),10000.0,,2023-10-15,,1,
"Duplin,pender",Wallace (CDC Contract),10000.0,,2023-10-16,,1,
"Duplin,pender",Wallace (CDC Contract),10000.0,,2023-10-17,,1,
"Duplin,pender",Wallace (CDC Contract),10000.0,,2023-10-18,,1,
"Duplin,pender",Wallace (CDC Contract),10000.0,,2023-10-19,,1,
"Duplin,pender",Wallace (CDC Contract),10000.0,,2023-10-20,,1,
"Duplin,pender",Wallace (CDC Contract),10000.0,,2023-10-21,,1,
"Duplin,pender",Wallace (CDC Contract),10000.0,,2023-10-22,,1,
"Duplin,pender",Wallace (CDC Contract),10000.0,,2023-10-23,,1,
"Duplin,pender",Wallace (CDC Contract),10000.0,,2023-10-24,,1,
"Duplin,pender",Wallace (CDC Contract),10000.0,,2023-10-25,,1,
"Duplin,pender",Wallace (CDC Contract),10000.0,,2023-10-26,,1,
"Duplin,pender",Wallace (CDC Contract),10000.0,,2023-10-27,,1,
"Duplin,pender",Wallace (CDC Contract),10000.0,,2023-10-28,,1,
"Duplin,pender",Wallace (CDC Contract),10000.0,,2023-10-29,,1,
"Duplin,pender",Wallace (CDC Contract),10000.0,,2023-10-30,,1,
"Duplin,pender",Wallace (CDC Contract),10000.0,,2023-10-31,,1,
"Duplin,pender",Wallace (CDC Contract),10000.0,,2023-11-01,,1,
"Duplin,pender",Wallace (CDC Contract),10000.0,,2023-11-02,,1,
"Duplin,pender",Wallace (CDC Contract),10000.0,,2023-11-03,,1,
"Duplin,pender",Wallace (CDC Contract),10000.0,,2023-11-04,,1,
"Duplin,pender",Wallace (CDC Contract),10000.0,,2023-11-05,,1,
"Duplin,pender",Wallace (CDC Contract),10000.0,,2023-11-06,,1,
"Duplin,pender",Wallace (CDC Contract),10000.0,,2023-11-07,,1,
"Duplin,pender",Wallace (CDC Contract),10000.0,,2023-11-08,,1,
"Duplin,pender",Wallace (CDC Contract),10000.0,,2023-11-09,,1,
"Duplin,pender",Wallace (CDC Contract),10000.0,,2023-11-10,,1,
"Duplin,pender",Wallace (CDC Contract),10000.0,,2023-11-11,,1,
"Duplin,pender",Wallace (CDC Contract),10000.0,,2023-11-12,,1,
"Duplin,pender",Wallace (CDC Contract),10000.0,,2023-11-13,,1,
"Duplin,pender",Wallace (CDC Contract),10000.0,,2023-11-14,,1,
"Duplin,pender",Wallace (CDC Contract),10000.0,,2023-11-15,,1,
"Duplin,pender",Wallace (CDC Contract),10000.0,,2023-11-16,,1,
"Duplin,pender",Wallace (CDC Contract),10000.0,,2023-11-17,,1,
"Duplin,pender",Wallace (CDC Contract),10000.0,,2023-11-18,,1,
"Duplin,pender",Wallace (CDC Contract),10000.0,,2023-11-19,,1,
"Duplin,pender",Wallace (CDC Contract),10000.0,,2023-11-20,,1,
"Duplin,pender",Wallace (CDC Contract),10000.0,,2023-11-21,,1,
"Duplin,pender",Wallace (CDC Contract),10000.0,,2023-11-22,,1,
"Duplin,pender",Wallace (CDC Contract),10000.0,,2023-11-23,,1,
"Duplin,pender",Wallace (CDC Contract),10000.0,,2023-11-24,,1,
"Duplin,pender",Wallace (CDC Contract),10000.0,,2023-11-25,,1,
"Duplin,pender",Wallace (CDC Contract),10000.0,,2023-11-26,,1,
"Duplin,pender",Wallace (CDC Contract),10000.0,,2023-11-27,,1,
"Duplin,pender",Wallace (CDC Contract),10000.0,,2023-11-28,,1,
"Duplin,pender",Wallace (CDC Contract),10000.0,,2023-11-29,,1,
"Duplin,pender",Wallace (CDC Contract),10000.0,,2023-11-30,,1,
"Duplin,pender",Wallace (CDC Contract),10000.0,,2023-12-01,,1,
"Duplin,pender",Wallace (CDC Contract),10000.0,,2023-12-02,,1,
"Duplin,pender",Wallace (CDC Contract),10000.0,,2023-12-03,,1,
"Duplin,pender",Wallace (CDC Contract),10000.0,,2023-12-04,,1,
"Duplin,pender",Wallace (CDC Contract),10000.0,,2023-12-05,,1,
"Duplin,pender",Wallace (CDC Contract),10000.0,,2023-12-06,,1,
"Duplin,pender",Wallace (CDC Contract),10000.0,,2023-12-07,13055.233355294102,1,6918699.24803825
"Duplin,pender",Wallace (CDC Contract),10000.0,,2023-12-08,,1,
"Duplin,pender",Wallace (CDC Contract),10000.0,,2023-12-09,,1,
"Duplin,pender",Wallace (CDC Contract),10000.0,,2023-12-10,,1,
"Duplin,pender",Wallace (CDC Contract),10000.0,,2023-12-11,,1,
"Duplin,pender",Wallace (CDC Contract),10000.0,,2023-12-12,24854.766165912515,1,13171932.4582223
"Duplin,pender",Wallace (CDC Contract),10000.0,,2023-12-13,,1,
"Duplin,pender",Wallace (CDC Contract),10000.0,,2023-12-14,36213.205777858195,1,19191405.6812106
"Duplin,pender",Wallace (CDC Contract),10000.0,,2023-12-15,,1,
"Duplin,pender",Wallace (CDC Contract),10000.0,,2023-12-16,,1,
"Duplin,pender",Wallace (CDC Contract),10000.0,,2023-12-17,,1,
"Duplin,pender",Wallace (CDC Contract),10000.0,,2023-12-18,,1,
"Duplin,pender",Wallace (CDC Contract),10000.0,,2023-12-19,21188.07241315229,1,11228746.1037845
"Duplin,pender",Wallace (CDC Contract),10000.0,,2023-12-20,,1,
"Duplin,pender",Wallace (CDC Contract),10000.0,,2023-12-21,5528.689495674206,1,2929962.17036951
"Duplin,pender",Wallace (CDC Contract),10000.0,,2023-12-22,,1,
"Duplin,pender",Wallace (CDC Contract),10000.0,,2023-12-23,,1,
"Duplin,pender",Wallace (CDC Contract),10000.0,,2023-12-24,,1,
"Duplin,pender",Wallace (CDC Contract),10000.0,,2023-12-25,,1,
"Duplin,pender",Wallace (CDC Contract),10000.0,,2023-12-26,,1,
"Duplin,pender",Wallace (CDC Contract),10000.0,,2023-12-27,,1,
"Duplin,pender",Wallace (CDC Contract),10000.0,,2023-12-28,,1,
"Duplin,pender",Wallace (CDC Contract),10000.0,,2023-12-29,,1,
"Duplin,pender",Wallace (CDC Contract),10000.0,,2023-12-30,,1,
"Duplin,pender",Wallace (CDC Contract),10000.0,,2023-12-31,,1,
"Duplin,pender",Wallace (CDC Contract),10000.0,,2024-01-01,,1,
"Duplin,pender",Wallace (CDC Contract),10000.0,,2024-01-02,,1,
"Duplin,pender",Wallace (CDC Contract),10000.0,,2024-01-03,,1,
"Duplin,pender",Wallace (CDC Contract),10000.0,,2024-01-04,66390.47625218703,1,35184031.232704
"Duplin,pender",Wallace (CDC Contract),10000.0,,2024-01-05,,1,
"Duplin,pender",Wallace (CDC Contract),10000.0,,2024-01-06,,1,
"Duplin,pender",Wallace (CDC Contract),10000.0,,2024-01-07,,1,
"Duplin,pender",Wallace (CDC Contract),10000.0,,2024-01-08,,1,
"Duplin,pender",Wallace (CDC Contract),10000.0,,2024-01-09,31381.421495505216,1,16630772.610072
"Duplin,pender",Wallace (CDC Contract),10000.0,,2024-01-10,,1,
"Duplin,pender",Wallace (CDC Contract),10000.0,,2024-01-11,106509.53243921508,1,56445365.7733569
"Duplin,pender",Wallace (CDC Contract),10000.0,,2024-01-12,,1,
"Duplin,pender",Wallace (CDC Contract),10000.0,,2024-01-13,,1,
"Duplin,pender",Wallace (CDC Contract),10000.0,,2024-01-14,,1,
"Duplin,pender",Wallace (CDC Contract),10000.0,,2024-01-15,,1,
"Duplin,pender",Wallace (CDC Contract),10000.0,,2024-01-16,,1,
"Duplin,pender",Wallace (CDC Contract),10000.0,,2024-01-17,,1,
"Duplin,pender",Wallace (CDC Contract),10000.0,,2024-01-18,65611.69390045245,1,34771310.8527081
"Duplin,pender",Wallace (CDC Contract),10000.0,,2024-01-19,,1,
"Duplin,pender",Wallace (CDC Contract),10000.0,,2024-01-20,,1,
"Duplin,pender",Wallace (CDC Contract),10000.0,,2024-01-21,,1,
"Duplin,pender",Wallace (CDC Contract),10000.0,,2024-01-22,,1,
"Duplin,pender",Wallace (CDC Contract),10000.0,,2024-01-23,98011.18554352949,1,51941615.8459066
"Duplin,pender",Wallace (CDC Contract),10000.0,,2024-01-24,,1,
"Duplin,pender",Wallace (CDC Contract),10000.0,,2024-01-25,70893.3339714027,1,37570347.6981486
"Duplin,pender",Wallace (CDC Contract),10000.0,,2024-01-26,,1,
"Duplin,pender",Wallace (CDC Contract),10000.0,,2024-01-27,,1,
"Duplin,pender",Wallace (CDC Contract),10000.0,,2024-01-28,,1,
"Duplin,pender",Wallace (CDC Contract),10000.0,,2024-01-29,,1,
"Duplin,pender",Wallace (CDC Contract),10000.0,,2024-01-30,69133.66959758676,1,36637803.0052586
"Duplin,pender",Wallace (CDC Contract),10000.0,,2024-01-31,,1,
"Duplin,pender",Wallace (CDC Contract),10000.0,,2024-02-01,75549.06094479642,1,40037678.1420606
"Duplin,pender",Wallace (CDC Contract),10000.0,,2024-02-02,,1,
"Duplin,pender",Wallace (CDC Contract),10000.0,,2024-02-03,,1,
"Duplin,pender",Wallace (CDC Contract),10000.0,,2024-02-04,,1,
"Duplin,pender",Wallace (CDC Contract),10000.0,,2024-02-05,,1,
"Duplin,pender",Wallace (CDC Contract),10000.0,,2024-02-06,141205.70997285005,1,74832813.2343721
"Duplin,pender",Wallace (CDC Contract),10000.0,,2024-02-07,,1,
"Duplin,pender",Wallace (CDC Contract),10000.0,,2024-02-08,135028.23103710398,1,71559021.2074995
"Duplin,pender",Wallace (CDC Contract),10000.0,,2024-02-09,,1,
"Duplin,pender",Wallace (CDC Contract),10000.0,,2024-02-10,,1,
"Duplin,pender",Wallace (CDC Contract),10000.0,,2024-02-11,,1,
"Duplin,pender",Wallace (CDC Contract),10000.0,,2024-02-12,,1,
"Duplin,pender",Wallace (CDC Contract),10000.0,,2024-02-13,75219.15855493213,1,39862844.3911377
"Duplin,pender",Wallace (CDC Contract),10000.0,,2024-02-14,,1,
"Duplin,pender",Wallace (CDC Contract),10000.0,,2024-02-15,82536.28024374058,1,43740596.9328518
"Duplin,pender",Wallace (CDC Contract),10000.0,,2024-02-16,,1,
"Duplin,pender",Wallace (CDC Contract),10000.0,,2024-02-17,,1,
"Duplin,pender",Wallace (CDC Contract),10000.0,,2024-02-18,,1,
"Duplin,pender",Wallace (CDC Contract),10000.0,,2024-02-19,,1,
"Duplin,pender",Wallace (CDC Contract),10000.0,,2024-02-20,238980.4771837101,1,126649137.76637
"Duplin,pender",Wallace (CDC Contract),10000.0,,2024-02-21,,1,
"Duplin,pender",Wallace (CDC Contract),10000.0,,2024-02-22,96301.06263432887,1,51035325.9494385
"Duplin,pender",Wallace (CDC Contract),10000.0,,2024-02-23,,1,
"Duplin,pender",Wallace (CDC Contract),10000.0,,2024-02-24,,1,
"Duplin,pender",Wallace (CDC Contract),10000.0,,2024-02-25,,1,
"Duplin,pender",Wallace (CDC Contract),10000.0,,2024-02-26,,1,
"Duplin,pender",Wallace (CDC Contract),10000.0,,2024-02-27,27111.88073122173,1,14368103.8647953
"Duplin,pender",Wallace (CDC Contract),10000.0,,2024-02-28,,1,
"Duplin,pender",Wallace (CDC Contract),10000.0,,2024-02-29,15023.1390170739,1,7961602.660932419
"Duplin,pender",Wallace (CDC Contract),10000.0,,2024-03-01,,1,
"Duplin,pender",Wallace (CDC Contract),10000.0,,2024-03-02,,1,
"Duplin,pender",Wallace (CDC Contract),10000.0,,2024-03-03,,1,
"Duplin,pender",Wallace (CDC Contract),10000.0,,2024-03-04,,1,
"Duplin,pender",Wallace (CDC Contract),10000.0,,2024-03-05,43202.80365924583,1,22895585.0160392
"Duplin,pender",Wallace (CDC Contract),10000.0,,2024-03-06,,1,
"Duplin,pender",Wallace (CDC Contract),10000.0,,2024-03-07,219226.92856229222,1,116180626.153158
"Duplin,pender",Wallace (CDC Contract),10000.0,,2024-03-08,,1,
"Duplin,pender",Wallace (CDC Contract),10000.0,,2024-03-09,,1,
"Duplin,pender",Wallace (CDC Contract),10000.0,,2024-03-10,,1,
"Duplin,pender",Wallace (CDC Contract),10000.0,,2024-03-11,,1,
"Duplin,pender",Wallace (CDC Contract),10000.0,,2024-03-12,35463.2468821719,1,18793960.4646883
"Duplin,pender",Wallace (CDC Contract),10000.0,,2024-03-13,,1,
"Duplin,pender",Wallace (CDC Contract),10000.0,,2024-03-14,9597.290910696838,1,5086141.90186925
"Duplin,pender",Wallace (CDC Contract),10000.0,,2024-03-15,,1,
"Duplin,pender",Wallace (CDC Contract),10000.0,,2024-03-16,,1,
"Duplin,pender",Wallace (CDC Contract),10000.0,,2024-03-17,,1,
"Duplin,pender",Wallace (CDC Contract),10000.0,,2024-03-18,,1,
"Duplin,pender",Wallace (CDC Contract),10000.0,,2024-03-19,23316.650886033123,1,12356799.0369586
"Duplin,pender",Wallace (CDC Contract),10000.0,,2024-03-20,,1,
"Duplin,pender",Wallace (CDC Contract),10000.0,,2024-03-21,33612.22688000001,1,17813001.3084172
"Duplin,pender",Wallace (CDC Contract),10000.0,,2024-03-22,,1,
"Duplin,pender",Wallace (CDC Contract),10000.0,,2024-03-23,,1,
"Duplin,pender",Wallace (CDC Contract),10000.0,,2024-03-24,,1,
"Duplin,pender",Wallace (CDC Contract),10000.0,,2024-03-25,,1,
"Duplin,pender",Wallace (CDC Contract),10000.0,,2024-03-26,17366.18878962291,1,9203315.94619344
"Duplin,pender",Wallace (CDC Contract),10000.0,,2024-03-27,,1,
"Duplin,pender",Wallace (CDC Contract),10000.0,,2024-03-28,32267.919800180924,1,17100577.7056247
"Duplin,pender",Wallace (CDC Contract),10000.0,,2024-03-29,,1,
"Duplin,pender",Wallace (CDC Contract),10000.0,,2024-03-30,,1,
"Duplin,pender",Wallace (CDC Contract),10000.0,,2024-03-31,,1,
"Duplin,pender",Wallace (CDC Contract),10000.0,,2024-04-01,,1,
"Duplin,pender",Wallace (CDC Contract),10000.0,,2024-04-02,9888.436991565623,1,5240436.51430215
"Duplin,pender",Wallace (CDC Contract),10000.0,,2024-04-03,,1,
"Duplin,pender",Wallace (CDC Contract),10000.0,,2024-04-04,17779.644760180916,1,9422429.41852649
"Duplin,pender",Wallace (CDC Contract),10000.0,,2024-04-05,,1,
"Duplin,pender",Wallace (CDC Contract),10000.0,,2024-04-06,,1,
"Duplin,pender",Wallace (CDC Contract),10000.0,,2024-04-07,,1,
"Duplin,pender",Wallace (CDC Contract),10000.0,,2024-04-08,,1,
"Duplin,pender",Wallace (CDC Contract),10000.0,,2024-04-09,9021.460546051287,1,4780977.14514315
"Duplin,pender",Wallace (CDC Contract),10000.0,,2024-04-10,,1,
"Duplin,pender",Wallace (CDC Contract),10000.0,,2024-04-11,32246.753528325695,1,17089360.5128574
"Duplin,pender",Wallace (CDC Contract),10000.0,,2024-04-12,,1,
"Duplin,pender",Wallace (CDC Contract),10000.0,,2024-04-13,,1,
"Duplin,pender",Wallace (CDC Contract),10000.0,,2024-04-14,,1,
"Duplin,pender",Wallace (CDC Contract),10000.0,,2024-04-15,,1,
"Duplin,pender",Wallace (CDC Contract),10000.0,,2024-04-16,7205.992636911016,1,3818859.0338868094
"Duplin,pender",Wallace (CDC Contract),10000.0,,2024-04-17,,1,
"Duplin,pender",Wallace (CDC Contract),10000.0,,2024-04-18,11620.7965430346,1,6158510.85276048
"Duplin,pender",Wallace (CDC Contract),10000.0,,2024-04-19,,1,
"Duplin,pender",Wallace (CDC Contract),10000.0,,2024-04-20,,1,
"Duplin,pender",Wallace (CDC Contract),10000.0,,2024-04-21,,1,
"Duplin,pender",Wallace (CDC Contract),10000.0,,2024-04-22,,1,
"Duplin,pender",Wallace (CDC Contract),10000.0,,2024-04-23,1498.3922048386096,1,397466.99999999907
"Duplin,pender",Wallace (CDC Contract),10000.0,,2024-04-24,,1,
"Duplin,pender",Wallace (CDC Contract),10000.0,,2024-04-25,1644.6751018521802,1,871605.4382771779
"Duplin,pender",Wallace (CDC Contract),10000.0,,2024-04-26,,1,
"Duplin,pender",Wallace (CDC Contract),10000.0,,2024-04-27,,1,
"Duplin,pender",Wallace (CDC Contract),10000.0,,2024-04-28,,1,
"Duplin,pender",Wallace (CDC Contract),10000.0,,2024-04-29,,1,
"Duplin,pender",Wallace (CDC Contract),10000.0,,2024-04-30,67941.71639770745,1,36006120.2552634
"Duplin,pender",Wallace (CDC Contract),10000.0,,2024-05-01,,1,
"Duplin,pender",Wallace (CDC Contract),10000.0,,2024-05-02,27832.647182141693,1,14750078.3700591
"Duplin,pender",Wallace (CDC Contract),10000.0,,2024-05-03,,1,
"Duplin,pender",Wallace (CDC Contract),10000.0,,2024-05-04,,1,
"Duplin,pender",Wallace (CDC Contract),10000.0,,2024-05-05,,1,
"Duplin,pender",Wallace (CDC Contract),10000.0,,2024-05-06,,1,
"Duplin,pender",Wallace (CDC Contract),10000.0,,2024-05-07,40568.201459064825,1,21499361.7724402
"Duplin,pender",Wallace (CDC Contract),10000.0,,2024-05-08,,1,
"Duplin,pender",Wallace (CDC Contract),10000.0,,2024-05-09,20481.191661659104,1,10854130.4082462
"Duplin,pender",Wallace (CDC Contract),10000.0,,2024-05-10,,1,
"Duplin,pender",Wallace (CDC Contract),10000.0,,2024-05-11,,1,
"Duplin,pender",Wallace (CDC Contract),10000.0,,2024-05-12,,1,
"Duplin,pender",Wallace (CDC Contract),10000.0,,2024-05-13,,1,
"Duplin,pender",Wallace (CDC Contract),10000.0,,2024-05-14,2999.9602285128203,1,1589846.92286173
"Duplin,pender",Wallace (CDC Contract),10000.0,,2024-05-15,,1,
"Lenoir,greene",Kinston (CDC Contract),20484.0,,2022-05-31,828280.9433471422,1,648993783.230434
"Lenoir,greene",Kinston (CDC Contract),20484.0,,2022-06-01,,1,
"Lenoir,greene",Kinston (CDC Contract),20484.0,,2022-06-02,,1,
"Lenoir,greene",Kinston (CDC Contract),20484.0,,2022-06-03,747170.6589264426,1,665524208.908744
"Lenoir,greene",Kinston (CDC Contract),20484.0,,2022-06-04,,1,
"Lenoir,greene",Kinston (CDC Contract),20484.0,,2022-06-05,,1,
"Lenoir,greene",Kinston (CDC Contract),20484.0,,2022-06-06,,1,
"Lenoir,greene",Kinston (CDC Contract),20484.0,,2022-06-07,747865.510656695,1,467129415.72225493
"Lenoir,greene",Kinston (CDC Contract),20484.0,,2022-06-08,,1,
"Lenoir,greene",Kinston (CDC Contract),20484.0,,2022-06-09,591070.0839860823,1,480605421.892794
"Lenoir,greene",Kinston (CDC Contract),20484.0,,2022-06-10,,1,
"Lenoir,greene",Kinston (CDC Contract),20484.0,,2022-06-11,,1,
"Lenoir,greene",Kinston (CDC Contract),20484.0,,2022-06-12,,1,
"Lenoir,greene",Kinston (CDC Contract),20484.0,,2022-06-13,,1,
"Lenoir,greene",Kinston (CDC Contract),20484.0,,2022-06-14,850223.818120479,1,647332622.211805
"Lenoir,greene",Kinston (CDC Contract),20484.0,,2022-06-15,,1,
"Lenoir,greene",Kinston (CDC Contract),20484.0,,2022-06-16,968036.4163676872,1,701253065.71136
"Lenoir,greene",Kinston (CDC Contract),20484.0,,2022-06-17,,1,
"Lenoir,greene",Kinston (CDC Contract),20484.0,,2022-06-18,,1,
"Lenoir,greene",Kinston (CDC Contract),20484.0,,2022-06-19,,1,
"Lenoir,greene",Kinston (CDC Contract),20484.0,,2022-06-20,,1,
"Lenoir,greene",Kinston (CDC Contract),20484.0,,2022-06-21,915040.4488444343,1,666244327.930071
"Lenoir,greene",Kinston (CDC Contract),20484.0,,2022-06-22,,1,
"Lenoir,greene",Kinston (CDC Contract),20484.0,,2022-06-23,665118.1170555636,1,440026482.65385693
"Lenoir,greene",Kinston (CDC Contract),20484.0,,2022-06-24,,1,
"Lenoir,greene",Kinston (CDC Contract),20484.0,,2022-06-25,,1,
"Lenoir,greene",Kinston (CDC Contract),20484.0,,2022-06-26,,1,
"Lenoir,greene",Kinston (CDC Contract),20484.0,,2022-06-27,,1,
"Lenoir,greene",Kinston (CDC Contract),20484.0,,2022-06-28,1025198.1485130584,1,797603258.6660551
"Lenoir,greene",Kinston (CDC Contract),20484.0,,2022-06-29,,1,
"Lenoir,greene",Kinston (CDC Contract),20484.0,,2022-06-30,1148425.7657120975,1,821317172.3270769
"Lenoir,greene",Kinston (CDC Contract),20484.0,,2022-07-01,,1,
"Lenoir,greene",Kinston (CDC Contract),20484.0,,2022-07-02,,1,
"Lenoir,greene",Kinston (CDC Contract),20484.0,,2022-07-03,,1,
"Lenoir,greene",Kinston (CDC Contract),20484.0,,2022-07-04,,1,
"Lenoir,greene",Kinston (CDC Contract),20484.0,,2022-07-05,,1,
"Lenoir,greene",Kinston (CDC Contract),20484.0,,2022-07-06,2535550.3422693424,1,1846143562.12497
"Lenoir,greene",Kinston (CDC Contract),20484.0,,2022-07-07,,1,
"Lenoir,greene",Kinston (CDC Contract),20484.0,,2022-07-08,1302004.0094960295,1,685731645.967923
"Lenoir,greene",Kinston (CDC Contract),20484.0,,2022-07-09,,1,
"Lenoir,greene",Kinston (CDC Contract),20484.0,,2022-07-10,,1,
"Lenoir,greene",Kinston (CDC Contract),20484.0,,2022-07-11,,1,
"Lenoir,greene",Kinston (CDC Contract),20484.0,,2022-07-12,1233903.285016835,1,841403854.565964
"Lenoir,greene",Kinston (CDC Contract),20484.0,,2022-07-13,,1,
"Lenoir,greene",Kinston (CDC Contract),20484.0,,2022-07-14,1595555.77278749,1,987765395.173688
"Lenoir,greene",Kinston (CDC Contract),20484.0,,2022-07-15,,1,
"Lenoir,greene",Kinston (CDC Contract),20484.0,,2022-07-16,,1,
"Lenoir,greene",Kinston (CDC Contract),20484.0,,2022-07-17,,1,
"Lenoir,greene",Kinston (CDC Contract),20484.0,,2022-07-18,,1,
"Lenoir,greene",Kinston (CDC Contract),20484.0,,2022-07-19,2263832.154797752,1,1736158342.65287
"Lenoir,greene",Kinston (CDC Contract),20484.0,,2022-07-20,902245.654163845,1,710282980.809312
"Lenoir,greene",Kinston (CDC Contract),20484.0,,2022-07-21,,1,
"Lenoir,greene",Kinston (CDC Contract),20484.0,,2022-07-22,,1,
"Lenoir,greene",Kinston (CDC Contract),20484.0,,2022-07-23,,1,
"Lenoir,greene",Kinston (CDC Contract),20484.0,,2022-07-24,,1,
"Lenoir,greene",Kinston (CDC Contract),20484.0,,2022-07-25,,1,
"Lenoir,greene",Kinston (CDC Contract),20484.0,,2022-07-26,2209795.7739225063,1,1878481753.75849
"Lenoir,greene",Kinston (CDC Contract),20484.0,,2022-07-27,,1,
"Lenoir,greene",Kinston (CDC Contract),20484.0,,2022-07-28,2596435.220557736,1,2125583785.67046
"Lenoir,greene",Kinston (CDC Contract),20484.0,,2022-07-29,,1,
"Lenoir,greene",Kinston (CDC Contract),20484.0,,2022-07-30,,1,
"Lenoir,greene",Kinston (CDC Contract),20484.0,,2022-07-31,,1,
"Lenoir,greene",Kinston (CDC Contract),20484.0,,2022-08-01,,1,
"Lenoir,greene",Kinston (CDC Contract),20484.0,,2022-08-02,1808570.2120851208,1,1300115648.2336
"Lenoir,greene",Kinston (CDC Contract),20484.0,,2022-08-03,,1,
"Lenoir,greene",Kinston (CDC Contract),20484.0,,2022-08-04,1475203.7502643848,1,1177694821.00193
"Lenoir,greene",Kinston (CDC Contract),20484.0,,2022-08-05,,1,
"Lenoir,greene",Kinston (CDC Contract),20484.0,,2022-08-06,,1,
"Lenoir,greene",Kinston (CDC Contract),20484.0,,2022-08-07,,1,
"Lenoir,greene",Kinston (CDC Contract),20484.0,,2022-08-08,1243015.6390782539,1,953282674.804354
"Lenoir,greene",Kinston (CDC Contract),20484.0,,2022-08-09,,1,
"Lenoir,greene",Kinston (CDC Contract),20484.0,,2022-08-10,837208.3751441684,1,629687372.28627
"Lenoir,greene",Kinston (CDC Contract),20484.0,,2022-08-11,,1,
"Lenoir,greene",Kinston (CDC Contract),20484.0,,2022-08-12,,1,
"Lenoir,greene",Kinston (CDC Contract),20484.0,,2022-08-13,,1,
"Lenoir,greene",Kinston (CDC Contract),20484.0,,2022-08-14,,1,
"Lenoir,greene",Kinston (CDC Contract),20484.0,,2022-08-15,,1,
"Lenoir,greene",Kinston (CDC Contract),20484.0,,2022-08-16,,1,
"Lenoir,greene",Kinston (CDC Contract),20484.0,,2022-08-17,508556.5933469825,1,363703319.523698
"Lenoir,greene",Kinston (CDC Contract),20484.0,,2022-08-18,455455.9757326412,1,347610964.593016
"Lenoir,greene",Kinston (CDC Contract),20484.0,,2022-08-19,,1,
"Lenoir,greene",Kinston (CDC Contract),20484.0,,2022-08-20,,1,
"Lenoir,greene",Kinston (CDC Contract),20484.0,,2022-08-21,,1,
"Lenoir,greene",Kinston (CDC Contract),20484.0,,2022-08-22,,1,
"Lenoir,greene",Kinston (CDC Contract),20484.0,,2022-08-23,486043.461510845,1,374548593.68664
"Lenoir,greene",Kinston (CDC Contract),20484.0,,2022-08-24,975730.1842698222,1,769935998.770476
"Lenoir,greene",Kinston (CDC Contract),20484.0,,2022-08-25,,1,
"Lenoir,greene",Kinston (CDC Contract),20484.0,,2022-08-26,,1,
"Lenoir,greene",Kinston (CDC Contract),20484.0,,2022-08-27,,1,
"Lenoir,greene",Kinston (CDC Contract),20484.0,,2022-08-28,,1,
"Lenoir,greene",Kinston (CDC Contract),20484.0,,2022-08-29,,1,
"Lenoir,greene",Kinston (CDC Contract),20484.0,,2022-08-30,1193873.463822917,1,928832505.756285
"Lenoir,greene",Kinston (CDC Contract),20484.0,,2022-08-31,491567.03614730574,1,381530316.649799
"Lenoir,greene",Kinston (CDC Contract),20484.0,,2022-09-01,,1,
"Lenoir,greene",Kinston (CDC Contract),20484.0,,2022-09-02,,1,
"Lenoir,greene",Kinston (CDC Contract),20484.0,,2022-09-03,,1,
"Lenoir,greene",Kinston (CDC Contract),20484.0,,2022-09-04,,1,
"Lenoir,greene",Kinston (CDC Contract),20484.0,,2022-09-05,,1,
"Lenoir,greene",Kinston (CDC Contract),20484.0,,2022-09-06,,1,
"Lenoir,greene",Kinston (CDC Contract),20484.0,,2022-09-07,,1,
"Lenoir,greene",Kinston (CDC Contract),20484.0,,2022-09-08,766254.195049498,1,569240680.158187
"Lenoir,greene",Kinston (CDC Contract),20484.0,,2022-09-09,417174.7661079116,1,314539509.239872
"Lenoir,greene",Kinston (CDC Contract),20484.0,,2022-09-10,,1,
"Lenoir,greene",Kinston (CDC Contract),20484.0,,2022-09-11,,1,
"Lenoir,greene",Kinston (CDC Contract),20484.0,,2022-09-12,,1,
"Lenoir,greene",Kinston (CDC Contract),20484.0,,2022-09-13,,1,
"Lenoir,greene",Kinston (CDC Contract),20484.0,,2022-09-14,306140.8045938461,1,235914309.955517
"Lenoir,greene",Kinston (CDC Contract),20484.0,,2022-09-15,,1,
"Lenoir,greene",Kinston (CDC Contract),20484.0,,2022-09-16,284044.6370638522,1,223611020.530307
"Lenoir,greene",Kinston (CDC Contract),20484.0,,2022-09-17,,1,
"Lenoir,greene",Kinston (CDC Contract),20484.0,,2022-09-18,,1,
"Lenoir,greene",Kinston (CDC Contract),20484.0,,2022-09-19,,1,
"Lenoir,greene",Kinston (CDC Contract),20484.0,,2022-09-20,,1,
"Lenoir,greene",Kinston (CDC Contract),20484.0,,2022-09-21,,1,
"Lenoir,greene",Kinston (CDC Contract),20484.0,,2022-09-22,,1,
"Lenoir,greene",Kinston (CDC Contract),20484.0,,2022-09-23,,1,
"Lenoir,greene",Kinston (CDC Contract),20484.0,,2022-09-24,,1,
"Lenoir,greene",Kinston (CDC Contract),20484.0,,2022-09-25,,1,
"Lenoir,greene",Kinston (CDC Contract),20484.0,,2022-09-26,,1,
"Lenoir,greene",Kinston (CDC Contract),20484.0,,2022-09-27,228405.8199085449,1,164192674.758457
"Lenoir,greene",Kinston (CDC Contract),20484.0,,2022-09-28,,1,
"Lenoir,greene",Kinston (CDC Contract),20484.0,,2022-09-29,217803.52714092922,1,163816004.177497
"Lenoir,greene",Kinston (CDC Contract),20484.0,,2022-09-30,,1,
"Lenoir,greene",Kinston (CDC Contract),20484.0,,2022-10-01,,1,
"Lenoir,greene",Kinston (CDC Contract),20484.0,,2022-10-02,,1,
"Lenoir,greene",Kinston (CDC Contract),20484.0,,2022-10-03,,1,
"Lenoir,greene",Kinston (CDC Contract),20484.0,,2022-10-04,578401.5726768359,1,490613123.786273
"Lenoir,greene",Kinston (CDC Contract),20484.0,,2022-10-05,,1,
"Lenoir,greene",Kinston (CDC Contract),20484.0,,2022-10-06,1720879.1587813797,1,1297500544.23043
"Lenoir,greene",Kinston (CDC Contract),20484.0,,2022-10-07,,1,
"Lenoir,greene",Kinston (CDC Contract),20484.0,,2022-10-08,,1,
"Lenoir,greene",Kinston (CDC Contract),20484.0,,2022-10-09,,1,
"Lenoir,greene",Kinston (CDC Contract),20484.0,,2022-10-10,,1,
"Lenoir,greene",Kinston (CDC Contract),20484.0,,2022-10-11,268040.1536817051,1,164945739.528246
"Lenoir,greene",Kinston (CDC Contract),20484.0,,2022-10-12,,1,
"Lenoir,greene",Kinston (CDC Contract),20484.0,,2022-10-13,494407.8696256658,1,372771369.005002
"Lenoir,greene",Kinston (CDC Contract),20484.0,,2022-10-14,,1,
"Lenoir,greene",Kinston (CDC Contract),20484.0,,2022-10-15,,1,
"Lenoir,greene",Kinston (CDC Contract),20484.0,,2022-10-16,,1,
"Lenoir,greene",Kinston (CDC Contract),20484.0,,2022-10-17,,1,
"Lenoir,greene",Kinston (CDC Contract),20484.0,,2022-10-18,505730.84583613835,1,326168398.162474
"Lenoir,greene",Kinston (CDC Contract),20484.0,,2022-10-19,,1,
"Lenoir,greene",Kinston (CDC Contract),20484.0,,2022-10-20,0.0,1,2296076.30825536
"Lenoir,greene",Kinston (CDC Contract),20484.0,,2022-10-21,,1,
"Lenoir,greene",Kinston (CDC Contract),20484.0,,2022-10-22,,1,
"Lenoir,greene",Kinston (CDC Contract),20484.0,,2022-10-23,,1,
"Lenoir,greene",Kinston (CDC Contract),20484.0,,2022-10-24,,1,
"Lenoir,greene",Kinston (CDC Contract),20484.0,,2022-10-25,128174.55162943115,1,74138390.7645038
"Lenoir,greene",Kinston (CDC Contract),20484.0,,2022-10-26,,1,
"Lenoir,greene",Kinston (CDC Contract),20484.0,,2022-10-27,90281.47362489527,1,61563317.6654078
"Lenoir,greene",Kinston (CDC Contract),20484.0,,2022-10-28,,1,
"Lenoir,greene",Kinston (CDC Contract),20484.0,,2022-10-29,,1,
"Lenoir,greene",Kinston (CDC Contract),20484.0,,2022-10-30,,1,
"Lenoir,greene",Kinston (CDC Contract),20484.0,,2022-10-31,,1,
"Lenoir,greene",Kinston (CDC Contract),20484.0,,2022-11-01,0.0,1,18319955.277875505
"Lenoir,greene",Kinston (CDC Contract),20484.0,,2022-11-02,,1,
"Lenoir,greene",Kinston (CDC Contract),20484.0,,2022-11-03,0.0,1,18146593.1474841
"Lenoir,greene",Kinston (CDC Contract),20484.0,,2022-11-04,,1,
"Lenoir,greene",Kinston (CDC Contract),20484.0,,2022-11-05,,1,
"Lenoir,greene",Kinston (CDC Contract),20484.0,,2022-11-06,,1,
"Lenoir,greene",Kinston (CDC Contract),20484.0,,2022-11-07,127412.61153047674,1,90885946.1430203
"Lenoir,greene",Kinston (CDC Contract),20484.0,,2022-11-08,,1,
"Lenoir,greene",Kinston (CDC Contract),20484.0,,2022-11-09,,1,
"Lenoir,greene",Kinston (CDC Contract),20484.0,,2022-11-10,965586.4890982466,1,581709010.565024
"Lenoir,greene",Kinston (CDC Contract),20484.0,,2022-11-11,,1,
"Lenoir,greene",Kinston (CDC Contract),20484.0,,2022-11-12,,1,
"Lenoir,greene",Kinston (CDC Contract),20484.0,,2022-11-13,,1,
"Lenoir,greene",Kinston (CDC Contract),20484.0,,2022-11-14,,1,
"Lenoir,greene",Kinston (CDC Contract),20484.0,,2022-11-15,128035.69966161775,1,79736650.9164189
"Lenoir,greene",Kinston (CDC Contract),20484.0,,2022-11-16,,1,
"Lenoir,greene",Kinston (CDC Contract),20484.0,,2022-11-17,239057.38008744663,1,192613026.591582
"Lenoir,greene",Kinston (CDC Contract),20484.0,,2022-11-18,,1,
"Lenoir,greene",Kinston (CDC Contract),20484.0,,2022-11-19,,1,
"Lenoir,greene",Kinston (CDC Contract),20484.0,,2022-11-20,,1,
"Lenoir,greene",Kinston (CDC Contract),20484.0,,2022-11-21,163636.7492918822,1,129123630.725723
"Lenoir,greene",Kinston (CDC Contract),20484.0,,2022-11-22,214175.44237443845,1,129028094.404379
"Lenoir,greene",Kinston (CDC Contract),20484.0,,2022-11-23,,1,
"Lenoir,greene",Kinston (CDC Contract),20484.0,,2022-11-24,,1,
"Lenoir,greene",Kinston (CDC Contract),20484.0,,2022-11-25,,1,
"Lenoir,greene",Kinston (CDC Contract),20484.0,,2022-11-26,,1,
"Lenoir,greene",Kinston (CDC Contract),20484.0,,2022-11-27,,1,
"Lenoir,greene",Kinston (CDC Contract),20484.0,,2022-11-28,,1,
"Lenoir,greene",Kinston (CDC Contract),20484.0,,2022-11-29,571073.1084006655,1,318709980.302208
"Lenoir,greene",Kinston (CDC Contract),20484.0,,2022-11-30,,1,
"Lenoir,greene",Kinston (CDC Contract),20484.0,,2022-12-01,384638.1652882546,1,227457029.624238
"Lenoir,greene",Kinston (CDC Contract),20484.0,,2022-12-02,,1,
"Lenoir,greene",Kinston (CDC Contract),20484.0,,2022-12-03,,1,
"Lenoir,greene",Kinston (CDC Contract),20484.0,,2022-12-04,,1,
"Lenoir,greene",Kinston (CDC Contract),20484.0,,2022-12-05,,1,
"Lenoir,greene",Kinston (CDC Contract),20484.0,,2022-12-06,,1,
"Lenoir,greene",Kinston (CDC Contract),20484.0,,2022-12-07,,1,
"Lenoir,greene",Kinston (CDC Contract),20484.0,,2022-12-08,,1,
"Lenoir,greene",Kinston (CDC Contract),20484.0,,2022-12-09,1131581.6101099434,1,667073325.319445
"Lenoir,greene",Kinston (CDC Contract),20484.0,,2022-12-10,,1,
"Lenoir,greene",Kinston (CDC Contract),20484.0,,2022-12-11,,1,
"Lenoir,greene",Kinston (CDC Contract),20484.0,,2022-12-12,391910.4662845781,1,243345404.886127
"Lenoir,greene",Kinston (CDC Contract),20484.0,,2022-12-13,956974.4390223101,1,629574814.862881
"Lenoir,greene",Kinston (CDC Contract),20484.0,,2022-12-14,,1,
"Lenoir,greene",Kinston (CDC Contract),20484.0,,2022-12-15,,1,
"Lenoir,greene",Kinston (CDC Contract),20484.0,,2022-12-16,,1,
"Lenoir,greene",Kinston (CDC Contract),20484.0,,2022-12-17,,1,
"Lenoir,greene",Kinston (CDC Contract),20484.0,,2022-12-18,,1,
"Lenoir,greene",Kinston (CDC Contract),20484.0,,2022-12-19,,1,
"Lenoir,greene",Kinston (CDC Contract),20484.0,,2022-12-20,,1,
"Lenoir,greene",Kinston (CDC Contract),20484.0,,2022-12-21,2018324.7308962713,1,1409872540.97565
"Lenoir,greene",Kinston (CDC Contract),20484.0,,2022-12-22,690595.4283046835,1,427528938.679957
"Lenoir,greene",Kinston (CDC Contract),20484.0,,2022-12-23,,1,
"Lenoir,greene",Kinston (CDC Contract),20484.0,,2022-12-24,,1,
"Lenoir,greene",Kinston (CDC Contract),20484.0,,2022-12-25,,1,
"Lenoir,greene",Kinston (CDC Contract),20484.0,,2022-12-26,,1,
"Lenoir,greene",Kinston (CDC Contract),20484.0,,2022-12-27,,1,
"Lenoir,greene",Kinston (CDC Contract),20484.0,,2022-12-28,,1,
"Lenoir,greene",Kinston (CDC Contract),20484.0,,2022-12-29,1886551.9676664972,1,1234153120.34528
"Lenoir,greene",Kinston (CDC Contract),20484.0,,2022-12-30,2470783.7831186065,1,1438276241.8348
"Lenoir,greene",Kinston (CDC Contract),20484.0,,2022-12-31,,1,
"Lenoir,greene",Kinston (CDC Contract),20484.0,,2023-01-01,,1,
"Lenoir,greene",Kinston (CDC Contract),20484.0,,2023-01-02,,1,
"Lenoir,greene",Kinston (CDC Contract),20484.0,,2023-01-03,,1,
"Lenoir,greene",Kinston (CDC Contract),20484.0,,2023-01-04,,1,
"Lenoir,greene",Kinston (CDC Contract),20484.0,,2023-01-05,1315384.473335811,1,787580096.103488
"Lenoir,greene",Kinston (CDC Contract),20484.0,,2023-01-06,2679031.0597610725,1,1509991834.09196
"Lenoir,greene",Kinston (CDC Contract),20484.0,,2023-01-07,,1,
"Lenoir,greene",Kinston (CDC Contract),20484.0,,2023-01-08,,1,
"Lenoir,greene",Kinston (CDC Contract),20484.0,,2023-01-09,,1,
"Lenoir,greene",Kinston (CDC Contract),20484.0,,2023-01-10,983917.0494499992,1,574569514.391826
"Lenoir,greene",Kinston (CDC Contract),20484.0,,2023-01-11,,1,
"Lenoir,greene",Kinston (CDC Contract),20484.0,,2023-01-12,796846.5544704506,1,415260686.944185
"Lenoir,greene",Kinston (CDC Contract),20484.0,,2023-01-13,,1,
"Lenoir,greene",Kinston (CDC Contract),20484.0,,2023-01-14,,1,
"Lenoir,greene",Kinston (CDC Contract),20484.0,,2023-01-15,,1,
"Lenoir,greene",Kinston (CDC Contract),20484.0,,2023-01-16,,1,
"Lenoir,greene",Kinston (CDC Contract),20484.0,,2023-01-17,,1,
"Lenoir,greene",Kinston (CDC Contract),20484.0,,2023-01-18,636652.1034269811,1,360015016.074802
"Lenoir,greene",Kinston (CDC Contract),20484.0,,2023-01-19,,1,
"Lenoir,greene",Kinston (CDC Contract),20484.0,,2023-01-20,886311.3758451382,1,530674652.708573
"Lenoir,greene",Kinston (CDC Contract),20484.0,,2023-01-21,,1,
"Lenoir,greene",Kinston (CDC Contract),20484.0,,2023-01-22,,1,
"Lenoir,greene",Kinston (CDC Contract),20484.0,,2023-01-23,,1,
"Lenoir,greene",Kinston (CDC Contract),20484.0,,2023-01-24,684993.8926424538,1,411402636.88383293
"Lenoir,greene",Kinston (CDC Contract),20484.0,,2023-01-25,,1,
"Lenoir,greene",Kinston (CDC Contract),20484.0,,2023-01-26,759167.2206922062,1,485412054.595813
"Lenoir,greene",Kinston (CDC Contract),20484.0,,2023-01-27,,1,
"Lenoir,greene",Kinston (CDC Contract),20484.0,,2023-01-28,,1,
"Lenoir,greene",Kinston (CDC Contract),20484.0,,2023-01-29,,1,
"Lenoir,greene",Kinston (CDC Contract),20484.0,,2023-01-30,,1,
"Lenoir,greene",Kinston (CDC Contract),20484.0,,2023-01-31,741903.236043586,1,533327376.62607
"Lenoir,greene",Kinston (CDC Contract),20484.0,,2023-02-01,,1,
"Lenoir,greene",Kinston (CDC Contract),20484.0,,2023-02-02,1618194.4991676165,1,1220078837.3935
"Lenoir,greene",Kinston (CDC Contract),20484.0,,2023-02-03,,1,
"Lenoir,greene",Kinston (CDC Contract),20484.0,,2023-02-04,,1,
"Lenoir,greene",Kinston (CDC Contract),20484.0,,2023-02-05,,1,
"Lenoir,greene",Kinston (CDC Contract),20484.0,,2023-02-06,,1,
"Lenoir,greene",Kinston (CDC Contract),20484.0,,2023-02-07,695980.6196736785,1,520893790.408935
"Lenoir,greene",Kinston (CDC Contract),20484.0,,2023-02-08,,1,
"Lenoir,greene",Kinston (CDC Contract),20484.0,,2023-02-09,,1,
"Lenoir,greene",Kinston (CDC Contract),20484.0,,2023-02-10,373210.9194637279,1,224837606.102024
"Lenoir,greene",Kinston (CDC Contract),20484.0,,2023-02-11,,1,
"Lenoir,greene",Kinston (CDC Contract),20484.0,,2023-02-12,,1,
"Lenoir,greene",Kinston (CDC Contract),20484.0,,2023-02-13,,1,
"Lenoir,greene",Kinston (CDC Contract),20484.0,,2023-02-14,797237.1434628265,1,701280055.576719
"Lenoir,greene",Kinston (CDC Contract),20484.0,,2023-02-15,,1,
"Lenoir,greene",Kinston (CDC Contract),20484.0,,2023-02-16,1169260.0121268127,1,989631672.161894
"Lenoir,greene",Kinston (CDC Contract),20484.0,,2023-02-17,,1,
"Lenoir,greene",Kinston (CDC Contract),20484.0,,2023-02-18,,1,
"Lenoir,greene",Kinston (CDC Contract),20484.0,,2023-02-19,,1,
"Lenoir,greene",Kinston (CDC Contract),20484.0,,2023-02-20,,1,
"Lenoir,greene",Kinston (CDC Contract),20484.0,,2023-02-21,992276.7022868962,1,674803962.220243
"Lenoir,greene",Kinston (CDC Contract),20484.0,,2023-02-22,,1,
"Lenoir,greene",Kinston (CDC Contract),20484.0,,2023-02-23,,1,
"Lenoir,greene",Kinston (CDC Contract),20484.0,,2023-02-24,457759.7383451236,1,271543639.935391
"Lenoir,greene",Kinston (CDC Contract),20484.0,,2023-02-25,,1,
"Lenoir,greene",Kinston (CDC Contract),20484.0,,2023-02-26,,1,
"Lenoir,greene",Kinston (CDC Contract),20484.0,,2023-02-27,,1,
"Lenoir,greene",Kinston (CDC Contract),20484.0,,2023-02-28,432573.6322947176,1,243813019.647026
"Lenoir,greene",Kinston (CDC Contract),20484.0,,2023-03-01,,1,
"Lenoir,greene",Kinston (CDC Contract),20484.0,,2023-03-02,261105.81244068552,1,149098072.742437
"Lenoir,greene",Kinston (CDC Contract),20484.0,,2023-03-03,,1,
"Lenoir,greene",Kinston (CDC Contract),20484.0,,2023-03-04,,1,
"Lenoir,greene",Kinston (CDC Contract),20484.0,,2023-03-05,,1,
"Lenoir,greene",Kinston (CDC Contract),20484.0,,2023-03-06,,1,
"Lenoir,greene",Kinston (CDC Contract),20484.0,,2023-03-07,378468.7933565384,1,228005165.563963
"Lenoir,greene",Kinston (CDC Contract),20484.0,,2023-03-08,,1,
"Lenoir,greene",Kinston (CDC Contract),20484.0,,2023-03-09,262673.42678212107,1,149993220.479389
"Lenoir,greene",Kinston (CDC Contract),20484.0,,2023-03-10,,1,
"Lenoir,greene",Kinston (CDC Contract),20484.0,,2023-03-11,,1,
"Lenoir,greene",Kinston (CDC Contract),20484.0,,2023-03-12,,1,
"Lenoir,greene",Kinston (CDC Contract),20484.0,,2023-03-13,,1,
"Lenoir,greene",Kinston (CDC Contract),20484.0,,2023-03-14,322279.05161182233,1,186411810.767939
"Lenoir,greene",Kinston (CDC Contract),20484.0,,2023-03-15,,1,
"Lenoir,greene",Kinston (CDC Contract),20484.0,,2023-03-16,234333.02176072568,1,139006636.791617
"Lenoir,greene",Kinston (CDC Contract),20484.0,,2023-03-17,,1,
"Lenoir,greene",Kinston (CDC Contract),20484.0,,2023-03-18,,1,
"Lenoir,greene",Kinston (CDC Contract),20484.0,,2023-03-19,,1,
"Lenoir,greene",Kinston (CDC Contract),20484.0,,2023-03-20,,1,
"Lenoir,greene",Kinston (CDC Contract),20484.0,,2023-03-21,328625.867751351,1,188261038.631932
"Lenoir,greene",Kinston (CDC Contract),20484.0,,2023-03-22,,1,
"Lenoir,greene",Kinston (CDC Contract),20484.0,,2023-03-23,445339.740755309,1,251008426.903837
"Lenoir,greene",Kinston (CDC Contract),20484.0,,2023-03-24,,1,
"Lenoir,greene",Kinston (CDC Contract),20484.0,,2023-03-25,,1,
"Lenoir,greene",Kinston (CDC Contract),20484.0,,2023-03-26,,1,
"Lenoir,greene",Kinston (CDC Contract),20484.0,,2023-03-27,,1,
"Lenoir,greene",Kinston (CDC Contract),20484.0,,2023-03-28,151728.46068014402,1,131783767.856644
"Lenoir,greene",Kinston (CDC Contract),20484.0,,2023-03-29,,1,
"Lenoir,greene",Kinston (CDC Contract),20484.0,,2023-03-30,87986.04763958663,1,72680573.1187739
"Lenoir,greene",Kinston (CDC Contract),20484.0,,2023-03-31,,1,
"Lenoir,greene",Kinston (CDC Contract),20484.0,,2023-04-01,,1,
"Lenoir,greene",Kinston (CDC Contract),20484.0,,2023-04-02,,1,
"Lenoir,greene",Kinston (CDC Contract),20484.0,,2023-04-03,,1,
"Lenoir,greene",Kinston (CDC Contract),20484.0,,2023-04-04,594111.1994657984,1,355721209.316704
"Lenoir,greene",Kinston (CDC Contract),20484.0,,2023-04-05,,1,
"Lenoir,greene",Kinston (CDC Contract),20484.0,,2023-04-06,264139.04584605404,1,152782619.858225
"Lenoir,greene",Kinston (CDC Contract),20484.0,,2023-04-07,,1,
"Lenoir,greene",Kinston (CDC Contract),20484.0,,2023-04-08,,1,
"Lenoir,greene",Kinston (CDC Contract),20484.0,,2023-04-09,,1,
"Lenoir,greene",Kinston (CDC Contract),20484.0,,2023-04-10,,1,
"Lenoir,greene",Kinston (CDC Contract),20484.0,,2023-04-11,175040.40351996906,1,130035331.615292
"Lenoir,greene",Kinston (CDC Contract),20484.0,,2023-04-12,,1,
"Lenoir,greene",Kinston (CDC Contract),20484.0,,2023-04-13,211479.1650690317,1,161404132.293402
"Lenoir,greene",Kinston (CDC Contract),20484.0,,2023-04-14,,1,
"Lenoir,greene",Kinston (CDC Contract),20484.0,,2023-04-15,,1,
"Lenoir,greene",Kinston (CDC Contract),20484.0,,2023-04-16,,1,
"Lenoir,greene",Kinston (CDC Contract),20484.0,,2023-04-17,,1,
"Lenoir,greene",Kinston (CDC Contract),20484.0,,2023-04-18,97919.76681320542,1,87762527.0298445
"Lenoir,greene",Kinston (CDC Contract),20484.0,,2023-04-19,,1,
"Lenoir,greene",Kinston (CDC Contract),20484.0,,2023-04-20,40184.44220385766,1,32600140.7540586
"Lenoir,greene",Kinston (CDC Contract),20484.0,,2023-04-21,,1,
"Lenoir,greene",Kinston (CDC Contract),20484.0,,2023-04-22,,1,
"Lenoir,greene",Kinston (CDC Contract),20484.0,,2023-04-23,,1,
"Lenoir,greene",Kinston (CDC Contract),20484.0,,2023-04-24,104878.81667354732,1,85859531.7212307
"Lenoir,greene",Kinston (CDC Contract),20484.0,,2023-04-25,,1,
"Lenoir,greene",Kinston (CDC Contract),20484.0,,2023-04-26,52478.44070582766,1,40925159.8061844
"Lenoir,greene",Kinston (CDC Contract),20484.0,,2023-04-27,,1,
"Lenoir,greene",Kinston (CDC Contract),20484.0,,2023-04-28,,1,
"Lenoir,greene",Kinston (CDC Contract),20484.0,,2023-04-29,,1,
"Lenoir,greene",Kinston (CDC Contract),20484.0,,2023-04-30,,1,
"Lenoir,greene",Kinston (CDC Contract),20484.0,,2023-05-01,34928.968048565526,1,30014818.2863373
"Lenoir,greene",Kinston (CDC Contract),20484.0,,2023-05-02,,1,
"Lenoir,greene",Kinston (CDC Contract),20484.0,,2023-05-03,23435.607509299924,1,19835296.8604238
"Lenoir,greene",Kinston (CDC Contract),20484.0,,2023-05-04,,1,
"Lenoir,greene",Kinston (CDC Contract),20484.0,,2023-05-05,,1,
"Lenoir,greene",Kinston (CDC Contract),20484.0,,2023-05-06,,1,
"Lenoir,greene",Kinston (CDC Contract),20484.0,,2023-05-07,,1,
"Lenoir,greene",Kinston (CDC Contract),20484.0,,2023-05-08,,1,
"Lenoir,greene",Kinston (CDC Contract),20484.0,,2023-05-09,,1,
"Lenoir,greene",Kinston (CDC Contract),20484.0,,2023-05-10,,1,
"Lenoir,greene",Kinston (CDC Contract),20484.0,,2023-05-11,,1,
"Lenoir,greene",Kinston (CDC Contract),20484.0,,2023-05-12,,1,
"Lenoir,greene",Kinston (CDC Contract),20484.0,,2023-05-13,,1,
"Lenoir,greene",Kinston (CDC Contract),20484.0,,2023-05-14,,1,
"Lenoir,greene",Kinston (CDC Contract),20484.0,,2023-05-15,,1,
"Lenoir,greene",Kinston (CDC Contract),20484.0,,2023-05-16,,1,
"Lenoir,greene",Kinston (CDC Contract),20484.0,,2023-05-17,,1,
"Lenoir,greene",Kinston (CDC Contract),20484.0,,2023-05-18,,1,
"Lenoir,greene",Kinston (CDC Contract),20484.0,,2023-05-19,,1,
"Lenoir,greene",Kinston (CDC Contract),20484.0,,2023-05-20,,1,
"Lenoir,greene",Kinston (CDC Contract),20484.0,,2023-05-21,,1,
"Lenoir,greene",Kinston (CDC Contract),20484.0,,2023-05-22,,1,
"Lenoir,greene",Kinston (CDC Contract),20484.0,,2023-05-23,,1,
"Lenoir,greene",Kinston (CDC Contract),20484.0,,2023-05-24,,1,
"Lenoir,greene",Kinston (CDC Contract),20484.0,,2023-05-25,,1,
"Lenoir,greene",Kinston (CDC Contract),20484.0,,2023-05-26,,1,
"Lenoir,greene",Kinston (CDC Contract),20484.0,,2023-05-27,,1,
"Lenoir,greene",Kinston (CDC Contract),20484.0,,2023-05-28,,1,
"Lenoir,greene",Kinston (CDC Contract),20484.0,,2023-05-29,,1,
"Lenoir,greene",Kinston (CDC Contract),20484.0,,2023-05-30,,1,
"Lenoir,greene",Kinston (CDC Contract),20484.0,,2023-05-31,,1,
"Lenoir,greene",Kinston (CDC Contract),20484.0,,2023-06-01,,1,
"Lenoir,greene",Kinston (CDC Contract),20484.0,,2023-06-02,,1,
"Lenoir,greene",Kinston (CDC Contract),20484.0,,2023-06-03,,1,
"Lenoir,greene",Kinston (CDC Contract),20484.0,,2023-06-04,,1,
"Lenoir,greene",Kinston (CDC Contract),20484.0,,2023-06-05,,1,
"Lenoir,greene",Kinston (CDC Contract),20484.0,,2023-06-06,24916.628375423374,1,16254027.5256159
"Lenoir,greene",Kinston (CDC Contract),20484.0,,2023-06-07,,1,
"Lenoir,greene",Kinston (CDC Contract),20484.0,,2023-06-08,235142.85188656198,1,145570575.455485
"Lenoir,greene",Kinston (CDC Contract),20484.0,,2023-06-09,,1,
"Lenoir,greene",Kinston (CDC Contract),20484.0,,2023-06-10,,1,
"Lenoir,greene",Kinston (CDC Contract),20484.0,,2023-06-11,,1,
"Lenoir,greene",Kinston (CDC Contract),20484.0,,2023-06-12,,1,
"Lenoir,greene",Kinston (CDC Contract),20484.0,,2023-06-13,91903.27020489276,1,58083674.3553465
"Lenoir,greene",Kinston (CDC Contract),20484.0,,2023-06-14,,1,
"Lenoir,greene",Kinston (CDC Contract),20484.0,,2023-06-15,19104.34835661849,1,11650462.8435937
"Lenoir,greene",Kinston (CDC Contract),20484.0,,2023-06-16,,1,
"Lenoir,greene",Kinston (CDC Contract),20484.0,,2023-06-17,,1,
"Lenoir,greene",Kinston (CDC Contract),20484.0,,2023-06-18,,1,
"Lenoir,greene",Kinston (CDC Contract),20484.0,,2023-06-19,,1,
"Lenoir,greene",Kinston (CDC Contract),20484.0,,2023-06-20,46332.11839808963,1,25771854.0793901
"Lenoir,greene",Kinston (CDC Contract),20484.0,,2023-06-21,,1,
"Lenoir,greene",Kinston (CDC Contract),20484.0,,2023-06-22,20554.726699813516,1,12307043.2696883
"Lenoir,greene",Kinston (CDC Contract),20484.0,,2023-06-23,,1,
"Lenoir,greene",Kinston (CDC Contract),20484.0,,2023-06-24,,1,
"Lenoir,greene",Kinston (CDC Contract),20484.0,,2023-06-25,,1,
"Lenoir,greene",Kinston (CDC Contract),20484.0,,2023-06-26,,1,
"Lenoir,greene",Kinston (CDC Contract),20484.0,,2023-06-27,64112.04093362254,1,38860685.4511053
"Lenoir,greene",Kinston (CDC Contract),20484.0,,2023-06-28,,1,
"Lenoir,greene",Kinston (CDC Contract),20484.0,,2023-06-29,54275.59037919962,1,33399948.7407409
"Lenoir,greene",Kinston (CDC Contract),20484.0,,2023-06-30,,1,
"Lenoir,greene",Kinston (CDC Contract),20484.0,,2023-07-01,,1,
"Lenoir,greene",Kinston (CDC Contract),20484.0,,2023-07-02,,1,
"Lenoir,greene",Kinston (CDC Contract),20484.0,,2023-07-03,,1,
"Lenoir,greene",Kinston (CDC Contract),20484.0,,2023-07-04,,1,
"Lenoir,greene",Kinston (CDC Contract),20484.0,,2023-07-05,,1,
"Lenoir,greene",Kinston (CDC Contract),20484.0,,2023-07-06,165321.74070824386,1,120371369.560208
"Lenoir,greene",Kinston (CDC Contract),20484.0,,2023-07-07,,1,
"Lenoir,greene",Kinston (CDC Contract),20484.0,,2023-07-08,,1,
"Lenoir,greene",Kinston (CDC Contract),20484.0,,2023-07-09,,1,
"Lenoir,greene",Kinston (CDC Contract),20484.0,,2023-07-10,,1,
"Lenoir,greene",Kinston (CDC Contract),20484.0,,2023-07-11,441748.84791334294,1,423681785.849695
"Lenoir,greene",Kinston (CDC Contract),20484.0,,2023-07-12,,1,
"Lenoir,greene",Kinston (CDC Contract),20484.0,,2023-07-13,305992.48095262784,1,233538140.082701
"Lenoir,greene",Kinston (CDC Contract),20484.0,,2023-07-14,,1,
"Lenoir,greene",Kinston (CDC Contract),20484.0,,2023-07-15,,1,
"Lenoir,greene",Kinston (CDC Contract),20484.0,,2023-07-16,,1,
"Lenoir,greene",Kinston (CDC Contract),20484.0,,2023-07-17,,1,
"Lenoir,greene",Kinston (CDC Contract),20484.0,,2023-07-18,157714.4783356015,1,109003433.154195
"Lenoir,greene",Kinston (CDC Contract),20484.0,,2023-07-19,,1,
"Lenoir,greene",Kinston (CDC Contract),20484.0,,2023-07-20,105784.55365301284,1,69789081.8371056
"Lenoir,greene",Kinston (CDC Contract),20484.0,,2023-07-21,,1,
"Lenoir,greene",Kinston (CDC Contract),20484.0,,2023-07-22,,1,
"Lenoir,greene",Kinston (CDC Contract),20484.0,,2023-07-23,,1,
"Lenoir,greene",Kinston (CDC Contract),20484.0,,2023-07-24,,1,
"Lenoir,greene",Kinston (CDC Contract),20484.0,,2023-07-25,325473.1934249153,1,203296047.900823
"Lenoir,greene",Kinston (CDC Contract),20484.0,,2023-07-26,,1,
"Lenoir,greene",Kinston (CDC Contract),20484.0,,2023-07-27,,1,
"Lenoir,greene",Kinston (CDC Contract),20484.0,,2023-07-28,,1,
"Lenoir,greene",Kinston (CDC Contract),20484.0,,2023-07-29,,1,
"Lenoir,greene",Kinston (CDC Contract),20484.0,,2023-07-30,,1,
"Lenoir,greene",Kinston (CDC Contract),20484.0,,2023-07-31,,1,
"Lenoir,greene",Kinston (CDC Contract),20484.0,,2023-08-01,317688.35065966484,1,189627283.184745
"Lenoir,greene",Kinston (CDC Contract),20484.0,,2023-08-02,,1,
"Lenoir,greene",Kinston (CDC Contract),20484.0,,2023-08-03,619402.7115761929,1,373153666.25394
"Lenoir,greene",Kinston (CDC Contract),20484.0,,2023-08-04,,1,
"Lenoir,greene",Kinston (CDC Contract),20484.0,,2023-08-05,,1,
"Lenoir,greene",Kinston (CDC Contract),20484.0,,2023-08-06,,1,
"Lenoir,greene",Kinston (CDC Contract),20484.0,,2023-08-07,,1,
"Lenoir,greene",Kinston (CDC Contract),20484.0,,2023-08-08,441185.2444815309,1,258450425.67562
"Lenoir,greene",Kinston (CDC Contract),20484.0,,2023-08-09,,1,
"Lenoir,greene",Kinston (CDC Contract),20484.0,,2023-08-10,417088.87891856045,1,231231435.597293
"Lenoir,greene",Kinston (CDC Contract),20484.0,,2023-08-11,,1,
"Lenoir,greene",Kinston (CDC Contract),20484.0,,2023-08-12,,1,
"Lenoir,greene",Kinston (CDC Contract),20484.0,,2023-08-13,,1,
"Lenoir,greene",Kinston (CDC Contract),20484.0,,2023-08-14,,1,
"Lenoir,greene",Kinston (CDC Contract),20484.0,,2023-08-15,,1,
"Lenoir,greene",Kinston (CDC Contract),20484.0,,2023-08-16,,1,
"Lenoir,greene",Kinston (CDC Contract),20484.0,,2023-08-17,,1,
"Lenoir,greene",Kinston (CDC Contract),20484.0,,2023-08-18,,1,
"Lenoir,greene",Kinston (CDC Contract),20484.0,,2023-08-19,,1,
"Lenoir,greene",Kinston (CDC Contract),20484.0,,2023-08-20,,1,
"Lenoir,greene",Kinston (CDC Contract),20484.0,,2023-08-21,,1,
"Lenoir,greene",Kinston (CDC Contract),20484.0,,2023-08-22,253089.62637312838,1,135634244.671511
"Lenoir,greene",Kinston (CDC Contract),20484.0,,2023-08-23,,1,
"Lenoir,greene",Kinston (CDC Contract),20484.0,,2023-08-24,488677.26931105775,1,138168989.012527
"Lenoir,greene",Kinston (CDC Contract),20484.0,,2023-08-25,,1,
"Lenoir,greene",Kinston (CDC Contract),20484.0,,2023-08-26,,1,
"Lenoir,greene",Kinston (CDC Contract),20484.0,,2023-08-27,,1,
"Lenoir,greene",Kinston (CDC Contract),20484.0,,2023-08-28,,1,
"Lenoir,greene",Kinston (CDC Contract),20484.0,,2023-08-29,339095.5828328139,1,196765426.501745
"Lenoir,greene",Kinston (CDC Contract),20484.0,,2023-08-30,,1,
"Lenoir,greene",Kinston (CDC Contract),20484.0,,2023-08-31,,1,
"Lenoir,greene",Kinston (CDC Contract),20484.0,,2023-09-01,,1,
"Lenoir,greene",Kinston (CDC Contract),20484.0,,2023-09-02,,1,
"Lenoir,greene",Kinston (CDC Contract),20484.0,,2023-09-03,,1,
"Lenoir,greene",Kinston (CDC Contract),20484.0,,2023-09-04,,1,
"Lenoir,greene",Kinston (CDC Contract),20484.0,,2023-09-05,,1,
"Lenoir,greene",Kinston (CDC Contract),20484.0,,2023-09-06,789035.9251635502,1,517633220.975154
"Lenoir,greene",Kinston (CDC Contract),20484.0,,2023-09-07,,1,
"Lenoir,greene",Kinston (CDC Contract),20484.0,,2023-09-08,766117.5851591923,1,501182275.643922
"Lenoir,greene",Kinston (CDC Contract),20484.0,,2023-09-09,,1,
"Lenoir,greene",Kinston (CDC Contract),20484.0,,2023-09-10,,1,
"Lenoir,greene",Kinston (CDC Contract),20484.0,,2023-09-11,,1,
"Lenoir,greene",Kinston (CDC Contract),20484.0,,2023-09-12,216900.3362661173,1,130669682.545388
"Lenoir,greene",Kinston (CDC Contract),20484.0,,2023-09-13,,1,
"Lenoir,greene",Kinston (CDC Contract),20484.0,,2023-09-14,411245.59305103886,1,240151525.809211
"Lenoir,greene",Kinston (CDC Contract),20484.0,,2023-09-15,,1,
"Lenoir,greene",Kinston (CDC Contract),20484.0,,2023-09-16,,1,
"Lenoir,greene",Kinston (CDC Contract),20484.0,,2023-09-17,,1,
"Lenoir,greene",Kinston (CDC Contract),20484.0,,2023-09-18,,1,
"Lenoir,greene",Kinston (CDC Contract),20484.0,,2023-09-19,,1,
"Lenoir,greene",Kinston (CDC Contract),20484.0,,2023-09-20,,1,
"Lenoir,greene",Kinston (CDC Contract),20484.0,,2023-09-21,,1,
"Lenoir,greene",Kinston (CDC Contract),20484.0,,2023-09-22,,1,
"Lenoir,greene",Kinston (CDC Contract),20484.0,,2023-09-23,,1,
"Lenoir,greene",Kinston (CDC Contract),20484.0,,2023-09-24,,1,
"Lenoir,greene",Kinston (CDC Contract),20484.0,,2023-09-25,,1,
"Lenoir,greene",Kinston (CDC Contract),20484.0,,2023-09-26,,1,
"Lenoir,greene",Kinston (CDC Contract),20484.0,,2023-09-27,,1,
"Lenoir,greene",Kinston (CDC Contract),20484.0,,2023-09-28,,1,
"Lenoir,greene",Kinston (CDC Contract),20484.0,,2023-09-29,,1,
"Lenoir,greene",Kinston (CDC Contract),20484.0,,2023-09-30,,1,
"Lenoir,greene",Kinston (CDC Contract),20484.0,,2023-10-01,,1,
"Lenoir,greene",Kinston (CDC Contract),20484.0,,2023-10-02,,1,
"Lenoir,greene",Kinston (CDC Contract),20484.0,,2023-10-03,,1,
"Lenoir,greene",Kinston (CDC Contract),20484.0,,2023-10-04,,1,
"Lenoir,greene",Kinston (CDC Contract),20484.0,,2023-10-05,,1,
"Lenoir,greene",Kinston (CDC Contract),20484.0,,2023-10-06,,1,
"Lenoir,greene",Kinston (CDC Contract),20484.0,,2023-10-07,,1,
"Lenoir,greene",Kinston (CDC Contract),20484.0,,2023-10-08,,1,
"Lenoir,greene",Kinston (CDC Contract),20484.0,,2023-10-09,,1,
"Lenoir,greene",Kinston (CDC Contract),20484.0,,2023-10-10,,1,
"Lenoir,greene",Kinston (CDC Contract),20484.0,,2023-10-11,,1,
"Lenoir,greene",Kinston (CDC Contract),20484.0,,2023-10-12,,1,
"Lenoir,greene",Kinston (CDC Contract),20484.0,,2023-10-13,,1,
"Lenoir,greene",Kinston (CDC Contract),20484.0,,2023-10-14,,1,
"Lenoir,greene",Kinston (CDC Contract),20484.0,,2023-10-15,,1,
"Lenoir,greene",Kinston (CDC Contract),20484.0,,2023-10-16,,1,
"Lenoir,greene",Kinston (CDC Contract),20484.0,,2023-10-17,,1,
"Lenoir,greene",Kinston (CDC Contract),20484.0,,2023-10-18,,1,
"Lenoir,greene",Kinston (CDC Contract),20484.0,,2023-10-19,,1,
"Lenoir,greene",Kinston (CDC Contract),20484.0,,2023-10-20,,1,
"Lenoir,greene",Kinston (CDC Contract),20484.0,,2023-10-21,,1,
"Lenoir,greene",Kinston (CDC Contract),20484.0,,2023-10-22,,1,
"Lenoir,greene",Kinston (CDC Contract),20484.0,,2023-10-23,,1,
"Lenoir,greene",Kinston (CDC Contract),20484.0,,2023-10-24,,1,
"Lenoir,greene",Kinston (CDC Contract),20484.0,,2023-10-25,,1,
"Lenoir,greene",Kinston (CDC Contract),20484.0,,2023-10-26,,1,
"Lenoir,greene",Kinston (CDC Contract),20484.0,,2023-10-27,,1,
"Lenoir,greene",Kinston (CDC Contract),20484.0,,2023-10-28,,1,
"Lenoir,greene",Kinston (CDC Contract),20484.0,,2023-10-29,,1,
"Lenoir,greene",Kinston (CDC Contract),20484.0,,2023-10-30,,1,
"Lenoir,greene",Kinston (CDC Contract),20484.0,,2023-10-31,,1,
"Lenoir,greene",Kinston (CDC Contract),20484.0,,2023-11-01,,1,
"Lenoir,greene",Kinston (CDC Contract),20484.0,,2023-11-02,,1,
"Lenoir,greene",Kinston (CDC Contract),20484.0,,2023-11-03,,1,
"Lenoir,greene",Kinston (CDC Contract),20484.0,,2023-11-04,,1,
"Lenoir,greene",Kinston (CDC Contract),20484.0,,2023-11-05,,1,
"Lenoir,greene",Kinston (CDC Contract),20484.0,,2023-11-06,,1,
"Lenoir,greene",Kinston (CDC Contract),20484.0,,2023-11-07,,1,
"Lenoir,greene",Kinston (CDC Contract),20484.0,,2023-11-08,,1,
"Lenoir,greene",Kinston (CDC Contract),20484.0,,2023-11-09,,1,
"Lenoir,greene",Kinston (CDC Contract),20484.0,,2023-11-10,,1,
"Lenoir,greene",Kinston (CDC Contract),20484.0,,2023-11-11,,1,
"Lenoir,greene",Kinston (CDC Contract),20484.0,,2023-11-12,,1,
"Lenoir,greene",Kinston (CDC Contract),20484.0,,2023-11-13,,1,
"Lenoir,greene",Kinston (CDC Contract),20484.0,,2023-11-14,,1,
"Lenoir,greene",Kinston (CDC Contract),20484.0,,2023-11-15,,1,
"Lenoir,greene",Kinston (CDC Contract),20484.0,,2023-11-16,,1,
"Lenoir,greene",Kinston (CDC Contract),20484.0,,2023-11-17,,1,
"Lenoir,greene",Kinston (CDC Contract),20484.0,,2023-11-18,,1,
"Lenoir,greene",Kinston (CDC Contract),20484.0,,2023-11-19,,1,
"Lenoir,greene",Kinston (CDC Contract),20484.0,,2023-11-20,,1,
"Lenoir,greene",Kinston (CDC Contract),20484.0,,2023-11-21,,1,
"Lenoir,greene",Kinston (CDC Contract),20484.0,,2023-11-22,,1,
"Lenoir,greene",Kinston (CDC Contract),20484.0,,2023-11-23,,1,
"Lenoir,greene",Kinston (CDC Contract),20484.0,,2023-11-24,,1,
"Lenoir,greene",Kinston (CDC Contract),20484.0,,2023-11-25,,1,
"Lenoir,greene",Kinston (CDC Contract),20484.0,,2023-11-26,,1,
"Lenoir,greene",Kinston (CDC Contract),20484.0,,2023-11-27,,1,
"Lenoir,greene",Kinston (CDC Contract),20484.0,,2023-11-28,,1,
"Lenoir,greene",Kinston (CDC Contract),20484.0,,2023-11-29,,1,
"Lenoir,greene",Kinston (CDC Contract),20484.0,,2023-11-30,,1,
"Lenoir,greene",Kinston (CDC Contract),20484.0,,2023-12-01,,1,
"Lenoir,greene",Kinston (CDC Contract),20484.0,,2023-12-02,,1,
"Lenoir,greene",Kinston (CDC Contract),20484.0,,2023-12-03,,1,
"Lenoir,greene",Kinston (CDC Contract),20484.0,,2023-12-04,,1,
"Lenoir,greene",Kinston (CDC Contract),20484.0,,2023-12-05,109851.49262431309,1,50344803.927289
"Lenoir,greene",Kinston (CDC Contract),20484.0,,2023-12-06,,1,
"Lenoir,greene",Kinston (CDC Contract),20484.0,,2023-12-07,26556.779048687684,1,12170939.1671078
"Lenoir,greene",Kinston (CDC Contract),20484.0,,2023-12-08,,1,
"Lenoir,greene",Kinston (CDC Contract),20484.0,,2023-12-09,,1,
"Lenoir,greene",Kinston (CDC Contract),20484.0,,2023-12-10,,1,
"Lenoir,greene",Kinston (CDC Contract),20484.0,,2023-12-11,,1,
"Lenoir,greene",Kinston (CDC Contract),20484.0,,2023-12-12,41570.530309260954,1,19051722.8994843
"Lenoir,greene",Kinston (CDC Contract),20484.0,,2023-12-13,,1,
"Lenoir,greene",Kinston (CDC Contract),20484.0,,2023-12-14,47622.06053743596,1,21825131.758292
"Lenoir,greene",Kinston (CDC Contract),20484.0,,2023-12-15,,1,
"Lenoir,greene",Kinston (CDC Contract),20484.0,,2023-12-16,,1,
"Lenoir,greene",Kinston (CDC Contract),20484.0,,2023-12-17,,1,
"Lenoir,greene",Kinston (CDC Contract),20484.0,,2023-12-18,,1,
"Lenoir,greene",Kinston (CDC Contract),20484.0,,2023-12-19,21236.59231276012,1,9732704.13107749
"Lenoir,greene",Kinston (CDC Contract),20484.0,,2023-12-20,,1,
"Lenoir,greene",Kinston (CDC Contract),20484.0,,2023-12-21,17333.4361006334,1,7943892.44083372
"Lenoir,greene",Kinston (CDC Contract),20484.0,,2023-12-22,,1,
"Lenoir,greene",Kinston (CDC Contract),20484.0,,2023-12-23,,1,
"Lenoir,greene",Kinston (CDC Contract),20484.0,,2023-12-24,,1,
"Lenoir,greene",Kinston (CDC Contract),20484.0,,2023-12-25,,1,
"Lenoir,greene",Kinston (CDC Contract),20484.0,,2023-12-26,,1,
"Lenoir,greene",Kinston (CDC Contract),20484.0,,2023-12-27,,1,
"Lenoir,greene",Kinston (CDC Contract),20484.0,,2023-12-28,37373.1427313423,1,17128065.3362699
"Lenoir,greene",Kinston (CDC Contract),20484.0,,2023-12-29,,1,
"Lenoir,greene",Kinston (CDC Contract),20484.0,,2023-12-30,,1,
"Lenoir,greene",Kinston (CDC Contract),20484.0,,2023-12-31,,1,
"Lenoir,greene",Kinston (CDC Contract),20484.0,,2024-01-01,,1,
"Lenoir,greene",Kinston (CDC Contract),20484.0,,2024-01-02,111892.55474727003,1,51280220.1872671
"Lenoir,greene",Kinston (CDC Contract),20484.0,,2024-01-03,,1,
"Lenoir,greene",Kinston (CDC Contract),20484.0,,2024-01-04,17191.813257797803,1,7878986.866190619
"Lenoir,greene",Kinston (CDC Contract),20484.0,,2024-01-05,,1,
"Lenoir,greene",Kinston (CDC Contract),20484.0,,2024-01-06,,1,
"Lenoir,greene",Kinston (CDC Contract),20484.0,,2024-01-07,,1,
"Lenoir,greene",Kinston (CDC Contract),20484.0,,2024-01-08,,1,
"Lenoir,greene",Kinston (CDC Contract),20484.0,,2024-01-09,160020.31884404202,1,73337115.2646721
"Lenoir,greene",Kinston (CDC Contract),20484.0,,2024-01-10,,1,
"Lenoir,greene",Kinston (CDC Contract),20484.0,,2024-01-11,75197.15368398187,1,34462763.0236895
"Lenoir,greene",Kinston (CDC Contract),20484.0,,2024-01-12,,1,
"Lenoir,greene",Kinston (CDC Contract),20484.0,,2024-01-13,,1,
"Lenoir,greene",Kinston (CDC Contract),20484.0,,2024-01-14,,1,
"Lenoir,greene",Kinston (CDC Contract),20484.0,,2024-01-15,,1,
"Lenoir,greene",Kinston (CDC Contract),20484.0,,2024-01-16,64311.87533079939,1,29474053.3458053
"Lenoir,greene",Kinston (CDC Contract),20484.0,,2024-01-17,,1,
"Lenoir,greene",Kinston (CDC Contract),20484.0,,2024-01-18,45461.1395364102,1,20834784.3219486
"Lenoir,greene",Kinston (CDC Contract),20484.0,,2024-01-19,,1,
"Lenoir,greene",Kinston (CDC Contract),20484.0,,2024-01-20,,1,
"Lenoir,greene",Kinston (CDC Contract),20484.0,,2024-01-21,,1,
"Lenoir,greene",Kinston (CDC Contract),20484.0,,2024-01-22,,1,
"Lenoir,greene",Kinston (CDC Contract),20484.0,,2024-01-23,209395.18855143187,1,95965557.3091989
"Lenoir,greene",Kinston (CDC Contract),20484.0,,2024-01-24,,1,
"Lenoir,greene",Kinston (CDC Contract),20484.0,,2024-01-25,86956.20495710406,1,39851921.7558417
"Lenoir,greene",Kinston (CDC Contract),20484.0,,2024-01-26,,1,
"Lenoir,greene",Kinston (CDC Contract),20484.0,,2024-01-27,,1,
"Lenoir,greene",Kinston (CDC Contract),20484.0,,2024-01-28,,1,
"Lenoir,greene",Kinston (CDC Contract),20484.0,,2024-01-29,,1,
"Lenoir,greene",Kinston (CDC Contract),20484.0,,2024-01-30,44953.813687843125,1,20602277.509677
"Lenoir,greene",Kinston (CDC Contract),20484.0,,2024-01-31,,1,
"Lenoir,greene",Kinston (CDC Contract),20484.0,,2024-02-01,21586.945878974304,1,9893270.73945853
"Lenoir,greene",Kinston (CDC Contract),20484.0,,2024-02-02,,1,
"Lenoir,greene",Kinston (CDC Contract),20484.0,,2024-02-03,,1,
"Lenoir,greene",Kinston (CDC Contract),20484.0,,2024-02-04,,1,
"Lenoir,greene",Kinston (CDC Contract),20484.0,,2024-02-05,,1,
"Lenoir,greene",Kinston (CDC Contract),20484.0,,2024-02-06,168436.5377327301,1,77194258.0274858
"Lenoir,greene",Kinston (CDC Contract),20484.0,,2024-02-07,,1,
"Lenoir,greene",Kinston (CDC Contract),20484.0,,2024-02-08,29808.362501840093,1,13661135.863497
"Lenoir,greene",Kinston (CDC Contract),20484.0,,2024-02-09,,1,
"Lenoir,greene",Kinston (CDC Contract),20484.0,,2024-02-10,,1,
"Lenoir,greene",Kinston (CDC Contract),20484.0,,2024-02-11,,1,
"Lenoir,greene",Kinston (CDC Contract),20484.0,,2024-02-12,,1,
"Lenoir,greene",Kinston (CDC Contract),20484.0,,2024-02-13,110361.11776796302,1,50578364.5036684
"Lenoir,greene",Kinston (CDC Contract),20484.0,,2024-02-14,,1,
"Lenoir,greene",Kinston (CDC Contract),20484.0,,2024-02-15,164597.58942021098,1,75434872.7386419
"Lenoir,greene",Kinston (CDC Contract),20484.0,,2024-02-16,,1,
"Lenoir,greene",Kinston (CDC Contract),20484.0,,2024-02-17,,1,
"Lenoir,greene",Kinston (CDC Contract),20484.0,,2024-02-18,,1,
"Lenoir,greene",Kinston (CDC Contract),20484.0,,2024-02-19,,1,
"Lenoir,greene",Kinston (CDC Contract),20484.0,,2024-02-20,50101.20449978879,1,22961320.386325
"Lenoir,greene",Kinston (CDC Contract),20484.0,,2024-02-21,,1,
"Lenoir,greene",Kinston (CDC Contract),20484.0,,2024-02-22,19615.920626003022,1,8989952.29083314
"Lenoir,greene",Kinston (CDC Contract),20484.0,,2024-02-23,,1,
"Lenoir,greene",Kinston (CDC Contract),20484.0,,2024-02-24,,1,
"Lenoir,greene",Kinston (CDC Contract),20484.0,,2024-02-25,,1,
"Lenoir,greene",Kinston (CDC Contract),20484.0,,2024-02-26,,1,
"Lenoir,greene",Kinston (CDC Contract),20484.0,,2024-02-27,59197.754091342314,1,27130257.8732997
"Lenoir,greene",Kinston (CDC Contract),20484.0,,2024-02-28,,1,
"Lenoir,greene",Kinston (CDC Contract),20484.0,,2024-02-29,26259.923615324195,1,12034890.6871974
"Lenoir,greene",Kinston (CDC Contract),20484.0,,2024-03-01,,1,
"Lenoir,greene",Kinston (CDC Contract),20484.0,,2024-03-02,,1,
"Lenoir,greene",Kinston (CDC Contract),20484.0,,2024-03-03,,1,
"Lenoir,greene",Kinston (CDC Contract),20484.0,,2024-03-04,,1,
"Lenoir,greene",Kinston (CDC Contract),20484.0,,2024-03-05,53289.31045888386,1,24422425.4252794
"Lenoir,greene",Kinston (CDC Contract),20484.0,,2024-03-06,,1,
"Lenoir,greene",Kinston (CDC Contract),20484.0,,2024-03-07,9883.88034222625,1,4529770.20141127
"Lenoir,greene",Kinston (CDC Contract),20484.0,,2024-03-08,,1,
"Lenoir,greene",Kinston (CDC Contract),20484.0,,2024-03-09,,1,
"Lenoir,greene",Kinston (CDC Contract),20484.0,,2024-03-10,,1,
"Lenoir,greene",Kinston (CDC Contract),20484.0,,2024-03-11,,1,
"Lenoir,greene",Kinston (CDC Contract),20484.0,,2024-03-12,34919.775820211136,1,16003690.2991003
"Lenoir,greene",Kinston (CDC Contract),20484.0,,2024-03-13,,1,
"Lenoir,greene",Kinston (CDC Contract),20484.0,,2024-03-14,61811.20525297129,1,28327999.3255322
"Lenoir,greene",Kinston (CDC Contract),20484.0,,2024-03-15,,1,
"Lenoir,greene",Kinston (CDC Contract),20484.0,,2024-03-16,,1,
"Lenoir,greene",Kinston (CDC Contract),20484.0,,2024-03-17,,1,
"Lenoir,greene",Kinston (CDC Contract),20484.0,,2024-03-18,,1,
"Lenoir,greene",Kinston (CDC Contract),20484.0,,2024-03-19,32194.86703034692,1,14754867.9529659
"Lenoir,greene",Kinston (CDC Contract),20484.0,,2024-03-20,,1,
"Lenoir,greene",Kinston (CDC Contract),20484.0,,2024-03-21,12138.072772440411,1,5562863.81900672
"Lenoir,greene",Kinston (CDC Contract),20484.0,,2024-03-22,,1,
"Lenoir,greene",Kinston (CDC Contract),20484.0,,2024-03-23,,1,
"Lenoir,greene",Kinston (CDC Contract),20484.0,,2024-03-24,,1,
"Lenoir,greene",Kinston (CDC Contract),20484.0,,2024-03-25,,1,
"Lenoir,greene",Kinston (CDC Contract),20484.0,,2024-03-26,0.0,1,343724.077328646
"Lenoir,greene",Kinston (CDC Contract),20484.0,,2024-03-27,,1,
"Lenoir,greene",Kinston (CDC Contract),20484.0,,2024-03-28,2457.6456761146287,1,1126335.98989765
"Lenoir,greene",Kinston (CDC Contract),20484.0,,2024-03-29,,1,
"Lenoir,greene",Kinston (CDC Contract),20484.0,,2024-03-30,,1,
"Lenoir,greene",Kinston (CDC Contract),20484.0,,2024-03-31,,1,
"Lenoir,greene",Kinston (CDC Contract),20484.0,,2024-04-01,,1,
"Lenoir,greene",Kinston (CDC Contract),20484.0,,2024-04-02,8275.969865966808,1,3792866.80823882
"Lenoir,greene",Kinston (CDC Contract),20484.0,,2024-04-03,,1,
"Lenoir,greene",Kinston (CDC Contract),20484.0,,2024-04-04,5224.759711203628,1,2394500.94799646
"Lenoir,greene",Kinston (CDC Contract),20484.0,,2024-04-05,,1,
"Lenoir,greene",Kinston (CDC Contract),20484.0,,2024-04-06,,1,
"Lenoir,greene",Kinston (CDC Contract),20484.0,,2024-04-07,,1,
"Lenoir,greene",Kinston (CDC Contract),20484.0,,2024-04-08,,1,
"Lenoir,greene",Kinston (CDC Contract),20484.0,,2024-04-09,23637.313414177897,1,10832951.6584218
"Lenoir,greene",Kinston (CDC Contract),20484.0,,2024-04-10,,1,
"Lenoir,greene",Kinston (CDC Contract),20484.0,,2024-04-11,17985.437310648515,1,8242703.79327321
"Lenoir,greene",Kinston (CDC Contract),20484.0,,2024-04-12,,1,
"Lenoir,greene",Kinston (CDC Contract),20484.0,,2024-04-13,,1,
"Lenoir,greene",Kinston (CDC Contract),20484.0,,2024-04-14,,1,
"Lenoir,greene",Kinston (CDC Contract),20484.0,,2024-04-15,,1,
"Lenoir,greene",Kinston (CDC Contract),20484.0,,2024-04-16,7625.678639638015,1,3494839.13921912
"Lenoir,greene",Kinston (CDC Contract),20484.0,,2024-04-17,,1,
"Lenoir,greene",Kinston (CDC Contract),20484.0,,2024-04-18,18224.5863568024,1,8352305.50691751
"Lenoir,greene",Kinston (CDC Contract),20484.0,,2024-04-19,,1,
"Lenoir,greene",Kinston (CDC Contract),20484.0,,2024-04-20,,1,
"Lenoir,greene",Kinston (CDC Contract),20484.0,,2024-04-21,,1,
"Lenoir,greene",Kinston (CDC Contract),20484.0,,2024-04-22,,1,
"Lenoir,greene",Kinston (CDC Contract),20484.0,,2024-04-23,73216.03167999996,1,33554817.2464972
"Lenoir,greene",Kinston (CDC Contract),20484.0,,2024-04-24,,1,
"Lenoir,greene",Kinston (CDC Contract),20484.0,,2024-04-25,32673.91832060333,1,14974416.5699479
"Lenoir,greene",Kinston (CDC Contract),20484.0,,2024-04-26,,1,
"Lenoir,greene",Kinston (CDC Contract),20484.0,,2024-04-27,,1,
"Lenoir,greene",Kinston (CDC Contract),20484.0,,2024-04-28,,1,
"Lenoir,greene",Kinston (CDC Contract),20484.0,,2024-04-29,,1,
"Lenoir,greene",Kinston (CDC Contract),20484.0,,2024-04-30,12579.852084971304,1,5765330.73445014
"Lenoir,greene",Kinston (CDC Contract),20484.0,,2024-05-01,,1,
"Lenoir,greene",Kinston (CDC Contract),20484.0,,2024-05-02,2730.88897155957,1,1251563.05604838
"Lenoir,greene",Kinston (CDC Contract),20484.0,,2024-05-03,,1,
"Lenoir,greene",Kinston (CDC Contract),20484.0,,2024-05-04,,1,
"Lenoir,greene",Kinston (CDC Contract),20484.0,,2024-05-05,,1,
"Lenoir,greene",Kinston (CDC Contract),20484.0,,2024-05-06,,1,
"Lenoir,greene",Kinston (CDC Contract),20484.0,,2024-05-07,7644.3481731040765,1,3503395.36343882
"Lenoir,greene",Kinston (CDC Contract),20484.0,,2024-05-08,,1,
"Lenoir,greene",Kinston (CDC Contract),20484.0,,2024-05-09,0.0,1,343724.077328646
"Lenoir,greene",Kinston (CDC Contract),20484.0,,2024-05-10,,1,
"Lenoir,greene",Kinston (CDC Contract),20484.0,,2024-05-11,,1,
"Lenoir,greene",Kinston (CDC Contract),20484.0,,2024-05-12,,1,
"Lenoir,greene",Kinston (CDC Contract),20484.0,,2024-05-13,,1,
"Lenoir,greene",Kinston (CDC Contract),20484.0,,2024-05-14,8188.628100440429,1,3752838.1845484106
"Lenoir,greene",Kinston (CDC Contract),20484.0,,2024-05-15,,1,
Mitchell,Spruce Pine (CDC Contract),2300.0,,2024-03-12,74120.31745616898,1,79536927.1319459
Mitchell,Spruce Pine (CDC Contract),2300.0,,2024-03-13,,1,
Mitchell,Spruce Pine (CDC Contract),2300.0,,2024-03-14,132314.97113242804,1,141984365.132392
Mitchell,Spruce Pine (CDC Contract),2300.0,,2024-03-15,,1,
Mitchell,Spruce Pine (CDC Contract),2300.0,,2024-03-16,,1,
Mitchell,Spruce Pine (CDC Contract),2300.0,,2024-03-17,,1,
Mitchell,Spruce Pine (CDC Contract),2300.0,,2024-03-18,,1,
Mitchell,Spruce Pine (CDC Contract),2300.0,,2024-03-19,64477.30223710397,1,69189213.7770408
Mitchell,Spruce Pine (CDC Contract),2300.0,,2024-03-20,,1,
Mitchell,Spruce Pine (CDC Contract),2300.0,,2024-03-21,,1,
Mitchell,Spruce Pine (CDC Contract),2300.0,,2024-03-22,,1,
Mitchell,Spruce Pine (CDC Contract),2300.0,,2024-03-23,,1,
Mitchell,Spruce Pine (CDC Contract),2300.0,,2024-03-24,,1,
Mitchell,Spruce Pine (CDC Contract),2300.0,,2024-03-25,,1,
Mitchell,Spruce Pine (CDC Contract),2300.0,,2024-03-26,192688.27843619906,1,206769669.736277
Mitchell,Spruce Pine (CDC Contract),2300.0,,2024-03-27,,1,
Mitchell,Spruce Pine (CDC Contract),2300.0,,2024-03-28,,1,
Mitchell,Spruce Pine (CDC Contract),2300.0,,2024-03-29,,1,
Mitchell,Spruce Pine (CDC Contract),2300.0,,2024-03-30,,1,
Mitchell,Spruce Pine (CDC Contract),2300.0,,2024-03-31,,1,
Mitchell,Spruce Pine (CDC Contract),2300.0,,2024-04-01,,1,
Mitchell,Spruce Pine (CDC Contract),2300.0,,2024-04-02,81234.99184579184,1,87171532.0272849
Mitchell,Spruce Pine (CDC Contract),2300.0,,2024-04-03,,1,
Mitchell,Spruce Pine (CDC Contract),2300.0,,2024-04-04,60359.42008229258,1,64770402.5235828
Mitchell,Spruce Pine (CDC Contract),2300.0,,2024-04-05,,1,
Mitchell,Spruce Pine (CDC Contract),2300.0,,2024-04-06,,1,
Mitchell,Spruce Pine (CDC Contract),2300.0,,2024-04-07,,1,
Mitchell,Spruce Pine (CDC Contract),2300.0,,2024-04-08,,1,
Mitchell,Spruce Pine (CDC Contract),2300.0,,2024-04-09,33461.20255662143,1,35906500.6847426
Mitchell,Spruce Pine (CDC Contract),2300.0,,2024-04-10,,1,
Mitchell,Spruce Pine (CDC Contract),2300.0,,2024-04-11,6249.412108959277,1,6706110.45104777
Mitchell,Spruce Pine (CDC Contract),2300.0,,2024-04-12,,1,
Mitchell,Spruce Pine (CDC Contract),2300.0,,2024-04-13,,1,
Mitchell,Spruce Pine (CDC Contract),2300.0,,2024-04-14,,1,
Mitchell,Spruce Pine (CDC Contract),2300.0,,2024-04-15,,1,
Mitchell,Spruce Pine (CDC Contract),2300.0,,2024-04-16,0.0,1,804808.956521738
Mitchell,Spruce Pine (CDC Contract),2300.0,,2024-04-17,,1,
Mitchell,Spruce Pine (CDC Contract),2300.0,,2024-04-18,0.0,1,804808.956521738
Mitchell,Spruce Pine (CDC Contract),2300.0,,2024-04-19,,1,
Mitchell,Spruce Pine (CDC Contract),2300.0,,2024-04-20,,1,
Mitchell,Spruce Pine (CDC Contract),2300.0,,2024-04-21,,1,
Mitchell,Spruce Pine (CDC Contract),2300.0,,2024-04-22,,1,
Mitchell,Spruce Pine (CDC Contract),2300.0,,2024-04-23,3562.157999348412,1,3822475.54989489
Mitchell,Spruce Pine (CDC Contract),2300.0,,2024-04-24,,1,
Mitchell,Spruce Pine (CDC Contract),2300.0,,2024-04-25,25849.20149188531,1,27738225.172805905
Mitchell,Spruce Pine (CDC Contract),2300.0,,2024-04-26,,1,
Mitchell,Spruce Pine (CDC Contract),2300.0,,2024-04-27,,1,
Mitchell,Spruce Pine (CDC Contract),2300.0,,2024-04-28,,1,
Mitchell,Spruce Pine (CDC Contract),2300.0,,2024-04-29,,1,
Mitchell,Spruce Pine (CDC Contract),2300.0,,2024-04-30,69003.84203825027,1,74046546.8090601
Mitchell,Spruce Pine (CDC Contract),2300.0,,2024-05-01,,1,
Mitchell,Spruce Pine (CDC Contract),2300.0,,2024-05-02,12553.566534322705,1,13470963.7108193
Mitchell,Spruce Pine (CDC Contract),2300.0,,2024-05-03,,1,
Mitchell,Spruce Pine (CDC Contract),2300.0,,2024-05-04,,1,
Mitchell,Spruce Pine (CDC Contract),2300.0,,2024-05-05,,1,
Mitchell,Spruce Pine (CDC Contract),2300.0,,2024-05-06,,1,
Mitchell,Spruce Pine (CDC Contract),2300.0,,2024-05-07,8105.631046926102,1,8697979.28643575
Mitchell,Spruce Pine (CDC Contract),2300.0,,2024-05-08,,1,
Mitchell,Spruce Pine (CDC Contract),2300.0,,2024-05-09,,1,
Mitchell,Spruce Pine (CDC Contract),2300.0,,2024-05-10,,1,
Mitchell,Spruce Pine (CDC Contract),2300.0,,2024-05-11,,1,
Mitchell,Spruce Pine (CDC Contract),2300.0,,2024-05-12,,1,
Mitchell,Spruce Pine (CDC Contract),2300.0,,2024-05-13,,1,
Mitchell,Spruce Pine (CDC Contract),2300.0,,2024-05-14,,1,
Mitchell,Spruce Pine (CDC Contract),2300.0,,2024-05-15,,1,
Mitchell,Spruce Pine (CDC Contract),3500.0,,2022-05-23,936030.9315282404,1,769391751.724948
Mitchell,Spruce Pine (CDC Contract),3500.0,,2022-05-24,,1,
Mitchell,Spruce Pine (CDC Contract),3500.0,,2022-05-25,885554.6082886725,1,835171307.770373
Mitchell,Spruce Pine (CDC Contract),3500.0,,2022-05-26,,1,
Mitchell,Spruce Pine (CDC Contract),3500.0,,2022-05-27,,1,
Mitchell,Spruce Pine (CDC Contract),3500.0,,2022-05-28,,1,
Mitchell,Spruce Pine (CDC Contract),3500.0,,2022-05-29,,1,
Mitchell,Spruce Pine (CDC Contract),3500.0,,2022-05-30,,1,
Mitchell,Spruce Pine (CDC Contract),3500.0,,2022-05-31,591589.8318768379,1,457478276.272688
Mitchell,Spruce Pine (CDC Contract),3500.0,,2022-06-01,1702288.6233804915,1,1380823576.05953
Mitchell,Spruce Pine (CDC Contract),3500.0,,2022-06-02,,1,
Mitchell,Spruce Pine (CDC Contract),3500.0,,2022-06-03,,1,
Mitchell,Spruce Pine (CDC Contract),3500.0,,2022-06-04,,1,
Mitchell,Spruce Pine (CDC Contract),3500.0,,2022-06-05,,1,
Mitchell,Spruce Pine (CDC Contract),3500.0,,2022-06-06,1350483.1845802742,1,769739067.9204779
Mitchell,Spruce Pine (CDC Contract),3500.0,,2022-06-07,,1,
Mitchell,Spruce Pine (CDC Contract),3500.0,,2022-06-08,1313217.7696323209,1,742817579.177691
Mitchell,Spruce Pine (CDC Contract),3500.0,,2022-06-09,,1,
Mitchell,Spruce Pine (CDC Contract),3500.0,,2022-06-10,,1,
Mitchell,Spruce Pine (CDC Contract),3500.0,,2022-06-11,,1,
Mitchell,Spruce Pine (CDC Contract),3500.0,,2022-06-12,,1,
Mitchell,Spruce Pine (CDC Contract),3500.0,,2022-06-13,1115977.0746696014,1,682183419.528678
Mitchell,Spruce Pine (CDC Contract),3500.0,,2022-06-14,,1,
Mitchell,Spruce Pine (CDC Contract),3500.0,,2022-06-15,700040.4996994936,1,518629804.480082
Mitchell,Spruce Pine (CDC Contract),3500.0,,2022-06-16,,1,
Mitchell,Spruce Pine (CDC Contract),3500.0,,2022-06-17,,1,
Mitchell,Spruce Pine (CDC Contract),3500.0,,2022-06-18,,1,
Mitchell,Spruce Pine (CDC Contract),3500.0,,2022-06-19,,1,
Mitchell,Spruce Pine (CDC Contract),3500.0,,2022-06-20,357834.49486783467,1,198537844.427341
Mitchell,Spruce Pine (CDC Contract),3500.0,,2022-06-21,,1,
Mitchell,Spruce Pine (CDC Contract),3500.0,,2022-06-22,1348280.6420605816,1,758276114.879199
Mitchell,Spruce Pine (CDC Contract),3500.0,,2022-06-23,,1,
Mitchell,Spruce Pine (CDC Contract),3500.0,,2022-06-24,,1,
Mitchell,Spruce Pine (CDC Contract),3500.0,,2022-06-25,,1,
Mitchell,Spruce Pine (CDC Contract),3500.0,,2022-06-26,,1,
Mitchell,Spruce Pine (CDC Contract),3500.0,,2022-06-27,840279.0533506355,1,455307701.887229
Mitchell,Spruce Pine (CDC Contract),3500.0,,2022-06-28,,1,
Mitchell,Spruce Pine (CDC Contract),3500.0,,2022-06-29,933341.1196191051,1,600621810.615047
Mitchell,Spruce Pine (CDC Contract),3500.0,,2022-06-30,,1,
Mitchell,Spruce Pine (CDC Contract),3500.0,,2022-07-01,,1,
Mitchell,Spruce Pine (CDC Contract),3500.0,,2022-07-02,,1,
Mitchell,Spruce Pine (CDC Contract),3500.0,,2022-07-03,,1,
Mitchell,Spruce Pine (CDC Contract),3500.0,,2022-07-04,,1,
Mitchell,Spruce Pine (CDC Contract),3500.0,,2022-07-05,1452158.246867225,1,777432832.773472
Mitchell,Spruce Pine (CDC Contract),3500.0,,2022-07-06,4458974.439412439,1,2517382560.57738
Mitchell,Spruce Pine (CDC Contract),3500.0,,2022-07-07,,1,
Mitchell,Spruce Pine (CDC Contract),3500.0,,2022-07-08,,1,
Mitchell,Spruce Pine (CDC Contract),3500.0,,2022-07-09,,1,
Mitchell,Spruce Pine (CDC Contract),3500.0,,2022-07-10,,1,
Mitchell,Spruce Pine (CDC Contract),3500.0,,2022-07-11,1062861.7175846915,1,710409848.248705
Mitchell,Spruce Pine (CDC Contract),3500.0,,2022-07-12,,1,
Mitchell,Spruce Pine (CDC Contract),3500.0,,2022-07-13,827453.6474252499,1,389293063.16547
Mitchell,Spruce Pine (CDC Contract),3500.0,,2022-07-14,,1,
Mitchell,Spruce Pine (CDC Contract),3500.0,,2022-07-15,,1,
Mitchell,Spruce Pine (CDC Contract),3500.0,,2022-07-16,,1,
Mitchell,Spruce Pine (CDC Contract),3500.0,,2022-07-17,,1,
Mitchell,Spruce Pine (CDC Contract),3500.0,,2022-07-18,2707002.159522466,1,1595617673.19649
Mitchell,Spruce Pine (CDC Contract),3500.0,,2022-07-19,,1,
Mitchell,Spruce Pine (CDC Contract),3500.0,,2022-07-20,814564.7199623114,1,530353966.042597
Mitchell,Spruce Pine (CDC Contract),3500.0,,2022-07-21,,1,
Mitchell,Spruce Pine (CDC Contract),3500.0,,2022-07-22,,1,
Mitchell,Spruce Pine (CDC Contract),3500.0,,2022-07-23,,1,
Mitchell,Spruce Pine (CDC Contract),3500.0,,2022-07-24,,1,
Mitchell,Spruce Pine (CDC Contract),3500.0,,2022-07-25,2869781.30943148,1,1520857823.62107
Mitchell,Spruce Pine (CDC Contract),3500.0,,2022-07-26,,1,
Mitchell,Spruce Pine (CDC Contract),3500.0,,2022-07-27,705855.5228795733,1,435145409.398785
Mitchell,Spruce Pine (CDC Contract),3500.0,,2022-07-28,,1,
Mitchell,Spruce Pine (CDC Contract),3500.0,,2022-07-29,,1,
Mitchell,Spruce Pine (CDC Contract),3500.0,,2022-07-30,,1,
Mitchell,Spruce Pine (CDC Contract),3500.0,,2022-07-31,,1,
Mitchell,Spruce Pine (CDC Contract),3500.0,,2022-08-01,7319661.412962751,1,4267008332.14489
Mitchell,Spruce Pine (CDC Contract),3500.0,,2022-08-02,,1,
Mitchell,Spruce Pine (CDC Contract),3500.0,,2022-08-03,5048604.551171909,1,2795664481.71975
Mitchell,Spruce Pine (CDC Contract),3500.0,,2022-08-04,,1,
Mitchell,Spruce Pine (CDC Contract),3500.0,,2022-08-05,,1,
Mitchell,Spruce Pine (CDC Contract),3500.0,,2022-08-06,,1,
Mitchell,Spruce Pine (CDC Contract),3500.0,,2022-08-07,,1,
Mitchell,Spruce Pine (CDC Contract),3500.0,,2022-08-08,5288899.567376646,1,2894406803.91653
Mitchell,Spruce Pine (CDC Contract),3500.0,,2022-08-09,,1,
Mitchell,Spruce Pine (CDC Contract),3500.0,,2022-08-10,1177519.191864563,1,652051185.208191
Mitchell,Spruce Pine (CDC Contract),3500.0,,2022-08-11,,1,
Mitchell,Spruce Pine (CDC Contract),3500.0,,2022-08-12,,1,
Mitchell,Spruce Pine (CDC Contract),3500.0,,2022-08-13,,1,
Mitchell,Spruce Pine (CDC Contract),3500.0,,2022-08-14,,1,
Mitchell,Spruce Pine (CDC Contract),3500.0,,2022-08-15,2363516.600006348,1,996935353.6254228
Mitchell,Spruce Pine (CDC Contract),3500.0,,2022-08-16,,1,
Mitchell,Spruce Pine (CDC Contract),3500.0,,2022-08-17,2404783.8434858406,1,1126179649.59139
Mitchell,Spruce Pine (CDC Contract),3500.0,,2022-08-18,,1,
Mitchell,Spruce Pine (CDC Contract),3500.0,,2022-08-19,,1,
Mitchell,Spruce Pine (CDC Contract),3500.0,,2022-08-20,,1,
Mitchell,Spruce Pine (CDC Contract),3500.0,,2022-08-21,,1,
Mitchell,Spruce Pine (CDC Contract),3500.0,,2022-08-22,1099527.6342065746,1,577944521.877553
Mitchell,Spruce Pine (CDC Contract),3500.0,,2022-08-23,,1,
Mitchell,Spruce Pine (CDC Contract),3500.0,,2022-08-24,2181169.0174776874,1,1219617357.64541
Mitchell,Spruce Pine (CDC Contract),3500.0,,2022-08-25,,1,
Mitchell,Spruce Pine (CDC Contract),3500.0,,2022-08-26,,1,
Mitchell,Spruce Pine (CDC Contract),3500.0,,2022-08-27,,1,
Mitchell,Spruce Pine (CDC Contract),3500.0,,2022-08-28,,1,
Mitchell,Spruce Pine (CDC Contract),3500.0,,2022-08-29,2261474.9337124187,1,1017486937.44434
Mitchell,Spruce Pine (CDC Contract),3500.0,,2022-08-30,,1,
Mitchell,Spruce Pine (CDC Contract),3500.0,,2022-08-31,834134.3531853074,1,513324517.351892
Mitchell,Spruce Pine (CDC Contract),3500.0,,2022-09-01,,1,
Mitchell,Spruce Pine (CDC Contract),3500.0,,2022-09-02,,1,
Mitchell,Spruce Pine (CDC Contract),3500.0,,2022-09-03,,1,
Mitchell,Spruce Pine (CDC Contract),3500.0,,2022-09-04,,1,
Mitchell,Spruce Pine (CDC Contract),3500.0,,2022-09-05,,1,
Mitchell,Spruce Pine (CDC Contract),3500.0,,2022-09-06,583076.0864589872,1,1034219713.42807
Mitchell,Spruce Pine (CDC Contract),3500.0,,2022-09-07,,1,
Mitchell,Spruce Pine (CDC Contract),3500.0,,2022-09-08,,1,
Mitchell,Spruce Pine (CDC Contract),3500.0,,2022-09-09,,1,
Mitchell,Spruce Pine (CDC Contract),3500.0,,2022-09-10,,1,
Mitchell,Spruce Pine (CDC Contract),3500.0,,2022-09-11,,1,
Mitchell,Spruce Pine (CDC Contract),3500.0,,2022-09-12,705233.1231081834,1,435524452.590294
Mitchell,Spruce Pine (CDC Contract),3500.0,,2022-09-13,,1,
Mitchell,Spruce Pine (CDC Contract),3500.0,,2022-09-14,355576.9140876613,1,190362977.440223
Mitchell,Spruce Pine (CDC Contract),3500.0,,2022-09-15,,1,
Mitchell,Spruce Pine (CDC Contract),3500.0,,2022-09-16,,1,
Mitchell,Spruce Pine (CDC Contract),3500.0,,2022-09-17,,1,
Mitchell,Spruce Pine (CDC Contract),3500.0,,2022-09-18,,1,
Mitchell,Spruce Pine (CDC Contract),3500.0,,2022-09-19,,1,
Mitchell,Spruce Pine (CDC Contract),3500.0,,2022-09-20,,1,
Mitchell,Spruce Pine (CDC Contract),3500.0,,2022-09-21,,1,
Mitchell,Spruce Pine (CDC Contract),3500.0,,2022-09-22,,1,
Mitchell,Spruce Pine (CDC Contract),3500.0,,2022-09-23,,1,
Mitchell,Spruce Pine (CDC Contract),3500.0,,2022-09-24,,1,
Mitchell,Spruce Pine (CDC Contract),3500.0,,2022-09-25,,1,
Mitchell,Spruce Pine (CDC Contract),3500.0,,2022-09-26,148184.2380647226,1,69235605.0230649
Mitchell,Spruce Pine (CDC Contract),3500.0,,2022-09-27,,1,
Mitchell,Spruce Pine (CDC Contract),3500.0,,2022-09-28,401452.5619803237,1,253121475.956753
Mitchell,Spruce Pine (CDC Contract),3500.0,,2022-09-29,,1,
Mitchell,Spruce Pine (CDC Contract),3500.0,,2022-09-30,,1,
Mitchell,Spruce Pine (CDC Contract),3500.0,,2022-10-01,,1,
Mitchell,Spruce Pine (CDC Contract),3500.0,,2022-10-02,,1,
Mitchell,Spruce Pine (CDC Contract),3500.0,,2022-10-03,93584.35427329787,1,41700781.8407001
Mitchell,Spruce Pine (CDC Contract),3500.0,,2022-10-04,,1,
Mitchell,Spruce Pine (CDC Contract),3500.0,,2022-10-05,,1,
Mitchell,Spruce Pine (CDC Contract),3500.0,,2022-10-06,,1,
Mitchell,Spruce Pine (CDC Contract),3500.0,,2022-10-07,,1,
Mitchell,Spruce Pine (CDC Contract),3500.0,,2022-10-08,,1,
Mitchell,Spruce Pine (CDC Contract),3500.0,,2022-10-09,,1,
Mitchell,Spruce Pine (CDC Contract),3500.0,,2022-10-10,173352.88641979615,1,82682462.0479404
Mitchell,Spruce Pine (CDC Contract),3500.0,,2022-10-11,,1,
Mitchell,Spruce Pine (CDC Contract),3500.0,,2022-10-12,424767.4488181001,1,223729845.505197
Mitchell,Spruce Pine (CDC Contract),3500.0,,2022-10-13,,1,
Mitchell,Spruce Pine (CDC Contract),3500.0,,2022-10-14,,1,
Mitchell,Spruce Pine (CDC Contract),3500.0,,2022-10-15,,1,
Mitchell,Spruce Pine (CDC Contract),3500.0,,2022-10-16,,1,
Mitchell,Spruce Pine (CDC Contract),3500.0,,2022-10-17,154450.81395851987,1,76172599.6252324
Mitchell,Spruce Pine (CDC Contract),3500.0,,2022-10-18,,1,
Mitchell,Spruce Pine (CDC Contract),3500.0,,2022-10-19,111973.76998923685,1,51590487.656786
Mitchell,Spruce Pine (CDC Contract),3500.0,,2022-10-20,,1,
Mitchell,Spruce Pine (CDC Contract),3500.0,,2022-10-21,,1,
Mitchell,Spruce Pine (CDC Contract),3500.0,,2022-10-22,,1,
Mitchell,Spruce Pine (CDC Contract),3500.0,,2022-10-23,,1,
Mitchell,Spruce Pine (CDC Contract),3500.0,,2022-10-24,123775.94721262447,1,54216941.5955317
Mitchell,Spruce Pine (CDC Contract),3500.0,,2022-10-25,,1,
Mitchell,Spruce Pine (CDC Contract),3500.0,,2022-10-26,,1,
Mitchell,Spruce Pine (CDC Contract),3500.0,,2022-10-27,,1,
Mitchell,Spruce Pine (CDC Contract),3500.0,,2022-10-28,,1,
Mitchell,Spruce Pine (CDC Contract),3500.0,,2022-10-29,,1,
Mitchell,Spruce Pine (CDC Contract),3500.0,,2022-10-30,,1,
Mitchell,Spruce Pine (CDC Contract),3500.0,,2022-10-31,391929.42712703603,1,252086034.523042
Mitchell,Spruce Pine (CDC Contract),3500.0,,2022-11-01,,1,
Mitchell,Spruce Pine (CDC Contract),3500.0,,2022-11-02,,1,
Mitchell,Spruce Pine (CDC Contract),3500.0,,2022-11-03,,1,
Mitchell,Spruce Pine (CDC Contract),3500.0,,2022-11-04,,1,
Mitchell,Spruce Pine (CDC Contract),3500.0,,2022-11-05,,1,
Mitchell,Spruce Pine (CDC Contract),3500.0,,2022-11-06,,1,
Mitchell,Spruce Pine (CDC Contract),3500.0,,2022-11-07,439244.8984397113,1,249407645.783052
Mitchell,Spruce Pine (CDC Contract),3500.0,,2022-11-08,,1,
Mitchell,Spruce Pine (CDC Contract),3500.0,,2022-11-09,515431.2210442448,1,299913994.042226
Mitchell,Spruce Pine (CDC Contract),3500.0,,2022-11-10,,1,
Mitchell,Spruce Pine (CDC Contract),3500.0,,2022-11-11,,1,
Mitchell,Spruce Pine (CDC Contract),3500.0,,2022-11-12,,1,
Mitchell,Spruce Pine (CDC Contract),3500.0,,2022-11-13,,1,
Mitchell,Spruce Pine (CDC Contract),3500.0,,2022-11-14,85574.00431196667,1,49052535.1539815
Mitchell,Spruce Pine (CDC Contract),3500.0,,2022-11-15,,1,
Mitchell,Spruce Pine (CDC Contract),3500.0,,2022-11-16,642597.6458532359,1,503177751.175914
Mitchell,Spruce Pine (CDC Contract),3500.0,,2022-11-17,,1,
Mitchell,Spruce Pine (CDC Contract),3500.0,,2022-11-18,,1,
Mitchell,Spruce Pine (CDC Contract),3500.0,,2022-11-19,,1,
Mitchell,Spruce Pine (CDC Contract),3500.0,,2022-11-20,,1,
Mitchell,Spruce Pine (CDC Contract),3500.0,,2022-11-21,726316.0420576558,1,353493867.292077
Mitchell,Spruce Pine (CDC Contract),3500.0,,2022-11-22,,1,
Mitchell,Spruce Pine (CDC Contract),3500.0,,2022-11-23,,1,
Mitchell,Spruce Pine (CDC Contract),3500.0,,2022-11-24,,1,
Mitchell,Spruce Pine (CDC Contract),3500.0,,2022-11-25,,1,
Mitchell,Spruce Pine (CDC Contract),3500.0,,2022-11-26,,1,
Mitchell,Spruce Pine (CDC Contract),3500.0,,2022-11-27,,1,
Mitchell,Spruce Pine (CDC Contract),3500.0,,2022-11-28,1405541.494555586,1,711431774.283898
Mitchell,Spruce Pine (CDC Contract),3500.0,,2022-11-29,,1,
Mitchell,Spruce Pine (CDC Contract),3500.0,,2022-11-30,,1,
Mitchell,Spruce Pine (CDC Contract),3500.0,,2022-12-01,,1,
Mitchell,Spruce Pine (CDC Contract),3500.0,,2022-12-02,,1,
Mitchell,Spruce Pine (CDC Contract),3500.0,,2022-12-03,,1,
Mitchell,Spruce Pine (CDC Contract),3500.0,,2022-12-04,,1,
Mitchell,Spruce Pine (CDC Contract),3500.0,,2022-12-05,1210078.5743718506,1,684477211.636694
Mitchell,Spruce Pine (CDC Contract),3500.0,,2022-12-06,,1,
Mitchell,Spruce Pine (CDC Contract),3500.0,,2022-12-07,688253.8272119081,1,448858734.46553093
Mitchell,Spruce Pine (CDC Contract),3500.0,,2022-12-08,,1,
Mitchell,Spruce Pine (CDC Contract),3500.0,,2022-12-09,,1,
Mitchell,Spruce Pine (CDC Contract),3500.0,,2022-12-10,,1,
Mitchell,Spruce Pine (CDC Contract),3500.0,,2022-12-11,,1,
Mitchell,Spruce Pine (CDC Contract),3500.0,,2022-12-12,1171418.3610426213,1,646138972.16694
Mitchell,Spruce Pine (CDC Contract),3500.0,,2022-12-13,,1,
Mitchell,Spruce Pine (CDC Contract),3500.0,,2022-12-14,753008.4295893265,1,445482755.949709
Mitchell,Spruce Pine (CDC Contract),3500.0,,2022-12-15,,1,
Mitchell,Spruce Pine (CDC Contract),3500.0,,2022-12-16,,1,
Mitchell,Spruce Pine (CDC Contract),3500.0,,2022-12-17,,1,
Mitchell,Spruce Pine (CDC Contract),3500.0,,2022-12-18,,1,
Mitchell,Spruce Pine (CDC Contract),3500.0,,2022-12-19,2236351.0407441193,1,1153724428.72423
Mitchell,Spruce Pine (CDC Contract),3500.0,,2022-12-20,,1,
Mitchell,Spruce Pine (CDC Contract),3500.0,,2022-12-21,,1,
Mitchell,Spruce Pine (CDC Contract),3500.0,,2022-12-22,,1,
Mitchell,Spruce Pine (CDC Contract),3500.0,,2022-12-23,,1,
Mitchell,Spruce Pine (CDC Contract),3500.0,,2022-12-24,,1,
Mitchell,Spruce Pine (CDC Contract),3500.0,,2022-12-25,,1,
Mitchell,Spruce Pine (CDC Contract),3500.0,,2022-12-26,,1,
Mitchell,Spruce Pine (CDC Contract),3500.0,,2022-12-27,3329181.3633939433,1,1872339208.33016
Mitchell,Spruce Pine (CDC Contract),3500.0,,2022-12-28,,1,
Mitchell,Spruce Pine (CDC Contract),3500.0,,2022-12-29,,1,
Mitchell,Spruce Pine (CDC Contract),3500.0,,2022-12-30,,1,
Mitchell,Spruce Pine (CDC Contract),3500.0,,2022-12-31,,1,
Mitchell,Spruce Pine (CDC Contract),3500.0,,2023-01-01,,1,
Mitchell,Spruce Pine (CDC Contract),3500.0,,2023-01-02,,1,
Mitchell,Spruce Pine (CDC Contract),3500.0,,2023-01-03,,1,
Mitchell,Spruce Pine (CDC Contract),3500.0,,2023-01-04,3444919.446096515,1,2127447799.62454
Mitchell,Spruce Pine (CDC Contract),3500.0,,2023-01-05,,1,
Mitchell,Spruce Pine (CDC Contract),3500.0,,2023-01-06,,1,
Mitchell,Spruce Pine (CDC Contract),3500.0,,2023-01-07,,1,
Mitchell,Spruce Pine (CDC Contract),3500.0,,2023-01-08,,1,
Mitchell,Spruce Pine (CDC Contract),3500.0,,2023-01-09,790486.9069213681,1,483899134.800699
Mitchell,Spruce Pine (CDC Contract),3500.0,,2023-01-10,,1,
Mitchell,Spruce Pine (CDC Contract),3500.0,,2023-01-11,963108.9888993487,1,595820166.423865
Mitchell,Spruce Pine (CDC Contract),3500.0,,2023-01-12,,1,
Mitchell,Spruce Pine (CDC Contract),3500.0,,2023-01-13,,1,
Mitchell,Spruce Pine (CDC Contract),3500.0,,2023-01-14,,1,
Mitchell,Spruce Pine (CDC Contract),3500.0,,2023-01-15,,1,
Mitchell,Spruce Pine (CDC Contract),3500.0,,2023-01-16,,1,
Mitchell,Spruce Pine (CDC Contract),3500.0,,2023-01-17,788877.7197533522,1,477794835.256694
Mitchell,Spruce Pine (CDC Contract),3500.0,,2023-01-18,,1,
Mitchell,Spruce Pine (CDC Contract),3500.0,,2023-01-19,,1,
Mitchell,Spruce Pine (CDC Contract),3500.0,,2023-01-20,,1,
Mitchell,Spruce Pine (CDC Contract),3500.0,,2023-01-21,,1,
Mitchell,Spruce Pine (CDC Contract),3500.0,,2023-01-22,,1,
Mitchell,Spruce Pine (CDC Contract),3500.0,,2023-01-23,1040143.1541532973,1,638976938.507348
Mitchell,Spruce Pine (CDC Contract),3500.0,,2023-01-24,,1,
Mitchell,Spruce Pine (CDC Contract),3500.0,,2023-01-25,1361834.0343630323,1,813030793.608618
Mitchell,Spruce Pine (CDC Contract),3500.0,,2023-01-26,,1,
Mitchell,Spruce Pine (CDC Contract),3500.0,,2023-01-27,,1,
Mitchell,Spruce Pine (CDC Contract),3500.0,,2023-01-28,,1,
Mitchell,Spruce Pine (CDC Contract),3500.0,,2023-01-29,,1,
Mitchell,Spruce Pine (CDC Contract),3500.0,,2023-01-30,866584.6800123863,1,527670889.047352
Mitchell,Spruce Pine (CDC Contract),3500.0,,2023-01-31,,1,
Mitchell,Spruce Pine (CDC Contract),3500.0,,2023-02-01,314597.77428320947,1,209594600.999812
Mitchell,Spruce Pine (CDC Contract),3500.0,,2023-02-02,,1,
Mitchell,Spruce Pine (CDC Contract),3500.0,,2023-02-03,,1,
Mitchell,Spruce Pine (CDC Contract),3500.0,,2023-02-04,,1,
Mitchell,Spruce Pine (CDC Contract),3500.0,,2023-02-05,,1,
Mitchell,Spruce Pine (CDC Contract),3500.0,,2023-02-06,2020076.7152701209,1,1105508568.39419
Mitchell,Spruce Pine (CDC Contract),3500.0,,2023-02-07,,1,
Mitchell,Spruce Pine (CDC Contract),3500.0,,2023-02-08,3117364.4295271765,1,1679038489.46943
Mitchell,Spruce Pine (CDC Contract),3500.0,,2023-02-09,,1,
Mitchell,Spruce Pine (CDC Contract),3500.0,,2023-02-10,,1,
Mitchell,Spruce Pine (CDC Contract),3500.0,,2023-02-11,,1,
Mitchell,Spruce Pine (CDC Contract),3500.0,,2023-02-12,,1,
Mitchell,Spruce Pine (CDC Contract),3500.0,,2023-02-13,,1,
Mitchell,Spruce Pine (CDC Contract),3500.0,,2023-02-14,,1,
Mitchell,Spruce Pine (CDC Contract),3500.0,,2023-02-15,233211.250220674,1,148562269.548218
Mitchell,Spruce Pine (CDC Contract),3500.0,,2023-02-16,,1,
Mitchell,Spruce Pine (CDC Contract),3500.0,,2023-02-17,,1,
Mitchell,Spruce Pine (CDC Contract),3500.0,,2023-02-18,,1,
Mitchell,Spruce Pine (CDC Contract),3500.0,,2023-02-19,,1,
Mitchell,Spruce Pine (CDC Contract),3500.0,,2023-02-20,,1,
Mitchell,Spruce Pine (CDC Contract),3500.0,,2023-02-21,,1,
Mitchell,Spruce Pine (CDC Contract),3500.0,,2023-02-22,696081.2452548579,1,484830054.024946
Mitchell,Spruce Pine (CDC Contract),3500.0,,2023-02-23,,1,
Mitchell,Spruce Pine (CDC Contract),3500.0,,2023-02-24,,1,
Mitchell,Spruce Pine (CDC Contract),3500.0,,2023-02-25,,1,
Mitchell,Spruce Pine (CDC Contract),3500.0,,2023-02-26,,1,
Mitchell,Spruce Pine (CDC Contract),3500.0,,2023-02-27,968265.2022999618,1,661843238.048268
Mitchell,Spruce Pine (CDC Contract),3500.0,,2023-02-28,,1,
Mitchell,Spruce Pine (CDC Contract),3500.0,,2023-03-01,723634.7788877726,1,499325612.770611
Mitchell,Spruce Pine (CDC Contract),3500.0,,2023-03-02,,1,
Mitchell,Spruce Pine (CDC Contract),3500.0,,2023-03-03,,1,
Mitchell,Spruce Pine (CDC Contract),3500.0,,2023-03-04,,1,
Mitchell,Spruce Pine (CDC Contract),3500.0,,2023-03-05,,1,
Mitchell,Spruce Pine (CDC Contract),3500.0,,2023-03-06,207069.15830564708,1,161694910.09024
Mitchell,Spruce Pine (CDC Contract),3500.0,,2023-03-07,,1,
Mitchell,Spruce Pine (CDC Contract),3500.0,,2023-03-08,182306.66931632924,1,145118942.342315
Mitchell,Spruce Pine (CDC Contract),3500.0,,2023-03-09,,1,
Mitchell,Spruce Pine (CDC Contract),3500.0,,2023-03-10,,1,
Mitchell,Spruce Pine (CDC Contract),3500.0,,2023-03-11,,1,
Mitchell,Spruce Pine (CDC Contract),3500.0,,2023-03-12,,1,
Mitchell,Spruce Pine (CDC Contract),3500.0,,2023-03-13,,1,
Mitchell,Spruce Pine (CDC Contract),3500.0,,2023-03-14,280826.5460621853,1,211696983.657789
Mitchell,Spruce Pine (CDC Contract),3500.0,,2023-03-15,3706780.9513530955,1,2565787174.99465
Mitchell,Spruce Pine (CDC Contract),3500.0,,2023-03-16,,1,
Mitchell,Spruce Pine (CDC Contract),3500.0,,2023-03-17,,1,
Mitchell,Spruce Pine (CDC Contract),3500.0,,2023-03-18,,1,
Mitchell,Spruce Pine (CDC Contract),3500.0,,2023-03-19,,1,
Mitchell,Spruce Pine (CDC Contract),3500.0,,2023-03-20,874705.4721829516,1,504234765.804547
Mitchell,Spruce Pine (CDC Contract),3500.0,,2023-03-21,,1,
Mitchell,Spruce Pine (CDC Contract),3500.0,,2023-03-22,612655.8690121007,1,394255079.514929
Mitchell,Spruce Pine (CDC Contract),3500.0,,2023-03-23,,1,
Mitchell,Spruce Pine (CDC Contract),3500.0,,2023-03-24,,1,
Mitchell,Spruce Pine (CDC Contract),3500.0,,2023-03-25,,1,
Mitchell,Spruce Pine (CDC Contract),3500.0,,2023-03-26,,1,
Mitchell,Spruce Pine (CDC Contract),3500.0,,2023-03-27,3781100.5297807027,1,2326881271.7002
Mitchell,Spruce Pine (CDC Contract),3500.0,,2023-03-28,,1,
Mitchell,Spruce Pine (CDC Contract),3500.0,,2023-03-29,438543.4150527526,1,284582098.858404
Mitchell,Spruce Pine (CDC Contract),3500.0,,2023-03-30,,1,
Mitchell,Spruce Pine (CDC Contract),3500.0,,2023-03-31,,1,
Mitchell,Spruce Pine (CDC Contract),3500.0,,2023-04-01,,1,
Mitchell,Spruce Pine (CDC Contract),3500.0,,2023-04-02,,1,
Mitchell,Spruce Pine (CDC Contract),3500.0,,2023-04-03,435323.1913643129,1,265542868.12715
Mitchell,Spruce Pine (CDC Contract),3500.0,,2023-04-04,,1,
Mitchell,Spruce Pine (CDC Contract),3500.0,,2023-04-05,1231128.1847554683,1,769617342.991832
Mitchell,Spruce Pine (CDC Contract),3500.0,,2023-04-06,,1,
Mitchell,Spruce Pine (CDC Contract),3500.0,,2023-04-07,,1,
Mitchell,Spruce Pine (CDC Contract),3500.0,,2023-04-08,,1,
Mitchell,Spruce Pine (CDC Contract),3500.0,,2023-04-09,,1,
Mitchell,Spruce Pine (CDC Contract),3500.0,,2023-04-10,568886.8492351169,1,340862631.605262
Mitchell,Spruce Pine (CDC Contract),3500.0,,2023-04-11,,1,
Mitchell,Spruce Pine (CDC Contract),3500.0,,2023-04-12,401138.82620050234,1,234712218.220104
Mitchell,Spruce Pine (CDC Contract),3500.0,,2023-04-13,,1,
Mitchell,Spruce Pine (CDC Contract),3500.0,,2023-04-14,,1,
Mitchell,Spruce Pine (CDC Contract),3500.0,,2023-04-15,,1,
Mitchell,Spruce Pine (CDC Contract),3500.0,,2023-04-16,,1,
Mitchell,Spruce Pine (CDC Contract),3500.0,,2023-04-17,553219.2476205748,1,279420262.100955
Mitchell,Spruce Pine (CDC Contract),3500.0,,2023-04-18,,1,
Mitchell,Spruce Pine (CDC Contract),3500.0,,2023-04-19,761991.2933933251,1,446676422.39143
Mitchell,Spruce Pine (CDC Contract),3500.0,,2023-04-20,,1,
Mitchell,Spruce Pine (CDC Contract),3500.0,,2023-04-21,,1,
Mitchell,Spruce Pine (CDC Contract),3500.0,,2023-04-22,,1,
Mitchell,Spruce Pine (CDC Contract),3500.0,,2023-04-23,,1,
Mitchell,Spruce Pine (CDC Contract),3500.0,,2023-04-24,316923.61988428264,1,163499609.6939
Mitchell,Spruce Pine (CDC Contract),3500.0,,2023-04-25,,1,
Mitchell,Spruce Pine (CDC Contract),3500.0,,2023-04-26,514411.0807042138,1,309334842.263753
Mitchell,Spruce Pine (CDC Contract),3500.0,,2023-04-27,,1,
Mitchell,Spruce Pine (CDC Contract),3500.0,,2023-04-28,,1,
Mitchell,Spruce Pine (CDC Contract),3500.0,,2023-04-29,,1,
Mitchell,Spruce Pine (CDC Contract),3500.0,,2023-04-30,,1,
Mitchell,Spruce Pine (CDC Contract),3500.0,,2023-05-01,251643.2898712508,1,158943193.581577
Mitchell,Spruce Pine (CDC Contract),3500.0,,2023-05-02,,1,
Mitchell,Spruce Pine (CDC Contract),3500.0,,2023-05-03,290569.5385111676,1,166873870.115306
Mitchell,Spruce Pine (CDC Contract),3500.0,,2023-05-04,,1,
Mitchell,Spruce Pine (CDC Contract),3500.0,,2023-05-05,,1,
Mitchell,Spruce Pine (CDC Contract),3500.0,,2023-05-06,,1,
Mitchell,Spruce Pine (CDC Contract),3500.0,,2023-05-07,,1,
Mitchell,Spruce Pine (CDC Contract),3500.0,,2023-05-08,89789.52345094338,1,52731391.2299035
Mitchell,Spruce Pine (CDC Contract),3500.0,,2023-05-09,,1,
Mitchell,Spruce Pine (CDC Contract),3500.0,,2023-05-10,140823.19288013302,1,97932962.718056
Mitchell,Spruce Pine (CDC Contract),3500.0,,2023-05-11,,1,
Mitchell,Spruce Pine (CDC Contract),3500.0,,2023-05-12,,1,
Mitchell,Spruce Pine (CDC Contract),3500.0,,2023-05-13,,1,
Mitchell,Spruce Pine (CDC Contract),3500.0,,2023-05-14,,1,
Mitchell,Spruce Pine (CDC Contract),3500.0,,2023-05-15,57636.860487061494,1,31542387.7925679
Mitchell,Spruce Pine (CDC Contract),3500.0,,2023-05-16,,1,
Mitchell,Spruce Pine (CDC Contract),3500.0,,2023-05-17,217840.7301353629,1,132880704.319395
Mitchell,Spruce Pine (CDC Contract),3500.0,,2023-05-18,,1,
Mitchell,Spruce Pine (CDC Contract),3500.0,,2023-05-19,,1,
Mitchell,Spruce Pine (CDC Contract),3500.0,,2023-05-20,,1,
Mitchell,Spruce Pine (CDC Contract),3500.0,,2023-05-21,,1,
Mitchell,Spruce Pine (CDC Contract),3500.0,,2023-05-22,519586.86088795454,1,276482085.364854
Mitchell,Spruce Pine (CDC Contract),3500.0,,2023-05-23,,1,
Mitchell,Spruce Pine (CDC Contract),3500.0,,2023-05-24,,1,
Mitchell,Spruce Pine (CDC Contract),3500.0,,2023-05-25,2082976.9149324244,1,1324663336.71591
Mitchell,Spruce Pine (CDC Contract),3500.0,,2023-05-26,,1,
Mitchell,Spruce Pine (CDC Contract),3500.0,,2023-05-27,,1,
Mitchell,Spruce Pine (CDC Contract),3500.0,,2023-05-28,,1,
Mitchell,Spruce Pine (CDC Contract),3500.0,,2023-05-29,,1,
Mitchell,Spruce Pine (CDC Contract),3500.0,,2023-05-30,,1,
Mitchell,Spruce Pine (CDC Contract),3500.0,,2023-05-31,685561.0384283373,1,461190386.722012
Mitchell,Spruce Pine (CDC Contract),3500.0,,2023-06-01,,1,
Mitchell,Spruce Pine (CDC Contract),3500.0,,2023-06-02,,1,
Mitchell,Spruce Pine (CDC Contract),3500.0,,2023-06-03,,1,
Mitchell,Spruce Pine (CDC Contract),3500.0,,2023-06-04,,1,
Mitchell,Spruce Pine (CDC Contract),3500.0,,2023-06-05,2711521.492316967,1,1683327726.95073
Mitchell,Spruce Pine (CDC Contract),3500.0,,2023-06-06,,1,
Mitchell,Spruce Pine (CDC Contract),3500.0,,2023-06-07,181716.72430971946,1,119099861.671548
Mitchell,Spruce Pine (CDC Contract),3500.0,,2023-06-08,,1,
Mitchell,Spruce Pine (CDC Contract),3500.0,,2023-06-09,,1,
Mitchell,Spruce Pine (CDC Contract),3500.0,,2023-06-10,,1,
Mitchell,Spruce Pine (CDC Contract),3500.0,,2023-06-11,,1,
Mitchell,Spruce Pine (CDC Contract),3500.0,,2023-06-12,73954.43768499984,1,48710800.3438268
Mitchell,Spruce Pine (CDC Contract),3500.0,,2023-06-13,,1,
Mitchell,Spruce Pine (CDC Contract),3500.0,,2023-06-14,175739.93056077082,1,117653495.033313
Mitchell,Spruce Pine (CDC Contract),3500.0,,2023-06-15,,1,
Mitchell,Spruce Pine (CDC Contract),3500.0,,2023-06-16,,1,
Mitchell,Spruce Pine (CDC Contract),3500.0,,2023-06-17,,1,
Mitchell,Spruce Pine (CDC Contract),3500.0,,2023-06-18,,1,
Mitchell,Spruce Pine (CDC Contract),3500.0,,2023-06-19,,1,
Mitchell,Spruce Pine (CDC Contract),3500.0,,2023-06-20,,1,
Mitchell,Spruce Pine (CDC Contract),3500.0,,2023-06-21,265704.4419255388,1,635089338.219289
Mitchell,Spruce Pine (CDC Contract),3500.0,,2023-06-22,,1,
Mitchell,Spruce Pine (CDC Contract),3500.0,,2023-06-23,,1,
Mitchell,Spruce Pine (CDC Contract),3500.0,,2023-06-24,,1,
Mitchell,Spruce Pine (CDC Contract),3500.0,,2023-06-25,,1,
Mitchell,Spruce Pine (CDC Contract),3500.0,,2023-06-26,987539.5813461491,1,763667461.950802
Mitchell,Spruce Pine (CDC Contract),3500.0,,2023-06-27,,1,
Mitchell,Spruce Pine (CDC Contract),3500.0,,2023-06-28,,1,
Mitchell,Spruce Pine (CDC Contract),3500.0,,2023-06-29,710473.4027420714,1,556326982.162183
Mitchell,Spruce Pine (CDC Contract),3500.0,,2023-06-30,,1,
Mitchell,Spruce Pine (CDC Contract),3500.0,,2023-07-01,,1,
Mitchell,Spruce Pine (CDC Contract),3500.0,,2023-07-02,,1,
Mitchell,Spruce Pine (CDC Contract),3500.0,,2023-07-03,674120.4372218694,1,465888601.844321
Mitchell,Spruce Pine (CDC Contract),3500.0,,2023-07-04,,1,
Mitchell,Spruce Pine (CDC Contract),3500.0,,2023-07-05,425250.17015643255,1,276415696.702915
Mitchell,Spruce Pine (CDC Contract),3500.0,,2023-07-06,,1,
Mitchell,Spruce Pine (CDC Contract),3500.0,,2023-07-07,,1,
Mitchell,Spruce Pine (CDC Contract),3500.0,,2023-07-08,,1,
Mitchell,Spruce Pine (CDC Contract),3500.0,,2023-07-09,,1,
Mitchell,Spruce Pine (CDC Contract),3500.0,,2023-07-10,243447.47422899125,1,149817060.923004
Mitchell,Spruce Pine (CDC Contract),3500.0,,2023-07-11,,1,
Mitchell,Spruce Pine (CDC Contract),3500.0,,2023-07-12,126884.72853878404,1,102374528.786397
Mitchell,Spruce Pine (CDC Contract),3500.0,,2023-07-13,,1,
Mitchell,Spruce Pine (CDC Contract),3500.0,,2023-07-14,,1,
Mitchell,Spruce Pine (CDC Contract),3500.0,,2023-07-15,,1,
Mitchell,Spruce Pine (CDC Contract),3500.0,,2023-07-16,,1,
Mitchell,Spruce Pine (CDC Contract),3500.0,,2023-07-17,165298.05666147213,1,112271913.598577
Mitchell,Spruce Pine (CDC Contract),3500.0,,2023-07-18,,1,
Mitchell,Spruce Pine (CDC Contract),3500.0,,2023-07-19,81084.32646880578,1,56125551.4358889
Mitchell,Spruce Pine (CDC Contract),3500.0,,2023-07-20,,1,
Mitchell,Spruce Pine (CDC Contract),3500.0,,2023-07-21,,1,
Mitchell,Spruce Pine (CDC Contract),3500.0,,2023-07-22,,1,
Mitchell,Spruce Pine (CDC Contract),3500.0,,2023-07-23,,1,
Mitchell,Spruce Pine (CDC Contract),3500.0,,2023-07-24,,1,
Mitchell,Spruce Pine (CDC Contract),3500.0,,2023-07-25,,1,
Mitchell,Spruce Pine (CDC Contract),3500.0,,2023-07-26,231071.2040696846,1,156695708.22861
Mitchell,Spruce Pine (CDC Contract),3500.0,,2023-07-27,,1,
Mitchell,Spruce Pine (CDC Contract),3500.0,,2023-07-28,,1,
Mitchell,Spruce Pine (CDC Contract),3500.0,,2023-07-29,,1,
Mitchell,Spruce Pine (CDC Contract),3500.0,,2023-07-30,,1,
Mitchell,Spruce Pine (CDC Contract),3500.0,,2023-07-31,179009.69063487378,1,109774971.834539
Mitchell,Spruce Pine (CDC Contract),3500.0,,2023-08-01,,1,
Mitchell,Spruce Pine (CDC Contract),3500.0,,2023-08-02,17547.144992918056,1,11937155.2887842
Mitchell,Spruce Pine (CDC Contract),3500.0,,2023-08-03,,1,
Mitchell,Spruce Pine (CDC Contract),3500.0,,2023-08-04,,1,
Mitchell,Spruce Pine (CDC Contract),3500.0,,2023-08-05,,1,
Mitchell,Spruce Pine (CDC Contract),3500.0,,2023-08-06,,1,
Mitchell,Spruce Pine (CDC Contract),3500.0,,2023-08-07,81876.01233144705,1,59330118.9266394
Mitchell,Spruce Pine (CDC Contract),3500.0,,2023-08-08,,1,
Mitchell,Spruce Pine (CDC Contract),3500.0,,2023-08-09,45233.983107801134,1,32631301.717352
Mitchell,Spruce Pine (CDC Contract),3500.0,,2023-08-10,,1,
Mitchell,Spruce Pine (CDC Contract),3500.0,,2023-08-11,,1,
Mitchell,Spruce Pine (CDC Contract),3500.0,,2023-08-12,,1,
Mitchell,Spruce Pine (CDC Contract),3500.0,,2023-08-13,,1,
Mitchell,Spruce Pine (CDC Contract),3500.0,,2023-08-14,354210.3800106917,1,241732128.755071
Mitchell,Spruce Pine (CDC Contract),3500.0,,2023-08-15,,1,
Mitchell,Spruce Pine (CDC Contract),3500.0,,2023-08-16,109784.01033167078,1,89764500.8252535
Mitchell,Spruce Pine (CDC Contract),3500.0,,2023-08-17,,1,
Mitchell,Spruce Pine (CDC Contract),3500.0,,2023-08-18,,1,
Mitchell,Spruce Pine (CDC Contract),3500.0,,2023-08-19,,1,
Mitchell,Spruce Pine (CDC Contract),3500.0,,2023-08-20,,1,
Mitchell,Spruce Pine (CDC Contract),3500.0,,2023-08-21,296771.99920422374,1,192582981.563601
Mitchell,Spruce Pine (CDC Contract),3500.0,,2023-08-22,,1,
Mitchell,Spruce Pine (CDC Contract),3500.0,,2023-08-23,600555.9205742504,1,409851515.67973
Mitchell,Spruce Pine (CDC Contract),3500.0,,2023-08-24,,1,
Mitchell,Spruce Pine (CDC Contract),3500.0,,2023-08-25,,1,
Mitchell,Spruce Pine (CDC Contract),3500.0,,2023-08-26,,1,
Mitchell,Spruce Pine (CDC Contract),3500.0,,2023-08-27,,1,
Mitchell,Spruce Pine (CDC Contract),3500.0,,2023-08-28,477881.23162516294,1,391254717.698508
Mitchell,Spruce Pine (CDC Contract),3500.0,,2023-08-29,,1,
Mitchell,Spruce Pine (CDC Contract),3500.0,,2023-08-30,456654.3952270465,1,324486583.666844
Mitchell,Spruce Pine (CDC Contract),3500.0,,2023-08-31,,1,
Mitchell,Spruce Pine (CDC Contract),3500.0,,2023-09-01,,1,
Mitchell,Spruce Pine (CDC Contract),3500.0,,2023-09-02,,1,
Mitchell,Spruce Pine (CDC Contract),3500.0,,2023-09-03,,1,
Mitchell,Spruce Pine (CDC Contract),3500.0,,2023-09-04,,1,
Mitchell,Spruce Pine (CDC Contract),3500.0,,2023-09-05,,1,
Mitchell,Spruce Pine (CDC Contract),3500.0,,2023-09-06,930699.5040052284,1,517387979.961472
Mitchell,Spruce Pine (CDC Contract),3500.0,,2023-09-07,,1,
Mitchell,Spruce Pine (CDC Contract),3500.0,,2023-09-08,,1,
Mitchell,Spruce Pine (CDC Contract),3500.0,,2023-09-09,,1,
Mitchell,Spruce Pine (CDC Contract),3500.0,,2023-09-10,,1,
Mitchell,Spruce Pine (CDC Contract),3500.0,,2023-09-11,336182.449050831,1,227247329.042325
Mitchell,Spruce Pine (CDC Contract),3500.0,,2023-09-12,,1,
Mitchell,Spruce Pine (CDC Contract),3500.0,,2023-09-13,588043.9221726329,1,377144859.301265
Mitchell,Spruce Pine (CDC Contract),3500.0,,2023-09-14,,1,
Mitchell,Spruce Pine (CDC Contract),3500.0,,2023-09-15,,1,
Mitchell,Spruce Pine (CDC Contract),3500.0,,2023-09-16,,1,
Mitchell,Spruce Pine (CDC Contract),3500.0,,2023-09-17,,1,
Mitchell,Spruce Pine (CDC Contract),3500.0,,2023-09-18,,1,
Mitchell,Spruce Pine (CDC Contract),3500.0,,2023-09-19,,1,
Mitchell,Spruce Pine (CDC Contract),3500.0,,2023-09-20,,1,
Mitchell,Spruce Pine (CDC Contract),3500.0,,2023-09-21,,1,
Mitchell,Spruce Pine (CDC Contract),3500.0,,2023-09-22,,1,
Mitchell,Spruce Pine (CDC Contract),3500.0,,2023-09-23,,1,
Mitchell,Spruce Pine (CDC Contract),3500.0,,2023-09-24,,1,
Mitchell,Spruce Pine (CDC Contract),3500.0,,2023-09-25,,1,
Mitchell,Spruce Pine (CDC Contract),3500.0,,2023-09-26,,1,
Mitchell,Spruce Pine (CDC Contract),3500.0,,2023-09-27,,1,
Mitchell,Spruce Pine (CDC Contract),3500.0,,2023-09-28,,1,
Mitchell,Spruce Pine (CDC Contract),3500.0,,2023-09-29,,1,
Mitchell,Spruce Pine (CDC Contract),3500.0,,2023-09-30,,1,
Mitchell,Spruce Pine (CDC Contract),3500.0,,2023-10-01,,1,
Mitchell,Spruce Pine (CDC Contract),3500.0,,2023-10-02,,1,
Mitchell,Spruce Pine (CDC Contract),3500.0,,2023-10-03,,1,
Mitchell,Spruce Pine (CDC Contract),3500.0,,2023-10-04,,1,
Mitchell,Spruce Pine (CDC Contract),3500.0,,2023-10-05,,1,
Mitchell,Spruce Pine (CDC Contract),3500.0,,2023-10-06,,1,
Mitchell,Spruce Pine (CDC Contract),3500.0,,2023-10-07,,1,
Mitchell,Spruce Pine (CDC Contract),3500.0,,2023-10-08,,1,
Mitchell,Spruce Pine (CDC Contract),3500.0,,2023-10-09,,1,
Mitchell,Spruce Pine (CDC Contract),3500.0,,2023-10-10,,1,
Mitchell,Spruce Pine (CDC Contract),3500.0,,2023-10-11,,1,
Mitchell,Spruce Pine (CDC Contract),3500.0,,2023-10-12,,1,
Mitchell,Spruce Pine (CDC Contract),3500.0,,2023-10-13,,1,
Mitchell,Spruce Pine (CDC Contract),3500.0,,2023-10-14,,1,
Mitchell,Spruce Pine (CDC Contract),3500.0,,2023-10-15,,1,
Mitchell,Spruce Pine (CDC Contract),3500.0,,2023-10-16,,1,
Mitchell,Spruce Pine (CDC Contract),3500.0,,2023-10-17,,1,
Mitchell,Spruce Pine (CDC Contract),3500.0,,2023-10-18,,1,
Mitchell,Spruce Pine (CDC Contract),3500.0,,2023-10-19,,1,
Mitchell,Spruce Pine (CDC Contract),3500.0,,2023-10-20,,1,
Mitchell,Spruce Pine (CDC Contract),3500.0,,2023-10-21,,1,
Mitchell,Spruce Pine (CDC Contract),3500.0,,2023-10-22,,1,
Mitchell,Spruce Pine (CDC Contract),3500.0,,2023-10-23,,1,
Mitchell,Spruce Pine (CDC Contract),3500.0,,2023-10-24,,1,
Mitchell,Spruce Pine (CDC Contract),3500.0,,2023-10-25,,1,
Mitchell,Spruce Pine (CDC Contract),3500.0,,2023-10-26,,1,
Mitchell,Spruce Pine (CDC Contract),3500.0,,2023-10-27,,1,
Mitchell,Spruce Pine (CDC Contract),3500.0,,2023-10-28,,1,
Mitchell,Spruce Pine (CDC Contract),3500.0,,2023-10-29,,1,
Mitchell,Spruce Pine (CDC Contract),3500.0,,2023-10-30,,1,
Mitchell,Spruce Pine (CDC Contract),3500.0,,2023-10-31,,1,
Mitchell,Spruce Pine (CDC Contract),3500.0,,2023-11-01,,1,
Mitchell,Spruce Pine (CDC Contract),3500.0,,2023-11-02,,1,
Mitchell,Spruce Pine (CDC Contract),3500.0,,2023-11-03,,1,
Mitchell,Spruce Pine (CDC Contract),3500.0,,2023-11-04,,1,
Mitchell,Spruce Pine (CDC Contract),3500.0,,2023-11-05,,1,
Mitchell,Spruce Pine (CDC Contract),3500.0,,2023-11-06,,1,
Mitchell,Spruce Pine (CDC Contract),3500.0,,2023-11-07,,1,
Mitchell,Spruce Pine (CDC Contract),3500.0,,2023-11-08,,1,
Mitchell,Spruce Pine (CDC Contract),3500.0,,2023-11-09,,1,
Mitchell,Spruce Pine (CDC Contract),3500.0,,2023-11-10,,1,
Mitchell,Spruce Pine (CDC Contract),3500.0,,2023-11-11,,1,
Mitchell,Spruce Pine (CDC Contract),3500.0,,2023-11-12,,1,
Mitchell,Spruce Pine (CDC Contract),3500.0,,2023-11-13,,1,
Mitchell,Spruce Pine (CDC Contract),3500.0,,2023-11-14,,1,
Mitchell,Spruce Pine (CDC Contract),3500.0,,2023-11-15,,1,
Mitchell,Spruce Pine (CDC Contract),3500.0,,2023-11-16,,1,
Mitchell,Spruce Pine (CDC Contract),3500.0,,2023-11-17,,1,
Mitchell,Spruce Pine (CDC Contract),3500.0,,2023-11-18,,1,
Mitchell,Spruce Pine (CDC Contract),3500.0,,2023-11-19,,1,
Mitchell,Spruce Pine (CDC Contract),3500.0,,2023-11-20,,1,
Mitchell,Spruce Pine (CDC Contract),3500.0,,2023-11-21,,1,
Mitchell,Spruce Pine (CDC Contract),3500.0,,2023-11-22,,1,
Mitchell,Spruce Pine (CDC Contract),3500.0,,2023-11-23,,1,
Mitchell,Spruce Pine (CDC Contract),3500.0,,2023-11-24,,1,
Mitchell,Spruce Pine (CDC Contract),3500.0,,2023-11-25,,1,
Mitchell,Spruce Pine (CDC Contract),3500.0,,2023-11-26,,1,
Mitchell,Spruce Pine (CDC Contract),3500.0,,2023-11-27,,1,
Mitchell,Spruce Pine (CDC Contract),3500.0,,2023-11-28,,1,
Mitchell,Spruce Pine (CDC Contract),3500.0,,2023-11-29,,1,
Mitchell,Spruce Pine (CDC Contract),3500.0,,2023-11-30,,1,
Mitchell,Spruce Pine (CDC Contract),3500.0,,2023-12-01,,1,
Mitchell,Spruce Pine (CDC Contract),3500.0,,2023-12-02,,1,
Mitchell,Spruce Pine (CDC Contract),3500.0,,2023-12-03,,1,
Mitchell,Spruce Pine (CDC Contract),3500.0,,2023-12-04,,1,
Mitchell,Spruce Pine (CDC Contract),3500.0,,2023-12-05,,1,
Mitchell,Spruce Pine (CDC Contract),3500.0,,2023-12-06,,1,
Mitchell,Spruce Pine (CDC Contract),3500.0,,2023-12-07,,1,
Mitchell,Spruce Pine (CDC Contract),3500.0,,2023-12-08,,1,
Mitchell,Spruce Pine (CDC Contract),3500.0,,2023-12-09,,1,
Mitchell,Spruce Pine (CDC Contract),3500.0,,2023-12-10,,1,
Mitchell,Spruce Pine (CDC Contract),3500.0,,2023-12-11,,1,
Mitchell,Spruce Pine (CDC Contract),3500.0,,2023-12-12,,1,
Mitchell,Spruce Pine (CDC Contract),3500.0,,2023-12-13,,1,
Mitchell,Spruce Pine (CDC Contract),3500.0,,2023-12-14,,1,
Mitchell,Spruce Pine (CDC Contract),3500.0,,2023-12-15,,1,
Mitchell,Spruce Pine (CDC Contract),3500.0,,2023-12-16,,1,
Mitchell,Spruce Pine (CDC Contract),3500.0,,2023-12-17,,1,
Mitchell,Spruce Pine (CDC Contract),3500.0,,2023-12-18,,1,
Mitchell,Spruce Pine (CDC Contract),3500.0,,2023-12-19,,1,
Mitchell,Spruce Pine (CDC Contract),3500.0,,2023-12-20,,1,
Mitchell,Spruce Pine (CDC Contract),3500.0,,2023-12-21,,1,
Mitchell,Spruce Pine (CDC Contract),3500.0,,2023-12-22,,1,
Mitchell,Spruce Pine (CDC Contract),3500.0,,2023-12-23,,1,
Mitchell,Spruce Pine (CDC Contract),3500.0,,2023-12-24,,1,
Mitchell,Spruce Pine (CDC Contract),3500.0,,2023-12-25,,1,
Mitchell,Spruce Pine (CDC Contract),3500.0,,2023-12-26,,1,
Mitchell,Spruce Pine (CDC Contract),3500.0,,2023-12-27,,1,
Mitchell,Spruce Pine (CDC Contract),3500.0,,2023-12-28,,1,
Mitchell,Spruce Pine (CDC Contract),3500.0,,2023-12-29,,1,
Mitchell,Spruce Pine (CDC Contract),3500.0,,2023-12-30,,1,
Mitchell,Spruce Pine (CDC Contract),3500.0,,2023-12-31,,1,
Mitchell,Spruce Pine (CDC Contract),3500.0,,2024-01-01,,1,
Mitchell,Spruce Pine (CDC Contract),3500.0,,2024-01-02,,1,
Mitchell,Spruce Pine (CDC Contract),3500.0,,2024-01-03,,1,
Mitchell,Spruce Pine (CDC Contract),3500.0,,2024-01-04,,1,
Mitchell,Spruce Pine (CDC Contract),3500.0,,2024-01-05,,1,
Mitchell,Spruce Pine (CDC Contract),3500.0,,2024-01-06,,1,
Mitchell,Spruce Pine (CDC Contract),3500.0,,2024-01-07,,1,
Mitchell,Spruce Pine (CDC Contract),3500.0,,2024-01-08,,1,
Mitchell,Spruce Pine (CDC Contract),3500.0,,2024-01-09,,1,
Mitchell,Spruce Pine (CDC Contract),3500.0,,2024-01-10,,1,
Mitchell,Spruce Pine (CDC Contract),3500.0,,2024-01-11,,1,
Mitchell,Spruce Pine (CDC Contract),3500.0,,2024-01-12,,1,
Mitchell,Spruce Pine (CDC Contract),3500.0,,2024-01-13,,1,
Mitchell,Spruce Pine (CDC Contract),3500.0,,2024-01-14,,1,
Mitchell,Spruce Pine (CDC Contract),3500.0,,2024-01-15,,1,
Mitchell,Spruce Pine (CDC Contract),3500.0,,2024-01-16,,1,
Mitchell,Spruce Pine (CDC Contract),3500.0,,2024-01-17,,1,
Mitchell,Spruce Pine (CDC Contract),3500.0,,2024-01-18,,1,
Mitchell,Spruce Pine (CDC Contract),3500.0,,2024-01-19,,1,
Mitchell,Spruce Pine (CDC Contract),3500.0,,2024-01-20,,1,
Mitchell,Spruce Pine (CDC Contract),3500.0,,2024-01-21,,1,
Mitchell,Spruce Pine (CDC Contract),3500.0,,2024-01-22,,1,
Mitchell,Spruce Pine (CDC Contract),3500.0,,2024-01-23,,1,
Mitchell,Spruce Pine (CDC Contract),3500.0,,2024-01-24,,1,
Mitchell,Spruce Pine (CDC Contract),3500.0,,2024-01-25,,1,
Mitchell,Spruce Pine (CDC Contract),3500.0,,2024-01-26,,1,
Mitchell,Spruce Pine (CDC Contract),3500.0,,2024-01-27,,1,
Mitchell,Spruce Pine (CDC Contract),3500.0,,2024-01-28,,1,
Mitchell,Spruce Pine (CDC Contract),3500.0,,2024-01-29,,1,
Mitchell,Spruce Pine (CDC Contract),3500.0,,2024-01-30,,1,
Mitchell,Spruce Pine (CDC Contract),3500.0,,2024-01-31,,1,
Mitchell,Spruce Pine (CDC Contract),3500.0,,2024-02-01,,1,
Mitchell,Spruce Pine (CDC Contract),3500.0,,2024-02-02,,1,
Mitchell,Spruce Pine (CDC Contract),3500.0,,2024-02-03,,1,
Mitchell,Spruce Pine (CDC Contract),3500.0,,2024-02-04,,1,
Mitchell,Spruce Pine (CDC Contract),3500.0,,2024-02-05,,1,
Mitchell,Spruce Pine (CDC Contract),3500.0,,2024-02-06,,1,
Mitchell,Spruce Pine (CDC Contract),3500.0,,2024-02-07,,1,
Mitchell,Spruce Pine (CDC Contract),3500.0,,2024-02-08,,1,
Mitchell,Spruce Pine (CDC Contract),3500.0,,2024-02-09,,1,
Mitchell,Spruce Pine (CDC Contract),3500.0,,2024-02-10,,1,
Mitchell,Spruce Pine (CDC Contract),3500.0,,2024-02-11,,1,
Mitchell,Spruce Pine (CDC Contract),3500.0,,2024-02-12,,1,
Mitchell,Spruce Pine (CDC Contract),3500.0,,2024-02-13,,1,
Mitchell,Spruce Pine (CDC Contract),3500.0,,2024-02-14,,1,
Mitchell,Spruce Pine (CDC Contract),3500.0,,2024-02-15,,1,
Mitchell,Spruce Pine (CDC Contract),3500.0,,2024-02-16,,1,
Mitchell,Spruce Pine (CDC Contract),3500.0,,2024-02-17,,1,
Mitchell,Spruce Pine (CDC Contract),3500.0,,2024-02-18,,1,
Mitchell,Spruce Pine (CDC Contract),3500.0,,2024-02-19,,1,
Mitchell,Spruce Pine (CDC Contract),3500.0,,2024-02-20,,1,
Mitchell,Spruce Pine (CDC Contract),3500.0,,2024-02-21,,1,
Mitchell,Spruce Pine (CDC Contract),3500.0,,2024-02-22,,1,
Mitchell,Spruce Pine (CDC Contract),3500.0,,2024-02-23,,1,
Mitchell,Spruce Pine (CDC Contract),3500.0,,2024-02-24,,1,
Mitchell,Spruce Pine (CDC Contract),3500.0,,2024-02-25,,1,
Mitchell,Spruce Pine (CDC Contract),3500.0,,2024-02-26,,1,
Mitchell,Spruce Pine (CDC Contract),3500.0,,2024-02-27,,1,
Mitchell,Spruce Pine (CDC Contract),3500.0,,2024-02-28,,1,
Mitchell,Spruce Pine (CDC Contract),3500.0,,2024-02-29,,1,
Mitchell,Spruce Pine (CDC Contract),3500.0,,2024-03-01,,1,
Mitchell,Spruce Pine (CDC Contract),3500.0,,2024-03-02,,1,
Mitchell,Spruce Pine (CDC Contract),3500.0,,2024-03-03,,1,
Mitchell,Spruce Pine (CDC Contract),3500.0,,2024-03-04,,1,
Mitchell,Spruce Pine (CDC Contract),3500.0,,2024-03-05,,1,
Mitchell,Spruce Pine (CDC Contract),3500.0,,2024-03-06,,1,
Mitchell,Spruce Pine (CDC Contract),3500.0,,2024-03-07,,1,
Mitchell,Spruce Pine (CDC Contract),3500.0,,2024-03-08,,1,
Mitchell,Spruce Pine (CDC Contract),3500.0,,2024-03-09,,1,
Mitchell,Spruce Pine (CDC Contract),3500.0,,2024-03-10,,1,
Mitchell,Spruce Pine (CDC Contract),3500.0,,2024-03-11,,1,
Rowan,Salisbury 1 (CDC Contract),31536.0,,2022-06-14,714445.0558684139,1,387454074.734908
Rowan,Salisbury 1 (CDC Contract),31536.0,,2022-06-15,,1,
Rowan,Salisbury 1 (CDC Contract),31536.0,,2022-06-16,2295651.660320844,1,1269765814.79138
Rowan,Salisbury 1 (CDC Contract),31536.0,,2022-06-17,,1,
Rowan,Salisbury 1 (CDC Contract),31536.0,,2022-06-18,,1,
Rowan,Salisbury 1 (CDC Contract),31536.0,,2022-06-19,,1,
Rowan,Salisbury 1 (CDC Contract),31536.0,,2022-06-20,,1,
Rowan,Salisbury 1 (CDC Contract),31536.0,,2022-06-21,642662.6309268436,1,359479505.127309
Rowan,Salisbury 1 (CDC Contract),31536.0,,2022-06-22,,1,
Rowan,Salisbury 1 (CDC Contract),31536.0,,2022-06-23,950308.0735738034,1,448407258.063401
Rowan,Salisbury 1 (CDC Contract),31536.0,,2022-06-24,,1,
Rowan,Salisbury 1 (CDC Contract),31536.0,,2022-06-25,,1,
Rowan,Salisbury 1 (CDC Contract),31536.0,,2022-06-26,,1,
Rowan,Salisbury 1 (CDC Contract),31536.0,,2022-06-27,,1,
Rowan,Salisbury 1 (CDC Contract),31536.0,,2022-06-28,437951.2462863287,1,233459585.756005
Rowan,Salisbury 1 (CDC Contract),31536.0,,2022-06-29,,1,
Rowan,Salisbury 1 (CDC Contract),31536.0,,2022-06-30,731628.0418139141,1,404149576.395166
Rowan,Salisbury 1 (CDC Contract),31536.0,,2022-07-01,,1,
Rowan,Salisbury 1 (CDC Contract),31536.0,,2022-07-02,,1,
Rowan,Salisbury 1 (CDC Contract),31536.0,,2022-07-03,,1,
Rowan,Salisbury 1 (CDC Contract),31536.0,,2022-07-04,,1,
Rowan,Salisbury 1 (CDC Contract),31536.0,,2022-07-05,619344.7108901311,1,301682172.361523
Rowan,Salisbury 1 (CDC Contract),31536.0,,2022-07-06,,1,
Rowan,Salisbury 1 (CDC Contract),31536.0,,2022-07-07,1676021.3936440067,1,877949368.264655
Rowan,Salisbury 1 (CDC Contract),31536.0,,2022-07-08,,1,
Rowan,Salisbury 1 (CDC Contract),31536.0,,2022-07-09,,1,
Rowan,Salisbury 1 (CDC Contract),31536.0,,2022-07-10,,1,
Rowan,Salisbury 1 (CDC Contract),31536.0,,2022-07-11,,1,
Rowan,Salisbury 1 (CDC Contract),31536.0,,2022-07-12,1782686.8338940311,1,976834545.052241
Rowan,Salisbury 1 (CDC Contract),31536.0,,2022-07-13,,1,
Rowan,Salisbury 1 (CDC Contract),31536.0,,2022-07-14,1141955.009637574,1,576120799.787708
Rowan,Salisbury 1 (CDC Contract),31536.0,,2022-07-15,,1,
Rowan,Salisbury 1 (CDC Contract),31536.0,,2022-07-16,,1,
Rowan,Salisbury 1 (CDC Contract),31536.0,,2022-07-17,,1,
Rowan,Salisbury 1 (CDC Contract),31536.0,,2022-07-18,,1,
Rowan,Salisbury 1 (CDC Contract),31536.0,,2022-07-19,296683.2354412265,1,167234650.002746
Rowan,Salisbury 1 (CDC Contract),31536.0,,2022-07-20,,1,
Rowan,Salisbury 1 (CDC Contract),31536.0,,2022-07-21,1346055.1177082448,1,738872011.532388
Rowan,Salisbury 1 (CDC Contract),31536.0,,2022-07-22,,1,
Rowan,Salisbury 1 (CDC Contract),31536.0,,2022-07-23,,1,
Rowan,Salisbury 1 (CDC Contract),31536.0,,2022-07-24,,1,
Rowan,Salisbury 1 (CDC Contract),31536.0,,2022-07-25,,1,
Rowan,Salisbury 1 (CDC Contract),31536.0,,2022-07-26,890920.5034732588,1,505937735.659989
Rowan,Salisbury 1 (CDC Contract),31536.0,,2022-07-27,,1,
Rowan,Salisbury 1 (CDC Contract),31536.0,,2022-07-28,1390532.0700513918,1,814861793.4519892
Rowan,Salisbury 1 (CDC Contract),31536.0,,2022-07-29,,1,
Rowan,Salisbury 1 (CDC Contract),31536.0,,2022-07-30,,1,
Rowan,Salisbury 1 (CDC Contract),31536.0,,2022-07-31,,1,
Rowan,Salisbury 1 (CDC Contract),31536.0,,2022-08-01,,1,
Rowan,Salisbury 1 (CDC Contract),31536.0,,2022-08-02,646733.2317141598,1,355002612.861101
Rowan,Salisbury 1 (CDC Contract),31536.0,,2022-08-03,,1,
Rowan,Salisbury 1 (CDC Contract),31536.0,,2022-08-04,1936509.086905933,1,1221511135.51972
Rowan,Salisbury 1 (CDC Contract),31536.0,,2022-08-05,,1,
Rowan,Salisbury 1 (CDC Contract),31536.0,,2022-08-06,,1,
Rowan,Salisbury 1 (CDC Contract),31536.0,,2022-08-07,,1,
Rowan,Salisbury 1 (CDC Contract),31536.0,,2022-08-08,,1,
Rowan,Salisbury 1 (CDC Contract),31536.0,,2022-08-09,1587907.4905024932,1,969598881.5641332
Rowan,Salisbury 1 (CDC Contract),31536.0,,2022-08-10,,1,
Rowan,Salisbury 1 (CDC Contract),31536.0,,2022-08-11,1015162.7026765388,1,574299269.557857
Rowan,Salisbury 1 (CDC Contract),31536.0,,2022-08-12,,1,
Rowan,Salisbury 1 (CDC Contract),31536.0,,2022-08-13,,1,
Rowan,Salisbury 1 (CDC Contract),31536.0,,2022-08-14,,1,
Rowan,Salisbury 1 (CDC Contract),31536.0,,2022-08-15,,1,
Rowan,Salisbury 1 (CDC Contract),31536.0,,2022-08-16,1100521.4115795826,1,659444490.327105
Rowan,Salisbury 1 (CDC Contract),31536.0,,2022-08-17,,1,
Rowan,Salisbury 1 (CDC Contract),31536.0,,2022-08-18,645721.4961275844,1,337395341.870378
Rowan,Salisbury 1 (CDC Contract),31536.0,,2022-08-19,,1,
Rowan,Salisbury 1 (CDC Contract),31536.0,,2022-08-20,,1,
Rowan,Salisbury 1 (CDC Contract),31536.0,,2022-08-21,,1,
Rowan,Salisbury 1 (CDC Contract),31536.0,,2022-08-22,,1,
Rowan,Salisbury 1 (CDC Contract),31536.0,,2022-08-23,833850.8083055397,1,509561517.127316
Rowan,Salisbury 1 (CDC Contract),31536.0,,2022-08-24,,1,
Rowan,Salisbury 1 (CDC Contract),31536.0,,2022-08-25,817973.2619574768,1,448311816.058665
Rowan,Salisbury 1 (CDC Contract),31536.0,,2022-08-26,,1,
Rowan,Salisbury 1 (CDC Contract),31536.0,,2022-08-27,,1,
Rowan,Salisbury 1 (CDC Contract),31536.0,,2022-08-28,,1,
Rowan,Salisbury 1 (CDC Contract),31536.0,,2022-08-29,,1,
Rowan,Salisbury 1 (CDC Contract),31536.0,,2022-08-30,2589228.6603138316,1,1495550888.30728
Rowan,Salisbury 1 (CDC Contract),31536.0,,2022-08-31,,1,
Rowan,Salisbury 1 (CDC Contract),31536.0,,2022-09-01,994269.5271925285,1,553409227.073942
Rowan,Salisbury 1 (CDC Contract),31536.0,,2022-09-02,,1,
Rowan,Salisbury 1 (CDC Contract),31536.0,,2022-09-03,,1,
Rowan,Salisbury 1 (CDC Contract),31536.0,,2022-09-04,,1,
Rowan,Salisbury 1 (CDC Contract),31536.0,,2022-09-05,,1,
Rowan,Salisbury 1 (CDC Contract),31536.0,,2022-09-06,1336186.847401593,1,789911793.945283
Rowan,Salisbury 1 (CDC Contract),31536.0,,2022-09-07,,1,
Rowan,Salisbury 1 (CDC Contract),31536.0,,2022-09-08,1460358.9335387573,1,854203199.8762311
Rowan,Salisbury 1 (CDC Contract),31536.0,,2022-09-09,,1,
Rowan,Salisbury 1 (CDC Contract),31536.0,,2022-09-10,,1,
Rowan,Salisbury 1 (CDC Contract),31536.0,,2022-09-11,,1,
Rowan,Salisbury 1 (CDC Contract),31536.0,,2022-09-12,,1,
Rowan,Salisbury 1 (CDC Contract),31536.0,,2022-09-13,498545.24923776556,1,317165267.892649
Rowan,Salisbury 1 (CDC Contract),31536.0,,2022-09-14,,1,
Rowan,Salisbury 1 (CDC Contract),31536.0,,2022-09-15,979971.8518707999,1,482166119.724947
Rowan,Salisbury 1 (CDC Contract),31536.0,,2022-09-16,,1,
Rowan,Salisbury 1 (CDC Contract),31536.0,,2022-09-17,,1,
Rowan,Salisbury 1 (CDC Contract),31536.0,,2022-09-18,,1,
Rowan,Salisbury 1 (CDC Contract),31536.0,,2022-09-19,,1,
Rowan,Salisbury 1 (CDC Contract),31536.0,,2022-09-20,,1,
Rowan,Salisbury 1 (CDC Contract),31536.0,,2022-09-21,,1,
Rowan,Salisbury 1 (CDC Contract),31536.0,,2022-09-22,,1,
Rowan,Salisbury 1 (CDC Contract),31536.0,,2022-09-23,,1,
Rowan,Salisbury 1 (CDC Contract),31536.0,,2022-09-24,,1,
Rowan,Salisbury 1 (CDC Contract),31536.0,,2022-09-25,,1,
Rowan,Salisbury 1 (CDC Contract),31536.0,,2022-09-26,,1,
Rowan,Salisbury 1 (CDC Contract),31536.0,,2022-09-27,370526.48467978934,1,201653582.903811
Rowan,Salisbury 1 (CDC Contract),31536.0,,2022-09-28,,1,
Rowan,Salisbury 1 (CDC Contract),31536.0,,2022-09-29,573169.6279461476,1,300174332.15703
Rowan,Salisbury 1 (CDC Contract),31536.0,,2022-09-30,,1,
Rowan,Salisbury 1 (CDC Contract),31536.0,,2022-10-01,,1,
Rowan,Salisbury 1 (CDC Contract),31536.0,,2022-10-02,,1,
Rowan,Salisbury 1 (CDC Contract),31536.0,,2022-10-03,,1,
Rowan,Salisbury 1 (CDC Contract),31536.0,,2022-10-04,438818.7583819419,1,218752127.875977
Rowan,Salisbury 1 (CDC Contract),31536.0,,2022-10-05,,1,
Rowan,Salisbury 1 (CDC Contract),31536.0,,2022-10-06,291668.85237293097,1,143717080.125446
Rowan,Salisbury 1 (CDC Contract),31536.0,,2022-10-07,,1,
Rowan,Salisbury 1 (CDC Contract),31536.0,,2022-10-08,,1,
Rowan,Salisbury 1 (CDC Contract),31536.0,,2022-10-09,,1,
Rowan,Salisbury 1 (CDC Contract),31536.0,,2022-10-10,,1,
Rowan,Salisbury 1 (CDC Contract),31536.0,,2022-10-11,158925.83448796376,1,89659751.1793655
Rowan,Salisbury 1 (CDC Contract),31536.0,,2022-10-12,,1,
Rowan,Salisbury 1 (CDC Contract),31536.0,,2022-10-13,451817.302038293,1,239224186.579269
Rowan,Salisbury 1 (CDC Contract),31536.0,,2022-10-14,,1,
Rowan,Salisbury 1 (CDC Contract),31536.0,,2022-10-15,,1,
Rowan,Salisbury 1 (CDC Contract),31536.0,,2022-10-16,,1,
Rowan,Salisbury 1 (CDC Contract),31536.0,,2022-10-17,,1,
Rowan,Salisbury 1 (CDC Contract),31536.0,,2022-10-18,0.0,1,16379344.18625
Rowan,Salisbury 1 (CDC Contract),31536.0,,2022-10-19,,1,
Rowan,Salisbury 1 (CDC Contract),31536.0,,2022-10-20,337269.45724338776,1,182744257.761584
Rowan,Salisbury 1 (CDC Contract),31536.0,,2022-10-21,,1,
Rowan,Salisbury 1 (CDC Contract),31536.0,,2022-10-22,,1,
Rowan,Salisbury 1 (CDC Contract),31536.0,,2022-10-23,,1,
Rowan,Salisbury 1 (CDC Contract),31536.0,,2022-10-24,,1,
Rowan,Salisbury 1 (CDC Contract),31536.0,,2022-10-25,202132.26479973455,1,103869021.601193
Rowan,Salisbury 1 (CDC Contract),31536.0,,2022-10-26,,1,
Rowan,Salisbury 1 (CDC Contract),31536.0,,2022-10-27,244775.62156137687,1,124606760.469229
Rowan,Salisbury 1 (CDC Contract),31536.0,,2022-10-28,,1,
Rowan,Salisbury 1 (CDC Contract),31536.0,,2022-10-29,,1,
Rowan,Salisbury 1 (CDC Contract),31536.0,,2022-10-30,,1,
Rowan,Salisbury 1 (CDC Contract),31536.0,,2022-10-31,,1,
Rowan,Salisbury 1 (CDC Contract),31536.0,,2022-11-01,94020.17318797717,1,46587124.6094004
Rowan,Salisbury 1 (CDC Contract),31536.0,,2022-11-02,,1,
Rowan,Salisbury 1 (CDC Contract),31536.0,,2022-11-03,83650.44469463463,1,44682085.5655271
Rowan,Salisbury 1 (CDC Contract),31536.0,,2022-11-04,,1,
Rowan,Salisbury 1 (CDC Contract),31536.0,,2022-11-05,,1,
Rowan,Salisbury 1 (CDC Contract),31536.0,,2022-11-06,,1,
Rowan,Salisbury 1 (CDC Contract),31536.0,,2022-11-07,,1,
Rowan,Salisbury 1 (CDC Contract),31536.0,,2022-11-08,0.0,1,13922676.9140354
Rowan,Salisbury 1 (CDC Contract),31536.0,,2022-11-09,,1,
Rowan,Salisbury 1 (CDC Contract),31536.0,,2022-11-10,341809.8824033941,1,160012677.654561
Rowan,Salisbury 1 (CDC Contract),31536.0,,2022-11-11,,1,
Rowan,Salisbury 1 (CDC Contract),31536.0,,2022-11-12,,1,
Rowan,Salisbury 1 (CDC Contract),31536.0,,2022-11-13,,1,
Rowan,Salisbury 1 (CDC Contract),31536.0,,2022-11-14,,1,
Rowan,Salisbury 1 (CDC Contract),31536.0,,2022-11-15,204572.13574077337,1,109837476.948819
Rowan,Salisbury 1 (CDC Contract),31536.0,,2022-11-16,,1,
Rowan,Salisbury 1 (CDC Contract),31536.0,,2022-11-17,206444.8335425005,1,130716874.032983
Rowan,Salisbury 1 (CDC Contract),31536.0,,2022-11-18,,1,
Rowan,Salisbury 1 (CDC Contract),31536.0,,2022-11-19,,1,
Rowan,Salisbury 1 (CDC Contract),31536.0,,2022-11-20,,1,
Rowan,Salisbury 1 (CDC Contract),31536.0,,2022-11-21,523848.41025487497,1,243281749.827493
Rowan,Salisbury 1 (CDC Contract),31536.0,,2022-11-22,,1,
Rowan,Salisbury 1 (CDC Contract),31536.0,,2022-11-23,,1,
Rowan,Salisbury 1 (CDC Contract),31536.0,,2022-11-24,,1,
Rowan,Salisbury 1 (CDC Contract),31536.0,,2022-11-25,,1,
Rowan,Salisbury 1 (CDC Contract),31536.0,,2022-11-26,,1,
Rowan,Salisbury 1 (CDC Contract),31536.0,,2022-11-27,,1,
Rowan,Salisbury 1 (CDC Contract),31536.0,,2022-11-28,,1,
Rowan,Salisbury 1 (CDC Contract),31536.0,,2022-11-29,1060004.4293993546,1,654887979.70566
Rowan,Salisbury 1 (CDC Contract),31536.0,,2022-11-30,,1,
Rowan,Salisbury 1 (CDC Contract),31536.0,,2022-12-01,504946.46616169444,1,502585322.651774
Rowan,Salisbury 1 (CDC Contract),31536.0,,2022-12-02,,1,
Rowan,Salisbury 1 (CDC Contract),31536.0,,2022-12-03,,1,
Rowan,Salisbury 1 (CDC Contract),31536.0,,2022-12-04,,1,
Rowan,Salisbury 1 (CDC Contract),31536.0,,2022-12-05,,1,
Rowan,Salisbury 1 (CDC Contract),31536.0,,2022-12-06,1264169.6377118116,1,655380824.376612
Rowan,Salisbury 1 (CDC Contract),31536.0,,2022-12-07,,1,
Rowan,Salisbury 1 (CDC Contract),31536.0,,2022-12-08,1428362.3840426682,1,772050168.9308652
Rowan,Salisbury 1 (CDC Contract),31536.0,,2022-12-09,,1,
Rowan,Salisbury 1 (CDC Contract),31536.0,,2022-12-10,,1,
Rowan,Salisbury 1 (CDC Contract),31536.0,,2022-12-11,,1,
Rowan,Salisbury 1 (CDC Contract),31536.0,,2022-12-12,,1,
Rowan,Salisbury 1 (CDC Contract),31536.0,,2022-12-13,551333.3751054879,1,120577930.825168
Rowan,Salisbury 1 (CDC Contract),31536.0,,2022-12-14,,1,
Rowan,Salisbury 1 (CDC Contract),31536.0,,2022-12-15,604863.5412340787,1,332237457.336589
Rowan,Salisbury 1 (CDC Contract),31536.0,,2022-12-16,,1,
Rowan,Salisbury 1 (CDC Contract),31536.0,,2022-12-17,,1,
Rowan,Salisbury 1 (CDC Contract),31536.0,,2022-12-18,,1,
Rowan,Salisbury 1 (CDC Contract),31536.0,,2022-12-19,,1,
Rowan,Salisbury 1 (CDC Contract),31536.0,,2022-12-20,2456310.065967179,1,1358039157.33822
Rowan,Salisbury 1 (CDC Contract),31536.0,,2022-12-21,,1,
Rowan,Salisbury 1 (CDC Contract),31536.0,,2022-12-22,2783639.736241811,1,1721448571.35336
Rowan,Salisbury 1 (CDC Contract),31536.0,,2022-12-23,,1,
Rowan,Salisbury 1 (CDC Contract),31536.0,,2022-12-24,,1,
Rowan,Salisbury 1 (CDC Contract),31536.0,,2022-12-25,,1,
Rowan,Salisbury 1 (CDC Contract),31536.0,,2022-12-26,,1,
Rowan,Salisbury 1 (CDC Contract),31536.0,,2022-12-27,,1,
Rowan,Salisbury 1 (CDC Contract),31536.0,,2022-12-28,,1,
Rowan,Salisbury 1 (CDC Contract),31536.0,,2022-12-29,,1,
Rowan,Salisbury 1 (CDC Contract),31536.0,,2022-12-30,,1,
Rowan,Salisbury 1 (CDC Contract),31536.0,,2022-12-31,,1,
Rowan,Salisbury 1 (CDC Contract),31536.0,,2023-01-01,,1,
Rowan,Salisbury 1 (CDC Contract),31536.0,,2023-01-02,,1,
Rowan,Salisbury 1 (CDC Contract),31536.0,,2023-01-03,2820965.428930374,1,1612133921.47319
Rowan,Salisbury 1 (CDC Contract),31536.0,,2023-01-04,,1,
Rowan,Salisbury 1 (CDC Contract),31536.0,,2023-01-05,2906686.869077673,1,3878743182.26014
Rowan,Salisbury 1 (CDC Contract),31536.0,,2023-01-06,,1,
Rowan,Salisbury 1 (CDC Contract),31536.0,,2023-01-07,,1,
Rowan,Salisbury 1 (CDC Contract),31536.0,,2023-01-08,,1,
Rowan,Salisbury 1 (CDC Contract),31536.0,,2023-01-09,,1,
Rowan,Salisbury 1 (CDC Contract),31536.0,,2023-01-10,0.0,1,24275082.8110421
Rowan,Salisbury 1 (CDC Contract),31536.0,,2023-01-11,,1,
Rowan,Salisbury 1 (CDC Contract),31536.0,,2023-01-12,1371285.2258111797,1,843745694.4046551
Rowan,Salisbury 1 (CDC Contract),31536.0,,2023-01-13,,1,
Rowan,Salisbury 1 (CDC Contract),31536.0,,2023-01-14,,1,
Rowan,Salisbury 1 (CDC Contract),31536.0,,2023-01-15,,1,
Rowan,Salisbury 1 (CDC Contract),31536.0,,2023-01-16,,1,
Rowan,Salisbury 1 (CDC Contract),31536.0,,2023-01-17,314795.8166017843,1,191652005.418627
Rowan,Salisbury 1 (CDC Contract),31536.0,,2023-01-18,,1,
Rowan,Salisbury 1 (CDC Contract),31536.0,,2023-01-19,1198343.3458768893,1,694758022.392184
Rowan,Salisbury 1 (CDC Contract),31536.0,,2023-01-20,,1,
Rowan,Salisbury 1 (CDC Contract),31536.0,,2023-01-21,,1,
Rowan,Salisbury 1 (CDC Contract),31536.0,,2023-01-22,,1,
Rowan,Salisbury 1 (CDC Contract),31536.0,,2023-01-23,,1,
Rowan,Salisbury 1 (CDC Contract),31536.0,,2023-01-24,1053010.765081504,1,946716180.128903
Rowan,Salisbury 1 (CDC Contract),31536.0,,2023-01-25,,1,
Rowan,Salisbury 1 (CDC Contract),31536.0,,2023-01-26,244391.02796359942,1,228991296.466265
Rowan,Salisbury 1 (CDC Contract),31536.0,,2023-01-27,,1,
Rowan,Salisbury 1 (CDC Contract),31536.0,,2023-01-28,,1,
Rowan,Salisbury 1 (CDC Contract),31536.0,,2023-01-29,,1,
Rowan,Salisbury 1 (CDC Contract),31536.0,,2023-01-30,,1,
Rowan,Salisbury 1 (CDC Contract),31536.0,,2023-01-31,1574008.9511998135,1,1148913604.62405
Rowan,Salisbury 1 (CDC Contract),31536.0,,2023-02-01,,1,
Rowan,Salisbury 1 (CDC Contract),31536.0,,2023-02-02,1703906.3875902828,1,1094220089.16082
Rowan,Salisbury 1 (CDC Contract),31536.0,,2023-02-03,,1,
Rowan,Salisbury 1 (CDC Contract),31536.0,,2023-02-04,,1,
Rowan,Salisbury 1 (CDC Contract),31536.0,,2023-02-05,,1,
Rowan,Salisbury 1 (CDC Contract),31536.0,,2023-02-06,,1,
Rowan,Salisbury 1 (CDC Contract),31536.0,,2023-02-07,769451.5796220679,1,456630512.90508693
Rowan,Salisbury 1 (CDC Contract),31536.0,,2023-02-08,,1,
Rowan,Salisbury 1 (CDC Contract),31536.0,,2023-02-09,1081700.9250579018,1,701661604.641789
Rowan,Salisbury 1 (CDC Contract),31536.0,,2023-02-10,,1,
Rowan,Salisbury 1 (CDC Contract),31536.0,,2023-02-11,,1,
Rowan,Salisbury 1 (CDC Contract),31536.0,,2023-02-12,,1,
Rowan,Salisbury 1 (CDC Contract),31536.0,,2023-02-13,,1,
Rowan,Salisbury 1 (CDC Contract),31536.0,,2023-02-14,823322.7831205175,1,864043848.641901
Rowan,Salisbury 1 (CDC Contract),31536.0,,2023-02-15,,1,
Rowan,Salisbury 1 (CDC Contract),31536.0,,2023-02-16,853646.6855864992,1,580269696.492111
Rowan,Salisbury 1 (CDC Contract),31536.0,,2023-02-17,,1,
Rowan,Salisbury 1 (CDC Contract),31536.0,,2023-02-18,,1,
Rowan,Salisbury 1 (CDC Contract),31536.0,,2023-02-19,,1,
Rowan,Salisbury 1 (CDC Contract),31536.0,,2023-02-20,,1,
Rowan,Salisbury 1 (CDC Contract),31536.0,,2023-02-21,318421.57606025634,1,192674551.131634
Rowan,Salisbury 1 (CDC Contract),31536.0,,2023-02-22,,1,
Rowan,Salisbury 1 (CDC Contract),31536.0,,2023-02-23,284058.016136289,1,177234594.36325
Rowan,Salisbury 1 (CDC Contract),31536.0,,2023-02-24,,1,
Rowan,Salisbury 1 (CDC Contract),31536.0,,2023-02-25,,1,
Rowan,Salisbury 1 (CDC Contract),31536.0,,2023-02-26,,1,
Rowan,Salisbury 1 (CDC Contract),31536.0,,2023-02-27,,1,
Rowan,Salisbury 1 (CDC Contract),31536.0,,2023-02-28,628919.7099622688,1,414299566.63687
Rowan,Salisbury 1 (CDC Contract),31536.0,,2023-03-01,,1,
Rowan,Salisbury 1 (CDC Contract),31536.0,,2023-03-02,351933.222267649,1,194280336.187578
Rowan,Salisbury 1 (CDC Contract),31536.0,,2023-03-03,,1,
Rowan,Salisbury 1 (CDC Contract),31536.0,,2023-03-04,,1,
Rowan,Salisbury 1 (CDC Contract),31536.0,,2023-03-05,,1,
Rowan,Salisbury 1 (CDC Contract),31536.0,,2023-03-06,,1,
Rowan,Salisbury 1 (CDC Contract),31536.0,,2023-03-07,401547.5532473602,1,252565160.015468
Rowan,Salisbury 1 (CDC Contract),31536.0,,2023-03-08,,1,
Rowan,Salisbury 1 (CDC Contract),31536.0,,2023-03-09,658297.2538505152,1,413897409.586298
Rowan,Salisbury 1 (CDC Contract),31536.0,,2023-03-10,,1,
Rowan,Salisbury 1 (CDC Contract),31536.0,,2023-03-11,,1,
Rowan,Salisbury 1 (CDC Contract),31536.0,,2023-03-12,,1,
Rowan,Salisbury 1 (CDC Contract),31536.0,,2023-03-13,,1,
Rowan,Salisbury 1 (CDC Contract),31536.0,,2023-03-14,534144.7316157938,1,312958362.692044
Rowan,Salisbury 1 (CDC Contract),31536.0,,2023-03-15,,1,
Rowan,Salisbury 1 (CDC Contract),31536.0,,2023-03-16,623998.8131239577,1,327018758.81636
Rowan,Salisbury 1 (CDC Contract),31536.0,,2023-03-17,,1,
Rowan,Salisbury 1 (CDC Contract),31536.0,,2023-03-18,,1,
Rowan,Salisbury 1 (CDC Contract),31536.0,,2023-03-19,,1,
Rowan,Salisbury 1 (CDC Contract),31536.0,,2023-03-20,,1,
Rowan,Salisbury 1 (CDC Contract),31536.0,,2023-03-21,614099.7616494114,1,353011567.591756
Rowan,Salisbury 1 (CDC Contract),31536.0,,2023-03-22,,1,
Rowan,Salisbury 1 (CDC Contract),31536.0,,2023-03-23,533200.6976998023,1,297994913.7657
Rowan,Salisbury 1 (CDC Contract),31536.0,,2023-03-24,,1,
Rowan,Salisbury 1 (CDC Contract),31536.0,,2023-03-25,,1,
Rowan,Salisbury 1 (CDC Contract),31536.0,,2023-03-26,,1,
Rowan,Salisbury 1 (CDC Contract),31536.0,,2023-03-27,,1,
Rowan,Salisbury 1 (CDC Contract),31536.0,,2023-03-28,488010.44193503977,1,396221360.120424
Rowan,Salisbury 1 (CDC Contract),31536.0,,2023-03-29,,1,
Rowan,Salisbury 1 (CDC Contract),31536.0,,2023-03-30,411112.9840860835,1,279603712.953776
Rowan,Salisbury 1 (CDC Contract),31536.0,,2023-03-31,,1,
Rowan,Salisbury 1 (CDC Contract),31536.0,,2023-04-01,,1,
Rowan,Salisbury 1 (CDC Contract),31536.0,,2023-04-02,,1,
Rowan,Salisbury 1 (CDC Contract),31536.0,,2023-04-03,,1,
Rowan,Salisbury 1 (CDC Contract),31536.0,,2023-04-04,396962.25503148884,1,222807028.882465
Rowan,Salisbury 1 (CDC Contract),31536.0,,2023-04-05,,1,
Rowan,Salisbury 1 (CDC Contract),31536.0,,2023-04-06,221071.377833886,1,116493638.258942
Rowan,Salisbury 1 (CDC Contract),31536.0,,2023-04-07,,1,
Rowan,Salisbury 1 (CDC Contract),31536.0,,2023-04-08,,1,
Rowan,Salisbury 1 (CDC Contract),31536.0,,2023-04-09,,1,
Rowan,Salisbury 1 (CDC Contract),31536.0,,2023-04-10,,1,
Rowan,Salisbury 1 (CDC Contract),31536.0,,2023-04-11,159536.19785981477,1,139353147.806496
Rowan,Salisbury 1 (CDC Contract),31536.0,,2023-04-12,,1,
Rowan,Salisbury 1 (CDC Contract),31536.0,,2023-04-13,413595.6698066031,1,283675213.313309
Rowan,Salisbury 1 (CDC Contract),31536.0,,2023-04-14,,1,
Rowan,Salisbury 1 (CDC Contract),31536.0,,2023-04-15,,1,
Rowan,Salisbury 1 (CDC Contract),31536.0,,2023-04-16,,1,
Rowan,Salisbury 1 (CDC Contract),31536.0,,2023-04-17,,1,
Rowan,Salisbury 1 (CDC Contract),31536.0,,2023-04-18,177781.6860972427,1,105162981.594201
Rowan,Salisbury 1 (CDC Contract),31536.0,,2023-04-19,,1,
Rowan,Salisbury 1 (CDC Contract),31536.0,,2023-04-20,566276.1070468792,1,308391349.840386
Rowan,Salisbury 1 (CDC Contract),31536.0,,2023-04-21,,1,
Rowan,Salisbury 1 (CDC Contract),31536.0,,2023-04-22,,1,
Rowan,Salisbury 1 (CDC Contract),31536.0,,2023-04-23,,1,
Rowan,Salisbury 1 (CDC Contract),31536.0,,2023-04-24,,1,
Rowan,Salisbury 1 (CDC Contract),31536.0,,2023-04-25,304919.89985462767,1,171401688.973368
Rowan,Salisbury 1 (CDC Contract),31536.0,,2023-04-26,,1,
Rowan,Salisbury 1 (CDC Contract),31536.0,,2023-04-27,0.0,1,3221050.55338901
Rowan,Salisbury 1 (CDC Contract),31536.0,,2023-04-28,,1,
Rowan,Salisbury 1 (CDC Contract),31536.0,,2023-04-29,,1,
Rowan,Salisbury 1 (CDC Contract),31536.0,,2023-04-30,,1,
Rowan,Salisbury 1 (CDC Contract),31536.0,,2023-05-01,,1,
Rowan,Salisbury 1 (CDC Contract),31536.0,,2023-05-02,305970.61495989596,1,218672273.64235
Rowan,Salisbury 1 (CDC Contract),31536.0,,2023-05-03,,1,
Rowan,Salisbury 1 (CDC Contract),31536.0,,2023-05-04,635716.4064970394,1,423202725.426925
Rowan,Salisbury 1 (CDC Contract),31536.0,,2023-05-05,,1,
Rowan,Salisbury 1 (CDC Contract),31536.0,,2023-05-06,,1,
Rowan,Salisbury 1 (CDC Contract),31536.0,,2023-05-07,,1,
Rowan,Salisbury 1 (CDC Contract),31536.0,,2023-05-08,,1,
Rowan,Salisbury 1 (CDC Contract),31536.0,,2023-05-09,404465.2028105655,1,246001207.710863
Rowan,Salisbury 1 (CDC Contract),31536.0,,2023-05-10,,1,
Rowan,Salisbury 1 (CDC Contract),31536.0,,2023-05-11,282658.64622852515,1,157157820.099434
Rowan,Salisbury 1 (CDC Contract),31536.0,,2023-05-12,,1,
Rowan,Salisbury 1 (CDC Contract),31536.0,,2023-05-13,,1,
Rowan,Salisbury 1 (CDC Contract),31536.0,,2023-05-14,,1,
Rowan,Salisbury 1 (CDC Contract),31536.0,,2023-05-15,,1,
Rowan,Salisbury 1 (CDC Contract),31536.0,,2023-05-16,236262.9258988342,1,124073435.079792
Rowan,Salisbury 1 (CDC Contract),31536.0,,2023-05-17,,1,
Rowan,Salisbury 1 (CDC Contract),31536.0,,2023-05-18,277247.71135498286,1,162069802.117027
Rowan,Salisbury 1 (CDC Contract),31536.0,,2023-05-19,,1,
Rowan,Salisbury 1 (CDC Contract),31536.0,,2023-05-20,,1,
Rowan,Salisbury 1 (CDC Contract),31536.0,,2023-05-21,,1,
Rowan,Salisbury 1 (CDC Contract),31536.0,,2023-05-22,,1,
Rowan,Salisbury 1 (CDC Contract),31536.0,,2023-05-23,56299.61917285841,1,31322784.784453
Rowan,Salisbury 1 (CDC Contract),31536.0,,2023-05-24,,1,
Rowan,Salisbury 1 (CDC Contract),31536.0,,2023-05-25,439267.79307103134,1,236217760.065704
Rowan,Salisbury 1 (CDC Contract),31536.0,,2023-05-26,,1,
Rowan,Salisbury 1 (CDC Contract),31536.0,,2023-05-27,,1,
Rowan,Salisbury 1 (CDC Contract),31536.0,,2023-05-28,,1,
Rowan,Salisbury 1 (CDC Contract),31536.0,,2023-05-29,,1,
Rowan,Salisbury 1 (CDC Contract),31536.0,,2023-05-30,356093.0043688234,1,207860937.748657
Rowan,Salisbury 1 (CDC Contract),31536.0,,2023-05-31,,1,
Rowan,Salisbury 1 (CDC Contract),31536.0,,2023-06-01,533409.8330980695,1,283321454.88574
Rowan,Salisbury 1 (CDC Contract),31536.0,,2023-06-02,,1,
Rowan,Salisbury 1 (CDC Contract),31536.0,,2023-06-03,,1,
Rowan,Salisbury 1 (CDC Contract),31536.0,,2023-06-04,,1,
Rowan,Salisbury 1 (CDC Contract),31536.0,,2023-06-05,,1,
Rowan,Salisbury 1 (CDC Contract),31536.0,,2023-06-06,475550.90878304665,1,258183672.783978
Rowan,Salisbury 1 (CDC Contract),31536.0,,2023-06-07,,1,
Rowan,Salisbury 1 (CDC Contract),31536.0,,2023-06-08,405670.34568833944,1,208411750.815378
Rowan,Salisbury 1 (CDC Contract),31536.0,,2023-06-09,,1,
Rowan,Salisbury 1 (CDC Contract),31536.0,,2023-06-10,,1,
Rowan,Salisbury 1 (CDC Contract),31536.0,,2023-06-11,,1,
Rowan,Salisbury 1 (CDC Contract),31536.0,,2023-06-12,,1,
Rowan,Salisbury 1 (CDC Contract),31536.0,,2023-06-13,161016.66756758429,1,81020940.2706787
Rowan,Salisbury 1 (CDC Contract),31536.0,,2023-06-14,,1,
Rowan,Salisbury 1 (CDC Contract),31536.0,,2023-06-15,282029.6473802959,1,149326536.813482
Rowan,Salisbury 1 (CDC Contract),31536.0,,2023-06-16,,1,
Rowan,Salisbury 1 (CDC Contract),31536.0,,2023-06-17,,1,
Rowan,Salisbury 1 (CDC Contract),31536.0,,2023-06-18,,1,
Rowan,Salisbury 1 (CDC Contract),31536.0,,2023-06-19,,1,
Rowan,Salisbury 1 (CDC Contract),31536.0,,2023-06-20,232952.18189699034,1,155637825.847858
Rowan,Salisbury 1 (CDC Contract),31536.0,,2023-06-21,,1,
Rowan,Salisbury 1 (CDC Contract),31536.0,,2023-06-22,175127.1883465077,1,190662829.179842
Rowan,Salisbury 1 (CDC Contract),31536.0,,2023-06-23,,1,
Rowan,Salisbury 1 (CDC Contract),31536.0,,2023-06-24,,1,
Rowan,Salisbury 1 (CDC Contract),31536.0,,2023-06-25,,1,
Rowan,Salisbury 1 (CDC Contract),31536.0,,2023-06-26,,1,
Rowan,Salisbury 1 (CDC Contract),31536.0,,2023-06-27,245306.09413696392,1,162066007.574148
Rowan,Salisbury 1 (CDC Contract),31536.0,,2023-06-28,,1,
Rowan,Salisbury 1 (CDC Contract),31536.0,,2023-06-29,415326.0760622725,1,308891372.853522
Rowan,Salisbury 1 (CDC Contract),31536.0,,2023-06-30,,1,
Rowan,Salisbury 1 (CDC Contract),31536.0,,2023-07-01,,1,
Rowan,Salisbury 1 (CDC Contract),31536.0,,2023-07-02,,1,
Rowan,Salisbury 1 (CDC Contract),31536.0,,2023-07-03,,1,
Rowan,Salisbury 1 (CDC Contract),31536.0,,2023-07-04,,1,
Rowan,Salisbury 1 (CDC Contract),31536.0,,2023-07-05,,1,
Rowan,Salisbury 1 (CDC Contract),31536.0,,2023-07-06,,1,
Rowan,Salisbury 1 (CDC Contract),31536.0,,2023-07-07,,1,
Rowan,Salisbury 1 (CDC Contract),31536.0,,2023-07-08,,1,
Rowan,Salisbury 1 (CDC Contract),31536.0,,2023-07-09,,1,
Rowan,Salisbury 1 (CDC Contract),31536.0,,2023-07-10,,1,
Rowan,Salisbury 1 (CDC Contract),31536.0,,2023-07-11,489345.4692156153,1,225026100.563027
Rowan,Salisbury 1 (CDC Contract),31536.0,,2023-07-12,,1,
Rowan,Salisbury 1 (CDC Contract),31536.0,,2023-07-13,218994.7014327899,1,111745458.823517
Rowan,Salisbury 1 (CDC Contract),31536.0,,2023-07-14,,1,
Rowan,Salisbury 1 (CDC Contract),31536.0,,2023-07-15,,1,
Rowan,Salisbury 1 (CDC Contract),31536.0,,2023-07-16,,1,
Rowan,Salisbury 1 (CDC Contract),31536.0,,2023-07-17,,1,
Rowan,Salisbury 1 (CDC Contract),31536.0,,2023-07-18,548634.5991686485,1,272376034.968362
Rowan,Salisbury 1 (CDC Contract),31536.0,,2023-07-19,,1,
Rowan,Salisbury 1 (CDC Contract),31536.0,,2023-07-20,604896.4061506406,1,277291038.003013
Rowan,Salisbury 1 (CDC Contract),31536.0,,2023-07-21,,1,
Rowan,Salisbury 1 (CDC Contract),31536.0,,2023-07-22,,1,
Rowan,Salisbury 1 (CDC Contract),31536.0,,2023-07-23,,1,
Rowan,Salisbury 1 (CDC Contract),31536.0,,2023-07-24,,1,
Rowan,Salisbury 1 (CDC Contract),31536.0,,2023-07-25,322400.7926560571,1,147559806.489842
Rowan,Salisbury 1 (CDC Contract),31536.0,,2023-07-26,,1,
Rowan,Salisbury 1 (CDC Contract),31536.0,,2023-07-27,682825.73412146,1,315637481.742006
Rowan,Salisbury 1 (CDC Contract),31536.0,,2023-07-28,,1,
Rowan,Salisbury 1 (CDC Contract),31536.0,,2023-07-29,,1,
Rowan,Salisbury 1 (CDC Contract),31536.0,,2023-07-30,,1,
Rowan,Salisbury 1 (CDC Contract),31536.0,,2023-07-31,,1,
Rowan,Salisbury 1 (CDC Contract),31536.0,,2023-08-01,512948.03779792687,1,250287461.528706
Rowan,Salisbury 1 (CDC Contract),31536.0,,2023-08-02,,1,
Rowan,Salisbury 1 (CDC Contract),31536.0,,2023-08-03,784023.7765337664,1,348770560.479406
Rowan,Salisbury 1 (CDC Contract),31536.0,,2023-08-04,,1,
Rowan,Salisbury 1 (CDC Contract),31536.0,,2023-08-05,,1,
Rowan,Salisbury 1 (CDC Contract),31536.0,,2023-08-06,,1,
Rowan,Salisbury 1 (CDC Contract),31536.0,,2023-08-07,,1,
Rowan,Salisbury 1 (CDC Contract),31536.0,,2023-08-08,604087.2734701519,1,322384620.635557
Rowan,Salisbury 1 (CDC Contract),31536.0,,2023-08-09,,1,
Rowan,Salisbury 1 (CDC Contract),31536.0,,2023-08-10,941693.9354180332,1,449542271.162914
Rowan,Salisbury 1 (CDC Contract),31536.0,,2023-08-11,,1,
Rowan,Salisbury 1 (CDC Contract),31536.0,,2023-08-12,,1,
Rowan,Salisbury 1 (CDC Contract),31536.0,,2023-08-13,,1,
Rowan,Salisbury 1 (CDC Contract),31536.0,,2023-08-14,,1,
Rowan,Salisbury 1 (CDC Contract),31536.0,,2023-08-15,488721.0951054423,1,263867381.427189
Rowan,Salisbury 1 (CDC Contract),31536.0,,2023-08-16,,1,
Rowan,Salisbury 1 (CDC Contract),31536.0,,2023-08-17,455654.6745573995,1,221237899.686278
Rowan,Salisbury 1 (CDC Contract),31536.0,,2023-08-18,,1,
Rowan,Salisbury 1 (CDC Contract),31536.0,,2023-08-19,,1,
Rowan,Salisbury 1 (CDC Contract),31536.0,,2023-08-20,,1,
Rowan,Salisbury 1 (CDC Contract),31536.0,,2023-08-21,,1,
Rowan,Salisbury 1 (CDC Contract),31536.0,,2023-08-22,809944.3792440983,1,376828841.469013
Rowan,Salisbury 1 (CDC Contract),31536.0,,2023-08-23,,1,
Rowan,Salisbury 1 (CDC Contract),31536.0,,2023-08-24,941436.4076822526,1,464448946.667366
Rowan,Salisbury 1 (CDC Contract),31536.0,,2023-08-25,,1,
Rowan,Salisbury 1 (CDC Contract),31536.0,,2023-08-26,,1,
Rowan,Salisbury 1 (CDC Contract),31536.0,,2023-08-27,,1,
Rowan,Salisbury 1 (CDC Contract),31536.0,,2023-08-28,,1,
Rowan,Salisbury 1 (CDC Contract),31536.0,,2023-08-29,795252.1991521709,1,485019550.196646
Rowan,Salisbury 1 (CDC Contract),31536.0,,2023-08-30,,1,
Rowan,Salisbury 1 (CDC Contract),31536.0,,2023-08-31,295094.08380385046,1,200485101.463215
Rowan,Salisbury 1 (CDC Contract),31536.0,,2023-09-01,,1,
Rowan,Salisbury 1 (CDC Contract),31536.0,,2023-09-02,,1,
Rowan,Salisbury 1 (CDC Contract),31536.0,,2023-09-03,,1,
Rowan,Salisbury 1 (CDC Contract),31536.0,,2023-09-04,,1,
Rowan,Salisbury 1 (CDC Contract),31536.0,,2023-09-05,973840.3208730645,1,451562252.882259
Rowan,Salisbury 1 (CDC Contract),31536.0,,2023-09-06,,1,
Rowan,Salisbury 1 (CDC Contract),31536.0,,2023-09-07,748762.6151209038,1,401121748.878512
Rowan,Salisbury 1 (CDC Contract),31536.0,,2023-09-08,,1,
Rowan,Salisbury 1 (CDC Contract),31536.0,,2023-09-09,,1,
Rowan,Salisbury 1 (CDC Contract),31536.0,,2023-09-10,,1,
Rowan,Salisbury 1 (CDC Contract),31536.0,,2023-09-11,,1,
Rowan,Salisbury 1 (CDC Contract),31536.0,,2023-09-12,566415.4464456005,1,299696620.006931
Rowan,Salisbury 1 (CDC Contract),31536.0,,2023-09-13,,1,
Rowan,Salisbury 1 (CDC Contract),31536.0,,2023-09-14,585614.0938486938,1,276957361.363778
Rowan,Salisbury 1 (CDC Contract),31536.0,,2023-09-15,,1,
Rowan,Salisbury 1 (CDC Contract),31536.0,,2023-09-16,,1,
Rowan,Salisbury 1 (CDC Contract),31536.0,,2023-09-17,,1,
Rowan,Salisbury 1 (CDC Contract),31536.0,,2023-09-18,,1,
Rowan,Salisbury 1 (CDC Contract),31536.0,,2023-09-19,,1,
Rowan,Salisbury 1 (CDC Contract),31536.0,,2023-09-20,,1,
Rowan,Salisbury 1 (CDC Contract),31536.0,,2023-09-21,,1,
Rowan,Salisbury 1 (CDC Contract),31536.0,,2023-09-22,,1,
Rowan,Salisbury 1 (CDC Contract),31536.0,,2023-09-23,,1,
Rowan,Salisbury 1 (CDC Contract),31536.0,,2023-09-24,,1,
Rowan,Salisbury 1 (CDC Contract),31536.0,,2023-09-25,,1,
Rowan,Salisbury 1 (CDC Contract),31536.0,,2023-09-26,,1,
Rowan,Salisbury 1 (CDC Contract),31536.0,,2023-09-27,,1,
Rowan,Salisbury 1 (CDC Contract),31536.0,,2023-09-28,,1,
Rowan,Salisbury 1 (CDC Contract),31536.0,,2023-09-29,,1,
Rowan,Salisbury 1 (CDC Contract),31536.0,,2023-09-30,,1,
Rowan,Salisbury 1 (CDC Contract),31536.0,,2023-10-01,,1,
Rowan,Salisbury 1 (CDC Contract),31536.0,,2023-10-02,,1,
Rowan,Salisbury 1 (CDC Contract),31536.0,,2023-10-03,,1,
Rowan,Salisbury 1 (CDC Contract),31536.0,,2023-10-04,,1,
Rowan,Salisbury 1 (CDC Contract),31536.0,,2023-10-05,,1,
Rowan,Salisbury 1 (CDC Contract),31536.0,,2023-10-06,,1,
Rowan,Salisbury 1 (CDC Contract),31536.0,,2023-10-07,,1,
Rowan,Salisbury 1 (CDC Contract),31536.0,,2023-10-08,,1,
Rowan,Salisbury 1 (CDC Contract),31536.0,,2023-10-09,,1,
Rowan,Salisbury 1 (CDC Contract),31536.0,,2023-10-10,,1,
Rowan,Salisbury 1 (CDC Contract),31536.0,,2023-10-11,,1,
Rowan,Salisbury 1 (CDC Contract),31536.0,,2023-10-12,,1,
Rowan,Salisbury 1 (CDC Contract),31536.0,,2023-10-13,,1,
Rowan,Salisbury 1 (CDC Contract),31536.0,,2023-10-14,,1,
Rowan,Salisbury 1 (CDC Contract),31536.0,,2023-10-15,,1,
Rowan,Salisbury 1 (CDC Contract),31536.0,,2023-10-16,,1,
Rowan,Salisbury 1 (CDC Contract),31536.0,,2023-10-17,,1,
Rowan,Salisbury 1 (CDC Contract),31536.0,,2023-10-18,,1,
Rowan,Salisbury 1 (CDC Contract),31536.0,,2023-10-19,,1,
Rowan,Salisbury 1 (CDC Contract),31536.0,,2023-10-20,,1,
Rowan,Salisbury 1 (CDC Contract),31536.0,,2023-10-21,,1,
Rowan,Salisbury 1 (CDC Contract),31536.0,,2023-10-22,,1,
Rowan,Salisbury 1 (CDC Contract),31536.0,,2023-10-23,,1,
Rowan,Salisbury 1 (CDC Contract),31536.0,,2023-10-24,,1,
Rowan,Salisbury 1 (CDC Contract),31536.0,,2023-10-25,,1,
Rowan,Salisbury 1 (CDC Contract),31536.0,,2023-10-26,,1,
Rowan,Salisbury 1 (CDC Contract),31536.0,,2023-10-27,,1,
Rowan,Salisbury 1 (CDC Contract),31536.0,,2023-10-28,,1,
Rowan,Salisbury 1 (CDC Contract),31536.0,,2023-10-29,,1,
Rowan,Salisbury 1 (CDC Contract),31536.0,,2023-10-30,,1,
Rowan,Salisbury 1 (CDC Contract),31536.0,,2023-10-31,,1,
Rowan,Salisbury 1 (CDC Contract),31536.0,,2023-11-01,,1,
Rowan,Salisbury 1 (CDC Contract),31536.0,,2023-11-02,,1,
Rowan,Salisbury 1 (CDC Contract),31536.0,,2023-11-03,,1,
Rowan,Salisbury 1 (CDC Contract),31536.0,,2023-11-04,,1,
Rowan,Salisbury 1 (CDC Contract),31536.0,,2023-11-05,,1,
Rowan,Salisbury 1 (CDC Contract),31536.0,,2023-11-06,,1,
Rowan,Salisbury 1 (CDC Contract),31536.0,,2023-11-07,,1,
Rowan,Salisbury 1 (CDC Contract),31536.0,,2023-11-08,,1,
Rowan,Salisbury 1 (CDC Contract),31536.0,,2023-11-09,,1,
Rowan,Salisbury 1 (CDC Contract),31536.0,,2023-11-10,,1,
Rowan,Salisbury 1 (CDC Contract),31536.0,,2023-11-11,,1,
Rowan,Salisbury 1 (CDC Contract),31536.0,,2023-11-12,,1,
Rowan,Salisbury 1 (CDC Contract),31536.0,,2023-11-13,,1,
Rowan,Salisbury 1 (CDC Contract),31536.0,,2023-11-14,,1,
Rowan,Salisbury 1 (CDC Contract),31536.0,,2023-11-15,,1,
Rowan,Salisbury 1 (CDC Contract),31536.0,,2023-11-16,,1,
Rowan,Salisbury 1 (CDC Contract),31536.0,,2023-11-17,,1,
Rowan,Salisbury 1 (CDC Contract),31536.0,,2023-11-18,,1,
Rowan,Salisbury 1 (CDC Contract),31536.0,,2023-11-19,,1,
Rowan,Salisbury 1 (CDC Contract),31536.0,,2023-11-20,,1,
Rowan,Salisbury 1 (CDC Contract),31536.0,,2023-11-21,,1,
Rowan,Salisbury 1 (CDC Contract),31536.0,,2023-11-22,,1,
Rowan,Salisbury 1 (CDC Contract),31536.0,,2023-11-23,,1,
Rowan,Salisbury 1 (CDC Contract),31536.0,,2023-11-24,,1,
Rowan,Salisbury 1 (CDC Contract),31536.0,,2023-11-25,,1,
Rowan,Salisbury 1 (CDC Contract),31536.0,,2023-11-26,,1,
Rowan,Salisbury 1 (CDC Contract),31536.0,,2023-11-27,,1,
Rowan,Salisbury 1 (CDC Contract),31536.0,,2023-11-28,,1,
Rowan,Salisbury 1 (CDC Contract),31536.0,,2023-11-29,,1,
Rowan,Salisbury 1 (CDC Contract),31536.0,,2023-11-30,,1,
Rowan,Salisbury 1 (CDC Contract),31536.0,,2023-12-01,,1,
Rowan,Salisbury 1 (CDC Contract),31536.0,,2023-12-02,,1,
Rowan,Salisbury 1 (CDC Contract),31536.0,,2023-12-03,,1,
Rowan,Salisbury 1 (CDC Contract),31536.0,,2023-12-04,,1,
Rowan,Salisbury 1 (CDC Contract),31536.0,,2023-12-05,,1,
Rowan,Salisbury 1 (CDC Contract),31536.0,,2023-12-06,,1,
Rowan,Salisbury 1 (CDC Contract),31536.0,,2023-12-07,,1,
Rowan,Salisbury 1 (CDC Contract),31536.0,,2023-12-08,,1,
Rowan,Salisbury 1 (CDC Contract),31536.0,,2023-12-09,,1,
Rowan,Salisbury 1 (CDC Contract),31536.0,,2023-12-10,,1,
Rowan,Salisbury 1 (CDC Contract),31536.0,,2023-12-11,,1,
Rowan,Salisbury 1 (CDC Contract),31536.0,,2023-12-12,,1,
Rowan,Salisbury 1 (CDC Contract),31536.0,,2023-12-13,,1,
Rowan,Salisbury 1 (CDC Contract),31536.0,,2023-12-14,,1,
Rowan,Salisbury 1 (CDC Contract),31536.0,,2023-12-15,,1,
Rowan,Salisbury 1 (CDC Contract),31536.0,,2023-12-16,,1,
Rowan,Salisbury 1 (CDC Contract),31536.0,,2023-12-17,,1,
Rowan,Salisbury 1 (CDC Contract),31536.0,,2023-12-18,,1,
Rowan,Salisbury 1 (CDC Contract),31536.0,,2023-12-19,,1,
Rowan,Salisbury 1 (CDC Contract),31536.0,,2023-12-20,,1,
Rowan,Salisbury 1 (CDC Contract),31536.0,,2023-12-21,,1,
Rowan,Salisbury 1 (CDC Contract),31536.0,,2023-12-22,,1,
Rowan,Salisbury 1 (CDC Contract),31536.0,,2023-12-23,,1,
Rowan,Salisbury 1 (CDC Contract),31536.0,,2023-12-24,,1,
Rowan,Salisbury 1 (CDC Contract),31536.0,,2023-12-25,,1,
Rowan,Salisbury 1 (CDC Contract),31536.0,,2023-12-26,,1,
Rowan,Salisbury 1 (CDC Contract),31536.0,,2023-12-27,,1,
Rowan,Salisbury 1 (CDC Contract),31536.0,,2023-12-28,,1,
Rowan,Salisbury 1 (CDC Contract),31536.0,,2023-12-29,,1,
Rowan,Salisbury 1 (CDC Contract),31536.0,,2023-12-30,,1,
Rowan,Salisbury 1 (CDC Contract),31536.0,,2023-12-31,,1,
Rowan,Salisbury 1 (CDC Contract),31536.0,,2024-01-01,,1,
Rowan,Salisbury 1 (CDC Contract),31536.0,,2024-01-02,,1,
Rowan,Salisbury 1 (CDC Contract),31536.0,,2024-01-03,,1,
Rowan,Salisbury 1 (CDC Contract),31536.0,,2024-01-04,,1,
Rowan,Salisbury 1 (CDC Contract),31536.0,,2024-01-05,,1,
Rowan,Salisbury 1 (CDC Contract),31536.0,,2024-01-06,,1,
Rowan,Salisbury 1 (CDC Contract),31536.0,,2024-01-07,,1,
Rowan,Salisbury 1 (CDC Contract),31536.0,,2024-01-08,,1,
Rowan,Salisbury 1 (CDC Contract),31536.0,,2024-01-09,,1,
Rowan,Salisbury 1 (CDC Contract),32000.0,,2024-01-10,90561.60767444946,1,51228954.754428
Rowan,Salisbury 1 (CDC Contract),32000.0,,2024-01-11,,1,
Rowan,Salisbury 1 (CDC Contract),32000.0,,2024-01-12,,1,
Rowan,Salisbury 1 (CDC Contract),32000.0,,2024-01-13,,1,
Rowan,Salisbury 1 (CDC Contract),32000.0,,2024-01-14,,1,
Rowan,Salisbury 1 (CDC Contract),32000.0,,2024-01-15,,1,
Rowan,Salisbury 1 (CDC Contract),32000.0,,2024-01-16,,1,
Rowan,Salisbury 1 (CDC Contract),32000.0,,2024-01-17,118917.59950190005,1,67269392.4150245
Rowan,Salisbury 1 (CDC Contract),32000.0,,2024-01-18,,1,
Rowan,Salisbury 1 (CDC Contract),32000.0,,2024-01-19,112789.04611161297,1,63802587.9666131
Rowan,Salisbury 1 (CDC Contract),32000.0,,2024-01-20,,1,
Rowan,Salisbury 1 (CDC Contract),32000.0,,2024-01-21,,1,
Rowan,Salisbury 1 (CDC Contract),32000.0,,2024-01-22,,1,
Rowan,Salisbury 1 (CDC Contract),32000.0,,2024-01-23,,1,
Rowan,Salisbury 1 (CDC Contract),32000.0,,2024-01-24,142181.35303046706,1,80429249.0864887
Rowan,Salisbury 1 (CDC Contract),32000.0,,2024-01-25,,1,
Rowan,Salisbury 1 (CDC Contract),32000.0,,2024-01-26,246279.85103830992,1,139315761.609745
Rowan,Salisbury 1 (CDC Contract),32000.0,,2024-01-27,,1,
Rowan,Salisbury 1 (CDC Contract),32000.0,,2024-01-28,,1,
Rowan,Salisbury 1 (CDC Contract),32000.0,,2024-01-29,,1,
Rowan,Salisbury 1 (CDC Contract),32000.0,,2024-01-30,,1,
Rowan,Salisbury 1 (CDC Contract),32000.0,,2024-01-31,42178.588849954715,1,23859614.1928869
Rowan,Salisbury 1 (CDC Contract),32000.0,,2024-02-01,,1,
Rowan,Salisbury 1 (CDC Contract),32000.0,,2024-02-02,200147.82196802404,1,113219762.536195
Rowan,Salisbury 1 (CDC Contract),32000.0,,2024-02-03,,1,
Rowan,Salisbury 1 (CDC Contract),32000.0,,2024-02-04,,1,
Rowan,Salisbury 1 (CDC Contract),32000.0,,2024-02-05,,1,
Rowan,Salisbury 1 (CDC Contract),32000.0,,2024-02-06,,1,
Rowan,Salisbury 1 (CDC Contract),32000.0,,2024-02-07,127815.51056772198,1,72302769.0865005
Rowan,Salisbury 1 (CDC Contract),32000.0,,2024-02-08,,1,
Rowan,Salisbury 1 (CDC Contract),32000.0,,2024-02-09,106939.5667714021,1,60493650.3256885
Rowan,Salisbury 1 (CDC Contract),32000.0,,2024-02-10,,1,
Rowan,Salisbury 1 (CDC Contract),32000.0,,2024-02-11,,1,
Rowan,Salisbury 1 (CDC Contract),32000.0,,2024-02-12,,1,
Rowan,Salisbury 1 (CDC Contract),32000.0,,2024-02-13,,1,
Rowan,Salisbury 1 (CDC Contract),32000.0,,2024-02-14,101578.79939837099,1,57461167.618565
Rowan,Salisbury 1 (CDC Contract),32000.0,,2024-02-15,,1,
Rowan,Salisbury 1 (CDC Contract),32000.0,,2024-02-16,109203.66611957703,1,61774407.6581347
Rowan,Salisbury 1 (CDC Contract),32000.0,,2024-02-17,,1,
Rowan,Salisbury 1 (CDC Contract),32000.0,,2024-02-18,,1,
Rowan,Salisbury 1 (CDC Contract),32000.0,,2024-02-19,,1,
Rowan,Salisbury 1 (CDC Contract),32000.0,,2024-02-20,,1,
Rowan,Salisbury 1 (CDC Contract),32000.0,,2024-02-21,16984.561533393593,1,9607838.86971019
Rowan,Salisbury 1 (CDC Contract),32000.0,,2024-02-22,,1,
Rowan,Salisbury 1 (CDC Contract),32000.0,,2024-02-23,17005.059970075403,1,9619434.43997749
Rowan,Salisbury 1 (CDC Contract),32000.0,,2024-02-24,,1,
Rowan,Salisbury 1 (CDC Contract),32000.0,,2024-02-25,,1,
Rowan,Salisbury 1 (CDC Contract),32000.0,,2024-02-26,,1,
Rowan,Salisbury 1 (CDC Contract),32000.0,,2024-02-27,,1,
Rowan,Salisbury 1 (CDC Contract),32000.0,,2024-02-28,21400.274935505222,1,12105722.7732124
Rowan,Salisbury 1 (CDC Contract),32000.0,,2024-02-29,,1,
Rowan,Salisbury 1 (CDC Contract),32000.0,,2024-03-01,30410.563038069315,1,17202668.9669012
Rowan,Salisbury 1 (CDC Contract),32000.0,,2024-03-02,,1,
Rowan,Salisbury 1 (CDC Contract),32000.0,,2024-03-03,,1,
Rowan,Salisbury 1 (CDC Contract),32000.0,,2024-03-04,,1,
Rowan,Salisbury 1 (CDC Contract),32000.0,,2024-03-05,,1,
Rowan,Salisbury 1 (CDC Contract),32000.0,,2024-03-06,0.0,1,424260.534374999
Rowan,Salisbury 1 (CDC Contract),32000.0,,2024-03-07,,1,
Rowan,Salisbury 1 (CDC Contract),32000.0,,2024-03-08,27464.30639758671,1,15536028.4113051
Rowan,Salisbury 1 (CDC Contract),32000.0,,2024-03-09,,1,
Rowan,Salisbury 1 (CDC Contract),32000.0,,2024-03-10,,1,
Rowan,Salisbury 1 (CDC Contract),32000.0,,2024-03-11,,1,
Rowan,Salisbury 1 (CDC Contract),32000.0,,2024-03-12,,1,
Rowan,Salisbury 1 (CDC Contract),32000.0,,2024-03-13,8712.17629900452,1,4928310.09624649
Rowan,Salisbury 1 (CDC Contract),32000.0,,2024-03-14,,1,
Rowan,Salisbury 1 (CDC Contract),32000.0,,2024-03-15,10540.089039179407,1,5962325.07749649
Rowan,Salisbury 1 (CDC Contract),32000.0,,2024-03-16,,1,
Rowan,Salisbury 1 (CDC Contract),32000.0,,2024-03-17,,1,
Rowan,Salisbury 1 (CDC Contract),32000.0,,2024-03-18,,1,
Rowan,Salisbury 1 (CDC Contract),32000.0,,2024-03-19,,1,
Rowan,Salisbury 1 (CDC Contract),32000.0,,2024-03-20,15799.907208929115,1,8937702.7673809
Rowan,Salisbury 1 (CDC Contract),32000.0,,2024-03-21,,1,
Rowan,Salisbury 1 (CDC Contract),32000.0,,2024-03-22,10261.60506280541,1,5804792.06332139
Rowan,Salisbury 1 (CDC Contract),32000.0,,2024-03-23,,1,
Rowan,Salisbury 1 (CDC Contract),32000.0,,2024-03-24,,1,
Rowan,Salisbury 1 (CDC Contract),32000.0,,2024-03-25,,1,
Rowan,Salisbury 1 (CDC Contract),32000.0,,2024-03-26,,1,
Rowan,Salisbury 1 (CDC Contract),32000.0,,2024-03-27,30513.28397683252,1,17260776.2207295
Rowan,Salisbury 1 (CDC Contract),32000.0,,2024-03-28,,1,
Rowan,Salisbury 1 (CDC Contract),32000.0,,2024-03-29,40163.538608989424,1,22719739.1368544
Rowan,Salisbury 1 (CDC Contract),32000.0,,2024-03-30,,1,
Rowan,Salisbury 1 (CDC Contract),32000.0,,2024-03-31,,1,
Rowan,Salisbury 1 (CDC Contract),32000.0,,2024-04-01,,1,
Rowan,Salisbury 1 (CDC Contract),32000.0,,2024-04-02,,1,
Rowan,Salisbury 1 (CDC Contract),32000.0,,2024-04-03,6808.212404247359,1,3851274.44368598
Rowan,Salisbury 1 (CDC Contract),32000.0,,2024-04-04,,1,
Rowan,Salisbury 1 (CDC Contract),32000.0,,2024-04-05,47658.12949478128,1,26959284.6490252
Rowan,Salisbury 1 (CDC Contract),32000.0,,2024-04-06,,1,
Rowan,Salisbury 1 (CDC Contract),32000.0,,2024-04-07,,1,
Rowan,Salisbury 1 (CDC Contract),32000.0,,2024-04-08,,1,
Rowan,Salisbury 1 (CDC Contract),32000.0,,2024-04-09,,1,
Rowan,Salisbury 1 (CDC Contract),32000.0,,2024-04-10,46025.26150877822,1,26035602.723284505
Rowan,Salisbury 1 (CDC Contract),32000.0,,2024-04-11,,1,
Rowan,Salisbury 1 (CDC Contract),32000.0,,2024-04-12,65641.72494431376,1,37132257.7362284
Rowan,Salisbury 1 (CDC Contract),32000.0,,2024-04-13,,1,
Rowan,Salisbury 1 (CDC Contract),32000.0,,2024-04-14,,1,
Rowan,Salisbury 1 (CDC Contract),32000.0,,2024-04-15,,1,
Rowan,Salisbury 1 (CDC Contract),32000.0,,2024-04-16,,1,
Rowan,Salisbury 1 (CDC Contract),32000.0,,2024-04-17,27254.769102141705,1,15417497.2047224
Rowan,Salisbury 1 (CDC Contract),32000.0,,2024-04-18,,1,
Rowan,Salisbury 1 (CDC Contract),32000.0,,2024-04-19,19036.110730376997,1,10768360.6811886
Rowan,Salisbury 1 (CDC Contract),32000.0,,2024-04-20,,1,
Rowan,Salisbury 1 (CDC Contract),32000.0,,2024-04-21,,1,
Rowan,Salisbury 1 (CDC Contract),32000.0,,2024-04-22,,1,
Rowan,Salisbury 1 (CDC Contract),32000.0,,2024-04-23,,1,
Rowan,Salisbury 1 (CDC Contract),32000.0,,2024-04-24,12905.29463819,1,7300276.26595375
Rowan,Salisbury 1 (CDC Contract),32000.0,,2024-04-25,,1,
Rowan,Salisbury 1 (CDC Contract),32000.0,,2024-04-26,7948.725846105578,1,4496440.90009217
Rowan,Salisbury 1 (CDC Contract),32000.0,,2024-04-27,,1,
Rowan,Salisbury 1 (CDC Contract),32000.0,,2024-04-28,,1,
Rowan,Salisbury 1 (CDC Contract),32000.0,,2024-04-29,,1,
Rowan,Salisbury 1 (CDC Contract),32000.0,,2024-04-30,3307.423188995472,1,1870945.50608998
Rowan,Salisbury 1 (CDC Contract),32000.0,,2024-05-01,,1,
Rowan,Salisbury 1 (CDC Contract),32000.0,,2024-05-02,7144.315095119155,1,4041401.2533315094
Rowan,Salisbury 1 (CDC Contract),32000.0,,2024-05-03,,1,
Rowan,Salisbury 1 (CDC Contract),32000.0,,2024-05-04,,1,
Rowan,Salisbury 1 (CDC Contract),32000.0,,2024-05-05,,1,
Rowan,Salisbury 1 (CDC Contract),32000.0,,2024-05-06,,1,
Rowan,Salisbury 1 (CDC Contract),32000.0,,2024-05-07,,1,
Rowan,Salisbury 1 (CDC Contract),32000.0,,2024-05-08,30153.521307028637,1,17057265.4173438
Rowan,Salisbury 1 (CDC Contract),32000.0,,2024-05-09,,1,
Rowan,Salisbury 1 (CDC Contract),32000.0,,2024-05-10,3544.695287553545,1,2005165.75585867
Rowan,Salisbury 1 (CDC Contract),32000.0,,2024-05-11,,1,
Rowan,Salisbury 1 (CDC Contract),32000.0,,2024-05-12,,1,
Rowan,Salisbury 1 (CDC Contract),32000.0,,2024-05-13,,1,
Rowan,Salisbury 1 (CDC Contract),32000.0,,2024-05-14,,1,
Rowan,Salisbury 1 (CDC Contract),32000.0,,2024-05-15,6778.142477731518,1,3834264.46622967
Rowan,Salisbury 2 (CDC Contract),21000.0,,2024-01-10,77375.86215650079,1,27616152.640109
Rowan,Salisbury 2 (CDC Contract),21000.0,,2024-01-11,,1,
Rowan,Salisbury 2 (CDC Contract),21000.0,,2024-01-12,,1,
Rowan,Salisbury 2 (CDC Contract),21000.0,,2024-01-13,,1,
Rowan,Salisbury 2 (CDC Contract),21000.0,,2024-01-14,,1,
Rowan,Salisbury 2 (CDC Contract),21000.0,,2024-01-15,,1,
Rowan,Salisbury 2 (CDC Contract),21000.0,,2024-01-16,,1,
Rowan,Salisbury 2 (CDC Contract),21000.0,,2024-01-17,26994.11073423831,1,9634444.9243478
Rowan,Salisbury 2 (CDC Contract),21000.0,,2024-01-18,,1,
Rowan,Salisbury 2 (CDC Contract),21000.0,,2024-01-19,21337.947101779697,1,7615708.41042727
Rowan,Salisbury 2 (CDC Contract),21000.0,,2024-01-20,,1,
Rowan,Salisbury 2 (CDC Contract),21000.0,,2024-01-21,,1,
Rowan,Salisbury 2 (CDC Contract),21000.0,,2024-01-22,,1,
Rowan,Salisbury 2 (CDC Contract),21000.0,,2024-01-23,,1,
Rowan,Salisbury 2 (CDC Contract),21000.0,,2024-01-24,19203.080651342316,1,6853755.0554872
Rowan,Salisbury 2 (CDC Contract),21000.0,,2024-01-25,,1,
Rowan,Salisbury 2 (CDC Contract),21000.0,,2024-01-26,234809.62601990887,1,83805702.357372
Rowan,Salisbury 2 (CDC Contract),21000.0,,2024-01-27,,1,
Rowan,Salisbury 2 (CDC Contract),21000.0,,2024-01-28,,1,
Rowan,Salisbury 2 (CDC Contract),21000.0,,2024-01-29,,1,
Rowan,Salisbury 2 (CDC Contract),21000.0,,2024-01-30,,1,
Rowan,Salisbury 2 (CDC Contract),21000.0,,2024-01-31,53689.185664675686,1,19162161.2362774
Rowan,Salisbury 2 (CDC Contract),21000.0,,2024-02-01,,1,
Rowan,Salisbury 2 (CDC Contract),21000.0,,2024-02-02,105132.5321327301,1,37522761.9298936
Rowan,Salisbury 2 (CDC Contract),21000.0,,2024-02-03,,1,
Rowan,Salisbury 2 (CDC Contract),21000.0,,2024-02-04,,1,
Rowan,Salisbury 2 (CDC Contract),21000.0,,2024-02-05,,1,
Rowan,Salisbury 2 (CDC Contract),21000.0,,2024-02-06,,1,
Rowan,Salisbury 2 (CDC Contract),21000.0,,2024-02-07,304309.68783107004,1,108610909.846911
Rowan,Salisbury 2 (CDC Contract),21000.0,,2024-02-08,,1,
Rowan,Salisbury 2 (CDC Contract),21000.0,,2024-02-09,221716.06552036086,1,79132490.9025305
Rowan,Salisbury 2 (CDC Contract),21000.0,,2024-02-10,,1,
Rowan,Salisbury 2 (CDC Contract),21000.0,,2024-02-11,,1,
Rowan,Salisbury 2 (CDC Contract),21000.0,,2024-02-12,,1,
Rowan,Salisbury 2 (CDC Contract),21000.0,,2024-02-13,,1,
Rowan,Salisbury 2 (CDC Contract),21000.0,,2024-02-14,102135.05072844602,1,36452933.4111606
Rowan,Salisbury 2 (CDC Contract),21000.0,,2024-02-15,,1,
Rowan,Salisbury 2 (CDC Contract),21000.0,,2024-02-16,300787.29740693787,1,107353736.499826
Rowan,Salisbury 2 (CDC Contract),21000.0,,2024-02-17,,1,
Rowan,Salisbury 2 (CDC Contract),21000.0,,2024-02-18,,1,
Rowan,Salisbury 2 (CDC Contract),21000.0,,2024-02-19,,1,
Rowan,Salisbury 2 (CDC Contract),21000.0,,2024-02-20,,1,
Rowan,Salisbury 2 (CDC Contract),21000.0,,2024-02-21,124839.09480084412,1,44556214.3204309
Rowan,Salisbury 2 (CDC Contract),21000.0,,2024-02-22,,1,
Rowan,Salisbury 2 (CDC Contract),21000.0,,2024-02-23,106886.71359179406,1,38148845.3308643
Rowan,Salisbury 2 (CDC Contract),21000.0,,2024-02-24,,1,
Rowan,Salisbury 2 (CDC Contract),21000.0,,2024-02-25,,1,
Rowan,Salisbury 2 (CDC Contract),21000.0,,2024-02-26,,1,
Rowan,Salisbury 2 (CDC Contract),21000.0,,2024-02-27,,1,
Rowan,Salisbury 2 (CDC Contract),21000.0,,2024-02-28,91754.2256526094,1,32747922.0311935
Rowan,Salisbury 2 (CDC Contract),21000.0,,2024-02-29,,1,
Rowan,Salisbury 2 (CDC Contract),21000.0,,2024-03-01,154099.92127662108,1,54999670.8171921
Rowan,Salisbury 2 (CDC Contract),21000.0,,2024-03-02,,1,
Rowan,Salisbury 2 (CDC Contract),21000.0,,2024-03-03,,1,
Rowan,Salisbury 2 (CDC Contract),21000.0,,2024-03-04,,1,
Rowan,Salisbury 2 (CDC Contract),21000.0,,2024-03-05,,1,
Rowan,Salisbury 2 (CDC Contract),21000.0,,2024-03-06,126212.21620440407,1,45046293.9036143
Rowan,Salisbury 2 (CDC Contract),21000.0,,2024-03-07,,1,
Rowan,Salisbury 2 (CDC Contract),21000.0,,2024-03-08,35616.597935927624,1,12711889.4407994
Rowan,Salisbury 2 (CDC Contract),21000.0,,2024-03-09,,1,
Rowan,Salisbury 2 (CDC Contract),21000.0,,2024-03-10,,1,
Rowan,Salisbury 2 (CDC Contract),21000.0,,2024-03-11,,1,
Rowan,Salisbury 2 (CDC Contract),21000.0,,2024-03-12,,1,
Rowan,Salisbury 2 (CDC Contract),21000.0,,2024-03-13,36627.56895493215,1,13072714.2406457
Rowan,Salisbury 2 (CDC Contract),21000.0,,2024-03-14,,1,
Rowan,Salisbury 2 (CDC Contract),21000.0,,2024-03-15,46490.242611644004,1,16592792.6417424
Rowan,Salisbury 2 (CDC Contract),21000.0,,2024-03-16,,1,
Rowan,Salisbury 2 (CDC Contract),21000.0,,2024-03-17,,1,
Rowan,Salisbury 2 (CDC Contract),21000.0,,2024-03-18,,1,
Rowan,Salisbury 2 (CDC Contract),21000.0,,2024-03-19,,1,
Rowan,Salisbury 2 (CDC Contract),21000.0,,2024-03-20,37677.97248555055,1,13447612.8644128
Rowan,Salisbury 2 (CDC Contract),21000.0,,2024-03-21,,1,
Rowan,Salisbury 2 (CDC Contract),21000.0,,2024-03-22,49654.12064796382,1,17722009.6397898
Rowan,Salisbury 2 (CDC Contract),21000.0,,2024-03-23,,1,
Rowan,Salisbury 2 (CDC Contract),21000.0,,2024-03-24,,1,
Rowan,Salisbury 2 (CDC Contract),21000.0,,2024-03-25,,1,
Rowan,Salisbury 2 (CDC Contract),21000.0,,2024-03-26,,1,
Rowan,Salisbury 2 (CDC Contract),21000.0,,2024-03-27,79722.60177785826,1,28453725.4668767
Rowan,Salisbury 2 (CDC Contract),21000.0,,2024-03-28,,1,
Rowan,Salisbury 2 (CDC Contract),21000.0,,2024-03-29,38594.24568180994,1,13774639.1455127
Rowan,Salisbury 2 (CDC Contract),21000.0,,2024-03-30,,1,
Rowan,Salisbury 2 (CDC Contract),21000.0,,2024-03-31,,1,
Rowan,Salisbury 2 (CDC Contract),21000.0,,2024-04-01,,1,
Rowan,Salisbury 2 (CDC Contract),21000.0,,2024-04-02,,1,
Rowan,Salisbury 2 (CDC Contract),21000.0,,2024-04-03,66407.56540911009,1,23701467.249395
Rowan,Salisbury 2 (CDC Contract),21000.0,,2024-04-04,,1,
Rowan,Salisbury 2 (CDC Contract),21000.0,,2024-04-05,105469.82639662112,1,37643145.3365097
Rowan,Salisbury 2 (CDC Contract),21000.0,,2024-04-06,,1,
Rowan,Salisbury 2 (CDC Contract),21000.0,,2024-04-07,,1,
Rowan,Salisbury 2 (CDC Contract),21000.0,,2024-04-08,,1,
Rowan,Salisbury 2 (CDC Contract),21000.0,,2024-04-09,,1,
Rowan,Salisbury 2 (CDC Contract),21000.0,,2024-04-10,32200.874451644024,1,11492786.4997867
Rowan,Salisbury 2 (CDC Contract),21000.0,,2024-04-11,,1,
Rowan,Salisbury 2 (CDC Contract),21000.0,,2024-04-12,18669.41512977372,1,6663284.95161172
Rowan,Salisbury 2 (CDC Contract),21000.0,,2024-04-13,,1,
Rowan,Salisbury 2 (CDC Contract),21000.0,,2024-04-14,,1,
Rowan,Salisbury 2 (CDC Contract),21000.0,,2024-04-15,,1,
Rowan,Salisbury 2 (CDC Contract),21000.0,,2024-04-16,,1,
Rowan,Salisbury 2 (CDC Contract),21000.0,,2024-04-17,31497.535654177915,1,11241758.4524449
Rowan,Salisbury 2 (CDC Contract),21000.0,,2024-04-18,,1,
Rowan,Salisbury 2 (CDC Contract),21000.0,,2024-04-19,30490.074562171914,1,10882186.3776351
Rowan,Salisbury 2 (CDC Contract),21000.0,,2024-04-20,,1,
Rowan,Salisbury 2 (CDC Contract),21000.0,,2024-04-21,,1,
Rowan,Salisbury 2 (CDC Contract),21000.0,,2024-04-22,,1,
Rowan,Salisbury 2 (CDC Contract),21000.0,,2024-04-23,,1,
Rowan,Salisbury 2 (CDC Contract),21000.0,,2024-04-24,6254.433038938161,1,2232264.33498481
Rowan,Salisbury 2 (CDC Contract),21000.0,,2024-04-25,,1,
Rowan,Salisbury 2 (CDC Contract),21000.0,,2024-04-26,5249.331850352939,1,1873534.53128216
Rowan,Salisbury 2 (CDC Contract),21000.0,,2024-04-27,,1,
Rowan,Salisbury 2 (CDC Contract),21000.0,,2024-04-28,,1,
Rowan,Salisbury 2 (CDC Contract),21000.0,,2024-04-29,,1,
Rowan,Salisbury 2 (CDC Contract),21000.0,,2024-04-30,7655.976513158377,1,2732488.01504576
Rowan,Salisbury 2 (CDC Contract),21000.0,,2024-05-01,,1,
Rowan,Salisbury 2 (CDC Contract),21000.0,,2024-05-02,11691.290825242817,1,4172728.58733099
Rowan,Salisbury 2 (CDC Contract),21000.0,,2024-05-03,,1,
Rowan,Salisbury 2 (CDC Contract),21000.0,,2024-05-04,,1,
Rowan,Salisbury 2 (CDC Contract),21000.0,,2024-05-05,,1,
Rowan,Salisbury 2 (CDC Contract),21000.0,,2024-05-06,,1,
Rowan,Salisbury 2 (CDC Contract),21000.0,,2024-05-07,,1,
Rowan,Salisbury 2 (CDC Contract),21000.0,,2024-05-08,5692.5207742262455,1,2031712.71022556
Rowan,Salisbury 2 (CDC Contract),21000.0,,2024-05-09,,1,
Rowan,Salisbury 2 (CDC Contract),21000.0,,2024-05-10,11358.263510612313,1,4053868.0939182094
Rowan,Salisbury 2 (CDC Contract),21000.0,,2024-05-11,,1,
Rowan,Salisbury 2 (CDC Contract),21000.0,,2024-05-12,,1,
Rowan,Salisbury 2 (CDC Contract),21000.0,,2024-05-13,,1,
Rowan,Salisbury 2 (CDC Contract),21000.0,,2024-05-14,,1,
Rowan,Salisbury 2 (CDC Contract),21000.0,,2024-05-15,7128.726274027156,1,2544307.58412622
Rowan,Salisbury 2 (CDC Contract),22940.0,,2022-06-14,1272426.9408325637,1,351904835.331432
Rowan,Salisbury 2 (CDC Contract),22940.0,,2022-06-15,,1,
Rowan,Salisbury 2 (CDC Contract),22940.0,,2022-06-16,967344.742707662,1,264976724.926576
Rowan,Salisbury 2 (CDC Contract),22940.0,,2022-06-17,,1,
Rowan,Salisbury 2 (CDC Contract),22940.0,,2022-06-18,,1,
Rowan,Salisbury 2 (CDC Contract),22940.0,,2022-06-19,,1,
Rowan,Salisbury 2 (CDC Contract),22940.0,,2022-06-20,,1,
Rowan,Salisbury 2 (CDC Contract),22940.0,,2022-06-21,627316.5633533879,1,164589544.423691
Rowan,Salisbury 2 (CDC Contract),22940.0,,2022-06-22,,1,
Rowan,Salisbury 2 (CDC Contract),22940.0,,2022-06-23,1422737.022579617,1,342060202.821385
Rowan,Salisbury 2 (CDC Contract),22940.0,,2022-06-24,,1,
Rowan,Salisbury 2 (CDC Contract),22940.0,,2022-06-25,,1,
Rowan,Salisbury 2 (CDC Contract),22940.0,,2022-06-26,,1,
Rowan,Salisbury 2 (CDC Contract),22940.0,,2022-06-27,,1,
Rowan,Salisbury 2 (CDC Contract),22940.0,,2022-06-28,1102592.451682841,1,230884618.531634
Rowan,Salisbury 2 (CDC Contract),22940.0,,2022-06-29,,1,
Rowan,Salisbury 2 (CDC Contract),22940.0,,2022-06-30,1894402.65667543,1,512040786.20561093
Rowan,Salisbury 2 (CDC Contract),22940.0,,2022-07-01,,1,
Rowan,Salisbury 2 (CDC Contract),22940.0,,2022-07-02,,1,
Rowan,Salisbury 2 (CDC Contract),22940.0,,2022-07-03,,1,
Rowan,Salisbury 2 (CDC Contract),22940.0,,2022-07-04,,1,
Rowan,Salisbury 2 (CDC Contract),22940.0,,2022-07-05,1569436.8584085014,1,345994081.742933
Rowan,Salisbury 2 (CDC Contract),22940.0,,2022-07-06,,1,
Rowan,Salisbury 2 (CDC Contract),22940.0,,2022-07-07,2166808.264651814,1,800558256.984483
Rowan,Salisbury 2 (CDC Contract),22940.0,,2022-07-08,,1,
Rowan,Salisbury 2 (CDC Contract),22940.0,,2022-07-09,,1,
Rowan,Salisbury 2 (CDC Contract),22940.0,,2022-07-10,,1,
Rowan,Salisbury 2 (CDC Contract),22940.0,,2022-07-11,,1,
Rowan,Salisbury 2 (CDC Contract),22940.0,,2022-07-12,1793120.2046907342,1,716049646.001041
Rowan,Salisbury 2 (CDC Contract),22940.0,,2022-07-13,,1,
Rowan,Salisbury 2 (CDC Contract),22940.0,,2022-07-14,2761514.630665093,1,561860872.556231
Rowan,Salisbury 2 (CDC Contract),22940.0,,2022-07-15,,1,
Rowan,Salisbury 2 (CDC Contract),22940.0,,2022-07-16,,1,
Rowan,Salisbury 2 (CDC Contract),22940.0,,2022-07-17,,1,
Rowan,Salisbury 2 (CDC Contract),22940.0,,2022-07-18,,1,
Rowan,Salisbury 2 (CDC Contract),22940.0,,2022-07-19,2276668.2473259307,1,805833673.254234
Rowan,Salisbury 2 (CDC Contract),22940.0,,2022-07-20,,1,
Rowan,Salisbury 2 (CDC Contract),22940.0,,2022-07-21,3885021.1702667987,1,1069320272.10391
Rowan,Salisbury 2 (CDC Contract),22940.0,,2022-07-22,,1,
Rowan,Salisbury 2 (CDC Contract),22940.0,,2022-07-23,,1,
Rowan,Salisbury 2 (CDC Contract),22940.0,,2022-07-24,,1,
Rowan,Salisbury 2 (CDC Contract),22940.0,,2022-07-25,,1,
Rowan,Salisbury 2 (CDC Contract),22940.0,,2022-07-26,1905192.061925694,1,239873165.031208
Rowan,Salisbury 2 (CDC Contract),22940.0,,2022-07-27,,1,
Rowan,Salisbury 2 (CDC Contract),22940.0,,2022-07-28,3233709.1502744183,1,904459286.685949
Rowan,Salisbury 2 (CDC Contract),22940.0,,2022-07-29,,1,
Rowan,Salisbury 2 (CDC Contract),22940.0,,2022-07-30,,1,
Rowan,Salisbury 2 (CDC Contract),22940.0,,2022-07-31,,1,
Rowan,Salisbury 2 (CDC Contract),22940.0,,2022-08-01,,1,
Rowan,Salisbury 2 (CDC Contract),22940.0,,2022-08-02,2052417.885029627,1,695640076.187002
Rowan,Salisbury 2 (CDC Contract),22940.0,,2022-08-03,,1,
Rowan,Salisbury 2 (CDC Contract),22940.0,,2022-08-04,1653059.432219664,1,445171124.54882693
Rowan,Salisbury 2 (CDC Contract),22940.0,,2022-08-05,,1,
Rowan,Salisbury 2 (CDC Contract),22940.0,,2022-08-06,,1,
Rowan,Salisbury 2 (CDC Contract),22940.0,,2022-08-07,,1,
Rowan,Salisbury 2 (CDC Contract),22940.0,,2022-08-08,,1,
Rowan,Salisbury 2 (CDC Contract),22940.0,,2022-08-09,1525988.2307033674,1,411957911.42778707
Rowan,Salisbury 2 (CDC Contract),22940.0,,2022-08-10,,1,
Rowan,Salisbury 2 (CDC Contract),22940.0,,2022-08-11,1905569.1328387477,1,509713443.854443
Rowan,Salisbury 2 (CDC Contract),22940.0,,2022-08-12,,1,
Rowan,Salisbury 2 (CDC Contract),22940.0,,2022-08-13,,1,
Rowan,Salisbury 2 (CDC Contract),22940.0,,2022-08-14,,1,
Rowan,Salisbury 2 (CDC Contract),22940.0,,2022-08-15,,1,
Rowan,Salisbury 2 (CDC Contract),22940.0,,2022-08-16,1051030.608528629,1,345480120.354157
Rowan,Salisbury 2 (CDC Contract),22940.0,,2022-08-17,,1,
Rowan,Salisbury 2 (CDC Contract),22940.0,,2022-08-18,1707865.6625464777,1,488112532.86983
Rowan,Salisbury 2 (CDC Contract),22940.0,,2022-08-19,,1,
Rowan,Salisbury 2 (CDC Contract),22940.0,,2022-08-20,,1,
Rowan,Salisbury 2 (CDC Contract),22940.0,,2022-08-21,,1,
Rowan,Salisbury 2 (CDC Contract),22940.0,,2022-08-22,,1,
Rowan,Salisbury 2 (CDC Contract),22940.0,,2022-08-23,1129134.4414298993,1,425931975.865294
Rowan,Salisbury 2 (CDC Contract),22940.0,,2022-08-24,,1,
Rowan,Salisbury 2 (CDC Contract),22940.0,,2022-08-25,2437057.0608931053,1,635793277.991275
Rowan,Salisbury 2 (CDC Contract),22940.0,,2022-08-26,,1,
Rowan,Salisbury 2 (CDC Contract),22940.0,,2022-08-27,,1,
Rowan,Salisbury 2 (CDC Contract),22940.0,,2022-08-28,,1,
Rowan,Salisbury 2 (CDC Contract),22940.0,,2022-08-29,,1,
Rowan,Salisbury 2 (CDC Contract),22940.0,,2022-08-30,1463406.9344836492,1,378642650.224832
Rowan,Salisbury 2 (CDC Contract),22940.0,,2022-08-31,,1,
Rowan,Salisbury 2 (CDC Contract),22940.0,,2022-09-01,4852452.028368994,1,1182660549.62482
Rowan,Salisbury 2 (CDC Contract),22940.0,,2022-09-02,,1,
Rowan,Salisbury 2 (CDC Contract),22940.0,,2022-09-03,,1,
Rowan,Salisbury 2 (CDC Contract),22940.0,,2022-09-04,,1,
Rowan,Salisbury 2 (CDC Contract),22940.0,,2022-09-05,,1,
Rowan,Salisbury 2 (CDC Contract),22940.0,,2022-09-06,1767328.2128881477,1,281425138.163445
Rowan,Salisbury 2 (CDC Contract),22940.0,,2022-09-07,,1,
Rowan,Salisbury 2 (CDC Contract),22940.0,,2022-09-08,1611097.6359837165,1,311844606.222297
Rowan,Salisbury 2 (CDC Contract),22940.0,,2022-09-09,,1,
Rowan,Salisbury 2 (CDC Contract),22940.0,,2022-09-10,,1,
Rowan,Salisbury 2 (CDC Contract),22940.0,,2022-09-11,,1,
Rowan,Salisbury 2 (CDC Contract),22940.0,,2022-09-12,,1,
Rowan,Salisbury 2 (CDC Contract),22940.0,,2022-09-13,1059204.4178852865,1,383997330.009073
Rowan,Salisbury 2 (CDC Contract),22940.0,,2022-09-14,,1,
Rowan,Salisbury 2 (CDC Contract),22940.0,,2022-09-15,1294046.2344118988,1,342295886.357268
Rowan,Salisbury 2 (CDC Contract),22940.0,,2022-09-16,,1,
Rowan,Salisbury 2 (CDC Contract),22940.0,,2022-09-17,,1,
Rowan,Salisbury 2 (CDC Contract),22940.0,,2022-09-18,,1,
Rowan,Salisbury 2 (CDC Contract),22940.0,,2022-09-19,,1,
Rowan,Salisbury 2 (CDC Contract),22940.0,,2022-09-20,,1,
Rowan,Salisbury 2 (CDC Contract),22940.0,,2022-09-21,,1,
Rowan,Salisbury 2 (CDC Contract),22940.0,,2022-09-22,,1,
Rowan,Salisbury 2 (CDC Contract),22940.0,,2022-09-23,,1,
Rowan,Salisbury 2 (CDC Contract),22940.0,,2022-09-24,,1,
Rowan,Salisbury 2 (CDC Contract),22940.0,,2022-09-25,,1,
Rowan,Salisbury 2 (CDC Contract),22940.0,,2022-09-26,,1,
Rowan,Salisbury 2 (CDC Contract),22940.0,,2022-09-27,741940.2208781983,1,202009234.742168
Rowan,Salisbury 2 (CDC Contract),22940.0,,2022-09-28,,1,
Rowan,Salisbury 2 (CDC Contract),22940.0,,2022-09-29,1447541.2667245641,1,350173508.910755
Rowan,Salisbury 2 (CDC Contract),22940.0,,2022-09-30,,1,
Rowan,Salisbury 2 (CDC Contract),22940.0,,2022-10-01,,1,
Rowan,Salisbury 2 (CDC Contract),22940.0,,2022-10-02,,1,
Rowan,Salisbury 2 (CDC Contract),22940.0,,2022-10-03,,1,
Rowan,Salisbury 2 (CDC Contract),22940.0,,2022-10-04,573247.2747484532,1,199591856.730043
Rowan,Salisbury 2 (CDC Contract),22940.0,,2022-10-05,,1,
Rowan,Salisbury 2 (CDC Contract),22940.0,,2022-10-06,612882.3818016811,1,183051830.523559
Rowan,Salisbury 2 (CDC Contract),22940.0,,2022-10-07,,1,
Rowan,Salisbury 2 (CDC Contract),22940.0,,2022-10-08,,1,
Rowan,Salisbury 2 (CDC Contract),22940.0,,2022-10-09,,1,
Rowan,Salisbury 2 (CDC Contract),22940.0,,2022-10-10,,1,
Rowan,Salisbury 2 (CDC Contract),22940.0,,2022-10-11,194335.17376848648,1,57241103.5182243
Rowan,Salisbury 2 (CDC Contract),22940.0,,2022-10-12,,1,
Rowan,Salisbury 2 (CDC Contract),22940.0,,2022-10-13,329807.2454416128,1,87511393.80151
Rowan,Salisbury 2 (CDC Contract),22940.0,,2022-10-14,,1,
Rowan,Salisbury 2 (CDC Contract),22940.0,,2022-10-15,,1,
Rowan,Salisbury 2 (CDC Contract),22940.0,,2022-10-16,,1,
Rowan,Salisbury 2 (CDC Contract),22940.0,,2022-10-17,,1,
Rowan,Salisbury 2 (CDC Contract),22940.0,,2022-10-18,390993.6720666327,1,104391853.88047
Rowan,Salisbury 2 (CDC Contract),22940.0,,2022-10-19,,1,
Rowan,Salisbury 2 (CDC Contract),22940.0,,2022-10-20,401593.87126459007,1,107222013.355758
Rowan,Salisbury 2 (CDC Contract),22940.0,,2022-10-21,,1,
Rowan,Salisbury 2 (CDC Contract),22940.0,,2022-10-22,,1,
Rowan,Salisbury 2 (CDC Contract),22940.0,,2022-10-23,,1,
Rowan,Salisbury 2 (CDC Contract),22940.0,,2022-10-24,,1,
Rowan,Salisbury 2 (CDC Contract),22940.0,,2022-10-25,657822.4044170748,1,169879653.659538
Rowan,Salisbury 2 (CDC Contract),22940.0,,2022-10-26,,1,
Rowan,Salisbury 2 (CDC Contract),22940.0,,2022-10-27,1126363.591326857,1,290134832.1259
Rowan,Salisbury 2 (CDC Contract),22940.0,,2022-10-28,,1,
Rowan,Salisbury 2 (CDC Contract),22940.0,,2022-10-29,,1,
Rowan,Salisbury 2 (CDC Contract),22940.0,,2022-10-30,,1,
Rowan,Salisbury 2 (CDC Contract),22940.0,,2022-10-31,,1,
Rowan,Salisbury 2 (CDC Contract),22940.0,,2022-11-01,617396.3933800614,1,138962245.310863
Rowan,Salisbury 2 (CDC Contract),22940.0,,2022-11-02,,1,
Rowan,Salisbury 2 (CDC Contract),22940.0,,2022-11-03,716137.4252574341,1,169576878.148745
Rowan,Salisbury 2 (CDC Contract),22940.0,,2022-11-04,,1,
Rowan,Salisbury 2 (CDC Contract),22940.0,,2022-11-05,,1,
Rowan,Salisbury 2 (CDC Contract),22940.0,,2022-11-06,,1,
Rowan,Salisbury 2 (CDC Contract),22940.0,,2022-11-07,,1,
Rowan,Salisbury 2 (CDC Contract),22940.0,,2022-11-08,724275.8643932592,1,180587148.999092
Rowan,Salisbury 2 (CDC Contract),22940.0,,2022-11-09,,1,
Rowan,Salisbury 2 (CDC Contract),22940.0,,2022-11-10,2558825.4265799527,1,563689944.317812
Rowan,Salisbury 2 (CDC Contract),22940.0,,2022-11-11,,1,
Rowan,Salisbury 2 (CDC Contract),22940.0,,2022-11-12,,1,
Rowan,Salisbury 2 (CDC Contract),22940.0,,2022-11-13,,1,
Rowan,Salisbury 2 (CDC Contract),22940.0,,2022-11-14,,1,
Rowan,Salisbury 2 (CDC Contract),22940.0,,2022-11-15,614647.188365873,1,137329211.948631
Rowan,Salisbury 2 (CDC Contract),22940.0,,2022-11-16,,1,
Rowan,Salisbury 2 (CDC Contract),22940.0,,2022-11-17,570608.8809768303,1,172120691.565599
Rowan,Salisbury 2 (CDC Contract),22940.0,,2022-11-18,,1,
Rowan,Salisbury 2 (CDC Contract),22940.0,,2022-11-19,,1,
Rowan,Salisbury 2 (CDC Contract),22940.0,,2022-11-20,,1,
Rowan,Salisbury 2 (CDC Contract),22940.0,,2022-11-21,395487.52351236594,1,89537561.5912418
Rowan,Salisbury 2 (CDC Contract),22940.0,,2022-11-22,,1,
Rowan,Salisbury 2 (CDC Contract),22940.0,,2022-11-23,,1,
Rowan,Salisbury 2 (CDC Contract),22940.0,,2022-11-24,,1,
Rowan,Salisbury 2 (CDC Contract),22940.0,,2022-11-25,,1,
Rowan,Salisbury 2 (CDC Contract),22940.0,,2022-11-26,,1,
Rowan,Salisbury 2 (CDC Contract),22940.0,,2022-11-27,,1,
Rowan,Salisbury 2 (CDC Contract),22940.0,,2022-11-28,,1,
Rowan,Salisbury 2 (CDC Contract),22940.0,,2022-11-29,1024344.7214082939,1,258616320.744595
Rowan,Salisbury 2 (CDC Contract),22940.0,,2022-11-30,,1,
Rowan,Salisbury 2 (CDC Contract),22940.0,,2022-12-01,517477.66123720235,1,209633877.500877
Rowan,Salisbury 2 (CDC Contract),22940.0,,2022-12-02,,1,
Rowan,Salisbury 2 (CDC Contract),22940.0,,2022-12-03,,1,
Rowan,Salisbury 2 (CDC Contract),22940.0,,2022-12-04,,1,
Rowan,Salisbury 2 (CDC Contract),22940.0,,2022-12-05,,1,
Rowan,Salisbury 2 (CDC Contract),22940.0,,2022-12-06,777317.7308130383,1,204073737.328139
Rowan,Salisbury 2 (CDC Contract),22940.0,,2022-12-07,,1,
Rowan,Salisbury 2 (CDC Contract),22940.0,,2022-12-08,663621.6944218636,1,174443469.240138
Rowan,Salisbury 2 (CDC Contract),22940.0,,2022-12-09,,1,
Rowan,Salisbury 2 (CDC Contract),22940.0,,2022-12-10,,1,
Rowan,Salisbury 2 (CDC Contract),22940.0,,2022-12-11,,1,
Rowan,Salisbury 2 (CDC Contract),22940.0,,2022-12-12,,1,
Rowan,Salisbury 2 (CDC Contract),22940.0,,2022-12-13,1640602.5160807052,1,1137027655.20323
Rowan,Salisbury 2 (CDC Contract),22940.0,,2022-12-14,,1,
Rowan,Salisbury 2 (CDC Contract),22940.0,,2022-12-15,1926424.6337925927,1,482549820.998055
Rowan,Salisbury 2 (CDC Contract),22940.0,,2022-12-16,,1,
Rowan,Salisbury 2 (CDC Contract),22940.0,,2022-12-17,,1,
Rowan,Salisbury 2 (CDC Contract),22940.0,,2022-12-18,,1,
Rowan,Salisbury 2 (CDC Contract),22940.0,,2022-12-19,,1,
Rowan,Salisbury 2 (CDC Contract),22940.0,,2022-12-20,1288131.6643670374,1,480594927.410155
Rowan,Salisbury 2 (CDC Contract),22940.0,,2022-12-21,,1,
Rowan,Salisbury 2 (CDC Contract),22940.0,,2022-12-22,1440079.8698101006,1,414192595.692644
Rowan,Salisbury 2 (CDC Contract),22940.0,,2022-12-23,,1,
Rowan,Salisbury 2 (CDC Contract),22940.0,,2022-12-24,,1,
Rowan,Salisbury 2 (CDC Contract),22940.0,,2022-12-25,,1,
Rowan,Salisbury 2 (CDC Contract),22940.0,,2022-12-26,,1,
Rowan,Salisbury 2 (CDC Contract),22940.0,,2022-12-27,,1,
Rowan,Salisbury 2 (CDC Contract),22940.0,,2022-12-28,,1,
Rowan,Salisbury 2 (CDC Contract),22940.0,,2022-12-29,,1,
Rowan,Salisbury 2 (CDC Contract),22940.0,,2022-12-30,,1,
Rowan,Salisbury 2 (CDC Contract),22940.0,,2022-12-31,,1,
Rowan,Salisbury 2 (CDC Contract),22940.0,,2023-01-01,,1,
Rowan,Salisbury 2 (CDC Contract),22940.0,,2023-01-02,,1,
Rowan,Salisbury 2 (CDC Contract),22940.0,,2023-01-03,1874046.3190364498,1,563129956.347114
Rowan,Salisbury 2 (CDC Contract),22940.0,,2023-01-04,,1,
Rowan,Salisbury 2 (CDC Contract),22940.0,,2023-01-05,1356503.2912107818,1,610861496.394117
Rowan,Salisbury 2 (CDC Contract),22940.0,,2023-01-06,,1,
Rowan,Salisbury 2 (CDC Contract),22940.0,,2023-01-07,,1,
Rowan,Salisbury 2 (CDC Contract),22940.0,,2023-01-08,,1,
Rowan,Salisbury 2 (CDC Contract),22940.0,,2023-01-09,,1,
Rowan,Salisbury 2 (CDC Contract),22940.0,,2023-01-10,2181186.116376777,1,824586419.791662
Rowan,Salisbury 2 (CDC Contract),22940.0,,2023-01-11,,1,
Rowan,Salisbury 2 (CDC Contract),22940.0,,2023-01-12,854527.5617238267,1,299219448.884959
Rowan,Salisbury 2 (CDC Contract),22940.0,,2023-01-13,,1,
Rowan,Salisbury 2 (CDC Contract),22940.0,,2023-01-14,,1,
Rowan,Salisbury 2 (CDC Contract),22940.0,,2023-01-15,,1,
Rowan,Salisbury 2 (CDC Contract),22940.0,,2023-01-16,,1,
Rowan,Salisbury 2 (CDC Contract),22940.0,,2023-01-17,1588264.3285305891,1,499270753.202419
Rowan,Salisbury 2 (CDC Contract),22940.0,,2023-01-18,,1,
Rowan,Salisbury 2 (CDC Contract),22940.0,,2023-01-19,1160295.6937166678,1,389054773.504708
Rowan,Salisbury 2 (CDC Contract),22940.0,,2023-01-20,,1,
Rowan,Salisbury 2 (CDC Contract),22940.0,,2023-01-21,,1,
Rowan,Salisbury 2 (CDC Contract),22940.0,,2023-01-22,,1,
Rowan,Salisbury 2 (CDC Contract),22940.0,,2023-01-23,,1,
Rowan,Salisbury 2 (CDC Contract),22940.0,,2023-01-24,1125918.904878001,1,501079253.729312
Rowan,Salisbury 2 (CDC Contract),22940.0,,2023-01-25,,1,
Rowan,Salisbury 2 (CDC Contract),22940.0,,2023-01-26,861203.8746591421,1,399613043.84232
Rowan,Salisbury 2 (CDC Contract),22940.0,,2023-01-27,,1,
Rowan,Salisbury 2 (CDC Contract),22940.0,,2023-01-28,,1,
Rowan,Salisbury 2 (CDC Contract),22940.0,,2023-01-29,,1,
Rowan,Salisbury 2 (CDC Contract),22940.0,,2023-01-30,,1,
Rowan,Salisbury 2 (CDC Contract),22940.0,,2023-01-31,1255943.3561609942,1,691997995.056455
Rowan,Salisbury 2 (CDC Contract),22940.0,,2023-02-01,,1,
Rowan,Salisbury 2 (CDC Contract),22940.0,,2023-02-02,1908709.1051568983,1,779215898.1272471
Rowan,Salisbury 2 (CDC Contract),22940.0,,2023-02-03,,1,
Rowan,Salisbury 2 (CDC Contract),22940.0,,2023-02-04,,1,
Rowan,Salisbury 2 (CDC Contract),22940.0,,2023-02-05,,1,
Rowan,Salisbury 2 (CDC Contract),22940.0,,2023-02-06,,1,
Rowan,Salisbury 2 (CDC Contract),22940.0,,2023-02-07,2447005.063041727,1,882680210.2391
Rowan,Salisbury 2 (CDC Contract),22940.0,,2023-02-08,,1,
Rowan,Salisbury 2 (CDC Contract),22940.0,,2023-02-09,915965.2445921268,1,233067508.21567
Rowan,Salisbury 2 (CDC Contract),22940.0,,2023-02-10,,1,
Rowan,Salisbury 2 (CDC Contract),22940.0,,2023-02-11,,1,
Rowan,Salisbury 2 (CDC Contract),22940.0,,2023-02-12,,1,
Rowan,Salisbury 2 (CDC Contract),22940.0,,2023-02-13,,1,
Rowan,Salisbury 2 (CDC Contract),22940.0,,2023-02-14,969678.3278650785,1,1028861761.1592
Rowan,Salisbury 2 (CDC Contract),22940.0,,2023-02-15,,1,
Rowan,Salisbury 2 (CDC Contract),22940.0,,2023-02-16,1169661.084426328,1,583660350.855189
Rowan,Salisbury 2 (CDC Contract),22940.0,,2023-02-17,,1,
Rowan,Salisbury 2 (CDC Contract),22940.0,,2023-02-18,,1,
Rowan,Salisbury 2 (CDC Contract),22940.0,,2023-02-19,,1,
Rowan,Salisbury 2 (CDC Contract),22940.0,,2023-02-20,,1,
Rowan,Salisbury 2 (CDC Contract),22940.0,,2023-02-21,381272.1160452927,1,132058344.18027
Rowan,Salisbury 2 (CDC Contract),22940.0,,2023-02-22,,1,
Rowan,Salisbury 2 (CDC Contract),22940.0,,2023-02-23,1201290.423772415,1,387735200.105042
Rowan,Salisbury 2 (CDC Contract),22940.0,,2023-02-24,,1,
Rowan,Salisbury 2 (CDC Contract),22940.0,,2023-02-25,,1,
Rowan,Salisbury 2 (CDC Contract),22940.0,,2023-02-26,,1,
Rowan,Salisbury 2 (CDC Contract),22940.0,,2023-02-27,,1,
Rowan,Salisbury 2 (CDC Contract),22940.0,,2023-02-28,371888.5112268053,1,115368959.387451
Rowan,Salisbury 2 (CDC Contract),22940.0,,2023-03-01,,1,
Rowan,Salisbury 2 (CDC Contract),22940.0,,2023-03-02,507721.6080371197,1,122906294.386157
Rowan,Salisbury 2 (CDC Contract),22940.0,,2023-03-03,,1,
Rowan,Salisbury 2 (CDC Contract),22940.0,,2023-03-04,,1,
Rowan,Salisbury 2 (CDC Contract),22940.0,,2023-03-05,,1,
Rowan,Salisbury 2 (CDC Contract),22940.0,,2023-03-06,,1,
Rowan,Salisbury 2 (CDC Contract),22940.0,,2023-03-07,467643.0575756245,1,179799622.939929
Rowan,Salisbury 2 (CDC Contract),22940.0,,2023-03-08,,1,
Rowan,Salisbury 2 (CDC Contract),22940.0,,2023-03-09,462999.47479782335,1,153947951.045241
Rowan,Salisbury 2 (CDC Contract),22940.0,,2023-03-10,,1,
Rowan,Salisbury 2 (CDC Contract),22940.0,,2023-03-11,,1,
Rowan,Salisbury 2 (CDC Contract),22940.0,,2023-03-12,,1,
Rowan,Salisbury 2 (CDC Contract),22940.0,,2023-03-13,,1,
Rowan,Salisbury 2 (CDC Contract),22940.0,,2023-03-14,408703.9951376925,1,129644308.152449
Rowan,Salisbury 2 (CDC Contract),22940.0,,2023-03-15,,1,
Rowan,Salisbury 2 (CDC Contract),22940.0,,2023-03-16,471012.80496142793,1,127232997.13609
Rowan,Salisbury 2 (CDC Contract),22940.0,,2023-03-17,,1,
Rowan,Salisbury 2 (CDC Contract),22940.0,,2023-03-18,,1,
Rowan,Salisbury 2 (CDC Contract),22940.0,,2023-03-19,,1,
Rowan,Salisbury 2 (CDC Contract),22940.0,,2023-03-20,,1,
Rowan,Salisbury 2 (CDC Contract),22940.0,,2023-03-21,926772.9899140028,1,252486874.102432
Rowan,Salisbury 2 (CDC Contract),22940.0,,2023-03-22,,1,
Rowan,Salisbury 2 (CDC Contract),22940.0,,2023-03-23,897060.0336629355,1,186957642.456545
Rowan,Salisbury 2 (CDC Contract),22940.0,,2023-03-24,,1,
Rowan,Salisbury 2 (CDC Contract),22940.0,,2023-03-25,,1,
Rowan,Salisbury 2 (CDC Contract),22940.0,,2023-03-26,,1,
Rowan,Salisbury 2 (CDC Contract),22940.0,,2023-03-27,,1,
Rowan,Salisbury 2 (CDC Contract),22940.0,,2023-03-28,322011.7191063587,1,131830775.226435
Rowan,Salisbury 2 (CDC Contract),22940.0,,2023-03-29,,1,
Rowan,Salisbury 2 (CDC Contract),22940.0,,2023-03-30,292223.7834666148,1,94030454.4190199
Rowan,Salisbury 2 (CDC Contract),22940.0,,2023-03-31,,1,
Rowan,Salisbury 2 (CDC Contract),22940.0,,2023-04-01,,1,
Rowan,Salisbury 2 (CDC Contract),22940.0,,2023-04-02,,1,
Rowan,Salisbury 2 (CDC Contract),22940.0,,2023-04-03,,1,
Rowan,Salisbury 2 (CDC Contract),22940.0,,2023-04-04,117740.209708422,1,30328160.676767
Rowan,Salisbury 2 (CDC Contract),22940.0,,2023-04-05,,1,
Rowan,Salisbury 2 (CDC Contract),22940.0,,2023-04-06,140300.63684382997,1,44265553.0390107
Rowan,Salisbury 2 (CDC Contract),22940.0,,2023-04-07,,1,
Rowan,Salisbury 2 (CDC Contract),22940.0,,2023-04-08,,1,
Rowan,Salisbury 2 (CDC Contract),22940.0,,2023-04-09,,1,
Rowan,Salisbury 2 (CDC Contract),22940.0,,2023-04-10,,1,
Rowan,Salisbury 2 (CDC Contract),22940.0,,2023-04-11,493204.5016939166,1,456326775.511467
Rowan,Salisbury 2 (CDC Contract),22940.0,,2023-04-12,,1,
Rowan,Salisbury 2 (CDC Contract),22940.0,,2023-04-13,501604.8227038737,1,232670280.395448
Rowan,Salisbury 2 (CDC Contract),22940.0,,2023-04-14,,1,
Rowan,Salisbury 2 (CDC Contract),22940.0,,2023-04-15,,1,
Rowan,Salisbury 2 (CDC Contract),22940.0,,2023-04-16,,1,
Rowan,Salisbury 2 (CDC Contract),22940.0,,2023-04-17,,1,
Rowan,Salisbury 2 (CDC Contract),22940.0,,2023-04-18,405596.81789510127,1,173345538.084206
Rowan,Salisbury 2 (CDC Contract),22940.0,,2023-04-19,,1,
Rowan,Salisbury 2 (CDC Contract),22940.0,,2023-04-20,279929.24188798835,1,85686133.4965293
Rowan,Salisbury 2 (CDC Contract),22940.0,,2023-04-21,,1,
Rowan,Salisbury 2 (CDC Contract),22940.0,,2023-04-22,,1,
Rowan,Salisbury 2 (CDC Contract),22940.0,,2023-04-23,,1,
Rowan,Salisbury 2 (CDC Contract),22940.0,,2023-04-24,,1,
Rowan,Salisbury 2 (CDC Contract),22940.0,,2023-04-25,271113.0318473314,1,76769027.9256925
Rowan,Salisbury 2 (CDC Contract),22940.0,,2023-04-26,,1,
Rowan,Salisbury 2 (CDC Contract),22940.0,,2023-04-27,311375.8040418105,1,88940648.9834782
Rowan,Salisbury 2 (CDC Contract),22940.0,,2023-04-28,,1,
Rowan,Salisbury 2 (CDC Contract),22940.0,,2023-04-29,,1,
Rowan,Salisbury 2 (CDC Contract),22940.0,,2023-04-30,,1,
Rowan,Salisbury 2 (CDC Contract),22940.0,,2023-05-01,,1,
Rowan,Salisbury 2 (CDC Contract),22940.0,,2023-05-02,178675.83900232913,1,77837364.2254953
Rowan,Salisbury 2 (CDC Contract),22940.0,,2023-05-03,,1,
Rowan,Salisbury 2 (CDC Contract),22940.0,,2023-05-04,235867.97508262628,1,73210966.1919393
Rowan,Salisbury 2 (CDC Contract),22940.0,,2023-05-05,,1,
Rowan,Salisbury 2 (CDC Contract),22940.0,,2023-05-06,,1,
Rowan,Salisbury 2 (CDC Contract),22940.0,,2023-05-07,,1,
Rowan,Salisbury 2 (CDC Contract),22940.0,,2023-05-08,,1,
Rowan,Salisbury 2 (CDC Contract),22940.0,,2023-05-09,115644.09627902326,1,29940894.7368653
Rowan,Salisbury 2 (CDC Contract),22940.0,,2023-05-10,,1,
Rowan,Salisbury 2 (CDC Contract),22940.0,,2023-05-11,177411.82560049125,1,46196378.1806079
Rowan,Salisbury 2 (CDC Contract),22940.0,,2023-05-12,,1,
Rowan,Salisbury 2 (CDC Contract),22940.0,,2023-05-13,,1,
Rowan,Salisbury 2 (CDC Contract),22940.0,,2023-05-14,,1,
Rowan,Salisbury 2 (CDC Contract),22940.0,,2023-05-15,,1,
Rowan,Salisbury 2 (CDC Contract),22940.0,,2023-05-16,105365.54139967075,1,28861909.1494229
Rowan,Salisbury 2 (CDC Contract),22940.0,,2023-05-17,,1,
Rowan,Salisbury 2 (CDC Contract),22940.0,,2023-05-18,159605.53184476285,1,38873412.0157744
Rowan,Salisbury 2 (CDC Contract),22940.0,,2023-05-19,,1,
Rowan,Salisbury 2 (CDC Contract),22940.0,,2023-05-20,,1,
Rowan,Salisbury 2 (CDC Contract),22940.0,,2023-05-21,,1,
Rowan,Salisbury 2 (CDC Contract),22940.0,,2023-05-22,,1,
Rowan,Salisbury 2 (CDC Contract),22940.0,,2023-05-23,149966.93027173344,1,36080403.8546732
Rowan,Salisbury 2 (CDC Contract),22940.0,,2023-05-24,,1,
Rowan,Salisbury 2 (CDC Contract),22940.0,,2023-05-25,209165.35127093273,1,44455343.620875
Rowan,Salisbury 2 (CDC Contract),22940.0,,2023-05-26,,1,
Rowan,Salisbury 2 (CDC Contract),22940.0,,2023-05-27,,1,
Rowan,Salisbury 2 (CDC Contract),22940.0,,2023-05-28,,1,
Rowan,Salisbury 2 (CDC Contract),22940.0,,2023-05-29,,1,
Rowan,Salisbury 2 (CDC Contract),22940.0,,2023-05-30,106235.1898307021,1,33307371.6831632
Rowan,Salisbury 2 (CDC Contract),22940.0,,2023-05-31,,1,
Rowan,Salisbury 2 (CDC Contract),22940.0,,2023-06-01,116043.42378744534,1,19589102.1910336
Rowan,Salisbury 2 (CDC Contract),22940.0,,2023-06-02,,1,
Rowan,Salisbury 2 (CDC Contract),22940.0,,2023-06-03,,1,
Rowan,Salisbury 2 (CDC Contract),22940.0,,2023-06-04,,1,
Rowan,Salisbury 2 (CDC Contract),22940.0,,2023-06-05,,1,
Rowan,Salisbury 2 (CDC Contract),22940.0,,2023-06-06,88222.12554698686,1,24821056.5844675
Rowan,Salisbury 2 (CDC Contract),22940.0,,2023-06-07,,1,
Rowan,Salisbury 2 (CDC Contract),22940.0,,2023-06-08,166318.13420529402,1,45942372.867458
Rowan,Salisbury 2 (CDC Contract),22940.0,,2023-06-09,,1,
Rowan,Salisbury 2 (CDC Contract),22940.0,,2023-06-10,,1,
Rowan,Salisbury 2 (CDC Contract),22940.0,,2023-06-11,,1,
Rowan,Salisbury 2 (CDC Contract),22940.0,,2023-06-12,,1,
Rowan,Salisbury 2 (CDC Contract),22940.0,,2023-06-13,404568.0855737865,1,119164859.440665
Rowan,Salisbury 2 (CDC Contract),22940.0,,2023-06-14,,1,
Rowan,Salisbury 2 (CDC Contract),22940.0,,2023-06-15,83699.6732579022,1,20137226.3083424
Rowan,Salisbury 2 (CDC Contract),22940.0,,2023-06-16,,1,
Rowan,Salisbury 2 (CDC Contract),22940.0,,2023-06-17,,1,
Rowan,Salisbury 2 (CDC Contract),22940.0,,2023-06-18,,1,
Rowan,Salisbury 2 (CDC Contract),22940.0,,2023-06-19,,1,
Rowan,Salisbury 2 (CDC Contract),22940.0,,2023-06-20,284522.6541167171,1,65729942.3213074
Rowan,Salisbury 2 (CDC Contract),22940.0,,2023-06-21,,1,
Rowan,Salisbury 2 (CDC Contract),22940.0,,2023-06-22,320673.60703414236,1,220127809.4071
Rowan,Salisbury 2 (CDC Contract),22940.0,,2023-06-23,,1,
Rowan,Salisbury 2 (CDC Contract),22940.0,,2023-06-24,,1,
Rowan,Salisbury 2 (CDC Contract),22940.0,,2023-06-25,,1,
Rowan,Salisbury 2 (CDC Contract),22940.0,,2023-06-26,,1,
Rowan,Salisbury 2 (CDC Contract),22940.0,,2023-06-27,114591.41575259823,1,44530888.5319171
Rowan,Salisbury 2 (CDC Contract),22940.0,,2023-06-28,,1,
Rowan,Salisbury 2 (CDC Contract),22940.0,,2023-06-29,307857.37573016214,1,174448893.062139
Rowan,Salisbury 2 (CDC Contract),22940.0,,2023-06-30,,1,
Rowan,Salisbury 2 (CDC Contract),22940.0,,2023-07-01,,1,
Rowan,Salisbury 2 (CDC Contract),22940.0,,2023-07-02,,1,
Rowan,Salisbury 2 (CDC Contract),22940.0,,2023-07-03,,1,
Rowan,Salisbury 2 (CDC Contract),22940.0,,2023-07-04,,1,
Rowan,Salisbury 2 (CDC Contract),22940.0,,2023-07-05,,1,
Rowan,Salisbury 2 (CDC Contract),22940.0,,2023-07-06,,1,
Rowan,Salisbury 2 (CDC Contract),22940.0,,2023-07-07,,1,
Rowan,Salisbury 2 (CDC Contract),22940.0,,2023-07-08,,1,
Rowan,Salisbury 2 (CDC Contract),22940.0,,2023-07-09,,1,
Rowan,Salisbury 2 (CDC Contract),22940.0,,2023-07-10,,1,
Rowan,Salisbury 2 (CDC Contract),22940.0,,2023-07-11,367269.1781213073,1,110299675.644547
Rowan,Salisbury 2 (CDC Contract),22940.0,,2023-07-12,,1,
Rowan,Salisbury 2 (CDC Contract),22940.0,,2023-07-13,305591.8833649606,1,80833931.4302276
Rowan,Salisbury 2 (CDC Contract),22940.0,,2023-07-14,,1,
Rowan,Salisbury 2 (CDC Contract),22940.0,,2023-07-15,,1,
Rowan,Salisbury 2 (CDC Contract),22940.0,,2023-07-16,,1,
Rowan,Salisbury 2 (CDC Contract),22940.0,,2023-07-17,,1,
Rowan,Salisbury 2 (CDC Contract),22940.0,,2023-07-18,220449.78992732745,1,60458737.3593062
Rowan,Salisbury 2 (CDC Contract),22940.0,,2023-07-19,,1,
Rowan,Salisbury 2 (CDC Contract),22940.0,,2023-07-20,914892.4471618881,1,211960782.596304
Rowan,Salisbury 2 (CDC Contract),22940.0,,2023-07-21,,1,
Rowan,Salisbury 2 (CDC Contract),22940.0,,2023-07-22,,1,
Rowan,Salisbury 2 (CDC Contract),22940.0,,2023-07-23,,1,
Rowan,Salisbury 2 (CDC Contract),22940.0,,2023-07-24,,1,
Rowan,Salisbury 2 (CDC Contract),22940.0,,2023-07-25,288573.5483585955,1,91537930.808441
Rowan,Salisbury 2 (CDC Contract),22940.0,,2023-07-26,,1,
Rowan,Salisbury 2 (CDC Contract),22940.0,,2023-07-27,307778.9093437953,1,78415969.5560559
Rowan,Salisbury 2 (CDC Contract),22940.0,,2023-07-28,,1,
Rowan,Salisbury 2 (CDC Contract),22940.0,,2023-07-29,,1,
Rowan,Salisbury 2 (CDC Contract),22940.0,,2023-07-30,,1,
Rowan,Salisbury 2 (CDC Contract),22940.0,,2023-07-31,,1,
Rowan,Salisbury 2 (CDC Contract),22940.0,,2023-08-01,,1,
Rowan,Salisbury 2 (CDC Contract),22940.0,,2023-08-02,,1,
Rowan,Salisbury 2 (CDC Contract),22940.0,,2023-08-03,485368.28137502767,1,120218262.92798
Rowan,Salisbury 2 (CDC Contract),22940.0,,2023-08-04,,1,
Rowan,Salisbury 2 (CDC Contract),22940.0,,2023-08-05,,1,
Rowan,Salisbury 2 (CDC Contract),22940.0,,2023-08-06,,1,
Rowan,Salisbury 2 (CDC Contract),22940.0,,2023-08-07,,1,
Rowan,Salisbury 2 (CDC Contract),22940.0,,2023-08-08,198742.00196603357,1,58571922.4933133
Rowan,Salisbury 2 (CDC Contract),22940.0,,2023-08-09,,1,
Rowan,Salisbury 2 (CDC Contract),22940.0,,2023-08-10,513933.5156332708,1,116692713.504253
Rowan,Salisbury 2 (CDC Contract),22940.0,,2023-08-11,,1,
Rowan,Salisbury 2 (CDC Contract),22940.0,,2023-08-12,,1,
Rowan,Salisbury 2 (CDC Contract),22940.0,,2023-08-13,,1,
Rowan,Salisbury 2 (CDC Contract),22940.0,,2023-08-14,,1,
Rowan,Salisbury 2 (CDC Contract),22940.0,,2023-08-15,471960.25981822854,1,127722568.558243
Rowan,Salisbury 2 (CDC Contract),22940.0,,2023-08-16,,1,
Rowan,Salisbury 2 (CDC Contract),22940.0,,2023-08-17,658699.1680499433,1,164888763.0003
Rowan,Salisbury 2 (CDC Contract),22940.0,,2023-08-18,,1,
Rowan,Salisbury 2 (CDC Contract),22940.0,,2023-08-19,,1,
Rowan,Salisbury 2 (CDC Contract),22940.0,,2023-08-20,,1,
Rowan,Salisbury 2 (CDC Contract),22940.0,,2023-08-21,,1,
Rowan,Salisbury 2 (CDC Contract),22940.0,,2023-08-22,452675.4962056028,1,111672578.286327
Rowan,Salisbury 2 (CDC Contract),22940.0,,2023-08-23,,1,
Rowan,Salisbury 2 (CDC Contract),22940.0,,2023-08-24,972566.2186256935,1,267690889.691724
Rowan,Salisbury 2 (CDC Contract),22940.0,,2023-08-25,,1,
Rowan,Salisbury 2 (CDC Contract),22940.0,,2023-08-26,,1,
Rowan,Salisbury 2 (CDC Contract),22940.0,,2023-08-27,,1,
Rowan,Salisbury 2 (CDC Contract),22940.0,,2023-08-28,,1,
Rowan,Salisbury 2 (CDC Contract),22940.0,,2023-08-29,438217.1973423528,1,118229414.31431
Rowan,Salisbury 2 (CDC Contract),22940.0,,2023-08-30,,1,
Rowan,Salisbury 2 (CDC Contract),22940.0,,2023-08-31,424434.8458993782,1,254935772.581941
Rowan,Salisbury 2 (CDC Contract),22940.0,,2023-09-01,,1,
Rowan,Salisbury 2 (CDC Contract),22940.0,,2023-09-02,,1,
Rowan,Salisbury 2 (CDC Contract),22940.0,,2023-09-03,,1,
Rowan,Salisbury 2 (CDC Contract),22940.0,,2023-09-04,,1,
Rowan,Salisbury 2 (CDC Contract),22940.0,,2023-09-05,543709.0629857552,1,140589838.786843
Rowan,Salisbury 2 (CDC Contract),22940.0,,2023-09-06,,1,
Rowan,Salisbury 2 (CDC Contract),22940.0,,2023-09-07,995580.8521748739,1,403152593.447998
Rowan,Salisbury 2 (CDC Contract),22940.0,,2023-09-08,,1,
Rowan,Salisbury 2 (CDC Contract),22940.0,,2023-09-09,,1,
Rowan,Salisbury 2 (CDC Contract),22940.0,,2023-09-10,,1,
Rowan,Salisbury 2 (CDC Contract),22940.0,,2023-09-11,,1,
Rowan,Salisbury 2 (CDC Contract),22940.0,,2023-09-12,555710.0324781769,1,159740394.358958
Rowan,Salisbury 2 (CDC Contract),22940.0,,2023-09-13,,1,
Rowan,Salisbury 2 (CDC Contract),22940.0,,2023-09-14,,1,
Rowan,Salisbury 2 (CDC Contract),22940.0,,2023-09-15,,1,
Rowan,Salisbury 2 (CDC Contract),22940.0,,2023-09-16,,1,
Rowan,Salisbury 2 (CDC Contract),22940.0,,2023-09-17,,1,
Rowan,Salisbury 2 (CDC Contract),22940.0,,2023-09-18,,1,
Rowan,Salisbury 2 (CDC Contract),22940.0,,2023-09-19,,1,
Rowan,Salisbury 2 (CDC Contract),22940.0,,2023-09-20,,1,
Rowan,Salisbury 2 (CDC Contract),22940.0,,2023-09-21,,1,
Rowan,Salisbury 2 (CDC Contract),22940.0,,2023-09-22,,1,
Rowan,Salisbury 2 (CDC Contract),22940.0,,2023-09-23,,1,
Rowan,Salisbury 2 (CDC Contract),22940.0,,2023-09-24,,1,
Rowan,Salisbury 2 (CDC Contract),22940.0,,2023-09-25,,1,
Rowan,Salisbury 2 (CDC Contract),22940.0,,2023-09-26,,1,
Rowan,Salisbury 2 (CDC Contract),22940.0,,2023-09-27,,1,
Rowan,Salisbury 2 (CDC Contract),22940.0,,2023-09-28,,1,
Rowan,Salisbury 2 (CDC Contract),22940.0,,2023-09-29,,1,
Rowan,Salisbury 2 (CDC Contract),22940.0,,2023-09-30,,1,
Rowan,Salisbury 2 (CDC Contract),22940.0,,2023-10-01,,1,
Rowan,Salisbury 2 (CDC Contract),22940.0,,2023-10-02,,1,
Rowan,Salisbury 2 (CDC Contract),22940.0,,2023-10-03,,1,
Rowan,Salisbury 2 (CDC Contract),22940.0,,2023-10-04,,1,
Rowan,Salisbury 2 (CDC Contract),22940.0,,2023-10-05,,1,
Rowan,Salisbury 2 (CDC Contract),22940.0,,2023-10-06,,1,
Rowan,Salisbury 2 (CDC Contract),22940.0,,2023-10-07,,1,
Rowan,Salisbury 2 (CDC Contract),22940.0,,2023-10-08,,1,
Rowan,Salisbury 2 (CDC Contract),22940.0,,2023-10-09,,1,
Rowan,Salisbury 2 (CDC Contract),22940.0,,2023-10-10,,1,
Rowan,Salisbury 2 (CDC Contract),22940.0,,2023-10-11,,1,
Rowan,Salisbury 2 (CDC Contract),22940.0,,2023-10-12,,1,
Rowan,Salisbury 2 (CDC Contract),22940.0,,2023-10-13,,1,
Rowan,Salisbury 2 (CDC Contract),22940.0,,2023-10-14,,1,
Rowan,Salisbury 2 (CDC Contract),22940.0,,2023-10-15,,1,
Rowan,Salisbury 2 (CDC Contract),22940.0,,2023-10-16,,1,
Rowan,Salisbury 2 (CDC Contract),22940.0,,2023-10-17,,1,
Rowan,Salisbury 2 (CDC Contract),22940.0,,2023-10-18,,1,
Rowan,Salisbury 2 (CDC Contract),22940.0,,2023-10-19,,1,
Rowan,Salisbury 2 (CDC Contract),22940.0,,2023-10-20,,1,
Rowan,Salisbury 2 (CDC Contract),22940.0,,2023-10-21,,1,
Rowan,Salisbury 2 (CDC Contract),22940.0,,2023-10-22,,1,
Rowan,Salisbury 2 (CDC Contract),22940.0,,2023-10-23,,1,
Rowan,Salisbury 2 (CDC Contract),22940.0,,2023-10-24,,1,
Rowan,Salisbury 2 (CDC Contract),22940.0,,2023-10-25,,1,
Rowan,Salisbury 2 (CDC Contract),22940.0,,2023-10-26,,1,
Rowan,Salisbury 2 (CDC Contract),22940.0,,2023-10-27,,1,
Rowan,Salisbury 2 (CDC Contract),22940.0,,2023-10-28,,1,
Rowan,Salisbury 2 (CDC Contract),22940.0,,2023-10-29,,1,
Rowan,Salisbury 2 (CDC Contract),22940.0,,2023-10-30,,1,
Rowan,Salisbury 2 (CDC Contract),22940.0,,2023-10-31,,1,
Rowan,Salisbury 2 (CDC Contract),22940.0,,2023-11-01,,1,
Rowan,Salisbury 2 (CDC Contract),22940.0,,2023-11-02,,1,
Rowan,Salisbury 2 (CDC Contract),22940.0,,2023-11-03,,1,
Rowan,Salisbury 2 (CDC Contract),22940.0,,2023-11-04,,1,
Rowan,Salisbury 2 (CDC Contract),22940.0,,2023-11-05,,1,
Rowan,Salisbury 2 (CDC Contract),22940.0,,2023-11-06,,1,
Rowan,Salisbury 2 (CDC Contract),22940.0,,2023-11-07,,1,
Rowan,Salisbury 2 (CDC Contract),22940.0,,2023-11-08,,1,
Rowan,Salisbury 2 (CDC Contract),22940.0,,2023-11-09,,1,
Rowan,Salisbury 2 (CDC Contract),22940.0,,2023-11-10,,1,
Rowan,Salisbury 2 (CDC Contract),22940.0,,2023-11-11,,1,
Rowan,Salisbury 2 (CDC Contract),22940.0,,2023-11-12,,1,
Rowan,Salisbury 2 (CDC Contract),22940.0,,2023-11-13,,1,
Rowan,Salisbury 2 (CDC Contract),22940.0,,2023-11-14,,1,
Rowan,Salisbury 2 (CDC Contract),22940.0,,2023-11-15,,1,
Rowan,Salisbury 2 (CDC Contract),22940.0,,2023-11-16,,1,
Rowan,Salisbury 2 (CDC Contract),22940.0,,2023-11-17,,1,
Rowan,Salisbury 2 (CDC Contract),22940.0,,2023-11-18,,1,
Rowan,Salisbury 2 (CDC Contract),22940.0,,2023-11-19,,1,
Rowan,Salisbury 2 (CDC Contract),22940.0,,2023-11-20,,1,
Rowan,Salisbury 2 (CDC Contract),22940.0,,2023-11-21,,1,
Rowan,Salisbury 2 (CDC Contract),22940.0,,2023-11-22,,1,
Rowan,Salisbury 2 (CDC Contract),22940.0,,2023-11-23,,1,
Rowan,Salisbury 2 (CDC Contract),22940.0,,2023-11-24,,1,
Rowan,Salisbury 2 (CDC Contract),22940.0,,2023-11-25,,1,
Rowan,Salisbury 2 (CDC Contract),22940.0,,2023-11-26,,1,
Rowan,Salisbury 2 (CDC Contract),22940.0,,2023-11-27,,1,
Rowan,Salisbury 2 (CDC Contract),22940.0,,2023-11-28,,1,
Rowan,Salisbury 2 (CDC Contract),22940.0,,2023-11-29,,1,
Rowan,Salisbury 2 (CDC Contract),22940.0,,2023-11-30,,1,
Rowan,Salisbury 2 (CDC Contract),22940.0,,2023-12-01,,1,
Rowan,Salisbury 2 (CDC Contract),22940.0,,2023-12-02,,1,
Rowan,Salisbury 2 (CDC Contract),22940.0,,2023-12-03,,1,
Rowan,Salisbury 2 (CDC Contract),22940.0,,2023-12-04,,1,
Rowan,Salisbury 2 (CDC Contract),22940.0,,2023-12-05,,1,
Rowan,Salisbury 2 (CDC Contract),22940.0,,2023-12-06,,1,
Rowan,Salisbury 2 (CDC Contract),22940.0,,2023-12-07,,1,
Rowan,Salisbury 2 (CDC Contract),22940.0,,2023-12-08,,1,
Rowan,Salisbury 2 (CDC Contract),22940.0,,2023-12-09,,1,
Rowan,Salisbury 2 (CDC Contract),22940.0,,2023-12-10,,1,
Rowan,Salisbury 2 (CDC Contract),22940.0,,2023-12-11,,1,
Rowan,Salisbury 2 (CDC Contract),22940.0,,2023-12-12,,1,
Rowan,Salisbury 2 (CDC Contract),22940.0,,2023-12-13,,1,
Rowan,Salisbury 2 (CDC Contract),22940.0,,2023-12-14,,1,
Rowan,Salisbury 2 (CDC Contract),22940.0,,2023-12-15,,1,
Rowan,Salisbury 2 (CDC Contract),22940.0,,2023-12-16,,1,
Rowan,Salisbury 2 (CDC Contract),22940.0,,2023-12-17,,1,
Rowan,Salisbury 2 (CDC Contract),22940.0,,2023-12-18,,1,
Rowan,Salisbury 2 (CDC Contract),22940.0,,2023-12-19,,1,
Rowan,Salisbury 2 (CDC Contract),22940.0,,2023-12-20,,1,
Rowan,Salisbury 2 (CDC Contract),22940.0,,2023-12-21,,1,
Rowan,Salisbury 2 (CDC Contract),22940.0,,2023-12-22,,1,
Rowan,Salisbury 2 (CDC Contract),22940.0,,2023-12-23,,1,
Rowan,Salisbury 2 (CDC Contract),22940.0,,2023-12-24,,1,
Rowan,Salisbury 2 (CDC Contract),22940.0,,2023-12-25,,1,
Rowan,Salisbury 2 (CDC Contract),22940.0,,2023-12-26,,1,
Rowan,Salisbury 2 (CDC Contract),22940.0,,2023-12-27,,1,
Rowan,Salisbury 2 (CDC Contract),22940.0,,2023-12-28,,1,
Rowan,Salisbury 2 (CDC Contract),22940.0,,2023-12-29,,1,
Rowan,Salisbury 2 (CDC Contract),22940.0,,2023-12-30,,1,
Rowan,Salisbury 2 (CDC Contract),22940.0,,2023-12-31,,1,
Rowan,Salisbury 2 (CDC Contract),22940.0,,2024-01-01,,1,
Rowan,Salisbury 2 (CDC Contract),22940.0,,2024-01-02,,1,
Rowan,Salisbury 2 (CDC Contract),22940.0,,2024-01-03,,1,
Rowan,Salisbury 2 (CDC Contract),22940.0,,2024-01-04,,1,
Rowan,Salisbury 2 (CDC Contract),22940.0,,2024-01-05,,1,
Rowan,Salisbury 2 (CDC Contract),22940.0,,2024-01-06,,1,
Rowan,Salisbury 2 (CDC Contract),22940.0,,2024-01-07,,1,
Rowan,Salisbury 2 (CDC Contract),22940.0,,2024-01-08,,1,
Rowan,Salisbury 2 (CDC Contract),22940.0,,2024-01-09,,1,
Stanly,"Albemarle (CDC Contract, Data available until - 07/31/2023)",20000.0,,2022-06-20,2358247.3480757447,1,888227496.38489
Stanly,"Albemarle (CDC Contract, Data available until - 07/31/2023)",20000.0,,2022-06-21,,1,
Stanly,"Albemarle (CDC Contract, Data available until - 07/31/2023)",20000.0,,2022-06-22,4858572.038072534,1,1940317871.55303
Stanly,"Albemarle (CDC Contract, Data available until - 07/31/2023)",20000.0,,2022-06-23,,1,
Stanly,"Albemarle (CDC Contract, Data available until - 07/31/2023)",20000.0,,2022-06-24,,1,
Stanly,"Albemarle (CDC Contract, Data available until - 07/31/2023)",20000.0,,2022-06-25,,1,
Stanly,"Albemarle (CDC Contract, Data available until - 07/31/2023)",20000.0,,2022-06-26,,1,
Stanly,"Albemarle (CDC Contract, Data available until - 07/31/2023)",20000.0,,2022-06-27,1755596.1693186518,1,707759993.239589
Stanly,"Albemarle (CDC Contract, Data available until - 07/31/2023)",20000.0,,2022-06-28,,1,
Stanly,"Albemarle (CDC Contract, Data available until - 07/31/2023)",20000.0,,2022-06-29,615863.0059182709,1,269263743.510648
Stanly,"Albemarle (CDC Contract, Data available until - 07/31/2023)",20000.0,,2022-06-30,,1,
Stanly,"Albemarle (CDC Contract, Data available until - 07/31/2023)",20000.0,,2022-07-01,,1,
Stanly,"Albemarle (CDC Contract, Data available until - 07/31/2023)",20000.0,,2022-07-02,,1,
Stanly,"Albemarle (CDC Contract, Data available until - 07/31/2023)",20000.0,,2022-07-03,,1,
Stanly,"Albemarle (CDC Contract, Data available until - 07/31/2023)",20000.0,,2022-07-04,,1,
Stanly,"Albemarle (CDC Contract, Data available until - 07/31/2023)",20000.0,,2022-07-05,,1,
Stanly,"Albemarle (CDC Contract, Data available until - 07/31/2023)",20000.0,,2022-07-06,2829127.4292838234,1,1285125476.49732
Stanly,"Albemarle (CDC Contract, Data available until - 07/31/2023)",20000.0,,2022-07-07,,1,
Stanly,"Albemarle (CDC Contract, Data available until - 07/31/2023)",20000.0,,2022-07-08,,1,
Stanly,"Albemarle (CDC Contract, Data available until - 07/31/2023)",20000.0,,2022-07-09,,1,
Stanly,"Albemarle (CDC Contract, Data available until - 07/31/2023)",20000.0,,2022-07-10,,1,
Stanly,"Albemarle (CDC Contract, Data available until - 07/31/2023)",20000.0,,2022-07-11,1028481.2863095816,1,1385983849.78587
Stanly,"Albemarle (CDC Contract, Data available until - 07/31/2023)",20000.0,,2022-07-12,,1,
Stanly,"Albemarle (CDC Contract, Data available until - 07/31/2023)",20000.0,,2022-07-13,1631980.2715493364,1,1028586736.96716
Stanly,"Albemarle (CDC Contract, Data available until - 07/31/2023)",20000.0,,2022-07-14,,1,
Stanly,"Albemarle (CDC Contract, Data available until - 07/31/2023)",20000.0,,2022-07-15,,1,
Stanly,"Albemarle (CDC Contract, Data available until - 07/31/2023)",20000.0,,2022-07-16,,1,
Stanly,"Albemarle (CDC Contract, Data available until - 07/31/2023)",20000.0,,2022-07-17,,1,
Stanly,"Albemarle (CDC Contract, Data available until - 07/31/2023)",20000.0,,2022-07-18,1634417.4373158591,1,776458932.78554
Stanly,"Albemarle (CDC Contract, Data available until - 07/31/2023)",20000.0,,2022-07-19,,1,
Stanly,"Albemarle (CDC Contract, Data available until - 07/31/2023)",20000.0,,2022-07-20,,1,
Stanly,"Albemarle (CDC Contract, Data available until - 07/31/2023)",20000.0,,2022-07-21,,1,
Stanly,"Albemarle (CDC Contract, Data available until - 07/31/2023)",20000.0,,2022-07-22,,1,
Stanly,"Albemarle (CDC Contract, Data available until - 07/31/2023)",20000.0,,2022-07-23,,1,
Stanly,"Albemarle (CDC Contract, Data available until - 07/31/2023)",20000.0,,2022-07-24,,1,
Stanly,"Albemarle (CDC Contract, Data available until - 07/31/2023)",20000.0,,2022-07-25,1866433.7723700148,1,763041427.4083772
Stanly,"Albemarle (CDC Contract, Data available until - 07/31/2023)",20000.0,,2022-07-26,,1,
Stanly,"Albemarle (CDC Contract, Data available until - 07/31/2023)",20000.0,,2022-07-27,1958097.8240003905,1,1100709250.1912
Stanly,"Albemarle (CDC Contract, Data available until - 07/31/2023)",20000.0,,2022-07-28,,1,
Stanly,"Albemarle (CDC Contract, Data available until - 07/31/2023)",20000.0,,2022-07-29,,1,
Stanly,"Albemarle (CDC Contract, Data available until - 07/31/2023)",20000.0,,2022-07-30,,1,
Stanly,"Albemarle (CDC Contract, Data available until - 07/31/2023)",20000.0,,2022-07-31,,1,
Stanly,"Albemarle (CDC Contract, Data available until - 07/31/2023)",20000.0,,2022-08-01,3226919.4260195103,1,1447498924.23763
Stanly,"Albemarle (CDC Contract, Data available until - 07/31/2023)",20000.0,,2022-08-02,,1,
Stanly,"Albemarle (CDC Contract, Data available until - 07/31/2023)",20000.0,,2022-08-03,2708058.6591402357,1,1219879144.54882
Stanly,"Albemarle (CDC Contract, Data available until - 07/31/2023)",20000.0,,2022-08-04,,1,
Stanly,"Albemarle (CDC Contract, Data available until - 07/31/2023)",20000.0,,2022-08-05,,1,
Stanly,"Albemarle (CDC Contract, Data available until - 07/31/2023)",20000.0,,2022-08-06,,1,
Stanly,"Albemarle (CDC Contract, Data available until - 07/31/2023)",20000.0,,2022-08-07,,1,
Stanly,"Albemarle (CDC Contract, Data available until - 07/31/2023)",20000.0,,2022-08-08,2046116.4159490622,1,921698920.6311
Stanly,"Albemarle (CDC Contract, Data available until - 07/31/2023)",20000.0,,2022-08-09,,1,
Stanly,"Albemarle (CDC Contract, Data available until - 07/31/2023)",20000.0,,2022-08-10,1779885.1619597971,1,906204145.78511
Stanly,"Albemarle (CDC Contract, Data available until - 07/31/2023)",20000.0,,2022-08-11,,1,
Stanly,"Albemarle (CDC Contract, Data available until - 07/31/2023)",20000.0,,2022-08-12,,1,
Stanly,"Albemarle (CDC Contract, Data available until - 07/31/2023)",20000.0,,2022-08-13,,1,
Stanly,"Albemarle (CDC Contract, Data available until - 07/31/2023)",20000.0,,2022-08-14,,1,
Stanly,"Albemarle (CDC Contract, Data available until - 07/31/2023)",20000.0,,2022-08-15,1274345.490702431,1,479978788.340244
Stanly,"Albemarle (CDC Contract, Data available until - 07/31/2023)",20000.0,,2022-08-16,,1,
Stanly,"Albemarle (CDC Contract, Data available until - 07/31/2023)",20000.0,,2022-08-17,1344360.0977301595,1,592861593.174914
Stanly,"Albemarle (CDC Contract, Data available until - 07/31/2023)",20000.0,,2022-08-18,,1,
Stanly,"Albemarle (CDC Contract, Data available until - 07/31/2023)",20000.0,,2022-08-19,,1,
Stanly,"Albemarle (CDC Contract, Data available until - 07/31/2023)",20000.0,,2022-08-20,,1,
Stanly,"Albemarle (CDC Contract, Data available until - 07/31/2023)",20000.0,,2022-08-21,,1,
Stanly,"Albemarle (CDC Contract, Data available until - 07/31/2023)",20000.0,,2022-08-22,1309843.103144023,1,872657294.5448868
Stanly,"Albemarle (CDC Contract, Data available until - 07/31/2023)",20000.0,,2022-08-23,,1,
Stanly,"Albemarle (CDC Contract, Data available until - 07/31/2023)",20000.0,,2022-08-24,710379.1296645775,1,337478179.257752
Stanly,"Albemarle (CDC Contract, Data available until - 07/31/2023)",20000.0,,2022-08-25,,1,
Stanly,"Albemarle (CDC Contract, Data available until - 07/31/2023)",20000.0,,2022-08-26,,1,
Stanly,"Albemarle (CDC Contract, Data available until - 07/31/2023)",20000.0,,2022-08-27,,1,
Stanly,"Albemarle (CDC Contract, Data available until - 07/31/2023)",20000.0,,2022-08-28,,1,
Stanly,"Albemarle (CDC Contract, Data available until - 07/31/2023)",20000.0,,2022-08-29,1356510.2581608447,1,510925926.158587
Stanly,"Albemarle (CDC Contract, Data available until - 07/31/2023)",20000.0,,2022-08-30,,1,
Stanly,"Albemarle (CDC Contract, Data available until - 07/31/2023)",20000.0,,2022-08-31,1945340.352900709,1,839483616.393219
Stanly,"Albemarle (CDC Contract, Data available until - 07/31/2023)",20000.0,,2022-09-01,,1,
Stanly,"Albemarle (CDC Contract, Data available until - 07/31/2023)",20000.0,,2022-09-02,,1,
Stanly,"Albemarle (CDC Contract, Data available until - 07/31/2023)",20000.0,,2022-09-03,,1,
Stanly,"Albemarle (CDC Contract, Data available until - 07/31/2023)",20000.0,,2022-09-04,,1,
Stanly,"Albemarle (CDC Contract, Data available until - 07/31/2023)",20000.0,,2022-09-05,,1,
Stanly,"Albemarle (CDC Contract, Data available until - 07/31/2023)",20000.0,,2022-09-06,,1,
Stanly,"Albemarle (CDC Contract, Data available until - 07/31/2023)",20000.0,,2022-09-07,633266.7444576237,1,570525968.403834
Stanly,"Albemarle (CDC Contract, Data available until - 07/31/2023)",20000.0,,2022-09-08,,1,
Stanly,"Albemarle (CDC Contract, Data available until - 07/31/2023)",20000.0,,2022-09-09,,1,
Stanly,"Albemarle (CDC Contract, Data available until - 07/31/2023)",20000.0,,2022-09-10,,1,
Stanly,"Albemarle (CDC Contract, Data available until - 07/31/2023)",20000.0,,2022-09-11,,1,
Stanly,"Albemarle (CDC Contract, Data available until - 07/31/2023)",20000.0,,2022-09-12,991477.4202454423,1,821937359.224769
Stanly,"Albemarle (CDC Contract, Data available until - 07/31/2023)",20000.0,,2022-09-13,,1,
Stanly,"Albemarle (CDC Contract, Data available until - 07/31/2023)",20000.0,,2022-09-14,855852.7282589725,1,623650896.628668
Stanly,"Albemarle (CDC Contract, Data available until - 07/31/2023)",20000.0,,2022-09-15,,1,
Stanly,"Albemarle (CDC Contract, Data available until - 07/31/2023)",20000.0,,2022-09-16,,1,
Stanly,"Albemarle (CDC Contract, Data available until - 07/31/2023)",20000.0,,2022-09-17,,1,
Stanly,"Albemarle (CDC Contract, Data available until - 07/31/2023)",20000.0,,2022-09-18,,1,
Stanly,"Albemarle (CDC Contract, Data available until - 07/31/2023)",20000.0,,2022-09-19,,1,
Stanly,"Albemarle (CDC Contract, Data available until - 07/31/2023)",20000.0,,2022-09-20,,1,
Stanly,"Albemarle (CDC Contract, Data available until - 07/31/2023)",20000.0,,2022-09-21,,1,
Stanly,"Albemarle (CDC Contract, Data available until - 07/31/2023)",20000.0,,2022-09-22,,1,
Stanly,"Albemarle (CDC Contract, Data available until - 07/31/2023)",20000.0,,2022-09-23,,1,
Stanly,"Albemarle (CDC Contract, Data available until - 07/31/2023)",20000.0,,2022-09-24,,1,
Stanly,"Albemarle (CDC Contract, Data available until - 07/31/2023)",20000.0,,2022-09-25,,1,
Stanly,"Albemarle (CDC Contract, Data available until - 07/31/2023)",20000.0,,2022-09-26,832845.5546422563,1,319994336.598093
Stanly,"Albemarle (CDC Contract, Data available until - 07/31/2023)",20000.0,,2022-09-27,,1,
Stanly,"Albemarle (CDC Contract, Data available until - 07/31/2023)",20000.0,,2022-09-28,784242.0305969804,1,304288652.718736
Stanly,"Albemarle (CDC Contract, Data available until - 07/31/2023)",20000.0,,2022-09-29,,1,
Stanly,"Albemarle (CDC Contract, Data available until - 07/31/2023)",20000.0,,2022-09-30,,1,
Stanly,"Albemarle (CDC Contract, Data available until - 07/31/2023)",20000.0,,2022-10-01,,1,
Stanly,"Albemarle (CDC Contract, Data available until - 07/31/2023)",20000.0,,2022-10-02,,1,
Stanly,"Albemarle (CDC Contract, Data available until - 07/31/2023)",20000.0,,2022-10-03,872127.1344840035,1,473743732.87467
Stanly,"Albemarle (CDC Contract, Data available until - 07/31/2023)",20000.0,,2022-10-04,,1,
Stanly,"Albemarle (CDC Contract, Data available until - 07/31/2023)",20000.0,,2022-10-05,692074.7151513157,1,313063665.394688
Stanly,"Albemarle (CDC Contract, Data available until - 07/31/2023)",20000.0,,2022-10-06,,1,
Stanly,"Albemarle (CDC Contract, Data available until - 07/31/2023)",20000.0,,2022-10-07,,1,
Stanly,"Albemarle (CDC Contract, Data available until - 07/31/2023)",20000.0,,2022-10-08,,1,
Stanly,"Albemarle (CDC Contract, Data available until - 07/31/2023)",20000.0,,2022-10-09,,1,
Stanly,"Albemarle (CDC Contract, Data available until - 07/31/2023)",20000.0,,2022-10-10,462516.3897104791,1,180333382.785835
Stanly,"Albemarle (CDC Contract, Data available until - 07/31/2023)",20000.0,,2022-10-11,,1,
Stanly,"Albemarle (CDC Contract, Data available until - 07/31/2023)",20000.0,,2022-10-12,456137.37132637616,1,189069533.393365
Stanly,"Albemarle (CDC Contract, Data available until - 07/31/2023)",20000.0,,2022-10-13,,1,
Stanly,"Albemarle (CDC Contract, Data available until - 07/31/2023)",20000.0,,2022-10-14,,1,
Stanly,"Albemarle (CDC Contract, Data available until - 07/31/2023)",20000.0,,2022-10-15,,1,
Stanly,"Albemarle (CDC Contract, Data available until - 07/31/2023)",20000.0,,2022-10-16,,1,
Stanly,"Albemarle (CDC Contract, Data available until - 07/31/2023)",20000.0,,2022-10-17,294417.54316109576,1,105876375.948791
Stanly,"Albemarle (CDC Contract, Data available until - 07/31/2023)",20000.0,,2022-10-18,,1,
Stanly,"Albemarle (CDC Contract, Data available until - 07/31/2023)",20000.0,,2022-10-19,337560.7890302906,1,134169274.133502
Stanly,"Albemarle (CDC Contract, Data available until - 07/31/2023)",20000.0,,2022-10-20,,1,
Stanly,"Albemarle (CDC Contract, Data available until - 07/31/2023)",20000.0,,2022-10-21,,1,
Stanly,"Albemarle (CDC Contract, Data available until - 07/31/2023)",20000.0,,2022-10-22,,1,
Stanly,"Albemarle (CDC Contract, Data available until - 07/31/2023)",20000.0,,2022-10-23,,1,
Stanly,"Albemarle (CDC Contract, Data available until - 07/31/2023)",20000.0,,2022-10-24,540539.6748418136,1,207685126.842339
Stanly,"Albemarle (CDC Contract, Data available until - 07/31/2023)",20000.0,,2022-10-25,,1,
Stanly,"Albemarle (CDC Contract, Data available until - 07/31/2023)",20000.0,,2022-10-26,664379.6071405106,1,276643682.135666
Stanly,"Albemarle (CDC Contract, Data available until - 07/31/2023)",20000.0,,2022-10-27,,1,
Stanly,"Albemarle (CDC Contract, Data available until - 07/31/2023)",20000.0,,2022-10-28,,1,
Stanly,"Albemarle (CDC Contract, Data available until - 07/31/2023)",20000.0,,2022-10-29,,1,
Stanly,"Albemarle (CDC Contract, Data available until - 07/31/2023)",20000.0,,2022-10-30,,1,
Stanly,"Albemarle (CDC Contract, Data available until - 07/31/2023)",20000.0,,2022-10-31,769341.632894613,1,298507246.258824
Stanly,"Albemarle (CDC Contract, Data available until - 07/31/2023)",20000.0,,2022-11-01,,1,
Stanly,"Albemarle (CDC Contract, Data available until - 07/31/2023)",20000.0,,2022-11-02,370442.220913883,1,216651021.380825
Stanly,"Albemarle (CDC Contract, Data available until - 07/31/2023)",20000.0,,2022-11-03,,1,
Stanly,"Albemarle (CDC Contract, Data available until - 07/31/2023)",20000.0,,2022-11-04,,1,
Stanly,"Albemarle (CDC Contract, Data available until - 07/31/2023)",20000.0,,2022-11-05,,1,
Stanly,"Albemarle (CDC Contract, Data available until - 07/31/2023)",20000.0,,2022-11-06,,1,
Stanly,"Albemarle (CDC Contract, Data available until - 07/31/2023)",20000.0,,2022-11-07,1203154.1284233874,1,610292231.45634
Stanly,"Albemarle (CDC Contract, Data available until - 07/31/2023)",20000.0,,2022-11-08,,1,
Stanly,"Albemarle (CDC Contract, Data available until - 07/31/2023)",20000.0,,2022-11-09,819699.977436781,1,384758644.52906
Stanly,"Albemarle (CDC Contract, Data available until - 07/31/2023)",20000.0,,2022-11-10,,1,
Stanly,"Albemarle (CDC Contract, Data available until - 07/31/2023)",20000.0,,2022-11-11,,1,
Stanly,"Albemarle (CDC Contract, Data available until - 07/31/2023)",20000.0,,2022-11-12,,1,
Stanly,"Albemarle (CDC Contract, Data available until - 07/31/2023)",20000.0,,2022-11-13,,1,
Stanly,"Albemarle (CDC Contract, Data available until - 07/31/2023)",20000.0,,2022-11-14,1006425.3828981338,1,476215330.552826
Stanly,"Albemarle (CDC Contract, Data available until - 07/31/2023)",20000.0,,2022-11-15,,1,
Stanly,"Albemarle (CDC Contract, Data available until - 07/31/2023)",20000.0,,2022-11-16,608384.4239024046,1,384597392.506107
Stanly,"Albemarle (CDC Contract, Data available until - 07/31/2023)",20000.0,,2022-11-17,,1,
Stanly,"Albemarle (CDC Contract, Data available until - 07/31/2023)",20000.0,,2022-11-18,,1,
Stanly,"Albemarle (CDC Contract, Data available until - 07/31/2023)",20000.0,,2022-11-19,,1,
Stanly,"Albemarle (CDC Contract, Data available until - 07/31/2023)",20000.0,,2022-11-20,,1,
Stanly,"Albemarle (CDC Contract, Data available until - 07/31/2023)",20000.0,,2022-11-21,,1,
Stanly,"Albemarle (CDC Contract, Data available until - 07/31/2023)",20000.0,,2022-11-22,1048764.7477577142,1,508159241.748746
Stanly,"Albemarle (CDC Contract, Data available until - 07/31/2023)",20000.0,,2022-11-23,,1,
Stanly,"Albemarle (CDC Contract, Data available until - 07/31/2023)",20000.0,,2022-11-24,,1,
Stanly,"Albemarle (CDC Contract, Data available until - 07/31/2023)",20000.0,,2022-11-25,,1,
Stanly,"Albemarle (CDC Contract, Data available until - 07/31/2023)",20000.0,,2022-11-26,,1,
Stanly,"Albemarle (CDC Contract, Data available until - 07/31/2023)",20000.0,,2022-11-27,,1,
Stanly,"Albemarle (CDC Contract, Data available until - 07/31/2023)",20000.0,,2022-11-28,448417.9504802199,1,534694012.570564
Stanly,"Albemarle (CDC Contract, Data available until - 07/31/2023)",20000.0,,2022-11-29,,1,
Stanly,"Albemarle (CDC Contract, Data available until - 07/31/2023)",20000.0,,2022-11-30,1066671.3488210747,1,730837768.01274
Stanly,"Albemarle (CDC Contract, Data available until - 07/31/2023)",20000.0,,2022-12-01,,1,
Stanly,"Albemarle (CDC Contract, Data available until - 07/31/2023)",20000.0,,2022-12-02,,1,
Stanly,"Albemarle (CDC Contract, Data available until - 07/31/2023)",20000.0,,2022-12-03,,1,
Stanly,"Albemarle (CDC Contract, Data available until - 07/31/2023)",20000.0,,2022-12-04,,1,
Stanly,"Albemarle (CDC Contract, Data available until - 07/31/2023)",20000.0,,2022-12-05,1191614.5253455814,1,735250232.751637
Stanly,"Albemarle (CDC Contract, Data available until - 07/31/2023)",20000.0,,2022-12-06,,1,
Stanly,"Albemarle (CDC Contract, Data available until - 07/31/2023)",20000.0,,2022-12-07,716988.1914499472,1,469537068.28523
Stanly,"Albemarle (CDC Contract, Data available until - 07/31/2023)",20000.0,,2022-12-08,,1,
Stanly,"Albemarle (CDC Contract, Data available until - 07/31/2023)",20000.0,,2022-12-09,,1,
Stanly,"Albemarle (CDC Contract, Data available until - 07/31/2023)",20000.0,,2022-12-10,,1,
Stanly,"Albemarle (CDC Contract, Data available until - 07/31/2023)",20000.0,,2022-12-11,,1,
Stanly,"Albemarle (CDC Contract, Data available until - 07/31/2023)",20000.0,,2022-12-12,1117877.2862967753,1,702447704.804939
Stanly,"Albemarle (CDC Contract, Data available until - 07/31/2023)",20000.0,,2022-12-13,,1,
Stanly,"Albemarle (CDC Contract, Data available until - 07/31/2023)",20000.0,,2022-12-14,1228380.9974236363,1,681212317.15035
Stanly,"Albemarle (CDC Contract, Data available until - 07/31/2023)",20000.0,,2022-12-15,,1,
Stanly,"Albemarle (CDC Contract, Data available until - 07/31/2023)",20000.0,,2022-12-16,,1,
Stanly,"Albemarle (CDC Contract, Data available until - 07/31/2023)",20000.0,,2022-12-17,,1,
Stanly,"Albemarle (CDC Contract, Data available until - 07/31/2023)",20000.0,,2022-12-18,,1,
Stanly,"Albemarle (CDC Contract, Data available until - 07/31/2023)",20000.0,,2022-12-19,1149727.8492231444,1,883492499.4912089
Stanly,"Albemarle (CDC Contract, Data available until - 07/31/2023)",20000.0,,2022-12-20,,1,
Stanly,"Albemarle (CDC Contract, Data available until - 07/31/2023)",20000.0,,2022-12-21,347105.40480669454,1,239792735.882335
Stanly,"Albemarle (CDC Contract, Data available until - 07/31/2023)",20000.0,,2022-12-22,,1,
Stanly,"Albemarle (CDC Contract, Data available until - 07/31/2023)",20000.0,,2022-12-23,,1,
Stanly,"Albemarle (CDC Contract, Data available until - 07/31/2023)",20000.0,,2022-12-24,,1,
Stanly,"Albemarle (CDC Contract, Data available until - 07/31/2023)",20000.0,,2022-12-25,,1,
Stanly,"Albemarle (CDC Contract, Data available until - 07/31/2023)",20000.0,,2022-12-26,,1,
Stanly,"Albemarle (CDC Contract, Data available until - 07/31/2023)",20000.0,,2022-12-27,,1,
Stanly,"Albemarle (CDC Contract, Data available until - 07/31/2023)",20000.0,,2022-12-28,,1,
Stanly,"Albemarle (CDC Contract, Data available until - 07/31/2023)",20000.0,,2022-12-29,,1,
Stanly,"Albemarle (CDC Contract, Data available until - 07/31/2023)",20000.0,,2022-12-30,,1,
Stanly,"Albemarle (CDC Contract, Data available until - 07/31/2023)",20000.0,,2022-12-31,,1,
Stanly,"Albemarle (CDC Contract, Data available until - 07/31/2023)",20000.0,,2023-01-01,,1,
Stanly,"Albemarle (CDC Contract, Data available until - 07/31/2023)",20000.0,,2023-01-02,,1,
Stanly,"Albemarle (CDC Contract, Data available until - 07/31/2023)",20000.0,,2023-01-03,3088969.784033265,1,2256746340.5525494
Stanly,"Albemarle (CDC Contract, Data available until - 07/31/2023)",20000.0,,2023-01-04,1547921.7332410086,1,1230495615.0922
Stanly,"Albemarle (CDC Contract, Data available until - 07/31/2023)",20000.0,,2023-01-05,,1,
Stanly,"Albemarle (CDC Contract, Data available until - 07/31/2023)",20000.0,,2023-01-06,,1,
Stanly,"Albemarle (CDC Contract, Data available until - 07/31/2023)",20000.0,,2023-01-07,,1,
Stanly,"Albemarle (CDC Contract, Data available until - 07/31/2023)",20000.0,,2023-01-08,,1,
Stanly,"Albemarle (CDC Contract, Data available until - 07/31/2023)",20000.0,,2023-01-09,1541278.238239945,1,1458588660.75837
Stanly,"Albemarle (CDC Contract, Data available until - 07/31/2023)",20000.0,,2023-01-10,,1,
Stanly,"Albemarle (CDC Contract, Data available until - 07/31/2023)",20000.0,,2023-01-11,1941613.7361532834,1,1708824928.06405
Stanly,"Albemarle (CDC Contract, Data available until - 07/31/2023)",20000.0,,2023-01-12,,1,
Stanly,"Albemarle (CDC Contract, Data available until - 07/31/2023)",20000.0,,2023-01-13,,1,
Stanly,"Albemarle (CDC Contract, Data available until - 07/31/2023)",20000.0,,2023-01-14,,1,
Stanly,"Albemarle (CDC Contract, Data available until - 07/31/2023)",20000.0,,2023-01-15,,1,
Stanly,"Albemarle (CDC Contract, Data available until - 07/31/2023)",20000.0,,2023-01-16,,1,
Stanly,"Albemarle (CDC Contract, Data available until - 07/31/2023)",20000.0,,2023-01-17,1238721.5123241893,1,1111306369.82222
Stanly,"Albemarle (CDC Contract, Data available until - 07/31/2023)",20000.0,,2023-01-18,1099561.170549566,1,1048894271.45958
Stanly,"Albemarle (CDC Contract, Data available until - 07/31/2023)",20000.0,,2023-01-19,,1,
Stanly,"Albemarle (CDC Contract, Data available until - 07/31/2023)",20000.0,,2023-01-20,,1,
Stanly,"Albemarle (CDC Contract, Data available until - 07/31/2023)",20000.0,,2023-01-21,,1,
Stanly,"Albemarle (CDC Contract, Data available until - 07/31/2023)",20000.0,,2023-01-22,,1,
Stanly,"Albemarle (CDC Contract, Data available until - 07/31/2023)",20000.0,,2023-01-23,407740.5224736812,1,652112261.418616
Stanly,"Albemarle (CDC Contract, Data available until - 07/31/2023)",20000.0,,2023-01-24,,1,
Stanly,"Albemarle (CDC Contract, Data available until - 07/31/2023)",20000.0,,2023-01-25,520877.3256080648,1,691091024.439049
Stanly,"Albemarle (CDC Contract, Data available until - 07/31/2023)",20000.0,,2023-01-26,,1,
Stanly,"Albemarle (CDC Contract, Data available until - 07/31/2023)",20000.0,,2023-01-27,,1,
Stanly,"Albemarle (CDC Contract, Data available until - 07/31/2023)",20000.0,,2023-01-28,,1,
Stanly,"Albemarle (CDC Contract, Data available until - 07/31/2023)",20000.0,,2023-01-29,,1,
Stanly,"Albemarle (CDC Contract, Data available until - 07/31/2023)",20000.0,,2023-01-30,764471.6770489356,1,808825788.621142
Stanly,"Albemarle (CDC Contract, Data available until - 07/31/2023)",20000.0,,2023-01-31,,1,
Stanly,"Albemarle (CDC Contract, Data available until - 07/31/2023)",20000.0,,2023-02-01,1214034.0136935827,1,1470593393.73942
Stanly,"Albemarle (CDC Contract, Data available until - 07/31/2023)",20000.0,,2023-02-02,,1,
Stanly,"Albemarle (CDC Contract, Data available until - 07/31/2023)",20000.0,,2023-02-03,,1,
Stanly,"Albemarle (CDC Contract, Data available until - 07/31/2023)",20000.0,,2023-02-04,,1,
Stanly,"Albemarle (CDC Contract, Data available until - 07/31/2023)",20000.0,,2023-02-05,,1,
Stanly,"Albemarle (CDC Contract, Data available until - 07/31/2023)",20000.0,,2023-02-06,592311.2698983719,1,773536602.97029
Stanly,"Albemarle (CDC Contract, Data available until - 07/31/2023)",20000.0,,2023-02-07,,1,
Stanly,"Albemarle (CDC Contract, Data available until - 07/31/2023)",20000.0,,2023-02-08,1227814.7646849325,1,1266517327.78995
Stanly,"Albemarle (CDC Contract, Data available until - 07/31/2023)",20000.0,,2023-02-09,,1,
Stanly,"Albemarle (CDC Contract, Data available until - 07/31/2023)",20000.0,,2023-02-10,,1,
Stanly,"Albemarle (CDC Contract, Data available until - 07/31/2023)",20000.0,,2023-02-11,,1,
Stanly,"Albemarle (CDC Contract, Data available until - 07/31/2023)",20000.0,,2023-02-12,,1,
Stanly,"Albemarle (CDC Contract, Data available until - 07/31/2023)",20000.0,,2023-02-13,17237.180651945888,1,66228367.9944741
Stanly,"Albemarle (CDC Contract, Data available until - 07/31/2023)",20000.0,,2023-02-14,,1,
Stanly,"Albemarle (CDC Contract, Data available until - 07/31/2023)",20000.0,,2023-02-15,308651.7384819749,1,600542329.496728
Stanly,"Albemarle (CDC Contract, Data available until - 07/31/2023)",20000.0,,2023-02-16,,1,
Stanly,"Albemarle (CDC Contract, Data available until - 07/31/2023)",20000.0,,2023-02-17,,1,
Stanly,"Albemarle (CDC Contract, Data available until - 07/31/2023)",20000.0,,2023-02-18,,1,
Stanly,"Albemarle (CDC Contract, Data available until - 07/31/2023)",20000.0,,2023-02-19,,1,
Stanly,"Albemarle (CDC Contract, Data available until - 07/31/2023)",20000.0,,2023-02-20,677049.4900805923,1,730427394.829056
Stanly,"Albemarle (CDC Contract, Data available until - 07/31/2023)",20000.0,,2023-02-21,,1,
Stanly,"Albemarle (CDC Contract, Data available until - 07/31/2023)",20000.0,,2023-02-22,928843.978259292,1,940542303.743485
Stanly,"Albemarle (CDC Contract, Data available until - 07/31/2023)",20000.0,,2023-02-23,,1,
Stanly,"Albemarle (CDC Contract, Data available until - 07/31/2023)",20000.0,,2023-02-24,,1,
Stanly,"Albemarle (CDC Contract, Data available until - 07/31/2023)",20000.0,,2023-02-25,,1,
Stanly,"Albemarle (CDC Contract, Data available until - 07/31/2023)",20000.0,,2023-02-26,,1,
Stanly,"Albemarle (CDC Contract, Data available until - 07/31/2023)",20000.0,,2023-02-27,1453995.2599524953,1,1122806546.03292
Stanly,"Albemarle (CDC Contract, Data available until - 07/31/2023)",20000.0,,2023-02-28,,1,
Stanly,"Albemarle (CDC Contract, Data available until - 07/31/2023)",20000.0,,2023-03-01,786908.9442365167,1,606178701.413878
Stanly,"Albemarle (CDC Contract, Data available until - 07/31/2023)",20000.0,,2023-03-02,,1,
Stanly,"Albemarle (CDC Contract, Data available until - 07/31/2023)",20000.0,,2023-03-03,,1,
Stanly,"Albemarle (CDC Contract, Data available until - 07/31/2023)",20000.0,,2023-03-04,,1,
Stanly,"Albemarle (CDC Contract, Data available until - 07/31/2023)",20000.0,,2023-03-05,,1,
Stanly,"Albemarle (CDC Contract, Data available until - 07/31/2023)",20000.0,,2023-03-06,286626.4895248898,1,220796668.38657
Stanly,"Albemarle (CDC Contract, Data available until - 07/31/2023)",20000.0,,2023-03-07,,1,
Stanly,"Albemarle (CDC Contract, Data available until - 07/31/2023)",20000.0,,2023-03-08,139037.04647286228,1,109209498.411562
Stanly,"Albemarle (CDC Contract, Data available until - 07/31/2023)",20000.0,,2023-03-09,,1,
Stanly,"Albemarle (CDC Contract, Data available until - 07/31/2023)",20000.0,,2023-03-10,,1,
Stanly,"Albemarle (CDC Contract, Data available until - 07/31/2023)",20000.0,,2023-03-11,,1,
Stanly,"Albemarle (CDC Contract, Data available until - 07/31/2023)",20000.0,,2023-03-12,,1,
Stanly,"Albemarle (CDC Contract, Data available until - 07/31/2023)",20000.0,,2023-03-13,67902.24034601769,1,53450261.3957873
Stanly,"Albemarle (CDC Contract, Data available until - 07/31/2023)",20000.0,,2023-03-14,,1,
Stanly,"Albemarle (CDC Contract, Data available until - 07/31/2023)",20000.0,,2023-03-15,245031.63805077347,1,224929119.949269
Stanly,"Albemarle (CDC Contract, Data available until - 07/31/2023)",20000.0,,2023-03-16,,1,
Stanly,"Albemarle (CDC Contract, Data available until - 07/31/2023)",20000.0,,2023-03-17,,1,
Stanly,"Albemarle (CDC Contract, Data available until - 07/31/2023)",20000.0,,2023-03-18,,1,
Stanly,"Albemarle (CDC Contract, Data available until - 07/31/2023)",20000.0,,2023-03-19,,1,
Stanly,"Albemarle (CDC Contract, Data available until - 07/31/2023)",20000.0,,2023-03-20,354948.2968148701,1,289550386.435428
Stanly,"Albemarle (CDC Contract, Data available until - 07/31/2023)",20000.0,,2023-03-21,,1,
Stanly,"Albemarle (CDC Contract, Data available until - 07/31/2023)",20000.0,,2023-03-22,771094.4394838403,1,560428971.114648
Stanly,"Albemarle (CDC Contract, Data available until - 07/31/2023)",20000.0,,2023-03-23,,1,
Stanly,"Albemarle (CDC Contract, Data available until - 07/31/2023)",20000.0,,2023-03-24,,1,
Stanly,"Albemarle (CDC Contract, Data available until - 07/31/2023)",20000.0,,2023-03-25,,1,
Stanly,"Albemarle (CDC Contract, Data available until - 07/31/2023)",20000.0,,2023-03-26,,1,
Stanly,"Albemarle (CDC Contract, Data available until - 07/31/2023)",20000.0,,2023-03-27,322952.09835253126,1,252446843.295909
Stanly,"Albemarle (CDC Contract, Data available until - 07/31/2023)",20000.0,,2023-03-28,,1,
Stanly,"Albemarle (CDC Contract, Data available until - 07/31/2023)",20000.0,,2023-03-29,106001.42052931285,1,188591155.317679
Stanly,"Albemarle (CDC Contract, Data available until - 07/31/2023)",20000.0,,2023-03-30,,1,
Stanly,"Albemarle (CDC Contract, Data available until - 07/31/2023)",20000.0,,2023-03-31,,1,
Stanly,"Albemarle (CDC Contract, Data available until - 07/31/2023)",20000.0,,2023-04-01,,1,
Stanly,"Albemarle (CDC Contract, Data available until - 07/31/2023)",20000.0,,2023-04-02,,1,
Stanly,"Albemarle (CDC Contract, Data available until - 07/31/2023)",20000.0,,2023-04-03,205593.0965251627,1,173939346.045549
Stanly,"Albemarle (CDC Contract, Data available until - 07/31/2023)",20000.0,,2023-04-04,,1,
Stanly,"Albemarle (CDC Contract, Data available until - 07/31/2023)",20000.0,,2023-04-05,158907.46777146094,1,136546930.569974
Stanly,"Albemarle (CDC Contract, Data available until - 07/31/2023)",20000.0,,2023-04-06,,1,
Stanly,"Albemarle (CDC Contract, Data available until - 07/31/2023)",20000.0,,2023-04-07,,1,
Stanly,"Albemarle (CDC Contract, Data available until - 07/31/2023)",20000.0,,2023-04-08,,1,
Stanly,"Albemarle (CDC Contract, Data available until - 07/31/2023)",20000.0,,2023-04-09,,1,
Stanly,"Albemarle (CDC Contract, Data available until - 07/31/2023)",20000.0,,2023-04-10,16117.318755298229,1,60583424.9273919
Stanly,"Albemarle (CDC Contract, Data available until - 07/31/2023)",20000.0,,2023-04-11,,1,
Stanly,"Albemarle (CDC Contract, Data available until - 07/31/2023)",20000.0,,2023-04-12,83376.32140388878,1,143761597.167758
Stanly,"Albemarle (CDC Contract, Data available until - 07/31/2023)",20000.0,,2023-04-13,,1,
Stanly,"Albemarle (CDC Contract, Data available until - 07/31/2023)",20000.0,,2023-04-14,,1,
Stanly,"Albemarle (CDC Contract, Data available until - 07/31/2023)",20000.0,,2023-04-15,,1,
Stanly,"Albemarle (CDC Contract, Data available until - 07/31/2023)",20000.0,,2023-04-16,,1,
Stanly,"Albemarle (CDC Contract, Data available until - 07/31/2023)",20000.0,,2023-04-17,173832.34192330338,1,175034635.932981
Stanly,"Albemarle (CDC Contract, Data available until - 07/31/2023)",20000.0,,2023-04-18,,1,
Stanly,"Albemarle (CDC Contract, Data available until - 07/31/2023)",20000.0,,2023-04-19,376123.1655693295,1,320349741.962881
Stanly,"Albemarle (CDC Contract, Data available until - 07/31/2023)",20000.0,,2023-04-20,,1,
Stanly,"Albemarle (CDC Contract, Data available until - 07/31/2023)",20000.0,,2023-04-21,,1,
Stanly,"Albemarle (CDC Contract, Data available until - 07/31/2023)",20000.0,,2023-04-22,,1,
Stanly,"Albemarle (CDC Contract, Data available until - 07/31/2023)",20000.0,,2023-04-23,,1,
Stanly,"Albemarle (CDC Contract, Data available until - 07/31/2023)",20000.0,,2023-04-24,264076.49294857745,1,207871750.691243
Stanly,"Albemarle (CDC Contract, Data available until - 07/31/2023)",20000.0,,2023-04-25,,1,
Stanly,"Albemarle (CDC Contract, Data available until - 07/31/2023)",20000.0,,2023-04-26,225917.9023278899,1,156072107.013638
Stanly,"Albemarle (CDC Contract, Data available until - 07/31/2023)",20000.0,,2023-04-27,,1,
Stanly,"Albemarle (CDC Contract, Data available until - 07/31/2023)",20000.0,,2023-04-28,,1,
Stanly,"Albemarle (CDC Contract, Data available until - 07/31/2023)",20000.0,,2023-04-29,,1,
Stanly,"Albemarle (CDC Contract, Data available until - 07/31/2023)",20000.0,,2023-04-30,,1,
Stanly,"Albemarle (CDC Contract, Data available until - 07/31/2023)",20000.0,,2023-05-01,113316.93917328214,1,196244598.257542
Stanly,"Albemarle (CDC Contract, Data available until - 07/31/2023)",20000.0,,2023-05-02,,1,
Stanly,"Albemarle (CDC Contract, Data available until - 07/31/2023)",20000.0,,2023-05-03,19116.22815672586,1,20550969.8983095
Stanly,"Albemarle (CDC Contract, Data available until - 07/31/2023)",20000.0,,2023-05-04,,1,
Stanly,"Albemarle (CDC Contract, Data available until - 07/31/2023)",20000.0,,2023-05-05,,1,
Stanly,"Albemarle (CDC Contract, Data available until - 07/31/2023)",20000.0,,2023-05-06,,1,
Stanly,"Albemarle (CDC Contract, Data available until - 07/31/2023)",20000.0,,2023-05-07,,1,
Stanly,"Albemarle (CDC Contract, Data available until - 07/31/2023)",20000.0,,2023-05-08,395084.140397288,1,258730410.375362
Stanly,"Albemarle (CDC Contract, Data available until - 07/31/2023)",20000.0,,2023-05-09,,1,
Stanly,"Albemarle (CDC Contract, Data available until - 07/31/2023)",20000.0,,2023-05-10,300868.3029616574,1,207850504.510668
Stanly,"Albemarle (CDC Contract, Data available until - 07/31/2023)",20000.0,,2023-05-11,,1,
Stanly,"Albemarle (CDC Contract, Data available until - 07/31/2023)",20000.0,,2023-05-12,,1,
Stanly,"Albemarle (CDC Contract, Data available until - 07/31/2023)",20000.0,,2023-05-13,,1,
Stanly,"Albemarle (CDC Contract, Data available until - 07/31/2023)",20000.0,,2023-05-14,,1,
Stanly,"Albemarle (CDC Contract, Data available until - 07/31/2023)",20000.0,,2023-05-15,568362.7769476597,1,316267627.011078
Stanly,"Albemarle (CDC Contract, Data available until - 07/31/2023)",20000.0,,2023-05-16,,1,
Stanly,"Albemarle (CDC Contract, Data available until - 07/31/2023)",20000.0,,2023-05-17,565471.4477671325,1,331783020.848544
Stanly,"Albemarle (CDC Contract, Data available until - 07/31/2023)",20000.0,,2023-05-18,,1,
Stanly,"Albemarle (CDC Contract, Data available until - 07/31/2023)",20000.0,,2023-05-19,,1,
Stanly,"Albemarle (CDC Contract, Data available until - 07/31/2023)",20000.0,,2023-05-20,,1,
Stanly,"Albemarle (CDC Contract, Data available until - 07/31/2023)",20000.0,,2023-05-21,,1,
Stanly,"Albemarle (CDC Contract, Data available until - 07/31/2023)",20000.0,,2023-05-22,360459.9180600814,1,173971834.16264
Stanly,"Albemarle (CDC Contract, Data available until - 07/31/2023)",20000.0,,2023-05-23,,1,
Stanly,"Albemarle (CDC Contract, Data available until - 07/31/2023)",20000.0,,2023-05-24,298102.632972046,1,149517996.157941
Stanly,"Albemarle (CDC Contract, Data available until - 07/31/2023)",20000.0,,2023-05-25,,1,
Stanly,"Albemarle (CDC Contract, Data available until - 07/31/2023)",20000.0,,2023-05-26,,1,
Stanly,"Albemarle (CDC Contract, Data available until - 07/31/2023)",20000.0,,2023-05-27,,1,
Stanly,"Albemarle (CDC Contract, Data available until - 07/31/2023)",20000.0,,2023-05-28,,1,
Stanly,"Albemarle (CDC Contract, Data available until - 07/31/2023)",20000.0,,2023-05-29,,1,
Stanly,"Albemarle (CDC Contract, Data available until - 07/31/2023)",20000.0,,2023-05-30,159461.90161708518,1,118612721.687928
Stanly,"Albemarle (CDC Contract, Data available until - 07/31/2023)",20000.0,,2023-05-31,187119.12078071182,1,125726927.765087
Stanly,"Albemarle (CDC Contract, Data available until - 07/31/2023)",20000.0,,2023-06-01,,1,
Stanly,"Albemarle (CDC Contract, Data available until - 07/31/2023)",20000.0,,2023-06-02,,1,
Stanly,"Albemarle (CDC Contract, Data available until - 07/31/2023)",20000.0,,2023-06-03,,1,
Stanly,"Albemarle (CDC Contract, Data available until - 07/31/2023)",20000.0,,2023-06-04,,1,
Stanly,"Albemarle (CDC Contract, Data available until - 07/31/2023)",20000.0,,2023-06-05,18912.198066297053,1,8734008.61633964
Stanly,"Albemarle (CDC Contract, Data available until - 07/31/2023)",20000.0,,2023-06-06,,1,
Stanly,"Albemarle (CDC Contract, Data available until - 07/31/2023)",20000.0,,2023-06-07,50810.1891882583,1,39995998.3623882
Stanly,"Albemarle (CDC Contract, Data available until - 07/31/2023)",20000.0,,2023-06-08,,1,
Stanly,"Albemarle (CDC Contract, Data available until - 07/31/2023)",20000.0,,2023-06-09,,1,
Stanly,"Albemarle (CDC Contract, Data available until - 07/31/2023)",20000.0,,2023-06-10,,1,
Stanly,"Albemarle (CDC Contract, Data available until - 07/31/2023)",20000.0,,2023-06-11,,1,
Stanly,"Albemarle (CDC Contract, Data available until - 07/31/2023)",20000.0,,2023-06-12,42048.224906131974,1,19896168.819959
Stanly,"Albemarle (CDC Contract, Data available until - 07/31/2023)",20000.0,,2023-06-13,,1,
Stanly,"Albemarle (CDC Contract, Data available until - 07/31/2023)",20000.0,,2023-06-14,103423.9822799362,1,51286649.6704437
Stanly,"Albemarle (CDC Contract, Data available until - 07/31/2023)",20000.0,,2023-06-15,,1,
Stanly,"Albemarle (CDC Contract, Data available until - 07/31/2023)",20000.0,,2023-06-16,,1,
Stanly,"Albemarle (CDC Contract, Data available until - 07/31/2023)",20000.0,,2023-06-17,,1,
Stanly,"Albemarle (CDC Contract, Data available until - 07/31/2023)",20000.0,,2023-06-18,,1,
Stanly,"Albemarle (CDC Contract, Data available until - 07/31/2023)",20000.0,,2023-06-19,44361.06190774744,1,17380171.6476682
Stanly,"Albemarle (CDC Contract, Data available until - 07/31/2023)",20000.0,,2023-06-20,,1,
Stanly,"Albemarle (CDC Contract, Data available until - 07/31/2023)",20000.0,,2023-06-21,0.0,1,10282160.7441298
Stanly,"Albemarle (CDC Contract, Data available until - 07/31/2023)",20000.0,,2023-06-22,,1,
Stanly,"Albemarle (CDC Contract, Data available until - 07/31/2023)",20000.0,,2023-06-23,,1,
Stanly,"Albemarle (CDC Contract, Data available until - 07/31/2023)",20000.0,,2023-06-24,,1,
Stanly,"Albemarle (CDC Contract, Data available until - 07/31/2023)",20000.0,,2023-06-25,,1,
Stanly,"Albemarle (CDC Contract, Data available until - 07/31/2023)",20000.0,,2023-06-26,265555.9638447129,1,253319357.475519
Stanly,"Albemarle (CDC Contract, Data available until - 07/31/2023)",20000.0,,2023-06-27,,1,
Stanly,"Albemarle (CDC Contract, Data available until - 07/31/2023)",20000.0,,2023-06-28,30795.511877505163,1,26928439.382716
Stanly,"Albemarle (CDC Contract, Data available until - 07/31/2023)",20000.0,,2023-06-29,,1,
Stanly,"Albemarle (CDC Contract, Data available until - 07/31/2023)",20000.0,,2023-06-30,,1,
Stanly,"Albemarle (CDC Contract, Data available until - 07/31/2023)",20000.0,,2023-07-01,,1,
Stanly,"Albemarle (CDC Contract, Data available until - 07/31/2023)",20000.0,,2023-07-02,,1,
Stanly,"Albemarle (CDC Contract, Data available until - 07/31/2023)",20000.0,,2023-07-03,129275.44680366367,1,101297370.200431
Stanly,"Albemarle (CDC Contract, Data available until - 07/31/2023)",20000.0,,2023-07-04,,1,
Stanly,"Albemarle (CDC Contract, Data available until - 07/31/2023)",20000.0,,2023-07-05,308734.5368645521,1,175302557.377061
Stanly,"Albemarle (CDC Contract, Data available until - 07/31/2023)",20000.0,,2023-07-06,,1,
Stanly,"Albemarle (CDC Contract, Data available until - 07/31/2023)",20000.0,,2023-07-07,,1,
Stanly,"Albemarle (CDC Contract, Data available until - 07/31/2023)",20000.0,,2023-07-08,,1,
Stanly,"Albemarle (CDC Contract, Data available until - 07/31/2023)",20000.0,,2023-07-09,,1,
Stanly,"Albemarle (CDC Contract, Data available until - 07/31/2023)",20000.0,,2023-07-10,228287.09213298556,1,189682671.903964
Stanly,"Albemarle (CDC Contract, Data available until - 07/31/2023)",20000.0,,2023-07-11,,1,
Stanly,"Albemarle (CDC Contract, Data available until - 07/31/2023)",20000.0,,2023-07-12,300069.9800558802,1,201051627.743124
Stanly,"Albemarle (CDC Contract, Data available until - 07/31/2023)",20000.0,,2023-07-13,,1,
Stanly,"Albemarle (CDC Contract, Data available until - 07/31/2023)",20000.0,,2023-07-14,,1,
Stanly,"Albemarle (CDC Contract, Data available until - 07/31/2023)",20000.0,,2023-07-15,,1,
Stanly,"Albemarle (CDC Contract, Data available until - 07/31/2023)",20000.0,,2023-07-16,,1,
Stanly,"Albemarle (CDC Contract, Data available until - 07/31/2023)",20000.0,,2023-07-17,139902.5089487998,1,78114076.2127809
Stanly,"Albemarle (CDC Contract, Data available until - 07/31/2023)",20000.0,,2023-07-18,,1,
Stanly,"Albemarle (CDC Contract, Data available until - 07/31/2023)",20000.0,,2023-07-19,158135.98577172542,1,87995370.1994226
Stanly,"Albemarle (CDC Contract, Data available until - 07/31/2023)",20000.0,,2023-07-20,,1,
Stanly,"Albemarle (CDC Contract, Data available until - 07/31/2023)",20000.0,,2023-07-21,,1,
Stanly,"Albemarle (CDC Contract, Data available until - 07/31/2023)",20000.0,,2023-07-22,,1,
Stanly,"Albemarle (CDC Contract, Data available until - 07/31/2023)",20000.0,,2023-07-23,,1,
Stanly,"Albemarle (CDC Contract, Data available until - 07/31/2023)",20000.0,,2023-07-24,407357.0968441865,1,320657215.384909
Stanly,"Albemarle (CDC Contract, Data available until - 07/31/2023)",20000.0,,2023-07-25,,1,
Stanly,"Albemarle (CDC Contract, Data available until - 07/31/2023)",20000.0,,2023-07-26,164138.45292322544,1,82636850.059512
Stanly,"Albemarle (CDC Contract, Data available until - 07/31/2023)",20000.0,,2023-07-27,,1,
Stanly,"Albemarle (CDC Contract, Data available until - 07/31/2023)",20000.0,,2023-07-28,,1,
Stanly,"Albemarle (CDC Contract, Data available until - 07/31/2023)",20000.0,,2023-07-29,,1,
Stanly,"Albemarle (CDC Contract, Data available until - 07/31/2023)",20000.0,,2023-07-30,,1,
Stanly,"Albemarle (CDC Contract, Data available until - 07/31/2023)",20000.0,,2023-07-31,370771.36198028096,1,164211595.895897
Surry,"Mount Airy (CDC Contract, Data available until - 08/31/2023)",10000.0,,2022-05-24,409752.1984523682,1,355196397.592946
Surry,"Mount Airy (CDC Contract, Data available until - 08/31/2023)",10000.0,,2022-05-25,,1,
Surry,"Mount Airy (CDC Contract, Data available until - 08/31/2023)",10000.0,,2022-05-26,454903.83169516455,1,270352895.426324
Surry,"Mount Airy (CDC Contract, Data available until - 08/31/2023)",10000.0,,2022-05-27,,1,
Surry,"Mount Airy (CDC Contract, Data available until - 08/31/2023)",10000.0,,2022-05-28,,1,
Surry,"Mount Airy (CDC Contract, Data available until - 08/31/2023)",10000.0,,2022-05-29,,1,
Surry,"Mount Airy (CDC Contract, Data available until - 08/31/2023)",10000.0,,2022-05-30,,1,
Surry,"Mount Airy (CDC Contract, Data available until - 08/31/2023)",10000.0,,2022-05-31,875367.5237164615,1,477160736.295787
Surry,"Mount Airy (CDC Contract, Data available until - 08/31/2023)",10000.0,,2022-06-01,,1,
Surry,"Mount Airy (CDC Contract, Data available until - 08/31/2023)",10000.0,,2022-06-02,1088483.30196537,1,638653427.145258
Surry,"Mount Airy (CDC Contract, Data available until - 08/31/2023)",10000.0,,2022-06-03,,1,
Surry,"Mount Airy (CDC Contract, Data available until - 08/31/2023)",10000.0,,2022-06-04,,1,
Surry,"Mount Airy (CDC Contract, Data available until - 08/31/2023)",10000.0,,2022-06-05,,1,
Surry,"Mount Airy (CDC Contract, Data available until - 08/31/2023)",10000.0,,2022-06-06,,1,
Surry,"Mount Airy (CDC Contract, Data available until - 08/31/2023)",10000.0,,2022-06-07,3104642.1654501436,1,1633571430.9802
Surry,"Mount Airy (CDC Contract, Data available until - 08/31/2023)",10000.0,,2022-06-08,,1,
Surry,"Mount Airy (CDC Contract, Data available until - 08/31/2023)",10000.0,,2022-06-09,1138495.403964977,1,637829754.321015
Surry,"Mount Airy (CDC Contract, Data available until - 08/31/2023)",10000.0,,2022-06-10,,1,
Surry,"Mount Airy (CDC Contract, Data available until - 08/31/2023)",10000.0,,2022-06-11,,1,
Surry,"Mount Airy (CDC Contract, Data available until - 08/31/2023)",10000.0,,2022-06-12,,1,
Surry,"Mount Airy (CDC Contract, Data available until - 08/31/2023)",10000.0,,2022-06-13,,1,
Surry,"Mount Airy (CDC Contract, Data available until - 08/31/2023)",10000.0,,2022-06-14,1169658.6004852233,1,615439967.612472
Surry,"Mount Airy (CDC Contract, Data available until - 08/31/2023)",10000.0,,2022-06-15,,1,
Surry,"Mount Airy (CDC Contract, Data available until - 08/31/2023)",10000.0,,2022-06-16,1352565.0191049508,1,783359942.36794
Surry,"Mount Airy (CDC Contract, Data available until - 08/31/2023)",10000.0,,2022-06-17,,1,
Surry,"Mount Airy (CDC Contract, Data available until - 08/31/2023)",10000.0,,2022-06-18,,1,
Surry,"Mount Airy (CDC Contract, Data available until - 08/31/2023)",10000.0,,2022-06-19,,1,
Surry,"Mount Airy (CDC Contract, Data available until - 08/31/2023)",10000.0,,2022-06-20,,1,
Surry,"Mount Airy (CDC Contract, Data available until - 08/31/2023)",10000.0,,2022-06-21,621892.5633293252,1,301326349.981034
Surry,"Mount Airy (CDC Contract, Data available until - 08/31/2023)",10000.0,,2022-06-22,,1,
Surry,"Mount Airy (CDC Contract, Data available until - 08/31/2023)",10000.0,,2022-06-23,997251.5771725656,1,509624476.23092
Surry,"Mount Airy (CDC Contract, Data available until - 08/31/2023)",10000.0,,2022-06-24,,1,
Surry,"Mount Airy (CDC Contract, Data available until - 08/31/2023)",10000.0,,2022-06-25,,1,
Surry,"Mount Airy (CDC Contract, Data available until - 08/31/2023)",10000.0,,2022-06-26,,1,
Surry,"Mount Airy (CDC Contract, Data available until - 08/31/2023)",10000.0,,2022-06-27,,1,
Surry,"Mount Airy (CDC Contract, Data available until - 08/31/2023)",10000.0,,2022-06-28,675387.8424938552,1,370708905.151556
Surry,"Mount Airy (CDC Contract, Data available until - 08/31/2023)",10000.0,,2022-06-29,,1,
Surry,"Mount Airy (CDC Contract, Data available until - 08/31/2023)",10000.0,,2022-06-30,2004448.8722863535,1,971218017.427557
Surry,"Mount Airy (CDC Contract, Data available until - 08/31/2023)",10000.0,,2022-07-01,,1,
Surry,"Mount Airy (CDC Contract, Data available until - 08/31/2023)",10000.0,,2022-07-02,,1,
Surry,"Mount Airy (CDC Contract, Data available until - 08/31/2023)",10000.0,,2022-07-03,,1,
Surry,"Mount Airy (CDC Contract, Data available until - 08/31/2023)",10000.0,,2022-07-04,,1,
Surry,"Mount Airy (CDC Contract, Data available until - 08/31/2023)",10000.0,,2022-07-05,2280603.6368043977,1,966895664.757049
Surry,"Mount Airy (CDC Contract, Data available until - 08/31/2023)",10000.0,,2022-07-06,,1,
Surry,"Mount Airy (CDC Contract, Data available until - 08/31/2023)",10000.0,,2022-07-07,1016372.4118445402,1,1015707297.73822
Surry,"Mount Airy (CDC Contract, Data available until - 08/31/2023)",10000.0,,2022-07-08,,1,
Surry,"Mount Airy (CDC Contract, Data available until - 08/31/2023)",10000.0,,2022-07-09,,1,
Surry,"Mount Airy (CDC Contract, Data available until - 08/31/2023)",10000.0,,2022-07-10,,1,
Surry,"Mount Airy (CDC Contract, Data available until - 08/31/2023)",10000.0,,2022-07-11,,1,
Surry,"Mount Airy (CDC Contract, Data available until - 08/31/2023)",10000.0,,2022-07-12,1360879.9474590316,1,1504230686.30853
Surry,"Mount Airy (CDC Contract, Data available until - 08/31/2023)",10000.0,,2022-07-13,,1,
Surry,"Mount Airy (CDC Contract, Data available until - 08/31/2023)",10000.0,,2022-07-14,2465278.414859823,1,1950401566.52656
Surry,"Mount Airy (CDC Contract, Data available until - 08/31/2023)",10000.0,,2022-07-15,,1,
Surry,"Mount Airy (CDC Contract, Data available until - 08/31/2023)",10000.0,,2022-07-16,,1,
Surry,"Mount Airy (CDC Contract, Data available until - 08/31/2023)",10000.0,,2022-07-17,,1,
Surry,"Mount Airy (CDC Contract, Data available until - 08/31/2023)",10000.0,,2022-07-18,,1,
Surry,"Mount Airy (CDC Contract, Data available until - 08/31/2023)",10000.0,,2022-07-19,1771494.5859345603,1,1200340993.40181
Surry,"Mount Airy (CDC Contract, Data available until - 08/31/2023)",10000.0,,2022-07-20,,1,
Surry,"Mount Airy (CDC Contract, Data available until - 08/31/2023)",10000.0,,2022-07-21,1705636.9342459838,1,1381694862.89147
Surry,"Mount Airy (CDC Contract, Data available until - 08/31/2023)",10000.0,,2022-07-22,,1,
Surry,"Mount Airy (CDC Contract, Data available until - 08/31/2023)",10000.0,,2022-07-23,,1,
Surry,"Mount Airy (CDC Contract, Data available until - 08/31/2023)",10000.0,,2022-07-24,,1,
Surry,"Mount Airy (CDC Contract, Data available until - 08/31/2023)",10000.0,,2022-07-25,,1,
Surry,"Mount Airy (CDC Contract, Data available until - 08/31/2023)",10000.0,,2022-07-26,1779489.136841501,1,1111452899.46896
Surry,"Mount Airy (CDC Contract, Data available until - 08/31/2023)",10000.0,,2022-07-27,,1,
Surry,"Mount Airy (CDC Contract, Data available until - 08/31/2023)",10000.0,,2022-07-28,2040339.635697111,1,2239815480.52067
Surry,"Mount Airy (CDC Contract, Data available until - 08/31/2023)",10000.0,,2022-07-29,,1,
Surry,"Mount Airy (CDC Contract, Data available until - 08/31/2023)",10000.0,,2022-07-30,,1,
Surry,"Mount Airy (CDC Contract, Data available until - 08/31/2023)",10000.0,,2022-07-31,,1,
Surry,"Mount Airy (CDC Contract, Data available until - 08/31/2023)",10000.0,,2022-08-01,,1,
Surry,"Mount Airy (CDC Contract, Data available until - 08/31/2023)",10000.0,,2022-08-02,1375940.0867728363,1,859399794.737534
Surry,"Mount Airy (CDC Contract, Data available until - 08/31/2023)",10000.0,,2022-08-03,,1,
Surry,"Mount Airy (CDC Contract, Data available until - 08/31/2023)",10000.0,,2022-08-04,3031125.210199815,1,1812895376.56907
Surry,"Mount Airy (CDC Contract, Data available until - 08/31/2023)",10000.0,,2022-08-05,,1,
Surry,"Mount Airy (CDC Contract, Data available until - 08/31/2023)",10000.0,,2022-08-06,,1,
Surry,"Mount Airy (CDC Contract, Data available until - 08/31/2023)",10000.0,,2022-08-07,,1,
Surry,"Mount Airy (CDC Contract, Data available until - 08/31/2023)",10000.0,,2022-08-08,,1,
Surry,"Mount Airy (CDC Contract, Data available until - 08/31/2023)",10000.0,,2022-08-09,1252198.3555795802,1,848472826.2827572
Surry,"Mount Airy (CDC Contract, Data available until - 08/31/2023)",10000.0,,2022-08-10,,1,
Surry,"Mount Airy (CDC Contract, Data available until - 08/31/2023)",10000.0,,2022-08-11,2680751.3694968433,1,1583043732.51856
Surry,"Mount Airy (CDC Contract, Data available until - 08/31/2023)",10000.0,,2022-08-12,,1,
Surry,"Mount Airy (CDC Contract, Data available until - 08/31/2023)",10000.0,,2022-08-13,,1,
Surry,"Mount Airy (CDC Contract, Data available until - 08/31/2023)",10000.0,,2022-08-14,,1,
Surry,"Mount Airy (CDC Contract, Data available until - 08/31/2023)",10000.0,,2022-08-15,,1,
Surry,"Mount Airy (CDC Contract, Data available until - 08/31/2023)",10000.0,,2022-08-16,2982735.6182998745,1,2359787108.58808
Surry,"Mount Airy (CDC Contract, Data available until - 08/31/2023)",10000.0,,2022-08-17,,1,
Surry,"Mount Airy (CDC Contract, Data available until - 08/31/2023)",10000.0,,2022-08-18,1369344.801512168,1,736059529.253471
Surry,"Mount Airy (CDC Contract, Data available until - 08/31/2023)",10000.0,,2022-08-19,,1,
Surry,"Mount Airy (CDC Contract, Data available until - 08/31/2023)",10000.0,,2022-08-20,,1,
Surry,"Mount Airy (CDC Contract, Data available until - 08/31/2023)",10000.0,,2022-08-21,,1,
Surry,"Mount Airy (CDC Contract, Data available until - 08/31/2023)",10000.0,,2022-08-22,,1,
Surry,"Mount Airy (CDC Contract, Data available until - 08/31/2023)",10000.0,,2022-08-23,1234742.6628881553,1,906755005.962784
Surry,"Mount Airy (CDC Contract, Data available until - 08/31/2023)",10000.0,,2022-08-24,,1,
Surry,"Mount Airy (CDC Contract, Data available until - 08/31/2023)",10000.0,,2022-08-25,1262852.394054347,1,817448648.369524
Surry,"Mount Airy (CDC Contract, Data available until - 08/31/2023)",10000.0,,2022-08-26,,1,
Surry,"Mount Airy (CDC Contract, Data available until - 08/31/2023)",10000.0,,2022-08-27,,1,
Surry,"Mount Airy (CDC Contract, Data available until - 08/31/2023)",10000.0,,2022-08-28,,1,
Surry,"Mount Airy (CDC Contract, Data available until - 08/31/2023)",10000.0,,2022-08-29,,1,
Surry,"Mount Airy (CDC Contract, Data available until - 08/31/2023)",10000.0,,2022-08-30,1576371.9751093988,1,823473389.491921
Surry,"Mount Airy (CDC Contract, Data available until - 08/31/2023)",10000.0,,2022-08-31,,1,
Surry,"Mount Airy (CDC Contract, Data available until - 08/31/2023)",10000.0,,2022-09-01,1568913.7490130942,1,855211119.19404
Surry,"Mount Airy (CDC Contract, Data available until - 08/31/2023)",10000.0,,2022-09-02,,1,
Surry,"Mount Airy (CDC Contract, Data available until - 08/31/2023)",10000.0,,2022-09-03,,1,
Surry,"Mount Airy (CDC Contract, Data available until - 08/31/2023)",10000.0,,2022-09-04,,1,
Surry,"Mount Airy (CDC Contract, Data available until - 08/31/2023)",10000.0,,2022-09-05,,1,
Surry,"Mount Airy (CDC Contract, Data available until - 08/31/2023)",10000.0,,2022-09-06,2036638.6616098422,1,1333742114.21081
Surry,"Mount Airy (CDC Contract, Data available until - 08/31/2023)",10000.0,,2022-09-07,,1,
Surry,"Mount Airy (CDC Contract, Data available until - 08/31/2023)",10000.0,,2022-09-08,868286.9321870888,1,483161562.905847
Surry,"Mount Airy (CDC Contract, Data available until - 08/31/2023)",10000.0,,2022-09-09,,1,
Surry,"Mount Airy (CDC Contract, Data available until - 08/31/2023)",10000.0,,2022-09-10,,1,
Surry,"Mount Airy (CDC Contract, Data available until - 08/31/2023)",10000.0,,2022-09-11,,1,
Surry,"Mount Airy (CDC Contract, Data available until - 08/31/2023)",10000.0,,2022-09-12,,1,
Surry,"Mount Airy (CDC Contract, Data available until - 08/31/2023)",10000.0,,2022-09-13,1368931.3196688746,1,839476324.030879
Surry,"Mount Airy (CDC Contract, Data available until - 08/31/2023)",10000.0,,2022-09-14,,1,
Surry,"Mount Airy (CDC Contract, Data available until - 08/31/2023)",10000.0,,2022-09-15,1260577.0584672086,1,753942566.745239
Surry,"Mount Airy (CDC Contract, Data available until - 08/31/2023)",10000.0,,2022-09-16,,1,
Surry,"Mount Airy (CDC Contract, Data available until - 08/31/2023)",10000.0,,2022-09-17,,1,
Surry,"Mount Airy (CDC Contract, Data available until - 08/31/2023)",10000.0,,2022-09-18,,1,
Surry,"Mount Airy (CDC Contract, Data available until - 08/31/2023)",10000.0,,2022-09-19,,1,
Surry,"Mount Airy (CDC Contract, Data available until - 08/31/2023)",10000.0,,2022-09-20,,1,
Surry,"Mount Airy (CDC Contract, Data available until - 08/31/2023)",10000.0,,2022-09-21,,1,
Surry,"Mount Airy (CDC Contract, Data available until - 08/31/2023)",10000.0,,2022-09-22,,1,
Surry,"Mount Airy (CDC Contract, Data available until - 08/31/2023)",10000.0,,2022-09-23,,1,
Surry,"Mount Airy (CDC Contract, Data available until - 08/31/2023)",10000.0,,2022-09-24,,1,
Surry,"Mount Airy (CDC Contract, Data available until - 08/31/2023)",10000.0,,2022-09-25,,1,
Surry,"Mount Airy (CDC Contract, Data available until - 08/31/2023)",10000.0,,2022-09-26,,1,
Surry,"Mount Airy (CDC Contract, Data available until - 08/31/2023)",10000.0,,2022-09-27,713718.3342129543,1,367432475.996843
Surry,"Mount Airy (CDC Contract, Data available until - 08/31/2023)",10000.0,,2022-09-28,,1,
Surry,"Mount Airy (CDC Contract, Data available until - 08/31/2023)",10000.0,,2022-09-29,345419.48362549144,1,177826924.210966
Surry,"Mount Airy (CDC Contract, Data available until - 08/31/2023)",10000.0,,2022-09-30,,1,
Surry,"Mount Airy (CDC Contract, Data available until - 08/31/2023)",10000.0,,2022-10-01,,1,
Surry,"Mount Airy (CDC Contract, Data available until - 08/31/2023)",10000.0,,2022-10-02,,1,
Surry,"Mount Airy (CDC Contract, Data available until - 08/31/2023)",10000.0,,2022-10-03,,1,
Surry,"Mount Airy (CDC Contract, Data available until - 08/31/2023)",10000.0,,2022-10-04,246157.89757905185,1,133248273.085891
Surry,"Mount Airy (CDC Contract, Data available until - 08/31/2023)",10000.0,,2022-10-05,,1,
Surry,"Mount Airy (CDC Contract, Data available until - 08/31/2023)",10000.0,,2022-10-06,420769.89386685943,1,170427712.118066
Surry,"Mount Airy (CDC Contract, Data available until - 08/31/2023)",10000.0,,2022-10-07,,1,
Surry,"Mount Airy (CDC Contract, Data available until - 08/31/2023)",10000.0,,2022-10-08,,1,
Surry,"Mount Airy (CDC Contract, Data available until - 08/31/2023)",10000.0,,2022-10-09,,1,
Surry,"Mount Airy (CDC Contract, Data available until - 08/31/2023)",10000.0,,2022-10-10,,1,
Surry,"Mount Airy (CDC Contract, Data available until - 08/31/2023)",10000.0,,2022-10-11,188931.16264716355,1,96549303.1164176
Surry,"Mount Airy (CDC Contract, Data available until - 08/31/2023)",10000.0,,2022-10-12,,1,
Surry,"Mount Airy (CDC Contract, Data available until - 08/31/2023)",10000.0,,2022-10-13,359828.7050838426,1,223383675.156798
Surry,"Mount Airy (CDC Contract, Data available until - 08/31/2023)",10000.0,,2022-10-14,,1,
Surry,"Mount Airy (CDC Contract, Data available until - 08/31/2023)",10000.0,,2022-10-15,,1,
Surry,"Mount Airy (CDC Contract, Data available until - 08/31/2023)",10000.0,,2022-10-16,,1,
Surry,"Mount Airy (CDC Contract, Data available until - 08/31/2023)",10000.0,,2022-10-17,,1,
Surry,"Mount Airy (CDC Contract, Data available until - 08/31/2023)",10000.0,,2022-10-18,397106.5194673763,1,208945775.612061
Surry,"Mount Airy (CDC Contract, Data available until - 08/31/2023)",10000.0,,2022-10-19,,1,
Surry,"Mount Airy (CDC Contract, Data available until - 08/31/2023)",10000.0,,2022-10-20,1009533.2229797533,1,535008188.717459
Surry,"Mount Airy (CDC Contract, Data available until - 08/31/2023)",10000.0,,2022-10-21,,1,
Surry,"Mount Airy (CDC Contract, Data available until - 08/31/2023)",10000.0,,2022-10-22,,1,
Surry,"Mount Airy (CDC Contract, Data available until - 08/31/2023)",10000.0,,2022-10-23,,1,
Surry,"Mount Airy (CDC Contract, Data available until - 08/31/2023)",10000.0,,2022-10-24,,1,
Surry,"Mount Airy (CDC Contract, Data available until - 08/31/2023)",10000.0,,2022-10-25,1387295.971338923,1,719451413.277172
Surry,"Mount Airy (CDC Contract, Data available until - 08/31/2023)",10000.0,,2022-10-26,,1,
Surry,"Mount Airy (CDC Contract, Data available until - 08/31/2023)",10000.0,,2022-10-27,,1,
Surry,"Mount Airy (CDC Contract, Data available until - 08/31/2023)",10000.0,,2022-10-28,,1,
Surry,"Mount Airy (CDC Contract, Data available until - 08/31/2023)",10000.0,,2022-10-29,,1,
Surry,"Mount Airy (CDC Contract, Data available until - 08/31/2023)",10000.0,,2022-10-30,,1,
Surry,"Mount Airy (CDC Contract, Data available until - 08/31/2023)",10000.0,,2022-10-31,,1,
Surry,"Mount Airy (CDC Contract, Data available until - 08/31/2023)",10000.0,,2022-11-01,880971.0766455401,1,463541079.98123
Surry,"Mount Airy (CDC Contract, Data available until - 08/31/2023)",10000.0,,2022-11-02,,1,
Surry,"Mount Airy (CDC Contract, Data available until - 08/31/2023)",10000.0,,2022-11-03,803960.120993109,1,392587072.818943
Surry,"Mount Airy (CDC Contract, Data available until - 08/31/2023)",10000.0,,2022-11-04,,1,
Surry,"Mount Airy (CDC Contract, Data available until - 08/31/2023)",10000.0,,2022-11-05,,1,
Surry,"Mount Airy (CDC Contract, Data available until - 08/31/2023)",10000.0,,2022-11-06,,1,
Surry,"Mount Airy (CDC Contract, Data available until - 08/31/2023)",10000.0,,2022-11-07,,1,
Surry,"Mount Airy (CDC Contract, Data available until - 08/31/2023)",10000.0,,2022-11-08,291074.4428648598,1,170784145.383199
Surry,"Mount Airy (CDC Contract, Data available until - 08/31/2023)",10000.0,,2022-11-09,,1,
Surry,"Mount Airy (CDC Contract, Data available until - 08/31/2023)",10000.0,,2022-11-10,427707.04911627766,1,228284959.185191
Surry,"Mount Airy (CDC Contract, Data available until - 08/31/2023)",10000.0,,2022-11-11,,1,
Surry,"Mount Airy (CDC Contract, Data available until - 08/31/2023)",10000.0,,2022-11-12,,1,
Surry,"Mount Airy (CDC Contract, Data available until - 08/31/2023)",10000.0,,2022-11-13,,1,
Surry,"Mount Airy (CDC Contract, Data available until - 08/31/2023)",10000.0,,2022-11-14,,1,
Surry,"Mount Airy (CDC Contract, Data available until - 08/31/2023)",10000.0,,2022-11-15,267306.44977133453,1,144696242.39991
Surry,"Mount Airy (CDC Contract, Data available until - 08/31/2023)",10000.0,,2022-11-16,,1,
Surry,"Mount Airy (CDC Contract, Data available until - 08/31/2023)",10000.0,,2022-11-17,346911.4103393601,1,236375721.48575
Surry,"Mount Airy (CDC Contract, Data available until - 08/31/2023)",10000.0,,2022-11-18,,1,
Surry,"Mount Airy (CDC Contract, Data available until - 08/31/2023)",10000.0,,2022-11-19,,1,
Surry,"Mount Airy (CDC Contract, Data available until - 08/31/2023)",10000.0,,2022-11-20,,1,
Surry,"Mount Airy (CDC Contract, Data available until - 08/31/2023)",10000.0,,2022-11-21,,1,
Surry,"Mount Airy (CDC Contract, Data available until - 08/31/2023)",10000.0,,2022-11-22,475769.3009987659,1,235928001.672096
Surry,"Mount Airy (CDC Contract, Data available until - 08/31/2023)",10000.0,,2022-11-23,,1,
Surry,"Mount Airy (CDC Contract, Data available until - 08/31/2023)",10000.0,,2022-11-24,,1,
Surry,"Mount Airy (CDC Contract, Data available until - 08/31/2023)",10000.0,,2022-11-25,,1,
Surry,"Mount Airy (CDC Contract, Data available until - 08/31/2023)",10000.0,,2022-11-26,,1,
Surry,"Mount Airy (CDC Contract, Data available until - 08/31/2023)",10000.0,,2022-11-27,,1,
Surry,"Mount Airy (CDC Contract, Data available until - 08/31/2023)",10000.0,,2022-11-28,,1,
Surry,"Mount Airy (CDC Contract, Data available until - 08/31/2023)",10000.0,,2022-11-29,514603.8244984979,1,253237571.24336
Surry,"Mount Airy (CDC Contract, Data available until - 08/31/2023)",10000.0,,2022-11-30,,1,
Surry,"Mount Airy (CDC Contract, Data available until - 08/31/2023)",10000.0,,2022-12-01,625045.8307650224,1,482673891.506694
Surry,"Mount Airy (CDC Contract, Data available until - 08/31/2023)",10000.0,,2022-12-02,,1,
Surry,"Mount Airy (CDC Contract, Data available until - 08/31/2023)",10000.0,,2022-12-03,,1,
Surry,"Mount Airy (CDC Contract, Data available until - 08/31/2023)",10000.0,,2022-12-04,,1,
Surry,"Mount Airy (CDC Contract, Data available until - 08/31/2023)",10000.0,,2022-12-05,,1,
Surry,"Mount Airy (CDC Contract, Data available until - 08/31/2023)",10000.0,,2022-12-06,891449.64968602,1,472429090.549006
Surry,"Mount Airy (CDC Contract, Data available until - 08/31/2023)",10000.0,,2022-12-07,,1,
Surry,"Mount Airy (CDC Contract, Data available until - 08/31/2023)",10000.0,,2022-12-08,1546619.5323739778,1,854767742.365875
Surry,"Mount Airy (CDC Contract, Data available until - 08/31/2023)",10000.0,,2022-12-09,,1,
Surry,"Mount Airy (CDC Contract, Data available until - 08/31/2023)",10000.0,,2022-12-10,,1,
Surry,"Mount Airy (CDC Contract, Data available until - 08/31/2023)",10000.0,,2022-12-11,,1,
Surry,"Mount Airy (CDC Contract, Data available until - 08/31/2023)",10000.0,,2022-12-12,,1,
Surry,"Mount Airy (CDC Contract, Data available until - 08/31/2023)",10000.0,,2022-12-13,,1,
Surry,"Mount Airy (CDC Contract, Data available until - 08/31/2023)",10000.0,,2022-12-14,2212208.324015196,1,1205869448.1207
Surry,"Mount Airy (CDC Contract, Data available until - 08/31/2023)",10000.0,,2022-12-15,1712748.703713429,1,1017899914.05678
Surry,"Mount Airy (CDC Contract, Data available until - 08/31/2023)",10000.0,,2022-12-16,,1,
Surry,"Mount Airy (CDC Contract, Data available until - 08/31/2023)",10000.0,,2022-12-17,,1,
Surry,"Mount Airy (CDC Contract, Data available until - 08/31/2023)",10000.0,,2022-12-18,,1,
Surry,"Mount Airy (CDC Contract, Data available until - 08/31/2023)",10000.0,,2022-12-19,,1,
Surry,"Mount Airy (CDC Contract, Data available until - 08/31/2023)",10000.0,,2022-12-20,1887721.7957245265,1,1193345608.28444
Surry,"Mount Airy (CDC Contract, Data available until - 08/31/2023)",10000.0,,2022-12-21,,1,
Surry,"Mount Airy (CDC Contract, Data available until - 08/31/2023)",10000.0,,2022-12-22,1506986.4555470063,1,878500165.439461
Surry,"Mount Airy (CDC Contract, Data available until - 08/31/2023)",10000.0,,2022-12-23,,1,
Surry,"Mount Airy (CDC Contract, Data available until - 08/31/2023)",10000.0,,2022-12-24,,1,
Surry,"Mount Airy (CDC Contract, Data available until - 08/31/2023)",10000.0,,2022-12-25,,1,
Surry,"Mount Airy (CDC Contract, Data available until - 08/31/2023)",10000.0,,2022-12-26,,1,
Surry,"Mount Airy (CDC Contract, Data available until - 08/31/2023)",10000.0,,2022-12-27,,1,
Surry,"Mount Airy (CDC Contract, Data available until - 08/31/2023)",10000.0,,2022-12-28,,1,
Surry,"Mount Airy (CDC Contract, Data available until - 08/31/2023)",10000.0,,2022-12-29,2533745.731990468,1,1544189816.11415
Surry,"Mount Airy (CDC Contract, Data available until - 08/31/2023)",10000.0,,2022-12-30,,1,
Surry,"Mount Airy (CDC Contract, Data available until - 08/31/2023)",10000.0,,2022-12-31,,1,
Surry,"Mount Airy (CDC Contract, Data available until - 08/31/2023)",10000.0,,2023-01-01,,1,
Surry,"Mount Airy (CDC Contract, Data available until - 08/31/2023)",10000.0,,2023-01-02,,1,
Surry,"Mount Airy (CDC Contract, Data available until - 08/31/2023)",10000.0,,2023-01-03,1950005.867080655,1,1092469726.96857
Surry,"Mount Airy (CDC Contract, Data available until - 08/31/2023)",10000.0,,2023-01-04,,1,
Surry,"Mount Airy (CDC Contract, Data available until - 08/31/2023)",10000.0,,2023-01-05,1219451.896728175,1,1315592264.81433
Surry,"Mount Airy (CDC Contract, Data available until - 08/31/2023)",10000.0,,2023-01-06,,1,
Surry,"Mount Airy (CDC Contract, Data available until - 08/31/2023)",10000.0,,2023-01-07,,1,
Surry,"Mount Airy (CDC Contract, Data available until - 08/31/2023)",10000.0,,2023-01-08,,1,
Surry,"Mount Airy (CDC Contract, Data available until - 08/31/2023)",10000.0,,2023-01-09,,1,
Surry,"Mount Airy (CDC Contract, Data available until - 08/31/2023)",10000.0,,2023-01-10,3042868.220421155,1,2476471772.74018
Surry,"Mount Airy (CDC Contract, Data available until - 08/31/2023)",10000.0,,2023-01-11,,1,
Surry,"Mount Airy (CDC Contract, Data available until - 08/31/2023)",10000.0,,2023-01-12,1193785.371993614,1,790817150.75031
Surry,"Mount Airy (CDC Contract, Data available until - 08/31/2023)",10000.0,,2023-01-13,,1,
Surry,"Mount Airy (CDC Contract, Data available until - 08/31/2023)",10000.0,,2023-01-14,,1,
Surry,"Mount Airy (CDC Contract, Data available until - 08/31/2023)",10000.0,,2023-01-15,,1,
Surry,"Mount Airy (CDC Contract, Data available until - 08/31/2023)",10000.0,,2023-01-16,,1,
Surry,"Mount Airy (CDC Contract, Data available until - 08/31/2023)",10000.0,,2023-01-17,1082084.0311899637,1,688148309.79997
Surry,"Mount Airy (CDC Contract, Data available until - 08/31/2023)",10000.0,,2023-01-18,,1,
Surry,"Mount Airy (CDC Contract, Data available until - 08/31/2023)",10000.0,,2023-01-19,1068985.355398634,1,704097466.592722
Surry,"Mount Airy (CDC Contract, Data available until - 08/31/2023)",10000.0,,2023-01-20,,1,
Surry,"Mount Airy (CDC Contract, Data available until - 08/31/2023)",10000.0,,2023-01-21,,1,
Surry,"Mount Airy (CDC Contract, Data available until - 08/31/2023)",10000.0,,2023-01-22,,1,
Surry,"Mount Airy (CDC Contract, Data available until - 08/31/2023)",10000.0,,2023-01-23,,1,
Surry,"Mount Airy (CDC Contract, Data available until - 08/31/2023)",10000.0,,2023-01-24,721558.9796709596,1,554472040.414228
Surry,"Mount Airy (CDC Contract, Data available until - 08/31/2023)",10000.0,,2023-01-25,,1,
Surry,"Mount Airy (CDC Contract, Data available until - 08/31/2023)",10000.0,,2023-01-26,915810.3584701143,1,1060812810.47154
Surry,"Mount Airy (CDC Contract, Data available until - 08/31/2023)",10000.0,,2023-01-27,,1,
Surry,"Mount Airy (CDC Contract, Data available until - 08/31/2023)",10000.0,,2023-01-28,,1,
Surry,"Mount Airy (CDC Contract, Data available until - 08/31/2023)",10000.0,,2023-01-29,,1,
Surry,"Mount Airy (CDC Contract, Data available until - 08/31/2023)",10000.0,,2023-01-30,,1,
Surry,"Mount Airy (CDC Contract, Data available until - 08/31/2023)",10000.0,,2023-01-31,958946.9676067852,1,693329589.575136
Surry,"Mount Airy (CDC Contract, Data available until - 08/31/2023)",10000.0,,2023-02-01,,1,
Surry,"Mount Airy (CDC Contract, Data available until - 08/31/2023)",10000.0,,2023-02-02,1291989.5200441056,1,1075953368.41849
Surry,"Mount Airy (CDC Contract, Data available until - 08/31/2023)",10000.0,,2023-02-03,,1,
Surry,"Mount Airy (CDC Contract, Data available until - 08/31/2023)",10000.0,,2023-02-04,,1,
Surry,"Mount Airy (CDC Contract, Data available until - 08/31/2023)",10000.0,,2023-02-05,,1,
Surry,"Mount Airy (CDC Contract, Data available until - 08/31/2023)",10000.0,,2023-02-06,,1,
Surry,"Mount Airy (CDC Contract, Data available until - 08/31/2023)",10000.0,,2023-02-07,332380.279479525,1,221441846.549755
Surry,"Mount Airy (CDC Contract, Data available until - 08/31/2023)",10000.0,,2023-02-08,,1,
Surry,"Mount Airy (CDC Contract, Data available until - 08/31/2023)",10000.0,,2023-02-09,742943.7271976584,1,447161930.404508
Surry,"Mount Airy (CDC Contract, Data available until - 08/31/2023)",10000.0,,2023-02-10,,1,
Surry,"Mount Airy (CDC Contract, Data available until - 08/31/2023)",10000.0,,2023-02-11,,1,
Surry,"Mount Airy (CDC Contract, Data available until - 08/31/2023)",10000.0,,2023-02-12,,1,
Surry,"Mount Airy (CDC Contract, Data available until - 08/31/2023)",10000.0,,2023-02-13,,1,
Surry,"Mount Airy (CDC Contract, Data available until - 08/31/2023)",10000.0,,2023-02-14,465537.9731877765,1,646744811.83974
Surry,"Mount Airy (CDC Contract, Data available until - 08/31/2023)",10000.0,,2023-02-15,,1,
Surry,"Mount Airy (CDC Contract, Data available until - 08/31/2023)",10000.0,,2023-02-16,,1,
Surry,"Mount Airy (CDC Contract, Data available until - 08/31/2023)",10000.0,,2023-02-17,,1,
Surry,"Mount Airy (CDC Contract, Data available until - 08/31/2023)",10000.0,,2023-02-18,,1,
Surry,"Mount Airy (CDC Contract, Data available until - 08/31/2023)",10000.0,,2023-02-19,,1,
Surry,"Mount Airy (CDC Contract, Data available until - 08/31/2023)",10000.0,,2023-02-20,,1,
Surry,"Mount Airy (CDC Contract, Data available until - 08/31/2023)",10000.0,,2023-02-21,,1,
Surry,"Mount Airy (CDC Contract, Data available until - 08/31/2023)",10000.0,,2023-02-22,,1,
Surry,"Mount Airy (CDC Contract, Data available until - 08/31/2023)",10000.0,,2023-02-23,,1,
Surry,"Mount Airy (CDC Contract, Data available until - 08/31/2023)",10000.0,,2023-02-24,,1,
Surry,"Mount Airy (CDC Contract, Data available until - 08/31/2023)",10000.0,,2023-02-25,,1,
Surry,"Mount Airy (CDC Contract, Data available until - 08/31/2023)",10000.0,,2023-02-26,,1,
Surry,"Mount Airy (CDC Contract, Data available until - 08/31/2023)",10000.0,,2023-02-27,,1,
Surry,"Mount Airy (CDC Contract, Data available until - 08/31/2023)",10000.0,,2023-02-28,,1,
Surry,"Mount Airy (CDC Contract, Data available until - 08/31/2023)",10000.0,,2023-03-01,,1,
Surry,"Mount Airy (CDC Contract, Data available until - 08/31/2023)",10000.0,,2023-03-02,,1,
Surry,"Mount Airy (CDC Contract, Data available until - 08/31/2023)",10000.0,,2023-03-03,,1,
Surry,"Mount Airy (CDC Contract, Data available until - 08/31/2023)",10000.0,,2023-03-04,,1,
Surry,"Mount Airy (CDC Contract, Data available until - 08/31/2023)",10000.0,,2023-03-05,,1,
Surry,"Mount Airy (CDC Contract, Data available until - 08/31/2023)",10000.0,,2023-03-06,,1,
Surry,"Mount Airy (CDC Contract, Data available until - 08/31/2023)",10000.0,,2023-03-07,,1,
Surry,"Mount Airy (CDC Contract, Data available until - 08/31/2023)",10000.0,,2023-03-08,,1,
Surry,"Mount Airy (CDC Contract, Data available until - 08/31/2023)",10000.0,,2023-03-09,,1,
Surry,"Mount Airy (CDC Contract, Data available until - 08/31/2023)",10000.0,,2023-03-10,,1,
Surry,"Mount Airy (CDC Contract, Data available until - 08/31/2023)",10000.0,,2023-03-11,,1,
Surry,"Mount Airy (CDC Contract, Data available until - 08/31/2023)",10000.0,,2023-03-12,,1,
Surry,"Mount Airy (CDC Contract, Data available until - 08/31/2023)",10000.0,,2023-03-13,,1,
Surry,"Mount Airy (CDC Contract, Data available until - 08/31/2023)",10000.0,,2023-03-14,,1,
Surry,"Mount Airy (CDC Contract, Data available until - 08/31/2023)",10000.0,,2023-03-15,,1,
Surry,"Mount Airy (CDC Contract, Data available until - 08/31/2023)",10000.0,,2023-03-16,,1,
Surry,"Mount Airy (CDC Contract, Data available until - 08/31/2023)",10000.0,,2023-03-17,,1,
Surry,"Mount Airy (CDC Contract, Data available until - 08/31/2023)",10000.0,,2023-03-18,,1,
Surry,"Mount Airy (CDC Contract, Data available until - 08/31/2023)",10000.0,,2023-03-19,,1,
Surry,"Mount Airy (CDC Contract, Data available until - 08/31/2023)",10000.0,,2023-03-20,,1,
Surry,"Mount Airy (CDC Contract, Data available until - 08/31/2023)",10000.0,,2023-03-21,,1,
Surry,"Mount Airy (CDC Contract, Data available until - 08/31/2023)",10000.0,,2023-03-22,,1,
Surry,"Mount Airy (CDC Contract, Data available until - 08/31/2023)",10000.0,,2023-03-23,,1,
Surry,"Mount Airy (CDC Contract, Data available until - 08/31/2023)",10000.0,,2023-03-24,,1,
Surry,"Mount Airy (CDC Contract, Data available until - 08/31/2023)",10000.0,,2023-03-25,,1,
Surry,"Mount Airy (CDC Contract, Data available until - 08/31/2023)",10000.0,,2023-03-26,,1,
Surry,"Mount Airy (CDC Contract, Data available until - 08/31/2023)",10000.0,,2023-03-27,,1,
Surry,"Mount Airy (CDC Contract, Data available until - 08/31/2023)",10000.0,,2023-03-28,,1,
Surry,"Mount Airy (CDC Contract, Data available until - 08/31/2023)",10000.0,,2023-03-29,,1,
Surry,"Mount Airy (CDC Contract, Data available until - 08/31/2023)",10000.0,,2023-03-30,,1,
Surry,"Mount Airy (CDC Contract, Data available until - 08/31/2023)",10000.0,,2023-03-31,,1,
Surry,"Mount Airy (CDC Contract, Data available until - 08/31/2023)",10000.0,,2023-04-01,,1,
Surry,"Mount Airy (CDC Contract, Data available until - 08/31/2023)",10000.0,,2023-04-02,,1,
Surry,"Mount Airy (CDC Contract, Data available until - 08/31/2023)",10000.0,,2023-04-03,,1,
Surry,"Mount Airy (CDC Contract, Data available until - 08/31/2023)",10000.0,,2023-04-04,,1,
Surry,"Mount Airy (CDC Contract, Data available until - 08/31/2023)",10000.0,,2023-04-05,,1,
Surry,"Mount Airy (CDC Contract, Data available until - 08/31/2023)",10000.0,,2023-04-06,,1,
Surry,"Mount Airy (CDC Contract, Data available until - 08/31/2023)",10000.0,,2023-04-07,,1,
Surry,"Mount Airy (CDC Contract, Data available until - 08/31/2023)",10000.0,,2023-04-08,,1,
Surry,"Mount Airy (CDC Contract, Data available until - 08/31/2023)",10000.0,,2023-04-09,,1,
Surry,"Mount Airy (CDC Contract, Data available until - 08/31/2023)",10000.0,,2023-04-10,,1,
Surry,"Mount Airy (CDC Contract, Data available until - 08/31/2023)",10000.0,,2023-04-11,,1,
Surry,"Mount Airy (CDC Contract, Data available until - 08/31/2023)",10000.0,,2023-04-12,,1,
Surry,"Mount Airy (CDC Contract, Data available until - 08/31/2023)",10000.0,,2023-04-13,,1,
Surry,"Mount Airy (CDC Contract, Data available until - 08/31/2023)",10000.0,,2023-04-14,,1,
Surry,"Mount Airy (CDC Contract, Data available until - 08/31/2023)",10000.0,,2023-04-15,,1,
Surry,"Mount Airy (CDC Contract, Data available until - 08/31/2023)",10000.0,,2023-04-16,,1,
Surry,"Mount Airy (CDC Contract, Data available until - 08/31/2023)",10000.0,,2023-04-17,,1,
Surry,"Mount Airy (CDC Contract, Data available until - 08/31/2023)",10000.0,,2023-04-18,,1,
Surry,"Mount Airy (CDC Contract, Data available until - 08/31/2023)",10000.0,,2023-04-19,,1,
Surry,"Mount Airy (CDC Contract, Data available until - 08/31/2023)",10000.0,,2023-04-20,,1,
Surry,"Mount Airy (CDC Contract, Data available until - 08/31/2023)",10000.0,,2023-04-21,,1,
Surry,"Mount Airy (CDC Contract, Data available until - 08/31/2023)",10000.0,,2023-04-22,,1,
Surry,"Mount Airy (CDC Contract, Data available until - 08/31/2023)",10000.0,,2023-04-23,,1,
Surry,"Mount Airy (CDC Contract, Data available until - 08/31/2023)",10000.0,,2023-04-24,,1,
Surry,"Mount Airy (CDC Contract, Data available until - 08/31/2023)",10000.0,,2023-04-25,,1,
Surry,"Mount Airy (CDC Contract, Data available until - 08/31/2023)",10000.0,,2023-04-26,,1,
Surry,"Mount Airy (CDC Contract, Data available until - 08/31/2023)",10000.0,,2023-04-27,,1,
Surry,"Mount Airy (CDC Contract, Data available until - 08/31/2023)",10000.0,,2023-04-28,,1,
Surry,"Mount Airy (CDC Contract, Data available until - 08/31/2023)",10000.0,,2023-04-29,,1,
Surry,"Mount Airy (CDC Contract, Data available until - 08/31/2023)",10000.0,,2023-04-30,,1,
Surry,"Mount Airy (CDC Contract, Data available until - 08/31/2023)",10000.0,,2023-05-01,,1,
Surry,"Mount Airy (CDC Contract, Data available until - 08/31/2023)",10000.0,,2023-05-02,,1,
Surry,"Mount Airy (CDC Contract, Data available until - 08/31/2023)",10000.0,,2023-05-03,,1,
Surry,"Mount Airy (CDC Contract, Data available until - 08/31/2023)",10000.0,,2023-05-04,,1,
Surry,"Mount Airy (CDC Contract, Data available until - 08/31/2023)",10000.0,,2023-05-05,,1,
Surry,"Mount Airy (CDC Contract, Data available until - 08/31/2023)",10000.0,,2023-05-06,,1,
Surry,"Mount Airy (CDC Contract, Data available until - 08/31/2023)",10000.0,,2023-05-07,,1,
Surry,"Mount Airy (CDC Contract, Data available until - 08/31/2023)",10000.0,,2023-05-08,,1,
Surry,"Mount Airy (CDC Contract, Data available until - 08/31/2023)",10000.0,,2023-05-09,119803.47038114117,1,77549193.709512
Surry,"Mount Airy (CDC Contract, Data available until - 08/31/2023)",10000.0,,2023-05-10,,1,
Surry,"Mount Airy (CDC Contract, Data available until - 08/31/2023)",10000.0,,2023-05-11,223814.74626168338,1,134709306.139337
Surry,"Mount Airy (CDC Contract, Data available until - 08/31/2023)",10000.0,,2023-05-12,,1,
Surry,"Mount Airy (CDC Contract, Data available until - 08/31/2023)",10000.0,,2023-05-13,,1,
Surry,"Mount Airy (CDC Contract, Data available until - 08/31/2023)",10000.0,,2023-05-14,,1,
Surry,"Mount Airy (CDC Contract, Data available until - 08/31/2023)",10000.0,,2023-05-15,,1,
Surry,"Mount Airy (CDC Contract, Data available until - 08/31/2023)",10000.0,,2023-05-16,163122.22991337941,1,108676988.484083
Surry,"Mount Airy (CDC Contract, Data available until - 08/31/2023)",10000.0,,2023-05-17,,1,
Surry,"Mount Airy (CDC Contract, Data available until - 08/31/2023)",10000.0,,2023-05-18,43690.78111612509,1,27950416.9994496
Surry,"Mount Airy (CDC Contract, Data available until - 08/31/2023)",10000.0,,2023-05-19,,1,
Surry,"Mount Airy (CDC Contract, Data available until - 08/31/2023)",10000.0,,2023-05-20,,1,
Surry,"Mount Airy (CDC Contract, Data available until - 08/31/2023)",10000.0,,2023-05-21,,1,
Surry,"Mount Airy (CDC Contract, Data available until - 08/31/2023)",10000.0,,2023-05-22,,1,
Surry,"Mount Airy (CDC Contract, Data available until - 08/31/2023)",10000.0,,2023-05-23,136390.26110262756,1,91899921.5992639
Surry,"Mount Airy (CDC Contract, Data available until - 08/31/2023)",10000.0,,2023-05-24,,1,
Surry,"Mount Airy (CDC Contract, Data available until - 08/31/2023)",10000.0,,2023-05-25,136133.40935091538,1,83997063.464384
Surry,"Mount Airy (CDC Contract, Data available until - 08/31/2023)",10000.0,,2023-05-26,,1,
Surry,"Mount Airy (CDC Contract, Data available until - 08/31/2023)",10000.0,,2023-05-27,,1,
Surry,"Mount Airy (CDC Contract, Data available until - 08/31/2023)",10000.0,,2023-05-28,,1,
Surry,"Mount Airy (CDC Contract, Data available until - 08/31/2023)",10000.0,,2023-05-29,,1,
Surry,"Mount Airy (CDC Contract, Data available until - 08/31/2023)",10000.0,,2023-05-30,51636.446289150066,1,65676106.8710708
Surry,"Mount Airy (CDC Contract, Data available until - 08/31/2023)",10000.0,,2023-05-31,,1,
Surry,"Mount Airy (CDC Contract, Data available until - 08/31/2023)",10000.0,,2023-06-01,104563.69620967112,1,67684436.0730873
Surry,"Mount Airy (CDC Contract, Data available until - 08/31/2023)",10000.0,,2023-06-02,,1,
Surry,"Mount Airy (CDC Contract, Data available until - 08/31/2023)",10000.0,,2023-06-03,,1,
Surry,"Mount Airy (CDC Contract, Data available until - 08/31/2023)",10000.0,,2023-06-04,,1,
Surry,"Mount Airy (CDC Contract, Data available until - 08/31/2023)",10000.0,,2023-06-05,,1,
Surry,"Mount Airy (CDC Contract, Data available until - 08/31/2023)",10000.0,,2023-06-06,388519.42664158205,1,244136438.6431
Surry,"Mount Airy (CDC Contract, Data available until - 08/31/2023)",10000.0,,2023-06-07,,1,
Surry,"Mount Airy (CDC Contract, Data available until - 08/31/2023)",10000.0,,2023-06-08,138472.5192555452,1,101165557.757258
Surry,"Mount Airy (CDC Contract, Data available until - 08/31/2023)",10000.0,,2023-06-09,,1,
Surry,"Mount Airy (CDC Contract, Data available until - 08/31/2023)",10000.0,,2023-06-10,,1,
Surry,"Mount Airy (CDC Contract, Data available until - 08/31/2023)",10000.0,,2023-06-11,,1,
Surry,"Mount Airy (CDC Contract, Data available until - 08/31/2023)",10000.0,,2023-06-12,,1,
Surry,"Mount Airy (CDC Contract, Data available until - 08/31/2023)",10000.0,,2023-06-13,68156.1722745324,1,43859723.6697625
Surry,"Mount Airy (CDC Contract, Data available until - 08/31/2023)",10000.0,,2023-06-14,,1,
Surry,"Mount Airy (CDC Contract, Data available until - 08/31/2023)",10000.0,,2023-06-15,97911.00121653915,1,61154330.1608394
Surry,"Mount Airy (CDC Contract, Data available until - 08/31/2023)",10000.0,,2023-06-16,,1,
Surry,"Mount Airy (CDC Contract, Data available until - 08/31/2023)",10000.0,,2023-06-17,,1,
Surry,"Mount Airy (CDC Contract, Data available until - 08/31/2023)",10000.0,,2023-06-18,,1,
Surry,"Mount Airy (CDC Contract, Data available until - 08/31/2023)",10000.0,,2023-06-19,,1,
Surry,"Mount Airy (CDC Contract, Data available until - 08/31/2023)",10000.0,,2023-06-20,85517.50366860424,1,202000006.033572
Surry,"Mount Airy (CDC Contract, Data available until - 08/31/2023)",10000.0,,2023-06-21,,1,
Surry,"Mount Airy (CDC Contract, Data available until - 08/31/2023)",10000.0,,2023-06-22,,1,
Surry,"Mount Airy (CDC Contract, Data available until - 08/31/2023)",10000.0,,2023-06-23,,1,
Surry,"Mount Airy (CDC Contract, Data available until - 08/31/2023)",10000.0,,2023-06-24,,1,
Surry,"Mount Airy (CDC Contract, Data available until - 08/31/2023)",10000.0,,2023-06-25,,1,
Surry,"Mount Airy (CDC Contract, Data available until - 08/31/2023)",10000.0,,2023-06-26,,1,
Surry,"Mount Airy (CDC Contract, Data available until - 08/31/2023)",10000.0,,2023-06-27,258527.87701450643,1,175175025.191478
Surry,"Mount Airy (CDC Contract, Data available until - 08/31/2023)",10000.0,,2023-06-28,,1,
Surry,"Mount Airy (CDC Contract, Data available until - 08/31/2023)",10000.0,,2023-06-29,87070.860595343,1,58009254.2827797
Surry,"Mount Airy (CDC Contract, Data available until - 08/31/2023)",10000.0,,2023-06-30,,1,
Surry,"Mount Airy (CDC Contract, Data available until - 08/31/2023)",10000.0,,2023-07-01,,1,
Surry,"Mount Airy (CDC Contract, Data available until - 08/31/2023)",10000.0,,2023-07-02,,1,
Surry,"Mount Airy (CDC Contract, Data available until - 08/31/2023)",10000.0,,2023-07-03,,1,
Surry,"Mount Airy (CDC Contract, Data available until - 08/31/2023)",10000.0,,2023-07-04,,1,
Surry,"Mount Airy (CDC Contract, Data available until - 08/31/2023)",10000.0,,2023-07-05,355900.84766611847,1,191306243.763256
Surry,"Mount Airy (CDC Contract, Data available until - 08/31/2023)",10000.0,,2023-07-06,185074.7896960834,1,113494301.644319
Surry,"Mount Airy (CDC Contract, Data available until - 08/31/2023)",10000.0,,2023-07-07,,1,
Surry,"Mount Airy (CDC Contract, Data available until - 08/31/2023)",10000.0,,2023-07-08,,1,
Surry,"Mount Airy (CDC Contract, Data available until - 08/31/2023)",10000.0,,2023-07-09,,1,
Surry,"Mount Airy (CDC Contract, Data available until - 08/31/2023)",10000.0,,2023-07-10,,1,
Surry,"Mount Airy (CDC Contract, Data available until - 08/31/2023)",10000.0,,2023-07-11,216045.63166855392,1,130851061.458903
Surry,"Mount Airy (CDC Contract, Data available until - 08/31/2023)",10000.0,,2023-07-12,,1,
Surry,"Mount Airy (CDC Contract, Data available until - 08/31/2023)",10000.0,,2023-07-13,311648.5357387551,1,204090585.523089
Surry,"Mount Airy (CDC Contract, Data available until - 08/31/2023)",10000.0,,2023-07-14,,1,
Surry,"Mount Airy (CDC Contract, Data available until - 08/31/2023)",10000.0,,2023-07-15,,1,
Surry,"Mount Airy (CDC Contract, Data available until - 08/31/2023)",10000.0,,2023-07-16,,1,
Surry,"Mount Airy (CDC Contract, Data available until - 08/31/2023)",10000.0,,2023-07-17,,1,
Surry,"Mount Airy (CDC Contract, Data available until - 08/31/2023)",10000.0,,2023-07-18,440613.23210952966,1,296885724.53128
Surry,"Mount Airy (CDC Contract, Data available until - 08/31/2023)",10000.0,,2023-07-19,,1,
Surry,"Mount Airy (CDC Contract, Data available until - 08/31/2023)",10000.0,,2023-07-20,207255.84581282205,1,137295598.779474
Surry,"Mount Airy (CDC Contract, Data available until - 08/31/2023)",10000.0,,2023-07-21,,1,
Surry,"Mount Airy (CDC Contract, Data available until - 08/31/2023)",10000.0,,2023-07-22,,1,
Surry,"Mount Airy (CDC Contract, Data available until - 08/31/2023)",10000.0,,2023-07-23,,1,
Surry,"Mount Airy (CDC Contract, Data available until - 08/31/2023)",10000.0,,2023-07-24,,1,
Surry,"Mount Airy (CDC Contract, Data available until - 08/31/2023)",10000.0,,2023-07-25,150870.28724695268,1,99943267.4353075
Surry,"Mount Airy (CDC Contract, Data available until - 08/31/2023)",10000.0,,2023-07-26,,1,
Surry,"Mount Airy (CDC Contract, Data available until - 08/31/2023)",10000.0,,2023-07-27,546792.7024134125,1,364289920.845969
Surry,"Mount Airy (CDC Contract, Data available until - 08/31/2023)",10000.0,,2023-07-28,,1,
Surry,"Mount Airy (CDC Contract, Data available until - 08/31/2023)",10000.0,,2023-07-29,,1,
Surry,"Mount Airy (CDC Contract, Data available until - 08/31/2023)",10000.0,,2023-07-30,,1,
Surry,"Mount Airy (CDC Contract, Data available until - 08/31/2023)",10000.0,,2023-07-31,,1,
Surry,"Mount Airy (CDC Contract, Data available until - 08/31/2023)",10000.0,,2023-08-01,74145.851415938,1,50520907.0709805
Surry,"Mount Airy (CDC Contract, Data available until - 08/31/2023)",10000.0,,2023-08-02,,1,
Surry,"Mount Airy (CDC Contract, Data available until - 08/31/2023)",10000.0,,2023-08-03,110096.22122430982,1,70015383.6181804
Surry,"Mount Airy (CDC Contract, Data available until - 08/31/2023)",10000.0,,2023-08-04,,1,
Surry,"Mount Airy (CDC Contract, Data available until - 08/31/2023)",10000.0,,2023-08-05,,1,
Surry,"Mount Airy (CDC Contract, Data available until - 08/31/2023)",10000.0,,2023-08-06,,1,
Surry,"Mount Airy (CDC Contract, Data available until - 08/31/2023)",10000.0,,2023-08-07,,1,
Surry,"Mount Airy (CDC Contract, Data available until - 08/31/2023)",10000.0,,2023-08-08,298785.9449222996,1,365320854.038566
Surry,"Mount Airy (CDC Contract, Data available until - 08/31/2023)",10000.0,,2023-08-09,,1,
Surry,"Mount Airy (CDC Contract, Data available until - 08/31/2023)",10000.0,,2023-08-10,227728.17856205578,1,183614998.638436
Surry,"Mount Airy (CDC Contract, Data available until - 08/31/2023)",10000.0,,2023-08-11,,1,
Surry,"Mount Airy (CDC Contract, Data available until - 08/31/2023)",10000.0,,2023-08-12,,1,
Surry,"Mount Airy (CDC Contract, Data available until - 08/31/2023)",10000.0,,2023-08-13,,1,
Surry,"Mount Airy (CDC Contract, Data available until - 08/31/2023)",10000.0,,2023-08-14,,1,
Surry,"Mount Airy (CDC Contract, Data available until - 08/31/2023)",10000.0,,2023-08-15,307776.9664879371,1,216700960.783479
Surry,"Mount Airy (CDC Contract, Data available until - 08/31/2023)",10000.0,,2023-08-16,,1,
Surry,"Mount Airy (CDC Contract, Data available until - 08/31/2023)",10000.0,,2023-08-17,574186.7242990809,1,386887703.85678893
Surry,"Mount Airy (CDC Contract, Data available until - 08/31/2023)",10000.0,,2023-08-18,,1,
Surry,"Mount Airy (CDC Contract, Data available until - 08/31/2023)",10000.0,,2023-08-19,,1,
Surry,"Mount Airy (CDC Contract, Data available until - 08/31/2023)",10000.0,,2023-08-20,,1,
Surry,"Mount Airy (CDC Contract, Data available until - 08/31/2023)",10000.0,,2023-08-21,,1,
Surry,"Mount Airy (CDC Contract, Data available until - 08/31/2023)",10000.0,,2023-08-22,413425.994875091,1,284826862.502031
Surry,"Mount Airy (CDC Contract, Data available until - 08/31/2023)",10000.0,,2023-08-23,,1,
Surry,"Mount Airy (CDC Contract, Data available until - 08/31/2023)",10000.0,,2023-08-24,339198.998657421,1,192600583.42767
Surry,"Mount Airy (CDC Contract, Data available until - 08/31/2023)",10000.0,,2023-08-25,,1,
Surry,"Mount Airy (CDC Contract, Data available until - 08/31/2023)",10000.0,,2023-08-26,,1,
Surry,"Mount Airy (CDC Contract, Data available until - 08/31/2023)",10000.0,,2023-08-27,,1,
Surry,"Mount Airy (CDC Contract, Data available until - 08/31/2023)",10000.0,,2023-08-28,,1,
Surry,"Mount Airy (CDC Contract, Data available until - 08/31/2023)",10000.0,,2023-08-29,113875.4042454504,1,335798821.124736
Surry,"Mount Airy (CDC Contract, Data available until - 08/31/2023)",10000.0,,2023-08-30,,1,
Surry,"Mount Airy (CDC Contract, Data available until - 08/31/2023)",10000.0,,2023-08-31,409373.3957642066,1,365715524.348895
"Swain,jackson",Cherokee (CDC Contract),10000.0,,2024-01-18,10051.794080796299,1,5212858.39994219
"Swain,jackson",Cherokee (CDC Contract),10000.0,,2024-01-19,,1,
"Swain,jackson",Cherokee (CDC Contract),10000.0,,2024-01-20,,1,
"Swain,jackson",Cherokee (CDC Contract),10000.0,,2024-01-21,,1,
"Swain,jackson",Cherokee (CDC Contract),10000.0,,2024-01-22,,1,
"Swain,jackson",Cherokee (CDC Contract),10000.0,,2024-01-23,45475.72812935144,1,23583703.512736
"Swain,jackson",Cherokee (CDC Contract),10000.0,,2024-01-24,,1,
"Swain,jackson",Cherokee (CDC Contract),10000.0,,2024-01-25,45522.747695686216,1,23608087.8504333
"Swain,jackson",Cherokee (CDC Contract),10000.0,,2024-01-26,,1,
"Swain,jackson",Cherokee (CDC Contract),10000.0,,2024-01-27,,1,
"Swain,jackson",Cherokee (CDC Contract),10000.0,,2024-01-28,,1,
"Swain,jackson",Cherokee (CDC Contract),10000.0,,2024-01-29,,1,
"Swain,jackson",Cherokee (CDC Contract),10000.0,,2024-01-30,22095.95808361989,1,11458959.4429736
"Swain,jackson",Cherokee (CDC Contract),10000.0,,2024-01-31,,1,
"Swain,jackson",Cherokee (CDC Contract),10000.0,,2024-02-01,15396.814821598708,1,7984785.087118169
"Swain,jackson",Cherokee (CDC Contract),10000.0,,2024-02-02,,1,
"Swain,jackson",Cherokee (CDC Contract),10000.0,,2024-02-03,,1,
"Swain,jackson",Cherokee (CDC Contract),10000.0,,2024-02-04,,1,
"Swain,jackson",Cherokee (CDC Contract),10000.0,,2024-02-05,,1,
"Swain,jackson",Cherokee (CDC Contract),10000.0,,2024-02-06,11166.09820758971,1,5790736.2972364
"Swain,jackson",Cherokee (CDC Contract),10000.0,,2024-02-07,,1,
"Swain,jackson",Cherokee (CDC Contract),10000.0,,2024-02-08,10798.708094986401,1,5600207.85831835
"Swain,jackson",Cherokee (CDC Contract),10000.0,,2024-02-09,,1,
"Swain,jackson",Cherokee (CDC Contract),10000.0,,2024-02-10,,1,
"Swain,jackson",Cherokee (CDC Contract),10000.0,,2024-02-11,,1,
"Swain,jackson",Cherokee (CDC Contract),10000.0,,2024-02-12,,1,
"Swain,jackson",Cherokee (CDC Contract),10000.0,,2024-02-13,17287.499096470525,1,8965293.57392982
"Swain,jackson",Cherokee (CDC Contract),10000.0,,2024-02-14,,1,
"Swain,jackson",Cherokee (CDC Contract),10000.0,,2024-02-15,21940.33060392151,1,11378251.0631276
"Swain,jackson",Cherokee (CDC Contract),10000.0,,2024-02-16,,1,
"Swain,jackson",Cherokee (CDC Contract),10000.0,,2024-02-17,,1,
"Swain,jackson",Cherokee (CDC Contract),10000.0,,2024-02-18,,1,
"Swain,jackson",Cherokee (CDC Contract),10000.0,,2024-02-19,,1,
"Swain,jackson",Cherokee (CDC Contract),10000.0,,2024-02-20,,1,
"Swain,jackson",Cherokee (CDC Contract),10000.0,,2024-02-21,243706.305081146,1,126386041.073821
"Swain,jackson",Cherokee (CDC Contract),10000.0,,2024-02-22,,1,
"Swain,jackson",Cherokee (CDC Contract),10000.0,,2024-02-23,84813.79110202112,1,43984415.1027498
"Swain,jackson",Cherokee (CDC Contract),10000.0,,2024-02-24,,1,
"Swain,jackson",Cherokee (CDC Contract),10000.0,,2024-02-25,,1,
"Swain,jackson",Cherokee (CDC Contract),10000.0,,2024-02-26,,1,
"Swain,jackson",Cherokee (CDC Contract),10000.0,,2024-02-27,35698.969854841635,1,18513478.6269268
"Swain,jackson",Cherokee (CDC Contract),10000.0,,2024-02-28,,1,
"Swain,jackson",Cherokee (CDC Contract),10000.0,,2024-02-29,33015.05795113124,1,17121602.450445
"Swain,jackson",Cherokee (CDC Contract),10000.0,,2024-03-01,,1,
"Swain,jackson",Cherokee (CDC Contract),10000.0,,2024-03-02,,1,
"Swain,jackson",Cherokee (CDC Contract),10000.0,,2024-03-03,,1,
"Swain,jackson",Cherokee (CDC Contract),10000.0,,2024-03-04,,1,
"Swain,jackson",Cherokee (CDC Contract),10000.0,,2024-03-05,,1,
"Swain,jackson",Cherokee (CDC Contract),10000.0,,2024-03-06,8866.948405067877,1,4598397.66947852
"Swain,jackson",Cherokee (CDC Contract),10000.0,,2024-03-07,7941.356072518849,1,4118385.67093706
"Swain,jackson",Cherokee (CDC Contract),10000.0,,2024-03-08,,1,
"Swain,jackson",Cherokee (CDC Contract),10000.0,,2024-03-09,,1,
"Swain,jackson",Cherokee (CDC Contract),10000.0,,2024-03-10,,1,
"Swain,jackson",Cherokee (CDC Contract),10000.0,,2024-03-11,,1,
"Swain,jackson",Cherokee (CDC Contract),10000.0,,2024-03-12,8634.925945797897,1,4478070.86850559
"Swain,jackson",Cherokee (CDC Contract),10000.0,,2024-03-13,,1,
"Swain,jackson",Cherokee (CDC Contract),10000.0,,2024-03-14,2762.801912880841,1,1432788.51945962
"Swain,jackson",Cherokee (CDC Contract),10000.0,,2024-03-15,,1,
"Swain,jackson",Cherokee (CDC Contract),10000.0,,2024-03-16,,1,
"Swain,jackson",Cherokee (CDC Contract),10000.0,,2024-03-17,,1,
"Swain,jackson",Cherokee (CDC Contract),10000.0,,2024-03-18,,1,
"Swain,jackson",Cherokee (CDC Contract),10000.0,,2024-03-19,8063.141447987939,1,4181543.54229824
"Swain,jackson",Cherokee (CDC Contract),10000.0,,2024-03-20,,1,
"Swain,jackson",Cherokee (CDC Contract),10000.0,,2024-03-21,5494.275237019608,1,2849330.03906332
"Swain,jackson",Cherokee (CDC Contract),10000.0,,2024-03-22,,1,
"Swain,jackson",Cherokee (CDC Contract),10000.0,,2024-03-23,,1,
"Swain,jackson",Cherokee (CDC Contract),10000.0,,2024-03-24,,1,
"Swain,jackson",Cherokee (CDC Contract),10000.0,,2024-03-25,,1,
"Swain,jackson",Cherokee (CDC Contract),10000.0,,2024-03-26,,1,
"Swain,jackson",Cherokee (CDC Contract),10000.0,,2024-03-27,,1,
"Swain,jackson",Cherokee (CDC Contract),10000.0,,2024-03-28,12677.250959107007,1,6574419.81194276
"Swain,jackson",Cherokee (CDC Contract),10000.0,,2024-03-29,,1,
"Swain,jackson",Cherokee (CDC Contract),10000.0,,2024-03-30,,1,
"Swain,jackson",Cherokee (CDC Contract),10000.0,,2024-03-31,,1,
"Swain,jackson",Cherokee (CDC Contract),10000.0,,2024-04-01,,1,
"Swain,jackson",Cherokee (CDC Contract),10000.0,,2024-04-02,,1,
"Swain,jackson",Cherokee (CDC Contract),10000.0,,2024-04-03,18408.46704772242,1,9546627.32925546
"Swain,jackson",Cherokee (CDC Contract),10000.0,,2024-04-04,24433.6392871191,1,12671280.4475721
"Swain,jackson",Cherokee (CDC Contract),10000.0,,2024-04-05,,1,
"Swain,jackson",Cherokee (CDC Contract),10000.0,,2024-04-06,,1,
"Swain,jackson",Cherokee (CDC Contract),10000.0,,2024-04-07,,1,
"Swain,jackson",Cherokee (CDC Contract),10000.0,,2024-04-08,,1,
"Swain,jackson",Cherokee (CDC Contract),10000.0,,2024-04-09,,1,
"Swain,jackson",Cherokee (CDC Contract),10000.0,,2024-04-10,14875.5133063046,1,7714438.225546949
"Swain,jackson",Cherokee (CDC Contract),10000.0,,2024-04-11,14442.089506606308,1,7489664.72970812
"Swain,jackson",Cherokee (CDC Contract),10000.0,,2024-04-12,,1,
"Swain,jackson",Cherokee (CDC Contract),10000.0,,2024-04-13,,1,
"Swain,jackson",Cherokee (CDC Contract),10000.0,,2024-04-14,,1,
"Swain,jackson",Cherokee (CDC Contract),10000.0,,2024-04-15,,1,
"Swain,jackson",Cherokee (CDC Contract),10000.0,,2024-04-16,11476.443665882305,1,5951681.38983783
"Swain,jackson",Cherokee (CDC Contract),10000.0,,2024-04-17,,1,
"Swain,jackson",Cherokee (CDC Contract),10000.0,,2024-04-18,9706.08712738462,1,5033574.84304424
"Swain,jackson",Cherokee (CDC Contract),10000.0,,2024-04-19,,1,
"Swain,jackson",Cherokee (CDC Contract),10000.0,,2024-04-20,,1,
"Swain,jackson",Cherokee (CDC Contract),10000.0,,2024-04-21,,1,
"Swain,jackson",Cherokee (CDC Contract),10000.0,,2024-04-22,,1,
"Swain,jackson",Cherokee (CDC Contract),10000.0,,2024-04-23,,1,
"Swain,jackson",Cherokee (CDC Contract),10000.0,,2024-04-24,4255.5094557104,1,2206906.35262952
"Swain,jackson",Cherokee (CDC Contract),10000.0,,2024-04-25,1369.75756022926,1,388949.85
"Swain,jackson",Cherokee (CDC Contract),10000.0,,2024-04-26,,1,
"Swain,jackson",Cherokee (CDC Contract),10000.0,,2024-04-27,,1,
"Swain,jackson",Cherokee (CDC Contract),10000.0,,2024-04-28,,1,
"Swain,jackson",Cherokee (CDC Contract),10000.0,,2024-04-29,,1,
"Swain,jackson",Cherokee (CDC Contract),10000.0,,2024-04-30,,1,
"Swain,jackson",Cherokee (CDC Contract),10000.0,,2024-05-01,8436.100629840128,1,4374960.09941495
"Swain,jackson",Cherokee (CDC Contract),10000.0,,2024-05-02,4450.7882527662105,1,2308177.8977269
"Swain,jackson",Cherokee (CDC Contract),10000.0,,2024-05-03,,1,
"Swain,jackson",Cherokee (CDC Contract),10000.0,,2024-05-04,,1,
"Swain,jackson",Cherokee (CDC Contract),10000.0,,2024-05-05,,1,
"Swain,jackson",Cherokee (CDC Contract),10000.0,,2024-05-06,,1,
"Swain,jackson",Cherokee (CDC Contract),10000.0,,2024-05-07,,1,
"Swain,jackson",Cherokee (CDC Contract),10000.0,,2024-05-08,0.0,1,388949.85
"Swain,jackson",Cherokee (CDC Contract),10000.0,,2024-05-09,15305.05972512822,1,7937200.91243952
"Swain,jackson",Cherokee (CDC Contract),10000.0,,2024-05-10,,1,
"Swain,jackson",Cherokee (CDC Contract),10000.0,,2024-05-11,,1,
"Swain,jackson",Cherokee (CDC Contract),10000.0,,2024-05-12,,1,
"Swain,jackson",Cherokee (CDC Contract),10000.0,,2024-05-13,,1,
"Swain,jackson",Cherokee (CDC Contract),10000.0,,2024-05-14,,1,
"Swain,jackson",Cherokee (CDC Contract),10000.0,,2024-05-15,5848.409363740576,1,3032983.92635398
"Swain,jackson",Cherokee (CDC Contract),12000.0,,2022-05-06,233223.49908344203,1,107412715.067372
"Swain,jackson",Cherokee (CDC Contract),12000.0,,2022-05-07,,1,
"Swain,jackson",Cherokee (CDC Contract),12000.0,,2022-05-08,,1,
"Swain,jackson",Cherokee (CDC Contract),12000.0,,2022-05-09,,1,
"Swain,jackson",Cherokee (CDC Contract),12000.0,,2022-05-10,512212.97867954307,1,221361290.250512
"Swain,jackson",Cherokee (CDC Contract),12000.0,,2022-05-11,,1,
"Swain,jackson",Cherokee (CDC Contract),12000.0,,2022-05-12,,1,
"Swain,jackson",Cherokee (CDC Contract),12000.0,,2022-05-13,4993307.750696818,1,2346957005.63639
"Swain,jackson",Cherokee (CDC Contract),12000.0,,2022-05-14,,1,
"Swain,jackson",Cherokee (CDC Contract),12000.0,,2022-05-15,,1,
"Swain,jackson",Cherokee (CDC Contract),12000.0,,2022-05-16,,1,
"Swain,jackson",Cherokee (CDC Contract),12000.0,,2022-05-17,698252.2165924779,1,292950670.09305
"Swain,jackson",Cherokee (CDC Contract),12000.0,,2022-05-18,,1,
"Swain,jackson",Cherokee (CDC Contract),12000.0,,2022-05-19,803803.5550046941,1,349912567.368201
"Swain,jackson",Cherokee (CDC Contract),12000.0,,2022-05-20,,1,
"Swain,jackson",Cherokee (CDC Contract),12000.0,,2022-05-21,,1,
"Swain,jackson",Cherokee (CDC Contract),12000.0,,2022-05-22,,1,
"Swain,jackson",Cherokee (CDC Contract),12000.0,,2022-05-23,,1,
"Swain,jackson",Cherokee (CDC Contract),12000.0,,2022-05-24,507178.5992200811,1,427171935.961012
"Swain,jackson",Cherokee (CDC Contract),12000.0,,2022-05-25,,1,
"Swain,jackson",Cherokee (CDC Contract),12000.0,,2022-05-26,1252793.4437545156,1,466328556.362186
"Swain,jackson",Cherokee (CDC Contract),12000.0,,2022-05-27,,1,
"Swain,jackson",Cherokee (CDC Contract),12000.0,,2022-05-28,,1,
"Swain,jackson",Cherokee (CDC Contract),12000.0,,2022-05-29,,1,
"Swain,jackson",Cherokee (CDC Contract),12000.0,,2022-05-30,,1,
"Swain,jackson",Cherokee (CDC Contract),12000.0,,2022-05-31,,1,
"Swain,jackson",Cherokee (CDC Contract),12000.0,,2022-06-01,2630556.930808422,1,1477060347.20585
"Swain,jackson",Cherokee (CDC Contract),12000.0,,2022-06-02,1023268.0125064008,1,490640639.708619
"Swain,jackson",Cherokee (CDC Contract),12000.0,,2022-06-03,,1,
"Swain,jackson",Cherokee (CDC Contract),12000.0,,2022-06-04,,1,
"Swain,jackson",Cherokee (CDC Contract),12000.0,,2022-06-05,,1,
"Swain,jackson",Cherokee (CDC Contract),12000.0,,2022-06-06,,1,
"Swain,jackson",Cherokee (CDC Contract),12000.0,,2022-06-07,1426286.0650558048,1,530907888.281788
"Swain,jackson",Cherokee (CDC Contract),12000.0,,2022-06-08,,1,
"Swain,jackson",Cherokee (CDC Contract),12000.0,,2022-06-09,1698826.982684135,1,691304513.477145
"Swain,jackson",Cherokee (CDC Contract),12000.0,,2022-06-10,,1,
"Swain,jackson",Cherokee (CDC Contract),12000.0,,2022-06-11,,1,
"Swain,jackson",Cherokee (CDC Contract),12000.0,,2022-06-12,,1,
"Swain,jackson",Cherokee (CDC Contract),12000.0,,2022-06-13,,1,
"Swain,jackson",Cherokee (CDC Contract),12000.0,,2022-06-14,2342273.5845327335,1,1100916601.33886
"Swain,jackson",Cherokee (CDC Contract),12000.0,,2022-06-15,,1,
"Swain,jackson",Cherokee (CDC Contract),12000.0,,2022-06-16,1976194.2216229837,1,960021319.504893
"Swain,jackson",Cherokee (CDC Contract),12000.0,,2022-06-17,,1,
"Swain,jackson",Cherokee (CDC Contract),12000.0,,2022-06-18,,1,
"Swain,jackson",Cherokee (CDC Contract),12000.0,,2022-06-19,,1,
"Swain,jackson",Cherokee (CDC Contract),12000.0,,2022-06-20,,1,
"Swain,jackson",Cherokee (CDC Contract),12000.0,,2022-06-21,1390196.1337251682,1,499932602.237309
"Swain,jackson",Cherokee (CDC Contract),12000.0,,2022-06-22,,1,
"Swain,jackson",Cherokee (CDC Contract),12000.0,,2022-06-23,1415981.6931498225,1,585139566.886387
"Swain,jackson",Cherokee (CDC Contract),12000.0,,2022-06-24,,1,
"Swain,jackson",Cherokee (CDC Contract),12000.0,,2022-06-25,,1,
"Swain,jackson",Cherokee (CDC Contract),12000.0,,2022-06-26,,1,
"Swain,jackson",Cherokee (CDC Contract),12000.0,,2022-06-27,,1,
"Swain,jackson",Cherokee (CDC Contract),12000.0,,2022-06-28,930092.5692890004,1,363813149.21794707
"Swain,jackson",Cherokee (CDC Contract),12000.0,,2022-06-29,,1,
"Swain,jackson",Cherokee (CDC Contract),12000.0,,2022-06-30,2816750.2733946806,1,1128450719.65278
"Swain,jackson",Cherokee (CDC Contract),12000.0,,2022-07-01,,1,
"Swain,jackson",Cherokee (CDC Contract),12000.0,,2022-07-02,,1,
"Swain,jackson",Cherokee (CDC Contract),12000.0,,2022-07-03,,1,
"Swain,jackson",Cherokee (CDC Contract),12000.0,,2022-07-04,,1,
"Swain,jackson",Cherokee (CDC Contract),12000.0,,2022-07-05,,1,
"Swain,jackson",Cherokee (CDC Contract),12000.0,,2022-07-06,,1,
"Swain,jackson",Cherokee (CDC Contract),12000.0,,2022-07-07,1760081.191622809,1,905004707.392785
"Swain,jackson",Cherokee (CDC Contract),12000.0,,2022-07-08,,1,
"Swain,jackson",Cherokee (CDC Contract),12000.0,,2022-07-09,,1,
"Swain,jackson",Cherokee (CDC Contract),12000.0,,2022-07-10,,1,
"Swain,jackson",Cherokee (CDC Contract),12000.0,,2022-07-11,,1,
"Swain,jackson",Cherokee (CDC Contract),12000.0,,2022-07-12,1502142.2057166873,1,1014040623.81772
"Swain,jackson",Cherokee (CDC Contract),12000.0,,2022-07-13,,1,
"Swain,jackson",Cherokee (CDC Contract),12000.0,,2022-07-14,3068088.672310552,1,1674343429.00703
"Swain,jackson",Cherokee (CDC Contract),12000.0,,2022-07-15,,1,
"Swain,jackson",Cherokee (CDC Contract),12000.0,,2022-07-16,,1,
"Swain,jackson",Cherokee (CDC Contract),12000.0,,2022-07-17,,1,
"Swain,jackson",Cherokee (CDC Contract),12000.0,,2022-07-18,,1,
"Swain,jackson",Cherokee (CDC Contract),12000.0,,2022-07-19,1393811.4367499873,1,615548944.811895
"Swain,jackson",Cherokee (CDC Contract),12000.0,,2022-07-20,,1,
"Swain,jackson",Cherokee (CDC Contract),12000.0,,2022-07-21,1140249.9706494212,1,543134698.394455
"Swain,jackson",Cherokee (CDC Contract),12000.0,,2022-07-22,,1,
"Swain,jackson",Cherokee (CDC Contract),12000.0,,2022-07-23,,1,
"Swain,jackson",Cherokee (CDC Contract),12000.0,,2022-07-24,,1,
"Swain,jackson",Cherokee (CDC Contract),12000.0,,2022-07-25,,1,
"Swain,jackson",Cherokee (CDC Contract),12000.0,,2022-07-26,2597040.4089455977,1,1261624051.3829
"Swain,jackson",Cherokee (CDC Contract),12000.0,,2022-07-27,,1,
"Swain,jackson",Cherokee (CDC Contract),12000.0,,2022-07-28,2677191.188542734,1,1199218343.80464
"Swain,jackson",Cherokee (CDC Contract),12000.0,,2022-07-29,,1,
"Swain,jackson",Cherokee (CDC Contract),12000.0,,2022-07-30,,1,
"Swain,jackson",Cherokee (CDC Contract),12000.0,,2022-07-31,,1,
"Swain,jackson",Cherokee (CDC Contract),12000.0,,2022-08-01,,1,
"Swain,jackson",Cherokee (CDC Contract),12000.0,,2022-08-02,1658223.236667106,1,1218791591.61546
"Swain,jackson",Cherokee (CDC Contract),12000.0,,2022-08-03,,1,
"Swain,jackson",Cherokee (CDC Contract),12000.0,,2022-08-04,1360936.165762691,1,695477847.853543
"Swain,jackson",Cherokee (CDC Contract),12000.0,,2022-08-05,,1,
"Swain,jackson",Cherokee (CDC Contract),12000.0,,2022-08-06,,1,
"Swain,jackson",Cherokee (CDC Contract),12000.0,,2022-08-07,,1,
"Swain,jackson",Cherokee (CDC Contract),12000.0,,2022-08-08,,1,
"Swain,jackson",Cherokee (CDC Contract),12000.0,,2022-08-09,1686854.6140429322,1,787535066.2397652
"Swain,jackson",Cherokee (CDC Contract),12000.0,,2022-08-10,,1,
"Swain,jackson",Cherokee (CDC Contract),12000.0,,2022-08-11,1373074.483537677,1,719006334.081056
"Swain,jackson",Cherokee (CDC Contract),12000.0,,2022-08-12,,1,
"Swain,jackson",Cherokee (CDC Contract),12000.0,,2022-08-13,,1,
"Swain,jackson",Cherokee (CDC Contract),12000.0,,2022-08-14,,1,
"Swain,jackson",Cherokee (CDC Contract),12000.0,,2022-08-15,,1,
"Swain,jackson",Cherokee (CDC Contract),12000.0,,2022-08-16,,1,
"Swain,jackson",Cherokee (CDC Contract),12000.0,,2022-08-17,622098.1827179944,1,313985394.781427
"Swain,jackson",Cherokee (CDC Contract),12000.0,,2022-08-18,2663520.0725327968,1,1117475851.15102
"Swain,jackson",Cherokee (CDC Contract),12000.0,,2022-08-19,,1,
"Swain,jackson",Cherokee (CDC Contract),12000.0,,2022-08-20,,1,
"Swain,jackson",Cherokee (CDC Contract),12000.0,,2022-08-21,,1,
"Swain,jackson",Cherokee (CDC Contract),12000.0,,2022-08-22,,1,
"Swain,jackson",Cherokee (CDC Contract),12000.0,,2022-08-23,1062506.4978632787,1,613356844.794277
"Swain,jackson",Cherokee (CDC Contract),12000.0,,2022-08-24,1358116.0656778368,1,535522141.147594
"Swain,jackson",Cherokee (CDC Contract),12000.0,,2022-08-25,,1,
"Swain,jackson",Cherokee (CDC Contract),12000.0,,2022-08-26,,1,
"Swain,jackson",Cherokee (CDC Contract),12000.0,,2022-08-27,,1,
"Swain,jackson",Cherokee (CDC Contract),12000.0,,2022-08-28,,1,
"Swain,jackson",Cherokee (CDC Contract),12000.0,,2022-08-29,,1,
"Swain,jackson",Cherokee (CDC Contract),12000.0,,2022-08-30,928402.325519806,1,363151996.84567493
"Swain,jackson",Cherokee (CDC Contract),12000.0,,2022-08-31,,1,
"Swain,jackson",Cherokee (CDC Contract),12000.0,,2022-09-01,946129.0038854157,1,355163109.188029
"Swain,jackson",Cherokee (CDC Contract),12000.0,,2022-09-02,,1,
"Swain,jackson",Cherokee (CDC Contract),12000.0,,2022-09-03,,1,
"Swain,jackson",Cherokee (CDC Contract),12000.0,,2022-09-04,,1,
"Swain,jackson",Cherokee (CDC Contract),12000.0,,2022-09-05,,1,
"Swain,jackson",Cherokee (CDC Contract),12000.0,,2022-09-06,,1,
"Swain,jackson",Cherokee (CDC Contract),12000.0,,2022-09-07,1480137.259922182,1,691025761.99083
"Swain,jackson",Cherokee (CDC Contract),12000.0,,2022-09-08,794966.4569157496,1,441359017.14796907
"Swain,jackson",Cherokee (CDC Contract),12000.0,,2022-09-09,,1,
"Swain,jackson",Cherokee (CDC Contract),12000.0,,2022-09-10,,1,
"Swain,jackson",Cherokee (CDC Contract),12000.0,,2022-09-11,,1,
"Swain,jackson",Cherokee (CDC Contract),12000.0,,2022-09-12,,1,
"Swain,jackson",Cherokee (CDC Contract),12000.0,,2022-09-13,656789.8570906618,1,316992071.44145
"Swain,jackson",Cherokee (CDC Contract),12000.0,,2022-09-14,,1,
"Swain,jackson",Cherokee (CDC Contract),12000.0,,2022-09-15,,1,
"Swain,jackson",Cherokee (CDC Contract),12000.0,,2022-09-16,,1,
"Swain,jackson",Cherokee (CDC Contract),12000.0,,2022-09-17,,1,
"Swain,jackson",Cherokee (CDC Contract),12000.0,,2022-09-18,,1,
"Swain,jackson",Cherokee (CDC Contract),12000.0,,2022-09-19,,1,
"Swain,jackson",Cherokee (CDC Contract),12000.0,,2022-09-20,,1,
"Swain,jackson",Cherokee (CDC Contract),12000.0,,2022-09-21,,1,
"Swain,jackson",Cherokee (CDC Contract),12000.0,,2022-09-22,,1,
"Swain,jackson",Cherokee (CDC Contract),12000.0,,2022-09-23,,1,
"Swain,jackson",Cherokee (CDC Contract),12000.0,,2022-09-24,,1,
"Swain,jackson",Cherokee (CDC Contract),12000.0,,2022-09-25,,1,
"Swain,jackson",Cherokee (CDC Contract),12000.0,,2022-09-26,,1,
"Swain,jackson",Cherokee (CDC Contract),12000.0,,2022-09-27,560356.6106425615,1,233329130.531899
"Swain,jackson",Cherokee (CDC Contract),12000.0,,2022-09-28,,1,
"Swain,jackson",Cherokee (CDC Contract),12000.0,,2022-09-29,648999.1285221113,1,235435791.356144
"Swain,jackson",Cherokee (CDC Contract),12000.0,,2022-09-30,,1,
"Swain,jackson",Cherokee (CDC Contract),12000.0,,2022-10-01,,1,
"Swain,jackson",Cherokee (CDC Contract),12000.0,,2022-10-02,,1,
"Swain,jackson",Cherokee (CDC Contract),12000.0,,2022-10-03,,1,
"Swain,jackson",Cherokee (CDC Contract),12000.0,,2022-10-04,715220.6473773613,1,230128680.279492
"Swain,jackson",Cherokee (CDC Contract),12000.0,,2022-10-05,,1,
"Swain,jackson",Cherokee (CDC Contract),12000.0,,2022-10-06,591444.7912655073,1,214556948.315409
"Swain,jackson",Cherokee (CDC Contract),12000.0,,2022-10-07,,1,
"Swain,jackson",Cherokee (CDC Contract),12000.0,,2022-10-08,,1,
"Swain,jackson",Cherokee (CDC Contract),12000.0,,2022-10-09,,1,
"Swain,jackson",Cherokee (CDC Contract),12000.0,,2022-10-10,,1,
"Swain,jackson",Cherokee (CDC Contract),12000.0,,2022-10-11,,1,
"Swain,jackson",Cherokee (CDC Contract),12000.0,,2022-10-12,325947.90829487797,1,113102294.438781
"Swain,jackson",Cherokee (CDC Contract),12000.0,,2022-10-13,1332229.996799905,1,537922499.187879
"Swain,jackson",Cherokee (CDC Contract),12000.0,,2022-10-14,,1,
"Swain,jackson",Cherokee (CDC Contract),12000.0,,2022-10-15,,1,
"Swain,jackson",Cherokee (CDC Contract),12000.0,,2022-10-16,,1,
"Swain,jackson",Cherokee (CDC Contract),12000.0,,2022-10-17,,1,
"Swain,jackson",Cherokee (CDC Contract),12000.0,,2022-10-18,0.0,1,14772459.8995835
"Swain,jackson",Cherokee (CDC Contract),12000.0,,2022-10-19,,1,
"Swain,jackson",Cherokee (CDC Contract),12000.0,,2022-10-20,169157.05390353015,1,70435982.3031066
"Swain,jackson",Cherokee (CDC Contract),12000.0,,2022-10-21,,1,
"Swain,jackson",Cherokee (CDC Contract),12000.0,,2022-10-22,,1,
"Swain,jackson",Cherokee (CDC Contract),12000.0,,2022-10-23,,1,
"Swain,jackson",Cherokee (CDC Contract),12000.0,,2022-10-24,,1,
"Swain,jackson",Cherokee (CDC Contract),12000.0,,2022-10-25,1088212.801224981,1,353575029.990812
"Swain,jackson",Cherokee (CDC Contract),12000.0,,2022-10-26,2098847.7609651303,1,768014570.3878819
"Swain,jackson",Cherokee (CDC Contract),12000.0,,2022-10-27,,1,
"Swain,jackson",Cherokee (CDC Contract),12000.0,,2022-10-28,,1,
"Swain,jackson",Cherokee (CDC Contract),12000.0,,2022-10-29,,1,
"Swain,jackson",Cherokee (CDC Contract),12000.0,,2022-10-30,,1,
"Swain,jackson",Cherokee (CDC Contract),12000.0,,2022-10-31,,1,
"Swain,jackson",Cherokee (CDC Contract),12000.0,,2022-11-01,336828.6827542844,1,180629433.557226
"Swain,jackson",Cherokee (CDC Contract),12000.0,,2022-11-02,,1,
"Swain,jackson",Cherokee (CDC Contract),12000.0,,2022-11-03,731281.7643405605,1,253751115.817353
"Swain,jackson",Cherokee (CDC Contract),12000.0,,2022-11-04,,1,
"Swain,jackson",Cherokee (CDC Contract),12000.0,,2022-11-05,,1,
"Swain,jackson",Cherokee (CDC Contract),12000.0,,2022-11-06,,1,
"Swain,jackson",Cherokee (CDC Contract),12000.0,,2022-11-07,,1,
"Swain,jackson",Cherokee (CDC Contract),12000.0,,2022-11-08,289652.5255539302,1,102335395.888305
"Swain,jackson",Cherokee (CDC Contract),12000.0,,2022-11-09,,1,
"Swain,jackson",Cherokee (CDC Contract),12000.0,,2022-11-10,331167.4219045334,1,135806792.21172
"Swain,jackson",Cherokee (CDC Contract),12000.0,,2022-11-11,,1,
"Swain,jackson",Cherokee (CDC Contract),12000.0,,2022-11-12,,1,
"Swain,jackson",Cherokee (CDC Contract),12000.0,,2022-11-13,,1,
"Swain,jackson",Cherokee (CDC Contract),12000.0,,2022-11-14,,1,
"Swain,jackson",Cherokee (CDC Contract),12000.0,,2022-11-15,2000832.4079577748,1,681655589.737503
"Swain,jackson",Cherokee (CDC Contract),12000.0,,2022-11-16,,1,
"Swain,jackson",Cherokee (CDC Contract),12000.0,,2022-11-17,,1,
"Swain,jackson",Cherokee (CDC Contract),12000.0,,2022-11-18,,1,
"Swain,jackson",Cherokee (CDC Contract),12000.0,,2022-11-19,,1,
"Swain,jackson",Cherokee (CDC Contract),12000.0,,2022-11-20,,1,
"Swain,jackson",Cherokee (CDC Contract),12000.0,,2022-11-21,,1,
"Swain,jackson",Cherokee (CDC Contract),12000.0,,2022-11-22,,1,
"Swain,jackson",Cherokee (CDC Contract),12000.0,,2022-11-23,,1,
"Swain,jackson",Cherokee (CDC Contract),12000.0,,2022-11-24,,1,
"Swain,jackson",Cherokee (CDC Contract),12000.0,,2022-11-25,,1,
"Swain,jackson",Cherokee (CDC Contract),12000.0,,2022-11-26,,1,
"Swain,jackson",Cherokee (CDC Contract),12000.0,,2022-11-27,,1,
"Swain,jackson",Cherokee (CDC Contract),12000.0,,2022-11-28,,1,
"Swain,jackson",Cherokee (CDC Contract),12000.0,,2022-11-29,1095475.1678979897,1,400858464.387568
"Swain,jackson",Cherokee (CDC Contract),12000.0,,2022-11-30,,1,
"Swain,jackson",Cherokee (CDC Contract),12000.0,,2022-12-01,320215.25451634056,1,219195827.420679
"Swain,jackson",Cherokee (CDC Contract),12000.0,,2022-12-02,,1,
"Swain,jackson",Cherokee (CDC Contract),12000.0,,2022-12-03,,1,
"Swain,jackson",Cherokee (CDC Contract),12000.0,,2022-12-04,,1,
"Swain,jackson",Cherokee (CDC Contract),12000.0,,2022-12-05,,1,
"Swain,jackson",Cherokee (CDC Contract),12000.0,,2022-12-06,646837.0025238392,1,295864862.04691
"Swain,jackson",Cherokee (CDC Contract),12000.0,,2022-12-07,,1,
"Swain,jackson",Cherokee (CDC Contract),12000.0,,2022-12-08,737007.293803458,1,518450360.351572
"Swain,jackson",Cherokee (CDC Contract),12000.0,,2022-12-09,,1,
"Swain,jackson",Cherokee (CDC Contract),12000.0,,2022-12-10,,1,
"Swain,jackson",Cherokee (CDC Contract),12000.0,,2022-12-11,,1,
"Swain,jackson",Cherokee (CDC Contract),12000.0,,2022-12-12,,1,
"Swain,jackson",Cherokee (CDC Contract),12000.0,,2022-12-13,591544.9933031618,1,348947363.417092
"Swain,jackson",Cherokee (CDC Contract),12000.0,,2022-12-14,,1,
"Swain,jackson",Cherokee (CDC Contract),12000.0,,2022-12-15,1572674.376249304,1,699501186.10286
"Swain,jackson",Cherokee (CDC Contract),12000.0,,2022-12-16,,1,
"Swain,jackson",Cherokee (CDC Contract),12000.0,,2022-12-17,,1,
"Swain,jackson",Cherokee (CDC Contract),12000.0,,2022-12-18,,1,
"Swain,jackson",Cherokee (CDC Contract),12000.0,,2022-12-19,,1,
"Swain,jackson",Cherokee (CDC Contract),12000.0,,2022-12-20,708918.3010714585,1,424893728.338682
"Swain,jackson",Cherokee (CDC Contract),12000.0,,2022-12-21,,1,
"Swain,jackson",Cherokee (CDC Contract),12000.0,,2022-12-22,,1,
"Swain,jackson",Cherokee (CDC Contract),12000.0,,2022-12-23,,1,
"Swain,jackson",Cherokee (CDC Contract),12000.0,,2022-12-24,,1,
"Swain,jackson",Cherokee (CDC Contract),12000.0,,2022-12-25,,1,
"Swain,jackson",Cherokee (CDC Contract),12000.0,,2022-12-26,,1,
"Swain,jackson",Cherokee (CDC Contract),12000.0,,2022-12-27,1487319.835707047,1,455099790.908574
"Swain,jackson",Cherokee (CDC Contract),12000.0,,2022-12-28,,1,
"Swain,jackson",Cherokee (CDC Contract),12000.0,,2022-12-29,,1,
"Swain,jackson",Cherokee (CDC Contract),12000.0,,2022-12-30,,1,
"Swain,jackson",Cherokee (CDC Contract),12000.0,,2022-12-31,,1,
"Swain,jackson",Cherokee (CDC Contract),12000.0,,2023-01-01,,1,
"Swain,jackson",Cherokee (CDC Contract),12000.0,,2023-01-02,,1,
"Swain,jackson",Cherokee (CDC Contract),12000.0,,2023-01-03,882081.0903080443,1,269904905.539541
"Swain,jackson",Cherokee (CDC Contract),12000.0,,2023-01-04,,1,
"Swain,jackson",Cherokee (CDC Contract),12000.0,,2023-01-05,425043.5285745951,1,433078338.917005
"Swain,jackson",Cherokee (CDC Contract),12000.0,,2023-01-06,,1,
"Swain,jackson",Cherokee (CDC Contract),12000.0,,2023-01-07,,1,
"Swain,jackson",Cherokee (CDC Contract),12000.0,,2023-01-08,,1,
"Swain,jackson",Cherokee (CDC Contract),12000.0,,2023-01-09,,1,
"Swain,jackson",Cherokee (CDC Contract),12000.0,,2023-01-10,2101274.7112655067,1,1186496322.72698
"Swain,jackson",Cherokee (CDC Contract),12000.0,,2023-01-11,,1,
"Swain,jackson",Cherokee (CDC Contract),12000.0,,2023-01-12,1819014.7653309503,1,906616968.203359
"Swain,jackson",Cherokee (CDC Contract),12000.0,,2023-01-13,,1,
"Swain,jackson",Cherokee (CDC Contract),12000.0,,2023-01-14,,1,
"Swain,jackson",Cherokee (CDC Contract),12000.0,,2023-01-15,,1,
"Swain,jackson",Cherokee (CDC Contract),12000.0,,2023-01-16,,1,
"Swain,jackson",Cherokee (CDC Contract),12000.0,,2023-01-17,,1,
"Swain,jackson",Cherokee (CDC Contract),12000.0,,2023-01-18,1082576.223939956,1,672752379.588462
"Swain,jackson",Cherokee (CDC Contract),12000.0,,2023-01-19,2211158.006697487,1,1053239787.75121
"Swain,jackson",Cherokee (CDC Contract),12000.0,,2023-01-20,,1,
"Swain,jackson",Cherokee (CDC Contract),12000.0,,2023-01-21,,1,
"Swain,jackson",Cherokee (CDC Contract),12000.0,,2023-01-22,,1,
"Swain,jackson",Cherokee (CDC Contract),12000.0,,2023-01-23,,1,
"Swain,jackson",Cherokee (CDC Contract),12000.0,,2023-01-24,1353656.8355185534,1,798510661.189296
"Swain,jackson",Cherokee (CDC Contract),12000.0,,2023-01-25,,1,
"Swain,jackson",Cherokee (CDC Contract),12000.0,,2023-01-26,132100.02642621569,1,81258359.0054918
"Swain,jackson",Cherokee (CDC Contract),12000.0,,2023-01-27,,1,
"Swain,jackson",Cherokee (CDC Contract),12000.0,,2023-01-28,,1,
"Swain,jackson",Cherokee (CDC Contract),12000.0,,2023-01-29,,1,
"Swain,jackson",Cherokee (CDC Contract),12000.0,,2023-01-30,,1,
"Swain,jackson",Cherokee (CDC Contract),12000.0,,2023-01-31,403828.5269786246,1,161782390.220967
"Swain,jackson",Cherokee (CDC Contract),12000.0,,2023-02-01,,1,
"Swain,jackson",Cherokee (CDC Contract),12000.0,,2023-02-02,0.0,1,16545858.7757578
"Swain,jackson",Cherokee (CDC Contract),12000.0,,2023-02-03,,1,
"Swain,jackson",Cherokee (CDC Contract),12000.0,,2023-02-04,,1,
"Swain,jackson",Cherokee (CDC Contract),12000.0,,2023-02-05,,1,
"Swain,jackson",Cherokee (CDC Contract),12000.0,,2023-02-06,,1,
"Swain,jackson",Cherokee (CDC Contract),12000.0,,2023-02-07,,1,
"Swain,jackson",Cherokee (CDC Contract),12000.0,,2023-02-08,315236.54480462463,1,145184397.365583
"Swain,jackson",Cherokee (CDC Contract),12000.0,,2023-02-09,,1,
"Swain,jackson",Cherokee (CDC Contract),12000.0,,2023-02-10,,1,
"Swain,jackson",Cherokee (CDC Contract),12000.0,,2023-02-11,,1,
"Swain,jackson",Cherokee (CDC Contract),12000.0,,2023-02-12,,1,
"Swain,jackson",Cherokee (CDC Contract),12000.0,,2023-02-13,,1,
"Swain,jackson",Cherokee (CDC Contract),12000.0,,2023-02-14,206104.6054565771,1,121579354.869687
"Swain,jackson",Cherokee (CDC Contract),12000.0,,2023-02-15,,1,
"Swain,jackson",Cherokee (CDC Contract),12000.0,,2023-02-16,,1,
"Swain,jackson",Cherokee (CDC Contract),12000.0,,2023-02-17,,1,
"Swain,jackson",Cherokee (CDC Contract),12000.0,,2023-02-18,,1,
"Swain,jackson",Cherokee (CDC Contract),12000.0,,2023-02-19,,1,
"Swain,jackson",Cherokee (CDC Contract),12000.0,,2023-02-20,,1,
"Swain,jackson",Cherokee (CDC Contract),12000.0,,2023-02-21,,1,
"Swain,jackson",Cherokee (CDC Contract),12000.0,,2023-02-22,956488.0718918279,1,479741418.022461
"Swain,jackson",Cherokee (CDC Contract),12000.0,,2023-02-23,439530.2486074338,1,209361223.554054
"Swain,jackson",Cherokee (CDC Contract),12000.0,,2023-02-24,,1,
"Swain,jackson",Cherokee (CDC Contract),12000.0,,2023-02-25,,1,
"Swain,jackson",Cherokee (CDC Contract),12000.0,,2023-02-26,,1,
"Swain,jackson",Cherokee (CDC Contract),12000.0,,2023-02-27,,1,
"Swain,jackson",Cherokee (CDC Contract),12000.0,,2023-02-28,241339.66027690633,1,133989848.668456
"Swain,jackson",Cherokee (CDC Contract),12000.0,,2023-03-01,,1,
"Swain,jackson",Cherokee (CDC Contract),12000.0,,2023-03-02,725666.6241142513,1,453244842.422143
"Swain,jackson",Cherokee (CDC Contract),12000.0,,2023-03-03,,1,
"Swain,jackson",Cherokee (CDC Contract),12000.0,,2023-03-04,,1,
"Swain,jackson",Cherokee (CDC Contract),12000.0,,2023-03-05,,1,
"Swain,jackson",Cherokee (CDC Contract),12000.0,,2023-03-06,,1,
"Swain,jackson",Cherokee (CDC Contract),12000.0,,2023-03-07,124382.74737655683,1,73372325.424078
"Swain,jackson",Cherokee (CDC Contract),12000.0,,2023-03-08,,1,
"Swain,jackson",Cherokee (CDC Contract),12000.0,,2023-03-09,175547.1276435654,1,99677414.5472928
"Swain,jackson",Cherokee (CDC Contract),12000.0,,2023-03-10,,1,
"Swain,jackson",Cherokee (CDC Contract),12000.0,,2023-03-11,,1,
"Swain,jackson",Cherokee (CDC Contract),12000.0,,2023-03-12,,1,
"Swain,jackson",Cherokee (CDC Contract),12000.0,,2023-03-13,,1,
"Swain,jackson",Cherokee (CDC Contract),12000.0,,2023-03-14,72204.99147833475,1,35532220.7164715
"Swain,jackson",Cherokee (CDC Contract),12000.0,,2023-03-15,0.0,1,9073382.18672738
"Swain,jackson",Cherokee (CDC Contract),12000.0,,2023-03-16,,1,
"Swain,jackson",Cherokee (CDC Contract),12000.0,,2023-03-17,,1,
"Swain,jackson",Cherokee (CDC Contract),12000.0,,2023-03-18,,1,
"Swain,jackson",Cherokee (CDC Contract),12000.0,,2023-03-19,,1,
"Swain,jackson",Cherokee (CDC Contract),12000.0,,2023-03-20,,1,
"Swain,jackson",Cherokee (CDC Contract),12000.0,,2023-03-21,0.0,1,2596885.42624295
"Swain,jackson",Cherokee (CDC Contract),12000.0,,2023-03-22,,1,
"Swain,jackson",Cherokee (CDC Contract),12000.0,,2023-03-23,71876.23999999998,1,34463507.0601599
"Swain,jackson",Cherokee (CDC Contract),12000.0,,2023-03-24,,1,
"Swain,jackson",Cherokee (CDC Contract),12000.0,,2023-03-25,,1,
"Swain,jackson",Cherokee (CDC Contract),12000.0,,2023-03-26,,1,
"Swain,jackson",Cherokee (CDC Contract),12000.0,,2023-03-27,,1,
"Swain,jackson",Cherokee (CDC Contract),12000.0,,2023-03-28,449089.0543149281,1,185581336.260574
"Swain,jackson",Cherokee (CDC Contract),12000.0,,2023-03-29,,1,
"Swain,jackson",Cherokee (CDC Contract),12000.0,,2023-03-30,228254.14789212355,1,93603602.2383416
"Swain,jackson",Cherokee (CDC Contract),12000.0,,2023-03-31,,1,
"Swain,jackson",Cherokee (CDC Contract),12000.0,,2023-04-01,,1,
"Swain,jackson",Cherokee (CDC Contract),12000.0,,2023-04-02,,1,
"Swain,jackson",Cherokee (CDC Contract),12000.0,,2023-04-03,,1,
"Swain,jackson",Cherokee (CDC Contract),12000.0,,2023-04-04,,1,
"Swain,jackson",Cherokee (CDC Contract),12000.0,,2023-04-05,239708.19700654093,1,141401827.894484
"Swain,jackson",Cherokee (CDC Contract),12000.0,,2023-04-06,235071.52999201987,1,138666697.434287
"Swain,jackson",Cherokee (CDC Contract),12000.0,,2023-04-07,,1,
"Swain,jackson",Cherokee (CDC Contract),12000.0,,2023-04-08,,1,
"Swain,jackson",Cherokee (CDC Contract),12000.0,,2023-04-09,,1,
"Swain,jackson",Cherokee (CDC Contract),12000.0,,2023-04-10,,1,
"Swain,jackson",Cherokee (CDC Contract),12000.0,,2023-04-11,,1,
"Swain,jackson",Cherokee (CDC Contract),12000.0,,2023-04-12,21556.93512247248,1,13192262.2577048
"Swain,jackson",Cherokee (CDC Contract),12000.0,,2023-04-13,128778.49278042211,1,92620840.248492
"Swain,jackson",Cherokee (CDC Contract),12000.0,,2023-04-14,,1,
"Swain,jackson",Cherokee (CDC Contract),12000.0,,2023-04-15,,1,
"Swain,jackson",Cherokee (CDC Contract),12000.0,,2023-04-16,,1,
"Swain,jackson",Cherokee (CDC Contract),12000.0,,2023-04-17,,1,
"Swain,jackson",Cherokee (CDC Contract),12000.0,,2023-04-18,261513.04954055668,1,104767750.176512
"Swain,jackson",Cherokee (CDC Contract),12000.0,,2023-04-19,,1,
"Swain,jackson",Cherokee (CDC Contract),12000.0,,2023-04-20,142769.5312483245,1,56746177.2766778
"Swain,jackson",Cherokee (CDC Contract),12000.0,,2023-04-21,,1,
"Swain,jackson",Cherokee (CDC Contract),12000.0,,2023-04-22,,1,
"Swain,jackson",Cherokee (CDC Contract),12000.0,,2023-04-23,,1,
"Swain,jackson",Cherokee (CDC Contract),12000.0,,2023-04-24,,1,
"Swain,jackson",Cherokee (CDC Contract),12000.0,,2023-04-25,207295.44665335794,1,76507877.916758
"Swain,jackson",Cherokee (CDC Contract),12000.0,,2023-04-26,,1,
"Swain,jackson",Cherokee (CDC Contract),12000.0,,2023-04-27,,1,
"Swain,jackson",Cherokee (CDC Contract),12000.0,,2023-04-28,,1,
"Swain,jackson",Cherokee (CDC Contract),12000.0,,2023-04-29,,1,
"Swain,jackson",Cherokee (CDC Contract),12000.0,,2023-04-30,,1,
"Swain,jackson",Cherokee (CDC Contract),12000.0,,2023-05-01,,1,
"Swain,jackson",Cherokee (CDC Contract),12000.0,,2023-05-02,,1,
"Swain,jackson",Cherokee (CDC Contract),12000.0,,2023-05-03,,1,
"Swain,jackson",Cherokee (CDC Contract),12000.0,,2023-05-04,285816.9216407593,1,105488309.079945
"Swain,jackson",Cherokee (CDC Contract),12000.0,,2023-05-05,692923.9980486591,1,253556135.213961
"Swain,jackson",Cherokee (CDC Contract),12000.0,,2023-05-06,,1,
"Swain,jackson",Cherokee (CDC Contract),12000.0,,2023-05-07,,1,
"Swain,jackson",Cherokee (CDC Contract),12000.0,,2023-05-08,,1,
"Swain,jackson",Cherokee (CDC Contract),12000.0,,2023-05-09,119449.83092633758,1,50114997.3903985
"Swain,jackson",Cherokee (CDC Contract),12000.0,,2023-05-10,,1,
"Swain,jackson",Cherokee (CDC Contract),12000.0,,2023-05-11,631690.7207055923,1,239120205.415895
"Swain,jackson",Cherokee (CDC Contract),12000.0,,2023-05-12,,1,
"Swain,jackson",Cherokee (CDC Contract),12000.0,,2023-05-13,,1,
"Swain,jackson",Cherokee (CDC Contract),12000.0,,2023-05-14,,1,
"Swain,jackson",Cherokee (CDC Contract),12000.0,,2023-05-15,,1,
"Swain,jackson",Cherokee (CDC Contract),12000.0,,2023-05-16,221795.95329255436,1,90255538.1713161
"Swain,jackson",Cherokee (CDC Contract),12000.0,,2023-05-17,128269.29960419862,1,58670698.3122095
"Swain,jackson",Cherokee (CDC Contract),12000.0,,2023-05-18,,1,
"Swain,jackson",Cherokee (CDC Contract),12000.0,,2023-05-19,,1,
"Swain,jackson",Cherokee (CDC Contract),12000.0,,2023-05-20,,1,
"Swain,jackson",Cherokee (CDC Contract),12000.0,,2023-05-21,,1,
"Swain,jackson",Cherokee (CDC Contract),12000.0,,2023-05-22,,1,
"Swain,jackson",Cherokee (CDC Contract),12000.0,,2023-05-23,99556.28246605565,1,58727404.7983252
"Swain,jackson",Cherokee (CDC Contract),12000.0,,2023-05-24,,1,
"Swain,jackson",Cherokee (CDC Contract),12000.0,,2023-05-25,143404.25745042478,1,51570035.2345195
"Swain,jackson",Cherokee (CDC Contract),12000.0,,2023-05-26,,1,
"Swain,jackson",Cherokee (CDC Contract),12000.0,,2023-05-27,,1,
"Swain,jackson",Cherokee (CDC Contract),12000.0,,2023-05-28,,1,
"Swain,jackson",Cherokee (CDC Contract),12000.0,,2023-05-29,,1,
"Swain,jackson",Cherokee (CDC Contract),12000.0,,2023-05-30,,1,
"Swain,jackson",Cherokee (CDC Contract),12000.0,,2023-05-31,252634.2247689111,1,90850551.4718224
"Swain,jackson",Cherokee (CDC Contract),12000.0,,2023-06-01,,1,
"Swain,jackson",Cherokee (CDC Contract),12000.0,,2023-06-02,121299.68647270663,1,71553654.0029144
"Swain,jackson",Cherokee (CDC Contract),12000.0,,2023-06-03,,1,
"Swain,jackson",Cherokee (CDC Contract),12000.0,,2023-06-04,,1,
"Swain,jackson",Cherokee (CDC Contract),12000.0,,2023-06-05,,1,
"Swain,jackson",Cherokee (CDC Contract),12000.0,,2023-06-06,332851.7285367943,1,145947328.096035
"Swain,jackson",Cherokee (CDC Contract),12000.0,,2023-06-07,,1,
"Swain,jackson",Cherokee (CDC Contract),12000.0,,2023-06-08,239882.6569495794,1,115776605.726159
"Swain,jackson",Cherokee (CDC Contract),12000.0,,2023-06-09,,1,
"Swain,jackson",Cherokee (CDC Contract),12000.0,,2023-06-10,,1,
"Swain,jackson",Cherokee (CDC Contract),12000.0,,2023-06-11,,1,
"Swain,jackson",Cherokee (CDC Contract),12000.0,,2023-06-12,,1,
"Swain,jackson",Cherokee (CDC Contract),12000.0,,2023-06-13,,1,
"Swain,jackson",Cherokee (CDC Contract),12000.0,,2023-06-14,,1,
"Swain,jackson",Cherokee (CDC Contract),12000.0,,2023-06-15,192457.95649352332,1,114136421.266658
"Swain,jackson",Cherokee (CDC Contract),12000.0,,2023-06-16,,1,
"Swain,jackson",Cherokee (CDC Contract),12000.0,,2023-06-17,,1,
"Swain,jackson",Cherokee (CDC Contract),12000.0,,2023-06-18,,1,
"Swain,jackson",Cherokee (CDC Contract),12000.0,,2023-06-19,,1,
"Swain,jackson",Cherokee (CDC Contract),12000.0,,2023-06-20,,1,
"Swain,jackson",Cherokee (CDC Contract),12000.0,,2023-06-21,196952.4550487153,1,144138472.512672
"Swain,jackson",Cherokee (CDC Contract),12000.0,,2023-06-22,28009.924280493047,1,23944829.9647029
"Swain,jackson",Cherokee (CDC Contract),12000.0,,2023-06-23,,1,
"Swain,jackson",Cherokee (CDC Contract),12000.0,,2023-06-24,,1,
"Swain,jackson",Cherokee (CDC Contract),12000.0,,2023-06-25,,1,
"Swain,jackson",Cherokee (CDC Contract),12000.0,,2023-06-26,,1,
"Swain,jackson",Cherokee (CDC Contract),12000.0,,2023-06-27,330676.6384329853,1,229486280.306107
"Swain,jackson",Cherokee (CDC Contract),12000.0,,2023-06-28,,1,
"Swain,jackson",Cherokee (CDC Contract),12000.0,,2023-06-29,,1,
"Swain,jackson",Cherokee (CDC Contract),12000.0,,2023-06-30,187226.53487557545,1,124617887.999916
"Swain,jackson",Cherokee (CDC Contract),12000.0,,2023-07-01,,1,
"Swain,jackson",Cherokee (CDC Contract),12000.0,,2023-07-02,,1,
"Swain,jackson",Cherokee (CDC Contract),12000.0,,2023-07-03,,1,
"Swain,jackson",Cherokee (CDC Contract),12000.0,,2023-07-04,,1,
"Swain,jackson",Cherokee (CDC Contract),12000.0,,2023-07-05,,1,
"Swain,jackson",Cherokee (CDC Contract),12000.0,,2023-07-06,333917.99636778765,1,270709490.122342
"Swain,jackson",Cherokee (CDC Contract),12000.0,,2023-07-07,697279.3331685968,1,417917854.731264
"Swain,jackson",Cherokee (CDC Contract),12000.0,,2023-07-08,,1,
"Swain,jackson",Cherokee (CDC Contract),12000.0,,2023-07-09,,1,
"Swain,jackson",Cherokee (CDC Contract),12000.0,,2023-07-10,,1,
"Swain,jackson",Cherokee (CDC Contract),12000.0,,2023-07-11,,1,
"Swain,jackson",Cherokee (CDC Contract),12000.0,,2023-07-12,685088.4479424416,1,378194514.081024
"Swain,jackson",Cherokee (CDC Contract),12000.0,,2023-07-13,,1,
"Swain,jackson",Cherokee (CDC Contract),12000.0,,2023-07-14,190702.5978922952,1,99860843.2785068
"Swain,jackson",Cherokee (CDC Contract),12000.0,,2023-07-15,,1,
"Swain,jackson",Cherokee (CDC Contract),12000.0,,2023-07-16,,1,
"Swain,jackson",Cherokee (CDC Contract),12000.0,,2023-07-17,,1,
"Swain,jackson",Cherokee (CDC Contract),12000.0,,2023-07-18,158617.11005301873,1,93566884.97484
"Swain,jackson",Cherokee (CDC Contract),12000.0,,2023-07-19,,1,
"Swain,jackson",Cherokee (CDC Contract),12000.0,,2023-07-20,346851.9708502412,1,204605029.362804
"Swain,jackson",Cherokee (CDC Contract),12000.0,,2023-07-21,,1,
"Swain,jackson",Cherokee (CDC Contract),12000.0,,2023-07-22,,1,
"Swain,jackson",Cherokee (CDC Contract),12000.0,,2023-07-23,,1,
"Swain,jackson",Cherokee (CDC Contract),12000.0,,2023-07-24,,1,
"Swain,jackson",Cherokee (CDC Contract),12000.0,,2023-07-25,,1,
"Swain,jackson",Cherokee (CDC Contract),12000.0,,2023-07-26,,1,
"Swain,jackson",Cherokee (CDC Contract),12000.0,,2023-07-27,1060262.2555328081,1,625439692.309631
"Swain,jackson",Cherokee (CDC Contract),12000.0,,2023-07-28,,1,
"Swain,jackson",Cherokee (CDC Contract),12000.0,,2023-07-29,,1,
"Swain,jackson",Cherokee (CDC Contract),12000.0,,2023-07-30,,1,
"Swain,jackson",Cherokee (CDC Contract),12000.0,,2023-07-31,,1,
"Swain,jackson",Cherokee (CDC Contract),12000.0,,2023-08-01,,1,
"Swain,jackson",Cherokee (CDC Contract),12000.0,,2023-08-02,1523511.9269584545,1,730499592.785747
"Swain,jackson",Cherokee (CDC Contract),12000.0,,2023-08-03,356266.91976964485,1,203415763.712814
"Swain,jackson",Cherokee (CDC Contract),12000.0,,2023-08-04,,1,
"Swain,jackson",Cherokee (CDC Contract),12000.0,,2023-08-05,,1,
"Swain,jackson",Cherokee (CDC Contract),12000.0,,2023-08-06,,1,
"Swain,jackson",Cherokee (CDC Contract),12000.0,,2023-08-07,,1,
"Swain,jackson",Cherokee (CDC Contract),12000.0,,2023-08-08,,1,
"Swain,jackson",Cherokee (CDC Contract),12000.0,,2023-08-09,,1,
"Swain,jackson",Cherokee (CDC Contract),12000.0,,2023-08-10,1472809.3429306506,1,794462079.358983
"Swain,jackson",Cherokee (CDC Contract),12000.0,,2023-08-11,213906.54805394,1,163293905.812349
"Swain,jackson",Cherokee (CDC Contract),12000.0,,2023-08-12,,1,
"Swain,jackson",Cherokee (CDC Contract),12000.0,,2023-08-13,,1,
"Swain,jackson",Cherokee (CDC Contract),12000.0,,2023-08-14,,1,
"Swain,jackson",Cherokee (CDC Contract),12000.0,,2023-08-15,,1,
"Swain,jackson",Cherokee (CDC Contract),12000.0,,2023-08-16,1260162.5990629392,1,1005721278.44224
"Swain,jackson",Cherokee (CDC Contract),12000.0,,2023-08-17,684992.9717658153,1,462413410.499146
"Swain,jackson",Cherokee (CDC Contract),12000.0,,2023-08-18,,1,
"Swain,jackson",Cherokee (CDC Contract),12000.0,,2023-08-19,,1,
"Swain,jackson",Cherokee (CDC Contract),12000.0,,2023-08-20,,1,
"Swain,jackson",Cherokee (CDC Contract),12000.0,,2023-08-21,,1,
"Swain,jackson",Cherokee (CDC Contract),12000.0,,2023-08-22,,1,
"Swain,jackson",Cherokee (CDC Contract),12000.0,,2023-08-23,742235.1056822811,1,376962283.18083507
"Swain,jackson",Cherokee (CDC Contract),12000.0,,2023-08-24,658597.3924778453,1,332407275.931417
"Swain,jackson",Cherokee (CDC Contract),12000.0,,2023-08-25,,1,
"Swain,jackson",Cherokee (CDC Contract),12000.0,,2023-08-26,,1,
"Swain,jackson",Cherokee (CDC Contract),12000.0,,2023-08-27,,1,
"Swain,jackson",Cherokee (CDC Contract),12000.0,,2023-08-28,,1,
"Swain,jackson",Cherokee (CDC Contract),12000.0,,2023-08-29,,1,
"Swain,jackson",Cherokee (CDC Contract),12000.0,,2023-08-30,435718.8996369664,1,307882460.234679
"Swain,jackson",Cherokee (CDC Contract),12000.0,,2023-08-31,754496.2008793971,1,473631594.869137
"Swain,jackson",Cherokee (CDC Contract),12000.0,,2023-09-01,,1,
"Swain,jackson",Cherokee (CDC Contract),12000.0,,2023-09-02,,1,
"Swain,jackson",Cherokee (CDC Contract),12000.0,,2023-09-03,,1,
"Swain,jackson",Cherokee (CDC Contract),12000.0,,2023-09-04,,1,
"Swain,jackson",Cherokee (CDC Contract),12000.0,,2023-09-05,,1,
"Swain,jackson",Cherokee (CDC Contract),12000.0,,2023-09-06,638813.6183549332,1,286149533.392291
"Swain,jackson",Cherokee (CDC Contract),12000.0,,2023-09-07,,1,
"Swain,jackson",Cherokee (CDC Contract),12000.0,,2023-09-08,321153.3104599818,1,189445608.037204
"Swain,jackson",Cherokee (CDC Contract),12000.0,,2023-09-09,,1,
"Swain,jackson",Cherokee (CDC Contract),12000.0,,2023-09-10,,1,
"Swain,jackson",Cherokee (CDC Contract),12000.0,,2023-09-11,,1,
"Swain,jackson",Cherokee (CDC Contract),12000.0,,2023-09-12,,1,
"Swain,jackson",Cherokee (CDC Contract),12000.0,,2023-09-13,241427.82963883632,1,161455826.78229
"Swain,jackson",Cherokee (CDC Contract),12000.0,,2023-09-14,648802.1146062623,1,335649988.366173
"Swain,jackson",Cherokee (CDC Contract),12000.0,,2023-09-15,,1,
"Swain,jackson",Cherokee (CDC Contract),12000.0,,2023-09-16,,1,
"Swain,jackson",Cherokee (CDC Contract),12000.0,,2023-09-17,,1,
"Swain,jackson",Cherokee (CDC Contract),12000.0,,2023-09-18,,1,
"Swain,jackson",Cherokee (CDC Contract),12000.0,,2023-09-19,,1,
"Swain,jackson",Cherokee (CDC Contract),12000.0,,2023-09-20,,1,
"Swain,jackson",Cherokee (CDC Contract),12000.0,,2023-09-21,,1,
"Swain,jackson",Cherokee (CDC Contract),12000.0,,2023-09-22,,1,
"Swain,jackson",Cherokee (CDC Contract),12000.0,,2023-09-23,,1,
"Swain,jackson",Cherokee (CDC Contract),12000.0,,2023-09-24,,1,
"Swain,jackson",Cherokee (CDC Contract),12000.0,,2023-09-25,,1,
"Swain,jackson",Cherokee (CDC Contract),12000.0,,2023-09-26,,1,
"Swain,jackson",Cherokee (CDC Contract),12000.0,,2023-09-27,,1,
"Swain,jackson",Cherokee (CDC Contract),12000.0,,2023-09-28,,1,
"Swain,jackson",Cherokee (CDC Contract),12000.0,,2023-09-29,,1,
"Swain,jackson",Cherokee (CDC Contract),12000.0,,2023-09-30,,1,
"Swain,jackson",Cherokee (CDC Contract),12000.0,,2023-10-01,,1,
"Swain,jackson",Cherokee (CDC Contract),12000.0,,2023-10-02,,1,
"Swain,jackson",Cherokee (CDC Contract),12000.0,,2023-10-03,,1,
"Swain,jackson",Cherokee (CDC Contract),12000.0,,2023-10-04,,1,
"Swain,jackson",Cherokee (CDC Contract),12000.0,,2023-10-05,,1,
"Swain,jackson",Cherokee (CDC Contract),12000.0,,2023-10-06,,1,
"Swain,jackson",Cherokee (CDC Contract),12000.0,,2023-10-07,,1,
"Swain,jackson",Cherokee (CDC Contract),12000.0,,2023-10-08,,1,
"Swain,jackson",Cherokee (CDC Contract),12000.0,,2023-10-09,,1,
"Swain,jackson",Cherokee (CDC Contract),12000.0,,2023-10-10,,1,
"Swain,jackson",Cherokee (CDC Contract),12000.0,,2023-10-11,,1,
"Swain,jackson",Cherokee (CDC Contract),12000.0,,2023-10-12,,1,
"Swain,jackson",Cherokee (CDC Contract),12000.0,,2023-10-13,,1,
"Swain,jackson",Cherokee (CDC Contract),12000.0,,2023-10-14,,1,
"Swain,jackson",Cherokee (CDC Contract),12000.0,,2023-10-15,,1,
"Swain,jackson",Cherokee (CDC Contract),12000.0,,2023-10-16,,1,
"Swain,jackson",Cherokee (CDC Contract),12000.0,,2023-10-17,,1,
"Swain,jackson",Cherokee (CDC Contract),12000.0,,2023-10-18,,1,
"Swain,jackson",Cherokee (CDC Contract),12000.0,,2023-10-19,,1,
"Swain,jackson",Cherokee (CDC Contract),12000.0,,2023-10-20,,1,
"Swain,jackson",Cherokee (CDC Contract),12000.0,,2023-10-21,,1,
"Swain,jackson",Cherokee (CDC Contract),12000.0,,2023-10-22,,1,
"Swain,jackson",Cherokee (CDC Contract),12000.0,,2023-10-23,,1,
"Swain,jackson",Cherokee (CDC Contract),12000.0,,2023-10-24,,1,
"Swain,jackson",Cherokee (CDC Contract),12000.0,,2023-10-25,,1,
"Swain,jackson",Cherokee (CDC Contract),12000.0,,2023-10-26,,1,
"Swain,jackson",Cherokee (CDC Contract),12000.0,,2023-10-27,,1,
"Swain,jackson",Cherokee (CDC Contract),12000.0,,2023-10-28,,1,
"Swain,jackson",Cherokee (CDC Contract),12000.0,,2023-10-29,,1,
"Swain,jackson",Cherokee (CDC Contract),12000.0,,2023-10-30,,1,
"Swain,jackson",Cherokee (CDC Contract),12000.0,,2023-10-31,,1,
"Swain,jackson",Cherokee (CDC Contract),12000.0,,2023-11-01,,1,
"Swain,jackson",Cherokee (CDC Contract),12000.0,,2023-11-02,,1,
"Swain,jackson",Cherokee (CDC Contract),12000.0,,2023-11-03,,1,
"Swain,jackson",Cherokee (CDC Contract),12000.0,,2023-11-04,,1,
"Swain,jackson",Cherokee (CDC Contract),12000.0,,2023-11-05,,1,
"Swain,jackson",Cherokee (CDC Contract),12000.0,,2023-11-06,,1,
"Swain,jackson",Cherokee (CDC Contract),12000.0,,2023-11-07,,1,
"Swain,jackson",Cherokee (CDC Contract),12000.0,,2023-11-08,,1,
"Swain,jackson",Cherokee (CDC Contract),12000.0,,2023-11-09,,1,
"Swain,jackson",Cherokee (CDC Contract),12000.0,,2023-11-10,,1,
"Swain,jackson",Cherokee (CDC Contract),12000.0,,2023-11-11,,1,
"Swain,jackson",Cherokee (CDC Contract),12000.0,,2023-11-12,,1,
"Swain,jackson",Cherokee (CDC Contract),12000.0,,2023-11-13,,1,
"Swain,jackson",Cherokee (CDC Contract),12000.0,,2023-11-14,,1,
"Swain,jackson",Cherokee (CDC Contract),12000.0,,2023-11-15,,1,
"Swain,jackson",Cherokee (CDC Contract),12000.0,,2023-11-16,,1,
"Swain,jackson",Cherokee (CDC Contract),12000.0,,2023-11-17,,1,
"Swain,jackson",Cherokee (CDC Contract),12000.0,,2023-11-18,,1,
"Swain,jackson",Cherokee (CDC Contract),12000.0,,2023-11-19,,1,
"Swain,jackson",Cherokee (CDC Contract),12000.0,,2023-11-20,,1,
"Swain,jackson",Cherokee (CDC Contract),12000.0,,2023-11-21,,1,
"Swain,jackson",Cherokee (CDC Contract),12000.0,,2023-11-22,,1,
"Swain,jackson",Cherokee (CDC Contract),12000.0,,2023-11-23,,1,
"Swain,jackson",Cherokee (CDC Contract),12000.0,,2023-11-24,,1,
"Swain,jackson",Cherokee (CDC Contract),12000.0,,2023-11-25,,1,
"Swain,jackson",Cherokee (CDC Contract),12000.0,,2023-11-26,,1,
"Swain,jackson",Cherokee (CDC Contract),12000.0,,2023-11-27,,1,
"Swain,jackson",Cherokee (CDC Contract),12000.0,,2023-11-28,,1,
"Swain,jackson",Cherokee (CDC Contract),12000.0,,2023-11-29,,1,
"Swain,jackson",Cherokee (CDC Contract),12000.0,,2023-11-30,,1,
"Swain,jackson",Cherokee (CDC Contract),12000.0,,2023-12-01,,1,
"Swain,jackson",Cherokee (CDC Contract),12000.0,,2023-12-02,,1,
"Swain,jackson",Cherokee (CDC Contract),12000.0,,2023-12-03,,1,
"Swain,jackson",Cherokee (CDC Contract),12000.0,,2023-12-04,,1,
"Swain,jackson",Cherokee (CDC Contract),12000.0,,2023-12-05,,1,
"Swain,jackson",Cherokee (CDC Contract),12000.0,,2023-12-06,,1,
"Swain,jackson",Cherokee (CDC Contract),12000.0,,2023-12-07,,1,
"Swain,jackson",Cherokee (CDC Contract),12000.0,,2023-12-08,,1,
"Swain,jackson",Cherokee (CDC Contract),12000.0,,2023-12-09,,1,
"Swain,jackson",Cherokee (CDC Contract),12000.0,,2023-12-10,,1,
"Swain,jackson",Cherokee (CDC Contract),12000.0,,2023-12-11,,1,
"Swain,jackson",Cherokee (CDC Contract),12000.0,,2023-12-12,,1,
"Swain,jackson",Cherokee (CDC Contract),12000.0,,2023-12-13,,1,
"Swain,jackson",Cherokee (CDC Contract),12000.0,,2023-12-14,,1,
"Swain,jackson",Cherokee (CDC Contract),12000.0,,2023-12-15,,1,
"Swain,jackson",Cherokee (CDC Contract),12000.0,,2023-12-16,,1,
"Swain,jackson",Cherokee (CDC Contract),12000.0,,2023-12-17,,1,
"Swain,jackson",Cherokee (CDC Contract),12000.0,,2023-12-18,,1,
"Swain,jackson",Cherokee (CDC Contract),12000.0,,2023-12-19,,1,
"Swain,jackson",Cherokee (CDC Contract),12000.0,,2023-12-20,,1,
"Swain,jackson",Cherokee (CDC Contract),12000.0,,2023-12-21,,1,
"Swain,jackson",Cherokee (CDC Contract),12000.0,,2023-12-22,,1,
"Swain,jackson",Cherokee (CDC Contract),12000.0,,2023-12-23,,1,
"Swain,jackson",Cherokee (CDC Contract),12000.0,,2023-12-24,,1,
"Swain,jackson",Cherokee (CDC Contract),12000.0,,2023-12-25,,1,
"Swain,jackson",Cherokee (CDC Contract),12000.0,,2023-12-26,,1,
"Swain,jackson",Cherokee (CDC Contract),12000.0,,2023-12-27,,1,
"Swain,jackson",Cherokee (CDC Contract),12000.0,,2023-12-28,,1,
"Swain,jackson",Cherokee (CDC Contract),12000.0,,2023-12-29,,1,
"Swain,jackson",Cherokee (CDC Contract),12000.0,,2023-12-30,,1,
"Swain,jackson",Cherokee (CDC Contract),12000.0,,2023-12-31,,1,
"Swain,jackson",Cherokee (CDC Contract),12000.0,,2024-01-01,,1,
"Swain,jackson",Cherokee (CDC Contract),12000.0,,2024-01-02,,1,
"Swain,jackson",Cherokee (CDC Contract),12000.0,,2024-01-03,,1,
"Swain,jackson",Cherokee (CDC Contract),12000.0,,2024-01-04,,1,
"Swain,jackson",Cherokee (CDC Contract),12000.0,,2024-01-05,,1,
"Swain,jackson",Cherokee (CDC Contract),12000.0,,2024-01-06,,1,
"Swain,jackson",Cherokee (CDC Contract),12000.0,,2024-01-07,,1,
"Swain,jackson",Cherokee (CDC Contract),12000.0,,2024-01-08,,1,
"Swain,jackson",Cherokee (CDC Contract),12000.0,,2024-01-09,,1,
"Swain,jackson",Cherokee (CDC Contract),12000.0,,2024-01-10,,1,
"Swain,jackson",Cherokee (CDC Contract),12000.0,,2024-01-11,,1,
"Swain,jackson",Cherokee (CDC Contract),12000.0,,2024-01-12,,1,
"Swain,jackson",Cherokee (CDC Contract),12000.0,,2024-01-13,,1,
"Swain,jackson",Cherokee (CDC Contract),12000.0,,2024-01-14,,1,
"Swain,jackson",Cherokee (CDC Contract),12000.0,,2024-01-15,,1,
"Swain,jackson",Cherokee (CDC Contract),12000.0,,2024-01-16,,1,
"Swain,jackson",Cherokee (CDC Contract),12000.0,,2024-01-17,,1,
Vance,"City of Henderson (CDC Contract, Data available until - 12/21/2023)",15000.0,,2022-05-02,524125.6008511971,1,299058709.122257
Vance,"City of Henderson (CDC Contract, Data available until - 12/21/2023)",15000.0,,2022-05-03,,1,
Vance,"City of Henderson (CDC Contract, Data available until - 12/21/2023)",15000.0,,2022-05-04,455160.630598712,1,256147470.925496
Vance,"City of Henderson (CDC Contract, Data available until - 12/21/2023)",15000.0,,2022-05-05,,1,
Vance,"City of Henderson (CDC Contract, Data available until - 12/21/2023)",15000.0,,2022-05-06,,1,
Vance,"City of Henderson (CDC Contract, Data available until - 12/21/2023)",15000.0,,2022-05-07,,1,
Vance,"City of Henderson (CDC Contract, Data available until - 12/21/2023)",15000.0,,2022-05-08,,1,
Vance,"City of Henderson (CDC Contract, Data available until - 12/21/2023)",15000.0,,2022-05-09,447626.16606030974,1,197798106.656482
Vance,"City of Henderson (CDC Contract, Data available until - 12/21/2023)",15000.0,,2022-05-10,,1,
Vance,"City of Henderson (CDC Contract, Data available until - 12/21/2023)",15000.0,,2022-05-11,,1,
Vance,"City of Henderson (CDC Contract, Data available until - 12/21/2023)",15000.0,,2022-05-12,,1,
Vance,"City of Henderson (CDC Contract, Data available until - 12/21/2023)",15000.0,,2022-05-13,,1,
Vance,"City of Henderson (CDC Contract, Data available until - 12/21/2023)",15000.0,,2022-05-14,,1,
Vance,"City of Henderson (CDC Contract, Data available until - 12/21/2023)",15000.0,,2022-05-15,,1,
Vance,"City of Henderson (CDC Contract, Data available until - 12/21/2023)",15000.0,,2022-05-16,677154.0048777631,1,278032473.259639
Vance,"City of Henderson (CDC Contract, Data available until - 12/21/2023)",15000.0,,2022-05-17,,1,
Vance,"City of Henderson (CDC Contract, Data available until - 12/21/2023)",15000.0,,2022-05-18,818934.4506027156,1,342859388.305854
Vance,"City of Henderson (CDC Contract, Data available until - 12/21/2023)",15000.0,,2022-05-19,,1,
Vance,"City of Henderson (CDC Contract, Data available until - 12/21/2023)",15000.0,,2022-05-20,,1,
Vance,"City of Henderson (CDC Contract, Data available until - 12/21/2023)",15000.0,,2022-05-21,,1,
Vance,"City of Henderson (CDC Contract, Data available until - 12/21/2023)",15000.0,,2022-05-22,,1,
Vance,"City of Henderson (CDC Contract, Data available until - 12/21/2023)",15000.0,,2022-05-23,1085074.8800342425,1,455104623.557682
Vance,"City of Henderson (CDC Contract, Data available until - 12/21/2023)",15000.0,,2022-05-24,,1,
Vance,"City of Henderson (CDC Contract, Data available until - 12/21/2023)",15000.0,,2022-05-25,489723.81392603443,1,421183479.33353
Vance,"City of Henderson (CDC Contract, Data available until - 12/21/2023)",15000.0,,2022-05-26,,1,
Vance,"City of Henderson (CDC Contract, Data available until - 12/21/2023)",15000.0,,2022-05-27,,1,
Vance,"City of Henderson (CDC Contract, Data available until - 12/21/2023)",15000.0,,2022-05-28,,1,
Vance,"City of Henderson (CDC Contract, Data available until - 12/21/2023)",15000.0,,2022-05-29,,1,
Vance,"City of Henderson (CDC Contract, Data available until - 12/21/2023)",15000.0,,2022-05-30,,1,
Vance,"City of Henderson (CDC Contract, Data available until - 12/21/2023)",15000.0,,2022-05-31,1358431.4683332236,1,694540688.596208
Vance,"City of Henderson (CDC Contract, Data available until - 12/21/2023)",15000.0,,2022-06-01,,1,
Vance,"City of Henderson (CDC Contract, Data available until - 12/21/2023)",15000.0,,2022-06-02,,1,
Vance,"City of Henderson (CDC Contract, Data available until - 12/21/2023)",15000.0,,2022-06-03,,1,
Vance,"City of Henderson (CDC Contract, Data available until - 12/21/2023)",15000.0,,2022-06-04,,1,
Vance,"City of Henderson (CDC Contract, Data available until - 12/21/2023)",15000.0,,2022-06-05,,1,
Vance,"City of Henderson (CDC Contract, Data available until - 12/21/2023)",15000.0,,2022-06-06,2733250.380954515,1,1078789435.43933
Vance,"City of Henderson (CDC Contract, Data available until - 12/21/2023)",15000.0,,2022-06-07,,1,
Vance,"City of Henderson (CDC Contract, Data available until - 12/21/2023)",15000.0,,2022-06-08,,1,
Vance,"City of Henderson (CDC Contract, Data available until - 12/21/2023)",15000.0,,2022-06-09,,1,
Vance,"City of Henderson (CDC Contract, Data available until - 12/21/2023)",15000.0,,2022-06-10,,1,
Vance,"City of Henderson (CDC Contract, Data available until - 12/21/2023)",15000.0,,2022-06-11,,1,
Vance,"City of Henderson (CDC Contract, Data available until - 12/21/2023)",15000.0,,2022-06-12,,1,
Vance,"City of Henderson (CDC Contract, Data available until - 12/21/2023)",15000.0,,2022-06-13,1022262.513441779,1,530579007.391681
Vance,"City of Henderson (CDC Contract, Data available until - 12/21/2023)",15000.0,,2022-06-14,,1,
Vance,"City of Henderson (CDC Contract, Data available until - 12/21/2023)",15000.0,,2022-06-15,729623.503945994,1,378692272.682414
Vance,"City of Henderson (CDC Contract, Data available until - 12/21/2023)",15000.0,,2022-06-16,,1,
Vance,"City of Henderson (CDC Contract, Data available until - 12/21/2023)",15000.0,,2022-06-17,,1,
Vance,"City of Henderson (CDC Contract, Data available until - 12/21/2023)",15000.0,,2022-06-18,,1,
Vance,"City of Henderson (CDC Contract, Data available until - 12/21/2023)",15000.0,,2022-06-19,,1,
Vance,"City of Henderson (CDC Contract, Data available until - 12/21/2023)",15000.0,,2022-06-20,,1,
Vance,"City of Henderson (CDC Contract, Data available until - 12/21/2023)",15000.0,,2022-06-21,,1,
Vance,"City of Henderson (CDC Contract, Data available until - 12/21/2023)",15000.0,,2022-06-22,1177515.445482732,1,433553227.022331
Vance,"City of Henderson (CDC Contract, Data available until - 12/21/2023)",15000.0,,2022-06-23,,1,
Vance,"City of Henderson (CDC Contract, Data available until - 12/21/2023)",15000.0,,2022-06-24,,1,
Vance,"City of Henderson (CDC Contract, Data available until - 12/21/2023)",15000.0,,2022-06-25,,1,
Vance,"City of Henderson (CDC Contract, Data available until - 12/21/2023)",15000.0,,2022-06-26,,1,
Vance,"City of Henderson (CDC Contract, Data available until - 12/21/2023)",15000.0,,2022-06-27,800862.7711614551,1,282948020.502427
Vance,"City of Henderson (CDC Contract, Data available until - 12/21/2023)",15000.0,,2022-06-28,,1,
Vance,"City of Henderson (CDC Contract, Data available until - 12/21/2023)",15000.0,,2022-06-29,1740343.2990816624,1,597302527.540497
Vance,"City of Henderson (CDC Contract, Data available until - 12/21/2023)",15000.0,,2022-06-30,,1,
Vance,"City of Henderson (CDC Contract, Data available until - 12/21/2023)",15000.0,,2022-07-01,,1,
Vance,"City of Henderson (CDC Contract, Data available until - 12/21/2023)",15000.0,,2022-07-02,,1,
Vance,"City of Henderson (CDC Contract, Data available until - 12/21/2023)",15000.0,,2022-07-03,,1,
Vance,"City of Henderson (CDC Contract, Data available until - 12/21/2023)",15000.0,,2022-07-04,,1,
Vance,"City of Henderson (CDC Contract, Data available until - 12/21/2023)",15000.0,,2022-07-05,,1,
Vance,"City of Henderson (CDC Contract, Data available until - 12/21/2023)",15000.0,,2022-07-06,6528481.479716355,1,2494356765.53893
Vance,"City of Henderson (CDC Contract, Data available until - 12/21/2023)",15000.0,,2022-07-07,,1,
Vance,"City of Henderson (CDC Contract, Data available until - 12/21/2023)",15000.0,,2022-07-08,,1,
Vance,"City of Henderson (CDC Contract, Data available until - 12/21/2023)",15000.0,,2022-07-09,,1,
Vance,"City of Henderson (CDC Contract, Data available until - 12/21/2023)",15000.0,,2022-07-10,,1,
Vance,"City of Henderson (CDC Contract, Data available until - 12/21/2023)",15000.0,,2022-07-11,839403.2076139674,1,591646199.171376
Vance,"City of Henderson (CDC Contract, Data available until - 12/21/2023)",15000.0,,2022-07-12,,1,
Vance,"City of Henderson (CDC Contract, Data available until - 12/21/2023)",15000.0,,2022-07-13,3043610.9347187146,1,1409437177.8161
Vance,"City of Henderson (CDC Contract, Data available until - 12/21/2023)",15000.0,,2022-07-14,,1,
Vance,"City of Henderson (CDC Contract, Data available until - 12/21/2023)",15000.0,,2022-07-15,,1,
Vance,"City of Henderson (CDC Contract, Data available until - 12/21/2023)",15000.0,,2022-07-16,,1,
Vance,"City of Henderson (CDC Contract, Data available until - 12/21/2023)",15000.0,,2022-07-17,,1,
Vance,"City of Henderson (CDC Contract, Data available until - 12/21/2023)",15000.0,,2022-07-18,1045178.2021786703,1,642522212.804009
Vance,"City of Henderson (CDC Contract, Data available until - 12/21/2023)",15000.0,,2022-07-19,,1,
Vance,"City of Henderson (CDC Contract, Data available until - 12/21/2023)",15000.0,,2022-07-20,,1,
Vance,"City of Henderson (CDC Contract, Data available until - 12/21/2023)",15000.0,,2022-07-21,,1,
Vance,"City of Henderson (CDC Contract, Data available until - 12/21/2023)",15000.0,,2022-07-22,,1,
Vance,"City of Henderson (CDC Contract, Data available until - 12/21/2023)",15000.0,,2022-07-23,,1,
Vance,"City of Henderson (CDC Contract, Data available until - 12/21/2023)",15000.0,,2022-07-24,,1,
Vance,"City of Henderson (CDC Contract, Data available until - 12/21/2023)",15000.0,,2022-07-25,2571702.174989713,1,1044232570.25657
Vance,"City of Henderson (CDC Contract, Data available until - 12/21/2023)",15000.0,,2022-07-26,,1,
Vance,"City of Henderson (CDC Contract, Data available until - 12/21/2023)",15000.0,,2022-07-27,1771991.3175860324,1,869764572.722193
Vance,"City of Henderson (CDC Contract, Data available until - 12/21/2023)",15000.0,,2022-07-28,,1,
Vance,"City of Henderson (CDC Contract, Data available until - 12/21/2023)",15000.0,,2022-07-29,,1,
Vance,"City of Henderson (CDC Contract, Data available until - 12/21/2023)",15000.0,,2022-07-30,,1,
Vance,"City of Henderson (CDC Contract, Data available until - 12/21/2023)",15000.0,,2022-07-31,,1,
Vance,"City of Henderson (CDC Contract, Data available until - 12/21/2023)",15000.0,,2022-08-01,1061974.2937974741,1,1557347028.30044
Vance,"City of Henderson (CDC Contract, Data available until - 12/21/2023)",15000.0,,2022-08-02,,1,
Vance,"City of Henderson (CDC Contract, Data available until - 12/21/2023)",15000.0,,2022-08-03,1424753.8211362774,1,1250517940.82218
Vance,"City of Henderson (CDC Contract, Data available until - 12/21/2023)",15000.0,,2022-08-04,,1,
Vance,"City of Henderson (CDC Contract, Data available until - 12/21/2023)",15000.0,,2022-08-05,,1,
Vance,"City of Henderson (CDC Contract, Data available until - 12/21/2023)",15000.0,,2022-08-06,,1,
Vance,"City of Henderson (CDC Contract, Data available until - 12/21/2023)",15000.0,,2022-08-07,,1,
Vance,"City of Henderson (CDC Contract, Data available until - 12/21/2023)",15000.0,,2022-08-08,2792298.6570609007,1,1270510073.83988
Vance,"City of Henderson (CDC Contract, Data available until - 12/21/2023)",15000.0,,2022-08-09,,1,
Vance,"City of Henderson (CDC Contract, Data available until - 12/21/2023)",15000.0,,2022-08-10,,1,
Vance,"City of Henderson (CDC Contract, Data available until - 12/21/2023)",15000.0,,2022-08-11,2254376.4507134673,1,969430207.637893
Vance,"City of Henderson (CDC Contract, Data available until - 12/21/2023)",15000.0,,2022-08-12,,1,
Vance,"City of Henderson (CDC Contract, Data available until - 12/21/2023)",15000.0,,2022-08-13,,1,
Vance,"City of Henderson (CDC Contract, Data available until - 12/21/2023)",15000.0,,2022-08-14,,1,
Vance,"City of Henderson (CDC Contract, Data available until - 12/21/2023)",15000.0,,2022-08-15,1715479.9511296928,1,601756743.449257
Vance,"City of Henderson (CDC Contract, Data available until - 12/21/2023)",15000.0,,2022-08-16,,1,
Vance,"City of Henderson (CDC Contract, Data available until - 12/21/2023)",15000.0,,2022-08-17,,1,
Vance,"City of Henderson (CDC Contract, Data available until - 12/21/2023)",15000.0,,2022-08-18,,1,
Vance,"City of Henderson (CDC Contract, Data available until - 12/21/2023)",15000.0,,2022-08-19,,1,
Vance,"City of Henderson (CDC Contract, Data available until - 12/21/2023)",15000.0,,2022-08-20,,1,
Vance,"City of Henderson (CDC Contract, Data available until - 12/21/2023)",15000.0,,2022-08-21,,1,
Vance,"City of Henderson (CDC Contract, Data available until - 12/21/2023)",15000.0,,2022-08-22,1516568.9869384137,1,419845320.449525
Vance,"City of Henderson (CDC Contract, Data available until - 12/21/2023)",15000.0,,2022-08-23,,1,
Vance,"City of Henderson (CDC Contract, Data available until - 12/21/2023)",15000.0,,2022-08-24,935846.9063439213,1,392987421.27416
Vance,"City of Henderson (CDC Contract, Data available until - 12/21/2023)",15000.0,,2022-08-25,,1,
Vance,"City of Henderson (CDC Contract, Data available until - 12/21/2023)",15000.0,,2022-08-26,,1,
Vance,"City of Henderson (CDC Contract, Data available until - 12/21/2023)",15000.0,,2022-08-27,,1,
Vance,"City of Henderson (CDC Contract, Data available until - 12/21/2023)",15000.0,,2022-08-28,,1,
Vance,"City of Henderson (CDC Contract, Data available until - 12/21/2023)",15000.0,,2022-08-29,1487781.2987694212,1,517379041.23217
Vance,"City of Henderson (CDC Contract, Data available until - 12/21/2023)",15000.0,,2022-08-30,,1,
Vance,"City of Henderson (CDC Contract, Data available until - 12/21/2023)",15000.0,,2022-08-31,1068397.6530219028,1,488013705.40706
Vance,"City of Henderson (CDC Contract, Data available until - 12/21/2023)",15000.0,,2022-09-01,,1,
Vance,"City of Henderson (CDC Contract, Data available until - 12/21/2023)",15000.0,,2022-09-02,,1,
Vance,"City of Henderson (CDC Contract, Data available until - 12/21/2023)",15000.0,,2022-09-03,,1,
Vance,"City of Henderson (CDC Contract, Data available until - 12/21/2023)",15000.0,,2022-09-04,,1,
Vance,"City of Henderson (CDC Contract, Data available until - 12/21/2023)",15000.0,,2022-09-05,,1,
Vance,"City of Henderson (CDC Contract, Data available until - 12/21/2023)",15000.0,,2022-09-06,,1,
Vance,"City of Henderson (CDC Contract, Data available until - 12/21/2023)",15000.0,,2022-09-07,1065980.341557705,1,449248034.32249
Vance,"City of Henderson (CDC Contract, Data available until - 12/21/2023)",15000.0,,2022-09-08,,1,
Vance,"City of Henderson (CDC Contract, Data available until - 12/21/2023)",15000.0,,2022-09-09,,1,
Vance,"City of Henderson (CDC Contract, Data available until - 12/21/2023)",15000.0,,2022-09-10,,1,
Vance,"City of Henderson (CDC Contract, Data available until - 12/21/2023)",15000.0,,2022-09-11,,1,
Vance,"City of Henderson (CDC Contract, Data available until - 12/21/2023)",15000.0,,2022-09-12,1310593.682015356,1,674712500.050523
Vance,"City of Henderson (CDC Contract, Data available until - 12/21/2023)",15000.0,,2022-09-13,,1,
Vance,"City of Henderson (CDC Contract, Data available until - 12/21/2023)",15000.0,,2022-09-14,,1,
Vance,"City of Henderson (CDC Contract, Data available until - 12/21/2023)",15000.0,,2022-09-15,1312317.0154136983,1,625923248.598525
Vance,"City of Henderson (CDC Contract, Data available until - 12/21/2023)",15000.0,,2022-09-16,,1,
Vance,"City of Henderson (CDC Contract, Data available until - 12/21/2023)",15000.0,,2022-09-17,,1,
Vance,"City of Henderson (CDC Contract, Data available until - 12/21/2023)",15000.0,,2022-09-18,,1,
Vance,"City of Henderson (CDC Contract, Data available until - 12/21/2023)",15000.0,,2022-09-19,,1,
Vance,"City of Henderson (CDC Contract, Data available until - 12/21/2023)",15000.0,,2022-09-20,,1,
Vance,"City of Henderson (CDC Contract, Data available until - 12/21/2023)",15000.0,,2022-09-21,1795394.3147795713,1,694580392.322825
Vance,"City of Henderson (CDC Contract, Data available until - 12/21/2023)",15000.0,,2022-09-22,,1,
Vance,"City of Henderson (CDC Contract, Data available until - 12/21/2023)",15000.0,,2022-09-23,,1,
Vance,"City of Henderson (CDC Contract, Data available until - 12/21/2023)",15000.0,,2022-09-24,,1,
Vance,"City of Henderson (CDC Contract, Data available until - 12/21/2023)",15000.0,,2022-09-25,,1,
Vance,"City of Henderson (CDC Contract, Data available until - 12/21/2023)",15000.0,,2022-09-26,1743787.1045761057,1,549637580.024822
Vance,"City of Henderson (CDC Contract, Data available until - 12/21/2023)",15000.0,,2022-09-27,,1,
Vance,"City of Henderson (CDC Contract, Data available until - 12/21/2023)",15000.0,,2022-09-28,,1,
Vance,"City of Henderson (CDC Contract, Data available until - 12/21/2023)",15000.0,,2022-09-29,3225244.798305735,1,1312043517.00829
Vance,"City of Henderson (CDC Contract, Data available until - 12/21/2023)",15000.0,,2022-09-30,,1,
Vance,"City of Henderson (CDC Contract, Data available until - 12/21/2023)",15000.0,,2022-10-01,,1,
Vance,"City of Henderson (CDC Contract, Data available until - 12/21/2023)",15000.0,,2022-10-02,,1,
Vance,"City of Henderson (CDC Contract, Data available until - 12/21/2023)",15000.0,,2022-10-03,753020.0654423556,1,380254319.573781
Vance,"City of Henderson (CDC Contract, Data available until - 12/21/2023)",15000.0,,2022-10-04,,1,
Vance,"City of Henderson (CDC Contract, Data available until - 12/21/2023)",15000.0,,2022-10-05,473115.59651827376,1,225538008.709657
Vance,"City of Henderson (CDC Contract, Data available until - 12/21/2023)",15000.0,,2022-10-06,,1,
Vance,"City of Henderson (CDC Contract, Data available until - 12/21/2023)",15000.0,,2022-10-07,,1,
Vance,"City of Henderson (CDC Contract, Data available until - 12/21/2023)",15000.0,,2022-10-08,,1,
Vance,"City of Henderson (CDC Contract, Data available until - 12/21/2023)",15000.0,,2022-10-09,,1,
Vance,"City of Henderson (CDC Contract, Data available until - 12/21/2023)",15000.0,,2022-10-10,519159.8007897774,1,191151129.130543
Vance,"City of Henderson (CDC Contract, Data available until - 12/21/2023)",15000.0,,2022-10-11,,1,
Vance,"City of Henderson (CDC Contract, Data available until - 12/21/2023)",15000.0,,2022-10-12,427342.4504756984,1,161981899.484675
Vance,"City of Henderson (CDC Contract, Data available until - 12/21/2023)",15000.0,,2022-10-13,,1,
Vance,"City of Henderson (CDC Contract, Data available until - 12/21/2023)",15000.0,,2022-10-14,,1,
Vance,"City of Henderson (CDC Contract, Data available until - 12/21/2023)",15000.0,,2022-10-15,,1,
Vance,"City of Henderson (CDC Contract, Data available until - 12/21/2023)",15000.0,,2022-10-16,,1,
Vance,"City of Henderson (CDC Contract, Data available until - 12/21/2023)",15000.0,,2022-10-17,425907.3084719437,1,162082808.295897
Vance,"City of Henderson (CDC Contract, Data available until - 12/21/2023)",15000.0,,2022-10-18,,1,
Vance,"City of Henderson (CDC Contract, Data available until - 12/21/2023)",15000.0,,2022-10-19,514709.910231942,1,209905783.80095
Vance,"City of Henderson (CDC Contract, Data available until - 12/21/2023)",15000.0,,2022-10-20,,1,
Vance,"City of Henderson (CDC Contract, Data available until - 12/21/2023)",15000.0,,2022-10-21,,1,
Vance,"City of Henderson (CDC Contract, Data available until - 12/21/2023)",15000.0,,2022-10-22,,1,
Vance,"City of Henderson (CDC Contract, Data available until - 12/21/2023)",15000.0,,2022-10-23,,1,
Vance,"City of Henderson (CDC Contract, Data available until - 12/21/2023)",15000.0,,2022-10-24,431421.56629585725,1,154818183.080941
Vance,"City of Henderson (CDC Contract, Data available until - 12/21/2023)",15000.0,,2022-10-25,,1,
Vance,"City of Henderson (CDC Contract, Data available until - 12/21/2023)",15000.0,,2022-10-26,761416.0746322838,1,291108705.300218
Vance,"City of Henderson (CDC Contract, Data available until - 12/21/2023)",15000.0,,2022-10-27,,1,
Vance,"City of Henderson (CDC Contract, Data available until - 12/21/2023)",15000.0,,2022-10-28,,1,
Vance,"City of Henderson (CDC Contract, Data available until - 12/21/2023)",15000.0,,2022-10-29,,1,
Vance,"City of Henderson (CDC Contract, Data available until - 12/21/2023)",15000.0,,2022-10-30,,1,
Vance,"City of Henderson (CDC Contract, Data available until - 12/21/2023)",15000.0,,2022-10-31,,1,
Vance,"City of Henderson (CDC Contract, Data available until - 12/21/2023)",15000.0,,2022-11-01,720943.868483305,1,295466328.912325
Vance,"City of Henderson (CDC Contract, Data available until - 12/21/2023)",15000.0,,2022-11-02,786902.757578213,1,310980633.327218
Vance,"City of Henderson (CDC Contract, Data available until - 12/21/2023)",15000.0,,2022-11-03,,1,
Vance,"City of Henderson (CDC Contract, Data available until - 12/21/2023)",15000.0,,2022-11-04,,1,
Vance,"City of Henderson (CDC Contract, Data available until - 12/21/2023)",15000.0,,2022-11-05,,1,
Vance,"City of Henderson (CDC Contract, Data available until - 12/21/2023)",15000.0,,2022-11-06,,1,
Vance,"City of Henderson (CDC Contract, Data available until - 12/21/2023)",15000.0,,2022-11-07,359390.17632739246,1,123346158.661253
Vance,"City of Henderson (CDC Contract, Data available until - 12/21/2023)",15000.0,,2022-11-08,,1,
Vance,"City of Henderson (CDC Contract, Data available until - 12/21/2023)",15000.0,,2022-11-09,732767.5894640088,1,278306449.460091
Vance,"City of Henderson (CDC Contract, Data available until - 12/21/2023)",15000.0,,2022-11-10,,1,
Vance,"City of Henderson (CDC Contract, Data available until - 12/21/2023)",15000.0,,2022-11-11,,1,
Vance,"City of Henderson (CDC Contract, Data available until - 12/21/2023)",15000.0,,2022-11-12,,1,
Vance,"City of Henderson (CDC Contract, Data available until - 12/21/2023)",15000.0,,2022-11-13,,1,
Vance,"City of Henderson (CDC Contract, Data available until - 12/21/2023)",15000.0,,2022-11-14,0.0,1,12559335.3689927
Vance,"City of Henderson (CDC Contract, Data available until - 12/21/2023)",15000.0,,2022-11-15,,1,
Vance,"City of Henderson (CDC Contract, Data available until - 12/21/2023)",15000.0,,2022-11-16,,1,
Vance,"City of Henderson (CDC Contract, Data available until - 12/21/2023)",15000.0,,2022-11-17,,1,
Vance,"City of Henderson (CDC Contract, Data available until - 12/21/2023)",15000.0,,2022-11-18,,1,
Vance,"City of Henderson (CDC Contract, Data available until - 12/21/2023)",15000.0,,2022-11-19,,1,
Vance,"City of Henderson (CDC Contract, Data available until - 12/21/2023)",15000.0,,2022-11-20,,1,
Vance,"City of Henderson (CDC Contract, Data available until - 12/21/2023)",15000.0,,2022-11-21,519943.2839615954,1,178974378.059707
Vance,"City of Henderson (CDC Contract, Data available until - 12/21/2023)",15000.0,,2022-11-22,,1,
Vance,"City of Henderson (CDC Contract, Data available until - 12/21/2023)",15000.0,,2022-11-23,,1,
Vance,"City of Henderson (CDC Contract, Data available until - 12/21/2023)",15000.0,,2022-11-24,,1,
Vance,"City of Henderson (CDC Contract, Data available until - 12/21/2023)",15000.0,,2022-11-25,,1,
Vance,"City of Henderson (CDC Contract, Data available until - 12/21/2023)",15000.0,,2022-11-26,,1,
Vance,"City of Henderson (CDC Contract, Data available until - 12/21/2023)",15000.0,,2022-11-27,,1,
Vance,"City of Henderson (CDC Contract, Data available until - 12/21/2023)",15000.0,,2022-11-28,251130.68668099356,1,111540598.559835
Vance,"City of Henderson (CDC Contract, Data available until - 12/21/2023)",15000.0,,2022-11-29,,1,
Vance,"City of Henderson (CDC Contract, Data available until - 12/21/2023)",15000.0,,2022-11-30,1884871.117557187,1,808632327.8854421
Vance,"City of Henderson (CDC Contract, Data available until - 12/21/2023)",15000.0,,2022-12-01,,1,
Vance,"City of Henderson (CDC Contract, Data available until - 12/21/2023)",15000.0,,2022-12-02,,1,
Vance,"City of Henderson (CDC Contract, Data available until - 12/21/2023)",15000.0,,2022-12-03,,1,
Vance,"City of Henderson (CDC Contract, Data available until - 12/21/2023)",15000.0,,2022-12-04,,1,
Vance,"City of Henderson (CDC Contract, Data available until - 12/21/2023)",15000.0,,2022-12-05,3064176.1056938367,1,1131302030.21413
Vance,"City of Henderson (CDC Contract, Data available until - 12/21/2023)",15000.0,,2022-12-06,,1,
Vance,"City of Henderson (CDC Contract, Data available until - 12/21/2023)",15000.0,,2022-12-07,1605801.7000917895,1,640684625.032594
Vance,"City of Henderson (CDC Contract, Data available until - 12/21/2023)",15000.0,,2022-12-08,,1,
Vance,"City of Henderson (CDC Contract, Data available until - 12/21/2023)",15000.0,,2022-12-09,,1,
Vance,"City of Henderson (CDC Contract, Data available until - 12/21/2023)",15000.0,,2022-12-10,,1,
Vance,"City of Henderson (CDC Contract, Data available until - 12/21/2023)",15000.0,,2022-12-11,,1,
Vance,"City of Henderson (CDC Contract, Data available until - 12/21/2023)",15000.0,,2022-12-12,1281346.0550726242,1,475016560.482989
Vance,"City of Henderson (CDC Contract, Data available until - 12/21/2023)",15000.0,,2022-12-13,,1,
Vance,"City of Henderson (CDC Contract, Data available until - 12/21/2023)",15000.0,,2022-12-14,895341.1381131469,1,318361140.066455
Vance,"City of Henderson (CDC Contract, Data available until - 12/21/2023)",15000.0,,2022-12-15,,1,
Vance,"City of Henderson (CDC Contract, Data available until - 12/21/2023)",15000.0,,2022-12-16,,1,
Vance,"City of Henderson (CDC Contract, Data available until - 12/21/2023)",15000.0,,2022-12-17,,1,
Vance,"City of Henderson (CDC Contract, Data available until - 12/21/2023)",15000.0,,2022-12-18,,1,
Vance,"City of Henderson (CDC Contract, Data available until - 12/21/2023)",15000.0,,2022-12-19,1238660.3477150833,1,742709861.030126
Vance,"City of Henderson (CDC Contract, Data available until - 12/21/2023)",15000.0,,2022-12-20,,1,
Vance,"City of Henderson (CDC Contract, Data available until - 12/21/2023)",15000.0,,2022-12-21,1549566.495889429,1,818464721.6892569
Vance,"City of Henderson (CDC Contract, Data available until - 12/21/2023)",15000.0,,2022-12-22,,1,
Vance,"City of Henderson (CDC Contract, Data available until - 12/21/2023)",15000.0,,2022-12-23,,1,
Vance,"City of Henderson (CDC Contract, Data available until - 12/21/2023)",15000.0,,2022-12-24,,1,
Vance,"City of Henderson (CDC Contract, Data available until - 12/21/2023)",15000.0,,2022-12-25,,1,
Vance,"City of Henderson (CDC Contract, Data available until - 12/21/2023)",15000.0,,2022-12-26,,1,
Vance,"City of Henderson (CDC Contract, Data available until - 12/21/2023)",15000.0,,2022-12-27,,1,
Vance,"City of Henderson (CDC Contract, Data available until - 12/21/2023)",15000.0,,2022-12-28,,1,
Vance,"City of Henderson (CDC Contract, Data available until - 12/21/2023)",15000.0,,2022-12-29,,1,
Vance,"City of Henderson (CDC Contract, Data available until - 12/21/2023)",15000.0,,2022-12-30,,1,
Vance,"City of Henderson (CDC Contract, Data available until - 12/21/2023)",15000.0,,2022-12-31,,1,
Vance,"City of Henderson (CDC Contract, Data available until - 12/21/2023)",15000.0,,2023-01-01,,1,
Vance,"City of Henderson (CDC Contract, Data available until - 12/21/2023)",15000.0,,2023-01-02,,1,
Vance,"City of Henderson (CDC Contract, Data available until - 12/21/2023)",15000.0,,2023-01-03,,1,
Vance,"City of Henderson (CDC Contract, Data available until - 12/21/2023)",15000.0,,2023-01-04,2447648.0169886635,1,1387328266.71206
Vance,"City of Henderson (CDC Contract, Data available until - 12/21/2023)",15000.0,,2023-01-05,,1,
Vance,"City of Henderson (CDC Contract, Data available until - 12/21/2023)",15000.0,,2023-01-06,,1,
Vance,"City of Henderson (CDC Contract, Data available until - 12/21/2023)",15000.0,,2023-01-07,,1,
Vance,"City of Henderson (CDC Contract, Data available until - 12/21/2023)",15000.0,,2023-01-08,,1,
Vance,"City of Henderson (CDC Contract, Data available until - 12/21/2023)",15000.0,,2023-01-09,1027917.9456319757,1,615568949.558735
Vance,"City of Henderson (CDC Contract, Data available until - 12/21/2023)",15000.0,,2023-01-10,,1,
Vance,"City of Henderson (CDC Contract, Data available until - 12/21/2023)",15000.0,,2023-01-11,811390.320250436,1,516001402.270367
Vance,"City of Henderson (CDC Contract, Data available until - 12/21/2023)",15000.0,,2023-01-12,,1,
Vance,"City of Henderson (CDC Contract, Data available until - 12/21/2023)",15000.0,,2023-01-13,,1,
Vance,"City of Henderson (CDC Contract, Data available until - 12/21/2023)",15000.0,,2023-01-14,,1,
Vance,"City of Henderson (CDC Contract, Data available until - 12/21/2023)",15000.0,,2023-01-15,,1,
Vance,"City of Henderson (CDC Contract, Data available until - 12/21/2023)",15000.0,,2023-01-16,,1,
Vance,"City of Henderson (CDC Contract, Data available until - 12/21/2023)",15000.0,,2023-01-17,,1,
Vance,"City of Henderson (CDC Contract, Data available until - 12/21/2023)",15000.0,,2023-01-18,706269.2761563436,1,410829633.993529
Vance,"City of Henderson (CDC Contract, Data available until - 12/21/2023)",15000.0,,2023-01-19,,1,
Vance,"City of Henderson (CDC Contract, Data available until - 12/21/2023)",15000.0,,2023-01-20,,1,
Vance,"City of Henderson (CDC Contract, Data available until - 12/21/2023)",15000.0,,2023-01-21,,1,
Vance,"City of Henderson (CDC Contract, Data available until - 12/21/2023)",15000.0,,2023-01-22,,1,
Vance,"City of Henderson (CDC Contract, Data available until - 12/21/2023)",15000.0,,2023-01-23,1217263.9785244982,1,890847339.099284
Vance,"City of Henderson (CDC Contract, Data available until - 12/21/2023)",15000.0,,2023-01-24,,1,
Vance,"City of Henderson (CDC Contract, Data available until - 12/21/2023)",15000.0,,2023-01-25,,1,
Vance,"City of Henderson (CDC Contract, Data available until - 12/21/2023)",15000.0,,2023-01-26,,1,
Vance,"City of Henderson (CDC Contract, Data available until - 12/21/2023)",15000.0,,2023-01-27,,1,
Vance,"City of Henderson (CDC Contract, Data available until - 12/21/2023)",15000.0,,2023-01-28,,1,
Vance,"City of Henderson (CDC Contract, Data available until - 12/21/2023)",15000.0,,2023-01-29,,1,
Vance,"City of Henderson (CDC Contract, Data available until - 12/21/2023)",15000.0,,2023-01-30,889389.9370865904,1,576602915.980031
Vance,"City of Henderson (CDC Contract, Data available until - 12/21/2023)",15000.0,,2023-01-31,,1,
Vance,"City of Henderson (CDC Contract, Data available until - 12/21/2023)",15000.0,,2023-02-01,616711.3350905047,1,460363220.124334
Vance,"City of Henderson (CDC Contract, Data available until - 12/21/2023)",15000.0,,2023-02-02,,1,
Vance,"City of Henderson (CDC Contract, Data available until - 12/21/2023)",15000.0,,2023-02-03,,1,
Vance,"City of Henderson (CDC Contract, Data available until - 12/21/2023)",15000.0,,2023-02-04,,1,
Vance,"City of Henderson (CDC Contract, Data available until - 12/21/2023)",15000.0,,2023-02-05,,1,
Vance,"City of Henderson (CDC Contract, Data available until - 12/21/2023)",15000.0,,2023-02-06,1179057.6489366465,1,702508439.342428
Vance,"City of Henderson (CDC Contract, Data available until - 12/21/2023)",15000.0,,2023-02-07,,1,
Vance,"City of Henderson (CDC Contract, Data available until - 12/21/2023)",15000.0,,2023-02-08,,1,
Vance,"City of Henderson (CDC Contract, Data available until - 12/21/2023)",15000.0,,2023-02-09,,1,
Vance,"City of Henderson (CDC Contract, Data available until - 12/21/2023)",15000.0,,2023-02-10,,1,
Vance,"City of Henderson (CDC Contract, Data available until - 12/21/2023)",15000.0,,2023-02-11,,1,
Vance,"City of Henderson (CDC Contract, Data available until - 12/21/2023)",15000.0,,2023-02-12,,1,
Vance,"City of Henderson (CDC Contract, Data available until - 12/21/2023)",15000.0,,2023-02-13,424517.7350412622,1,488090182.822001
Vance,"City of Henderson (CDC Contract, Data available until - 12/21/2023)",15000.0,,2023-02-14,,1,
Vance,"City of Henderson (CDC Contract, Data available until - 12/21/2023)",15000.0,,2023-02-15,720343.2907449735,1,518271409.46219707
Vance,"City of Henderson (CDC Contract, Data available until - 12/21/2023)",15000.0,,2023-02-16,,1,
Vance,"City of Henderson (CDC Contract, Data available until - 12/21/2023)",15000.0,,2023-02-17,,1,
Vance,"City of Henderson (CDC Contract, Data available until - 12/21/2023)",15000.0,,2023-02-18,,1,
Vance,"City of Henderson (CDC Contract, Data available until - 12/21/2023)",15000.0,,2023-02-19,,1,
Vance,"City of Henderson (CDC Contract, Data available until - 12/21/2023)",15000.0,,2023-02-20,601061.1929069074,1,389524005.184624
Vance,"City of Henderson (CDC Contract, Data available until - 12/21/2023)",15000.0,,2023-02-21,,1,
Vance,"City of Henderson (CDC Contract, Data available until - 12/21/2023)",15000.0,,2023-02-22,1105958.5467072418,1,494564666.356956
Vance,"City of Henderson (CDC Contract, Data available until - 12/21/2023)",15000.0,,2023-02-23,,1,
Vance,"City of Henderson (CDC Contract, Data available until - 12/21/2023)",15000.0,,2023-02-24,,1,
Vance,"City of Henderson (CDC Contract, Data available until - 12/21/2023)",15000.0,,2023-02-25,,1,
Vance,"City of Henderson (CDC Contract, Data available until - 12/21/2023)",15000.0,,2023-02-26,,1,
Vance,"City of Henderson (CDC Contract, Data available until - 12/21/2023)",15000.0,,2023-02-27,421873.7405550218,1,188973701.470475
Vance,"City of Henderson (CDC Contract, Data available until - 12/21/2023)",15000.0,,2023-02-28,,1,
Vance,"City of Henderson (CDC Contract, Data available until - 12/21/2023)",15000.0,,2023-03-01,,1,
Vance,"City of Henderson (CDC Contract, Data available until - 12/21/2023)",15000.0,,2023-03-02,,1,
Vance,"City of Henderson (CDC Contract, Data available until - 12/21/2023)",15000.0,,2023-03-03,,1,
Vance,"City of Henderson (CDC Contract, Data available until - 12/21/2023)",15000.0,,2023-03-04,,1,
Vance,"City of Henderson (CDC Contract, Data available until - 12/21/2023)",15000.0,,2023-03-05,,1,
Vance,"City of Henderson (CDC Contract, Data available until - 12/21/2023)",15000.0,,2023-03-06,607556.9891424406,1,250683238.710277
Vance,"City of Henderson (CDC Contract, Data available until - 12/21/2023)",15000.0,,2023-03-07,,1,
Vance,"City of Henderson (CDC Contract, Data available until - 12/21/2023)",15000.0,,2023-03-08,,1,
Vance,"City of Henderson (CDC Contract, Data available until - 12/21/2023)",15000.0,,2023-03-09,,1,
Vance,"City of Henderson (CDC Contract, Data available until - 12/21/2023)",15000.0,,2023-03-10,,1,
Vance,"City of Henderson (CDC Contract, Data available until - 12/21/2023)",15000.0,,2023-03-11,,1,
Vance,"City of Henderson (CDC Contract, Data available until - 12/21/2023)",15000.0,,2023-03-12,,1,
Vance,"City of Henderson (CDC Contract, Data available until - 12/21/2023)",15000.0,,2023-03-13,358718.2685430097,1,208662757.88513
Vance,"City of Henderson (CDC Contract, Data available until - 12/21/2023)",15000.0,,2023-03-14,,1,
Vance,"City of Henderson (CDC Contract, Data available until - 12/21/2023)",15000.0,,2023-03-15,401003.14168108645,1,184786001.076051
Vance,"City of Henderson (CDC Contract, Data available until - 12/21/2023)",15000.0,,2023-03-16,,1,
Vance,"City of Henderson (CDC Contract, Data available until - 12/21/2023)",15000.0,,2023-03-17,,1,
Vance,"City of Henderson (CDC Contract, Data available until - 12/21/2023)",15000.0,,2023-03-18,,1,
Vance,"City of Henderson (CDC Contract, Data available until - 12/21/2023)",15000.0,,2023-03-19,,1,
Vance,"City of Henderson (CDC Contract, Data available until - 12/21/2023)",15000.0,,2023-03-20,962006.2266392332,1,432862282.285391
Vance,"City of Henderson (CDC Contract, Data available until - 12/21/2023)",15000.0,,2023-03-21,,1,
Vance,"City of Henderson (CDC Contract, Data available until - 12/21/2023)",15000.0,,2023-03-22,,1,
Vance,"City of Henderson (CDC Contract, Data available until - 12/21/2023)",15000.0,,2023-03-23,,1,
Vance,"City of Henderson (CDC Contract, Data available until - 12/21/2023)",15000.0,,2023-03-24,,1,
Vance,"City of Henderson (CDC Contract, Data available until - 12/21/2023)",15000.0,,2023-03-25,,1,
Vance,"City of Henderson (CDC Contract, Data available until - 12/21/2023)",15000.0,,2023-03-26,,1,
Vance,"City of Henderson (CDC Contract, Data available until - 12/21/2023)",15000.0,,2023-03-27,525081.5937449576,1,260911384.674033
Vance,"City of Henderson (CDC Contract, Data available until - 12/21/2023)",15000.0,,2023-03-28,,1,
Vance,"City of Henderson (CDC Contract, Data available until - 12/21/2023)",15000.0,,2023-03-29,295804.5721593127,1,167139652.457648
Vance,"City of Henderson (CDC Contract, Data available until - 12/21/2023)",15000.0,,2023-03-30,,1,
Vance,"City of Henderson (CDC Contract, Data available until - 12/21/2023)",15000.0,,2023-03-31,,1,
Vance,"City of Henderson (CDC Contract, Data available until - 12/21/2023)",15000.0,,2023-04-01,,1,
Vance,"City of Henderson (CDC Contract, Data available until - 12/21/2023)",15000.0,,2023-04-02,,1,
Vance,"City of Henderson (CDC Contract, Data available until - 12/21/2023)",15000.0,,2023-04-03,378382.3254715531,1,175889934.254354
Vance,"City of Henderson (CDC Contract, Data available until - 12/21/2023)",15000.0,,2023-04-04,,1,
Vance,"City of Henderson (CDC Contract, Data available until - 12/21/2023)",15000.0,,2023-04-05,472684.84806536953,1,193602392.422371
Vance,"City of Henderson (CDC Contract, Data available until - 12/21/2023)",15000.0,,2023-04-06,,1,
Vance,"City of Henderson (CDC Contract, Data available until - 12/21/2023)",15000.0,,2023-04-07,,1,
Vance,"City of Henderson (CDC Contract, Data available until - 12/21/2023)",15000.0,,2023-04-08,,1,
Vance,"City of Henderson (CDC Contract, Data available until - 12/21/2023)",15000.0,,2023-04-09,,1,
Vance,"City of Henderson (CDC Contract, Data available until - 12/21/2023)",15000.0,,2023-04-10,248553.12083390655,1,196266104.379934
Vance,"City of Henderson (CDC Contract, Data available until - 12/21/2023)",15000.0,,2023-04-11,,1,
Vance,"City of Henderson (CDC Contract, Data available until - 12/21/2023)",15000.0,,2023-04-12,339717.0366197542,1,169061514.964604
Vance,"City of Henderson (CDC Contract, Data available until - 12/21/2023)",15000.0,,2023-04-13,,1,
Vance,"City of Henderson (CDC Contract, Data available until - 12/21/2023)",15000.0,,2023-04-14,,1,
Vance,"City of Henderson (CDC Contract, Data available until - 12/21/2023)",15000.0,,2023-04-15,,1,
Vance,"City of Henderson (CDC Contract, Data available until - 12/21/2023)",15000.0,,2023-04-16,,1,
Vance,"City of Henderson (CDC Contract, Data available until - 12/21/2023)",15000.0,,2023-04-17,,1,
Vance,"City of Henderson (CDC Contract, Data available until - 12/21/2023)",15000.0,,2023-04-18,,1,
Vance,"City of Henderson (CDC Contract, Data available until - 12/21/2023)",15000.0,,2023-04-19,365293.77277795866,1,189810019.649887
Vance,"City of Henderson (CDC Contract, Data available until - 12/21/2023)",15000.0,,2023-04-20,,1,
Vance,"City of Henderson (CDC Contract, Data available until - 12/21/2023)",15000.0,,2023-04-21,,1,
Vance,"City of Henderson (CDC Contract, Data available until - 12/21/2023)",15000.0,,2023-04-22,,1,
Vance,"City of Henderson (CDC Contract, Data available until - 12/21/2023)",15000.0,,2023-04-23,,1,
Vance,"City of Henderson (CDC Contract, Data available until - 12/21/2023)",15000.0,,2023-04-24,123590.50170261455,1,57263552.9817574
Vance,"City of Henderson (CDC Contract, Data available until - 12/21/2023)",15000.0,,2023-04-25,,1,
Vance,"City of Henderson (CDC Contract, Data available until - 12/21/2023)",15000.0,,2023-04-26,584907.5713226058,1,258607945.272601
Vance,"City of Henderson (CDC Contract, Data available until - 12/21/2023)",15000.0,,2023-04-27,,1,
Vance,"City of Henderson (CDC Contract, Data available until - 12/21/2023)",15000.0,,2023-04-28,,1,
Vance,"City of Henderson (CDC Contract, Data available until - 12/21/2023)",15000.0,,2023-04-29,,1,
Vance,"City of Henderson (CDC Contract, Data available until - 12/21/2023)",15000.0,,2023-04-30,,1,
Vance,"City of Henderson (CDC Contract, Data available until - 12/21/2023)",15000.0,,2023-05-01,115850.85270150988,1,116155109.478942
Vance,"City of Henderson (CDC Contract, Data available until - 12/21/2023)",15000.0,,2023-05-02,,1,
Vance,"City of Henderson (CDC Contract, Data available until - 12/21/2023)",15000.0,,2023-05-03,205353.54662391543,1,108206467.902311
Vance,"City of Henderson (CDC Contract, Data available until - 12/21/2023)",15000.0,,2023-05-04,,1,
Vance,"City of Henderson (CDC Contract, Data available until - 12/21/2023)",15000.0,,2023-05-05,,1,
Vance,"City of Henderson (CDC Contract, Data available until - 12/21/2023)",15000.0,,2023-05-06,,1,
Vance,"City of Henderson (CDC Contract, Data available until - 12/21/2023)",15000.0,,2023-05-07,,1,
Vance,"City of Henderson (CDC Contract, Data available until - 12/21/2023)",15000.0,,2023-05-08,169438.71852780506,1,71194659.0877824
Vance,"City of Henderson (CDC Contract, Data available until - 12/21/2023)",15000.0,,2023-05-09,,1,
Vance,"City of Henderson (CDC Contract, Data available until - 12/21/2023)",15000.0,,2023-05-10,269891.27233372163,1,117966106.893991
Vance,"City of Henderson (CDC Contract, Data available until - 12/21/2023)",15000.0,,2023-05-11,,1,
Vance,"City of Henderson (CDC Contract, Data available until - 12/21/2023)",15000.0,,2023-05-12,,1,
Vance,"City of Henderson (CDC Contract, Data available until - 12/21/2023)",15000.0,,2023-05-13,,1,
Vance,"City of Henderson (CDC Contract, Data available until - 12/21/2023)",15000.0,,2023-05-14,,1,
Vance,"City of Henderson (CDC Contract, Data available until - 12/21/2023)",15000.0,,2023-05-15,93945.3924872342,1,39473918.6480506
Vance,"City of Henderson (CDC Contract, Data available until - 12/21/2023)",15000.0,,2023-05-16,,1,
Vance,"City of Henderson (CDC Contract, Data available until - 12/21/2023)",15000.0,,2023-05-17,,1,
Vance,"City of Henderson (CDC Contract, Data available until - 12/21/2023)",15000.0,,2023-05-18,,1,
Vance,"City of Henderson (CDC Contract, Data available until - 12/21/2023)",15000.0,,2023-05-19,,1,
Vance,"City of Henderson (CDC Contract, Data available until - 12/21/2023)",15000.0,,2023-05-20,,1,
Vance,"City of Henderson (CDC Contract, Data available until - 12/21/2023)",15000.0,,2023-05-21,,1,
Vance,"City of Henderson (CDC Contract, Data available until - 12/21/2023)",15000.0,,2023-05-22,21236.61513260341,1,9314415.07467329
Vance,"City of Henderson (CDC Contract, Data available until - 12/21/2023)",15000.0,,2023-05-23,,1,
Vance,"City of Henderson (CDC Contract, Data available until - 12/21/2023)",15000.0,,2023-05-24,177700.27230661732,1,74531460.4754732
Vance,"City of Henderson (CDC Contract, Data available until - 12/21/2023)",15000.0,,2023-05-25,,1,
Vance,"City of Henderson (CDC Contract, Data available until - 12/21/2023)",15000.0,,2023-05-26,,1,
Vance,"City of Henderson (CDC Contract, Data available until - 12/21/2023)",15000.0,,2023-05-27,,1,
Vance,"City of Henderson (CDC Contract, Data available until - 12/21/2023)",15000.0,,2023-05-28,,1,
Vance,"City of Henderson (CDC Contract, Data available until - 12/21/2023)",15000.0,,2023-05-29,,1,
Vance,"City of Henderson (CDC Contract, Data available until - 12/21/2023)",15000.0,,2023-05-30,,1,
Vance,"City of Henderson (CDC Contract, Data available until - 12/21/2023)",15000.0,,2023-05-31,0.0,1,6636295.26395261
Vance,"City of Henderson (CDC Contract, Data available until - 12/21/2023)",15000.0,,2023-06-01,,1,
Vance,"City of Henderson (CDC Contract, Data available until - 12/21/2023)",15000.0,,2023-06-02,,1,
Vance,"City of Henderson (CDC Contract, Data available until - 12/21/2023)",15000.0,,2023-06-03,,1,
Vance,"City of Henderson (CDC Contract, Data available until - 12/21/2023)",15000.0,,2023-06-04,,1,
Vance,"City of Henderson (CDC Contract, Data available until - 12/21/2023)",15000.0,,2023-06-05,27157.31763772473,1,9820951.83308756
Vance,"City of Henderson (CDC Contract, Data available until - 12/21/2023)",15000.0,,2023-06-06,,1,
Vance,"City of Henderson (CDC Contract, Data available until - 12/21/2023)",15000.0,,2023-06-07,,1,
Vance,"City of Henderson (CDC Contract, Data available until - 12/21/2023)",15000.0,,2023-06-08,,1,
Vance,"City of Henderson (CDC Contract, Data available until - 12/21/2023)",15000.0,,2023-06-09,,1,
Vance,"City of Henderson (CDC Contract, Data available until - 12/21/2023)",15000.0,,2023-06-10,,1,
Vance,"City of Henderson (CDC Contract, Data available until - 12/21/2023)",15000.0,,2023-06-11,,1,
Vance,"City of Henderson (CDC Contract, Data available until - 12/21/2023)",15000.0,,2023-06-12,174943.89728965005,1,65737625.618904
Vance,"City of Henderson (CDC Contract, Data available until - 12/21/2023)",15000.0,,2023-06-13,,1,
Vance,"City of Henderson (CDC Contract, Data available until - 12/21/2023)",15000.0,,2023-06-14,0.0,1,3029199.60138754
Vance,"City of Henderson (CDC Contract, Data available until - 12/21/2023)",15000.0,,2023-06-15,,1,
Vance,"City of Henderson (CDC Contract, Data available until - 12/21/2023)",15000.0,,2023-06-16,,1,
Vance,"City of Henderson (CDC Contract, Data available until - 12/21/2023)",15000.0,,2023-06-17,,1,
Vance,"City of Henderson (CDC Contract, Data available until - 12/21/2023)",15000.0,,2023-06-18,,1,
Vance,"City of Henderson (CDC Contract, Data available until - 12/21/2023)",15000.0,,2023-06-19,,1,
Vance,"City of Henderson (CDC Contract, Data available until - 12/21/2023)",15000.0,,2023-06-20,,1,
Vance,"City of Henderson (CDC Contract, Data available until - 12/21/2023)",15000.0,,2023-06-21,,1,
Vance,"City of Henderson (CDC Contract, Data available until - 12/21/2023)",15000.0,,2023-06-22,,1,
Vance,"City of Henderson (CDC Contract, Data available until - 12/21/2023)",15000.0,,2023-06-23,,1,
Vance,"City of Henderson (CDC Contract, Data available until - 12/21/2023)",15000.0,,2023-06-24,,1,
Vance,"City of Henderson (CDC Contract, Data available until - 12/21/2023)",15000.0,,2023-06-25,,1,
Vance,"City of Henderson (CDC Contract, Data available until - 12/21/2023)",15000.0,,2023-06-26,176415.67139729197,1,68383117.5687484
Vance,"City of Henderson (CDC Contract, Data available until - 12/21/2023)",15000.0,,2023-06-27,,1,
Vance,"City of Henderson (CDC Contract, Data available until - 12/21/2023)",15000.0,,2023-06-28,790836.1763900786,1,359435326.870313
Vance,"City of Henderson (CDC Contract, Data available until - 12/21/2023)",15000.0,,2023-06-29,,1,
Vance,"City of Henderson (CDC Contract, Data available until - 12/21/2023)",15000.0,,2023-06-30,,1,
Vance,"City of Henderson (CDC Contract, Data available until - 12/21/2023)",15000.0,,2023-07-01,,1,
Vance,"City of Henderson (CDC Contract, Data available until - 12/21/2023)",15000.0,,2023-07-02,,1,
Vance,"City of Henderson (CDC Contract, Data available until - 12/21/2023)",15000.0,,2023-07-03,,1,
Vance,"City of Henderson (CDC Contract, Data available until - 12/21/2023)",15000.0,,2023-07-04,,1,
Vance,"City of Henderson (CDC Contract, Data available until - 12/21/2023)",15000.0,,2023-07-05,303178.881809502,1,101758596.075883
Vance,"City of Henderson (CDC Contract, Data available until - 12/21/2023)",15000.0,,2023-07-06,,1,
Vance,"City of Henderson (CDC Contract, Data available until - 12/21/2023)",15000.0,,2023-07-07,,1,
Vance,"City of Henderson (CDC Contract, Data available until - 12/21/2023)",15000.0,,2023-07-08,,1,
Vance,"City of Henderson (CDC Contract, Data available until - 12/21/2023)",15000.0,,2023-07-09,,1,
Vance,"City of Henderson (CDC Contract, Data available until - 12/21/2023)",15000.0,,2023-07-10,302466.4926591089,1,157622367.04059
Vance,"City of Henderson (CDC Contract, Data available until - 12/21/2023)",15000.0,,2023-07-11,,1,
Vance,"City of Henderson (CDC Contract, Data available until - 12/21/2023)",15000.0,,2023-07-12,261194.0115110889,1,90698930.9450354
Vance,"City of Henderson (CDC Contract, Data available until - 12/21/2023)",15000.0,,2023-07-13,,1,
Vance,"City of Henderson (CDC Contract, Data available until - 12/21/2023)",15000.0,,2023-07-14,,1,
Vance,"City of Henderson (CDC Contract, Data available until - 12/21/2023)",15000.0,,2023-07-15,,1,
Vance,"City of Henderson (CDC Contract, Data available until - 12/21/2023)",15000.0,,2023-07-16,,1,
Vance,"City of Henderson (CDC Contract, Data available until - 12/21/2023)",15000.0,,2023-07-17,296409.43273425,1,111903619.129443
Vance,"City of Henderson (CDC Contract, Data available until - 12/21/2023)",15000.0,,2023-07-18,,1,
Vance,"City of Henderson (CDC Contract, Data available until - 12/21/2023)",15000.0,,2023-07-19,251641.77409866138,1,87635958.993923
Vance,"City of Henderson (CDC Contract, Data available until - 12/21/2023)",15000.0,,2023-07-20,,1,
Vance,"City of Henderson (CDC Contract, Data available until - 12/21/2023)",15000.0,,2023-07-21,,1,
Vance,"City of Henderson (CDC Contract, Data available until - 12/21/2023)",15000.0,,2023-07-22,,1,
Vance,"City of Henderson (CDC Contract, Data available until - 12/21/2023)",15000.0,,2023-07-23,,1,
Vance,"City of Henderson (CDC Contract, Data available until - 12/21/2023)",15000.0,,2023-07-24,153634.8617288786,1,59669021.0133798
Vance,"City of Henderson (CDC Contract, Data available until - 12/21/2023)",15000.0,,2023-07-25,,1,
Vance,"City of Henderson (CDC Contract, Data available until - 12/21/2023)",15000.0,,2023-07-26,,1,
Vance,"City of Henderson (CDC Contract, Data available until - 12/21/2023)",15000.0,,2023-07-27,,1,
Vance,"City of Henderson (CDC Contract, Data available until - 12/21/2023)",15000.0,,2023-07-28,,1,
Vance,"City of Henderson (CDC Contract, Data available until - 12/21/2023)",15000.0,,2023-07-29,,1,
Vance,"City of Henderson (CDC Contract, Data available until - 12/21/2023)",15000.0,,2023-07-30,,1,
Vance,"City of Henderson (CDC Contract, Data available until - 12/21/2023)",15000.0,,2023-07-31,143568.00384091365,1,57317159.5327815
Vance,"City of Henderson (CDC Contract, Data available until - 12/21/2023)",15000.0,,2023-08-01,,1,
Vance,"City of Henderson (CDC Contract, Data available until - 12/21/2023)",15000.0,,2023-08-02,590794.5333289932,1,242574162.017081
Vance,"City of Henderson (CDC Contract, Data available until - 12/21/2023)",15000.0,,2023-08-03,,1,
Vance,"City of Henderson (CDC Contract, Data available until - 12/21/2023)",15000.0,,2023-08-04,,1,
Vance,"City of Henderson (CDC Contract, Data available until - 12/21/2023)",15000.0,,2023-08-05,,1,
Vance,"City of Henderson (CDC Contract, Data available until - 12/21/2023)",15000.0,,2023-08-06,,1,
Vance,"City of Henderson (CDC Contract, Data available until - 12/21/2023)",15000.0,,2023-08-07,404296.6126628816,1,139370648.472412
Vance,"City of Henderson (CDC Contract, Data available until - 12/21/2023)",15000.0,,2023-08-08,,1,
Vance,"City of Henderson (CDC Contract, Data available until - 12/21/2023)",15000.0,,2023-08-09,1355337.301526198,1,509971085.827013
Vance,"City of Henderson (CDC Contract, Data available until - 12/21/2023)",15000.0,,2023-08-10,,1,
Vance,"City of Henderson (CDC Contract, Data available until - 12/21/2023)",15000.0,,2023-08-11,,1,
Vance,"City of Henderson (CDC Contract, Data available until - 12/21/2023)",15000.0,,2023-08-12,,1,
Vance,"City of Henderson (CDC Contract, Data available until - 12/21/2023)",15000.0,,2023-08-13,,1,
Vance,"City of Henderson (CDC Contract, Data available until - 12/21/2023)",15000.0,,2023-08-14,347724.08259321016,1,127415395.049639
Vance,"City of Henderson (CDC Contract, Data available until - 12/21/2023)",15000.0,,2023-08-15,,1,
Vance,"City of Henderson (CDC Contract, Data available until - 12/21/2023)",15000.0,,2023-08-16,,1,
Vance,"City of Henderson (CDC Contract, Data available until - 12/21/2023)",15000.0,,2023-08-17,,1,
Vance,"City of Henderson (CDC Contract, Data available until - 12/21/2023)",15000.0,,2023-08-18,,1,
Vance,"City of Henderson (CDC Contract, Data available until - 12/21/2023)",15000.0,,2023-08-19,,1,
Vance,"City of Henderson (CDC Contract, Data available until - 12/21/2023)",15000.0,,2023-08-20,,1,
Vance,"City of Henderson (CDC Contract, Data available until - 12/21/2023)",15000.0,,2023-08-21,240097.53100002714,1,79980137.0585802
Vance,"City of Henderson (CDC Contract, Data available until - 12/21/2023)",15000.0,,2023-08-22,,1,
Vance,"City of Henderson (CDC Contract, Data available until - 12/21/2023)",15000.0,,2023-08-23,1103408.116504798,1,383155555.458865
Vance,"City of Henderson (CDC Contract, Data available until - 12/21/2023)",15000.0,,2023-08-24,,1,
Vance,"City of Henderson (CDC Contract, Data available until - 12/21/2023)",15000.0,,2023-08-25,,1,
Vance,"City of Henderson (CDC Contract, Data available until - 12/21/2023)",15000.0,,2023-08-26,,1,
Vance,"City of Henderson (CDC Contract, Data available until - 12/21/2023)",15000.0,,2023-08-27,,1,
Vance,"City of Henderson (CDC Contract, Data available until - 12/21/2023)",15000.0,,2023-08-28,615901.0424961132,1,286455254.5964
Vance,"City of Henderson (CDC Contract, Data available until - 12/21/2023)",15000.0,,2023-08-29,,1,
Vance,"City of Henderson (CDC Contract, Data available until - 12/21/2023)",15000.0,,2023-08-30,1149726.617908726,1,476127960.253829
Vance,"City of Henderson (CDC Contract, Data available until - 12/21/2023)",15000.0,,2023-08-31,,1,
Vance,"City of Henderson (CDC Contract, Data available until - 12/21/2023)",15000.0,,2023-09-01,,1,
Vance,"City of Henderson (CDC Contract, Data available until - 12/21/2023)",15000.0,,2023-09-02,,1,
Vance,"City of Henderson (CDC Contract, Data available until - 12/21/2023)",15000.0,,2023-09-03,,1,
Vance,"City of Henderson (CDC Contract, Data available until - 12/21/2023)",15000.0,,2023-09-04,,1,
Vance,"City of Henderson (CDC Contract, Data available until - 12/21/2023)",15000.0,,2023-09-05,,1,
Vance,"City of Henderson (CDC Contract, Data available until - 12/21/2023)",15000.0,,2023-09-06,510345.5292203564,1,189193681.900698
Vance,"City of Henderson (CDC Contract, Data available until - 12/21/2023)",15000.0,,2023-09-07,,1,
Vance,"City of Henderson (CDC Contract, Data available until - 12/21/2023)",15000.0,,2023-09-08,,1,
Vance,"City of Henderson (CDC Contract, Data available until - 12/21/2023)",15000.0,,2023-09-09,,1,
Vance,"City of Henderson (CDC Contract, Data available until - 12/21/2023)",15000.0,,2023-09-10,,1,
Vance,"City of Henderson (CDC Contract, Data available until - 12/21/2023)",15000.0,,2023-09-11,316533.62176869996,1,125172625.645223
Vance,"City of Henderson (CDC Contract, Data available until - 12/21/2023)",15000.0,,2023-09-12,,1,
Vance,"City of Henderson (CDC Contract, Data available until - 12/21/2023)",15000.0,,2023-09-13,573011.8490283104,1,466062785.921588
Vance,"City of Henderson (CDC Contract, Data available until - 12/21/2023)",15000.0,,2023-09-14,,1,
Vance,"City of Henderson (CDC Contract, Data available until - 12/21/2023)",15000.0,,2023-09-15,,1,
Vance,"City of Henderson (CDC Contract, Data available until - 12/21/2023)",15000.0,,2023-09-16,,1,
Vance,"City of Henderson (CDC Contract, Data available until - 12/21/2023)",15000.0,,2023-09-17,,1,
Vance,"City of Henderson (CDC Contract, Data available until - 12/21/2023)",15000.0,,2023-09-18,,1,
Vance,"City of Henderson (CDC Contract, Data available until - 12/21/2023)",15000.0,,2023-09-19,,1,
Vance,"City of Henderson (CDC Contract, Data available until - 12/21/2023)",15000.0,,2023-09-20,,1,
Vance,"City of Henderson (CDC Contract, Data available until - 12/21/2023)",15000.0,,2023-09-21,,1,
Vance,"City of Henderson (CDC Contract, Data available until - 12/21/2023)",15000.0,,2023-09-22,,1,
Vance,"City of Henderson (CDC Contract, Data available until - 12/21/2023)",15000.0,,2023-09-23,,1,
Vance,"City of Henderson (CDC Contract, Data available until - 12/21/2023)",15000.0,,2023-09-24,,1,
Vance,"City of Henderson (CDC Contract, Data available until - 12/21/2023)",15000.0,,2023-09-25,,1,
Vance,"City of Henderson (CDC Contract, Data available until - 12/21/2023)",15000.0,,2023-09-26,,1,
Vance,"City of Henderson (CDC Contract, Data available until - 12/21/2023)",15000.0,,2023-09-27,,1,
Vance,"City of Henderson (CDC Contract, Data available until - 12/21/2023)",15000.0,,2023-09-28,,1,
Vance,"City of Henderson (CDC Contract, Data available until - 12/21/2023)",15000.0,,2023-09-29,,1,
Vance,"City of Henderson (CDC Contract, Data available until - 12/21/2023)",15000.0,,2023-09-30,,1,
Vance,"City of Henderson (CDC Contract, Data available until - 12/21/2023)",15000.0,,2023-10-01,,1,
Vance,"City of Henderson (CDC Contract, Data available until - 12/21/2023)",15000.0,,2023-10-02,,1,
Vance,"City of Henderson (CDC Contract, Data available until - 12/21/2023)",15000.0,,2023-10-03,,1,
Vance,"City of Henderson (CDC Contract, Data available until - 12/21/2023)",15000.0,,2023-10-04,,1,
Vance,"City of Henderson (CDC Contract, Data available until - 12/21/2023)",15000.0,,2023-10-05,,1,
Vance,"City of Henderson (CDC Contract, Data available until - 12/21/2023)",15000.0,,2023-10-06,,1,
Vance,"City of Henderson (CDC Contract, Data available until - 12/21/2023)",15000.0,,2023-10-07,,1,
Vance,"City of Henderson (CDC Contract, Data available until - 12/21/2023)",15000.0,,2023-10-08,,1,
Vance,"City of Henderson (CDC Contract, Data available until - 12/21/2023)",15000.0,,2023-10-09,,1,
Vance,"City of Henderson (CDC Contract, Data available until - 12/21/2023)",15000.0,,2023-10-10,,1,
Vance,"City of Henderson (CDC Contract, Data available until - 12/21/2023)",15000.0,,2023-10-11,,1,
Vance,"City of Henderson (CDC Contract, Data available until - 12/21/2023)",15000.0,,2023-10-12,,1,
Vance,"City of Henderson (CDC Contract, Data available until - 12/21/2023)",15000.0,,2023-10-13,,1,
Vance,"City of Henderson (CDC Contract, Data available until - 12/21/2023)",15000.0,,2023-10-14,,1,
Vance,"City of Henderson (CDC Contract, Data available until - 12/21/2023)",15000.0,,2023-10-15,,1,
Vance,"City of Henderson (CDC Contract, Data available until - 12/21/2023)",15000.0,,2023-10-16,,1,
Vance,"City of Henderson (CDC Contract, Data available until - 12/21/2023)",15000.0,,2023-10-17,,1,
Vance,"City of Henderson (CDC Contract, Data available until - 12/21/2023)",15000.0,,2023-10-18,,1,
Vance,"City of Henderson (CDC Contract, Data available until - 12/21/2023)",15000.0,,2023-10-19,,1,
Vance,"City of Henderson (CDC Contract, Data available until - 12/21/2023)",15000.0,,2023-10-20,,1,
Vance,"City of Henderson (CDC Contract, Data available until - 12/21/2023)",15000.0,,2023-10-21,,1,
Vance,"City of Henderson (CDC Contract, Data available until - 12/21/2023)",15000.0,,2023-10-22,,1,
Vance,"City of Henderson (CDC Contract, Data available until - 12/21/2023)",15000.0,,2023-10-23,,1,
Vance,"City of Henderson (CDC Contract, Data available until - 12/21/2023)",15000.0,,2023-10-24,,1,
Vance,"City of Henderson (CDC Contract, Data available until - 12/21/2023)",15000.0,,2023-10-25,,1,
Vance,"City of Henderson (CDC Contract, Data available until - 12/21/2023)",15000.0,,2023-10-26,,1,
Vance,"City of Henderson (CDC Contract, Data available until - 12/21/2023)",15000.0,,2023-10-27,,1,
Vance,"City of Henderson (CDC Contract, Data available until - 12/21/2023)",15000.0,,2023-10-28,,1,
Vance,"City of Henderson (CDC Contract, Data available until - 12/21/2023)",15000.0,,2023-10-29,,1,
Vance,"City of Henderson (CDC Contract, Data available until - 12/21/2023)",15000.0,,2023-10-30,,1,
Vance,"City of Henderson (CDC Contract, Data available until - 12/21/2023)",15000.0,,2023-10-31,,1,
Vance,"City of Henderson (CDC Contract, Data available until - 12/21/2023)",15000.0,,2023-11-01,,1,
Vance,"City of Henderson (CDC Contract, Data available until - 12/21/2023)",15000.0,,2023-11-02,,1,
Vance,"City of Henderson (CDC Contract, Data available until - 12/21/2023)",15000.0,,2023-11-03,,1,
Vance,"City of Henderson (CDC Contract, Data available until - 12/21/2023)",15000.0,,2023-11-04,,1,
Vance,"City of Henderson (CDC Contract, Data available until - 12/21/2023)",15000.0,,2023-11-05,,1,
Vance,"City of Henderson (CDC Contract, Data available until - 12/21/2023)",15000.0,,2023-11-06,,1,
Vance,"City of Henderson (CDC Contract, Data available until - 12/21/2023)",15000.0,,2023-11-07,,1,
Vance,"City of Henderson (CDC Contract, Data available until - 12/21/2023)",15000.0,,2023-11-08,,1,
Vance,"City of Henderson (CDC Contract, Data available until - 12/21/2023)",15000.0,,2023-11-09,,1,
Vance,"City of Henderson (CDC Contract, Data available until - 12/21/2023)",15000.0,,2023-11-10,,1,
Vance,"City of Henderson (CDC Contract, Data available until - 12/21/2023)",15000.0,,2023-11-11,,1,
Vance,"City of Henderson (CDC Contract, Data available until - 12/21/2023)",15000.0,,2023-11-12,,1,
Vance,"City of Henderson (CDC Contract, Data available until - 12/21/2023)",15000.0,,2023-11-13,,1,
Vance,"City of Henderson (CDC Contract, Data available until - 12/21/2023)",15000.0,,2023-11-14,,1,
Vance,"City of Henderson (CDC Contract, Data available until - 12/21/2023)",15000.0,,2023-11-15,,1,
Vance,"City of Henderson (CDC Contract, Data available until - 12/21/2023)",15000.0,,2023-11-16,,1,
Vance,"City of Henderson (CDC Contract, Data available until - 12/21/2023)",15000.0,,2023-11-17,,1,
Vance,"City of Henderson (CDC Contract, Data available until - 12/21/2023)",15000.0,,2023-11-18,,1,
Vance,"City of Henderson (CDC Contract, Data available until - 12/21/2023)",15000.0,,2023-11-19,,1,
Vance,"City of Henderson (CDC Contract, Data available until - 12/21/2023)",15000.0,,2023-11-20,,1,
Vance,"City of Henderson (CDC Contract, Data available until - 12/21/2023)",15476.0,,2023-11-21,33938.332698401195,1,14112127.1526297
Vance,"City of Henderson (CDC Contract, Data available until - 12/21/2023)",15476.0,,2023-11-22,,1,
Vance,"City of Henderson (CDC Contract, Data available until - 12/21/2023)",15476.0,,2023-11-23,,1,
Vance,"City of Henderson (CDC Contract, Data available until - 12/21/2023)",15476.0,,2023-11-24,,1,
Vance,"City of Henderson (CDC Contract, Data available until - 12/21/2023)",15476.0,,2023-11-25,,1,
Vance,"City of Henderson (CDC Contract, Data available until - 12/21/2023)",15476.0,,2023-11-26,,1,
Vance,"City of Henderson (CDC Contract, Data available until - 12/21/2023)",15476.0,,2023-11-27,,1,
Vance,"City of Henderson (CDC Contract, Data available until - 12/21/2023)",15476.0,,2023-11-28,70418.65559843137,1,29281256.4056547
Vance,"City of Henderson (CDC Contract, Data available until - 12/21/2023)",15476.0,,2023-11-29,,1,
Vance,"City of Henderson (CDC Contract, Data available until - 12/21/2023)",15476.0,,2023-11-30,,1,
Vance,"City of Henderson (CDC Contract, Data available until - 12/21/2023)",15476.0,,2023-12-01,,1,
Vance,"City of Henderson (CDC Contract, Data available until - 12/21/2023)",15476.0,,2023-12-02,,1,
Vance,"City of Henderson (CDC Contract, Data available until - 12/21/2023)",15476.0,,2023-12-03,,1,
Vance,"City of Henderson (CDC Contract, Data available until - 12/21/2023)",15476.0,,2023-12-04,,1,
Vance,"City of Henderson (CDC Contract, Data available until - 12/21/2023)",15476.0,,2023-12-05,39656.13651716439,1,16489685.7451878
Vance,"City of Henderson (CDC Contract, Data available until - 12/21/2023)",15476.0,,2023-12-06,,1,
Vance,"City of Henderson (CDC Contract, Data available until - 12/21/2023)",15476.0,,2023-12-07,66542.67462708899,1,27669558.6008497
Vance,"City of Henderson (CDC Contract, Data available until - 12/21/2023)",15476.0,,2023-12-08,,1,
Vance,"City of Henderson (CDC Contract, Data available until - 12/21/2023)",15476.0,,2023-12-09,,1,
Vance,"City of Henderson (CDC Contract, Data available until - 12/21/2023)",15476.0,,2023-12-10,,1,
Vance,"City of Henderson (CDC Contract, Data available until - 12/21/2023)",15476.0,,2023-12-11,,1,
Vance,"City of Henderson (CDC Contract, Data available until - 12/21/2023)",15476.0,,2023-12-12,5957.228069695322,1,2477115.20609601
Watauga,Town of Boone (CDC Contract),26000.0,,2022-06-07,101068.71943286684,1,27958173.3857011
Watauga,Town of Boone (CDC Contract),26000.0,,2022-06-08,,1,
Watauga,Town of Boone (CDC Contract),26000.0,,2022-06-09,1523261.8512264146,1,354840333.023537
Watauga,Town of Boone (CDC Contract),26000.0,,2022-06-10,,1,
Watauga,Town of Boone (CDC Contract),26000.0,,2022-06-11,,1,
Watauga,Town of Boone (CDC Contract),26000.0,,2022-06-12,,1,
Watauga,Town of Boone (CDC Contract),26000.0,,2022-06-13,,1,
Watauga,Town of Boone (CDC Contract),26000.0,,2022-06-14,1390806.7510362107,1,323985223.099845
Watauga,Town of Boone (CDC Contract),26000.0,,2022-06-15,,1,
Watauga,Town of Boone (CDC Contract),26000.0,,2022-06-16,1214173.2948431903,1,265161437.901889
Watauga,Town of Boone (CDC Contract),26000.0,,2022-06-17,,1,
Watauga,Town of Boone (CDC Contract),26000.0,,2022-06-18,,1,
Watauga,Town of Boone (CDC Contract),26000.0,,2022-06-19,,1,
Watauga,Town of Boone (CDC Contract),26000.0,,2022-06-20,,1,
Watauga,Town of Boone (CDC Contract),26000.0,,2022-06-21,1183579.606564668,1,258480129.385956
Watauga,Town of Boone (CDC Contract),26000.0,,2022-06-22,,1,
Watauga,Town of Boone (CDC Contract),26000.0,,2022-06-23,1270658.5298241659,1,295996972.233624
Watauga,Town of Boone (CDC Contract),26000.0,,2022-06-24,,1,
Watauga,Town of Boone (CDC Contract),26000.0,,2022-06-25,,1,
Watauga,Town of Boone (CDC Contract),26000.0,,2022-06-26,,1,
Watauga,Town of Boone (CDC Contract),26000.0,,2022-06-27,,1,
Watauga,Town of Boone (CDC Contract),26000.0,,2022-06-28,1354940.3762504277,1,276176454.629296
Watauga,Town of Boone (CDC Contract),26000.0,,2022-06-29,,1,
Watauga,Town of Boone (CDC Contract),26000.0,,2022-06-30,1696558.6465109831,1,395209421.569396
Watauga,Town of Boone (CDC Contract),26000.0,,2022-07-01,,1,
Watauga,Town of Boone (CDC Contract),26000.0,,2022-07-02,,1,
Watauga,Town of Boone (CDC Contract),26000.0,,2022-07-03,,1,
Watauga,Town of Boone (CDC Contract),26000.0,,2022-07-04,,1,
Watauga,Town of Boone (CDC Contract),26000.0,,2022-07-05,593242.6137699517,1,115737891.954645
Watauga,Town of Boone (CDC Contract),26000.0,,2022-07-06,,1,
Watauga,Town of Boone (CDC Contract),26000.0,,2022-07-07,2360271.7883761046,1,515456124.67609
Watauga,Town of Boone (CDC Contract),26000.0,,2022-07-08,,1,
Watauga,Town of Boone (CDC Contract),26000.0,,2022-07-09,,1,
Watauga,Town of Boone (CDC Contract),26000.0,,2022-07-10,,1,
Watauga,Town of Boone (CDC Contract),26000.0,,2022-07-11,,1,
Watauga,Town of Boone (CDC Contract),26000.0,,2022-07-12,1266497.0986386728,1,295027576.442268
Watauga,Town of Boone (CDC Contract),26000.0,,2022-07-13,,1,
Watauga,Town of Boone (CDC Contract),26000.0,,2022-07-14,1386441.715044285,1,302782873.161266
Watauga,Town of Boone (CDC Contract),26000.0,,2022-07-15,,1,
Watauga,Town of Boone (CDC Contract),26000.0,,2022-07-16,,1,
Watauga,Town of Boone (CDC Contract),26000.0,,2022-07-17,,1,
Watauga,Town of Boone (CDC Contract),26000.0,,2022-07-18,,1,
Watauga,Town of Boone (CDC Contract),26000.0,,2022-07-19,1508466.4845247972,1,395318009.805244
Watauga,Town of Boone (CDC Contract),26000.0,,2022-07-20,,1,
Watauga,Town of Boone (CDC Contract),26000.0,,2022-07-21,1610095.017485039,1,375067918.719253
Watauga,Town of Boone (CDC Contract),26000.0,,2022-07-22,,1,
Watauga,Town of Boone (CDC Contract),26000.0,,2022-07-23,,1,
Watauga,Town of Boone (CDC Contract),26000.0,,2022-07-24,,1,
Watauga,Town of Boone (CDC Contract),26000.0,,2022-07-25,,1,
Watauga,Town of Boone (CDC Contract),26000.0,,2022-07-26,1460707.0514302687,1,342395013.873056
Watauga,Town of Boone (CDC Contract),26000.0,,2022-07-27,,1,
Watauga,Town of Boone (CDC Contract),26000.0,,2022-07-28,2541640.1628730996,1,592069210.617835
Watauga,Town of Boone (CDC Contract),26000.0,,2022-07-29,,1,
Watauga,Town of Boone (CDC Contract),26000.0,,2022-07-30,,1,
Watauga,Town of Boone (CDC Contract),26000.0,,2022-07-31,,1,
Watauga,Town of Boone (CDC Contract),26000.0,,2022-08-01,,1,
Watauga,Town of Boone (CDC Contract),26000.0,,2022-08-02,2883580.6362225614,1,629740738.866745
Watauga,Town of Boone (CDC Contract),26000.0,,2022-08-03,,1,
Watauga,Town of Boone (CDC Contract),26000.0,,2022-08-04,1161430.7241780756,1,270552606.972536
Watauga,Town of Boone (CDC Contract),26000.0,,2022-08-05,,1,
Watauga,Town of Boone (CDC Contract),26000.0,,2022-08-06,,1,
Watauga,Town of Boone (CDC Contract),26000.0,,2022-08-07,,1,
Watauga,Town of Boone (CDC Contract),26000.0,,2022-08-08,,1,
Watauga,Town of Boone (CDC Contract),26000.0,,2022-08-09,1302566.6927641768,1,284465536.084011
Watauga,Town of Boone (CDC Contract),26000.0,,2022-08-10,,1,
Watauga,Town of Boone (CDC Contract),26000.0,,2022-08-11,1320227.9301982988,1,288322546.556114
Watauga,Town of Boone (CDC Contract),26000.0,,2022-08-12,,1,
Watauga,Town of Boone (CDC Contract),26000.0,,2022-08-13,,1,
Watauga,Town of Boone (CDC Contract),26000.0,,2022-08-14,,1,
Watauga,Town of Boone (CDC Contract),26000.0,,2022-08-15,,1,
Watauga,Town of Boone (CDC Contract),26000.0,,2022-08-16,1461455.85214815,1,319165095.157016
Watauga,Town of Boone (CDC Contract),26000.0,,2022-08-17,,1,
Watauga,Town of Boone (CDC Contract),26000.0,,2022-08-18,1281035.0848996367,1,335715937.641629
Watauga,Town of Boone (CDC Contract),26000.0,,2022-08-19,,1,
Watauga,Town of Boone (CDC Contract),26000.0,,2022-08-20,,1,
Watauga,Town of Boone (CDC Contract),26000.0,,2022-08-21,,1,
Watauga,Town of Boone (CDC Contract),26000.0,,2022-08-22,,1,
Watauga,Town of Boone (CDC Contract),26000.0,,2022-08-23,1443488.3734651036,1,357273365.813659
Watauga,Town of Boone (CDC Contract),26000.0,,2022-08-24,,1,
Watauga,Town of Boone (CDC Contract),26000.0,,2022-08-25,1504708.0069736606,1,394333040.0491
Watauga,Town of Boone (CDC Contract),26000.0,,2022-08-26,,1,
Watauga,Town of Boone (CDC Contract),26000.0,,2022-08-27,,1,
Watauga,Town of Boone (CDC Contract),26000.0,,2022-08-28,,1,
Watauga,Town of Boone (CDC Contract),26000.0,,2022-08-29,,1,
Watauga,Town of Boone (CDC Contract),26000.0,,2022-08-30,2021243.526436255,1,500271766.017387
Watauga,Town of Boone (CDC Contract),26000.0,,2022-08-31,,1,
Watauga,Town of Boone (CDC Contract),26000.0,,2022-09-01,3473477.268397478,1,859709671.078698
Watauga,Town of Boone (CDC Contract),26000.0,,2022-09-02,,1,
Watauga,Town of Boone (CDC Contract),26000.0,,2022-09-03,,1,
Watauga,Town of Boone (CDC Contract),26000.0,,2022-09-04,,1,
Watauga,Town of Boone (CDC Contract),26000.0,,2022-09-05,,1,
Watauga,Town of Boone (CDC Contract),26000.0,,2022-09-06,1925465.2707081381,1,644765743.930723
Watauga,Town of Boone (CDC Contract),26000.0,,2022-09-07,,1,
Watauga,Town of Boone (CDC Contract),26000.0,,2022-09-08,1349753.5894640025,1,334073357.840269
Watauga,Town of Boone (CDC Contract),26000.0,,2022-09-09,,1,
Watauga,Town of Boone (CDC Contract),26000.0,,2022-09-10,,1,
Watauga,Town of Boone (CDC Contract),26000.0,,2022-09-11,,1,
Watauga,Town of Boone (CDC Contract),26000.0,,2022-09-12,,1,
Watauga,Town of Boone (CDC Contract),26000.0,,2022-09-13,2145094.87066969,1,549664389.893928
Watauga,Town of Boone (CDC Contract),26000.0,,2022-09-14,,1,
Watauga,Town of Boone (CDC Contract),26000.0,,2022-09-15,1857207.6057666817,1,486711254.137099
Watauga,Town of Boone (CDC Contract),26000.0,,2022-09-16,,1,
Watauga,Town of Boone (CDC Contract),26000.0,,2022-09-17,,1,
Watauga,Town of Boone (CDC Contract),26000.0,,2022-09-18,,1,
Watauga,Town of Boone (CDC Contract),26000.0,,2022-09-19,,1,
Watauga,Town of Boone (CDC Contract),26000.0,,2022-09-20,,1,
Watauga,Town of Boone (CDC Contract),26000.0,,2022-09-21,,1,
Watauga,Town of Boone (CDC Contract),26000.0,,2022-09-22,,1,
Watauga,Town of Boone (CDC Contract),26000.0,,2022-09-23,,1,
Watauga,Town of Boone (CDC Contract),26000.0,,2022-09-24,,1,
Watauga,Town of Boone (CDC Contract),26000.0,,2022-09-25,,1,
Watauga,Town of Boone (CDC Contract),26000.0,,2022-09-26,,1,
Watauga,Town of Boone (CDC Contract),26000.0,,2022-09-27,636940.9021332886,1,157647282.868849
Watauga,Town of Boone (CDC Contract),26000.0,,2022-09-28,,1,
Watauga,Town of Boone (CDC Contract),26000.0,,2022-09-29,1544799.2001251914,1,404839584.841425
Watauga,Town of Boone (CDC Contract),26000.0,,2022-09-30,,1,
Watauga,Town of Boone (CDC Contract),26000.0,,2022-10-01,,1,
Watauga,Town of Boone (CDC Contract),26000.0,,2022-10-02,,1,
Watauga,Town of Boone (CDC Contract),26000.0,,2022-10-03,,1,
Watauga,Town of Boone (CDC Contract),26000.0,,2022-10-04,1142961.3081438774,1,284554900.319225
Watauga,Town of Boone (CDC Contract),26000.0,,2022-10-05,,1,
Watauga,Town of Boone (CDC Contract),26000.0,,2022-10-06,474121.529253759,1,110445516.113057
Watauga,Town of Boone (CDC Contract),26000.0,,2022-10-07,,1,
Watauga,Town of Boone (CDC Contract),26000.0,,2022-10-08,,1,
Watauga,Town of Boone (CDC Contract),26000.0,,2022-10-09,,1,
Watauga,Town of Boone (CDC Contract),26000.0,,2022-10-10,,1,
Watauga,Town of Boone (CDC Contract),26000.0,,2022-10-11,686179.1120560203,1,169834080.70464
Watauga,Town of Boone (CDC Contract),26000.0,,2022-10-12,,1,
Watauga,Town of Boone (CDC Contract),26000.0,,2022-10-13,840756.6114932647,1,220333851.494765
Watauga,Town of Boone (CDC Contract),26000.0,,2022-10-14,,1,
Watauga,Town of Boone (CDC Contract),26000.0,,2022-10-15,,1,
Watauga,Town of Boone (CDC Contract),26000.0,,2022-10-16,,1,
Watauga,Town of Boone (CDC Contract),26000.0,,2022-10-17,,1,
Watauga,Town of Boone (CDC Contract),26000.0,,2022-10-18,817941.6515687326,1,190537620.175279
Watauga,Town of Boone (CDC Contract),26000.0,,2022-10-19,,1,
Watauga,Town of Boone (CDC Contract),26000.0,,2022-10-20,181249.5822149893,1,47763266.3467341
Watauga,Town of Boone (CDC Contract),26000.0,,2022-10-21,,1,
Watauga,Town of Boone (CDC Contract),26000.0,,2022-10-22,,1,
Watauga,Town of Boone (CDC Contract),26000.0,,2022-10-23,,1,
Watauga,Town of Boone (CDC Contract),26000.0,,2022-10-24,,1,
Watauga,Town of Boone (CDC Contract),26000.0,,2022-10-25,576807.9637844937,1,142763964.322565
Watauga,Town of Boone (CDC Contract),26000.0,,2022-10-26,,1,
Watauga,Town of Boone (CDC Contract),26000.0,,2022-10-27,1025368.3132169225,1,268714330.120477
Watauga,Town of Boone (CDC Contract),26000.0,,2022-10-28,,1,
Watauga,Town of Boone (CDC Contract),26000.0,,2022-10-29,,1,
Watauga,Town of Boone (CDC Contract),26000.0,,2022-10-30,,1,
Watauga,Town of Boone (CDC Contract),26000.0,,2022-10-31,,1,
Watauga,Town of Boone (CDC Contract),26000.0,,2022-11-01,571786.8559913653,1,158170758.956632
Watauga,Town of Boone (CDC Contract),26000.0,,2022-11-02,,1,
Watauga,Town of Boone (CDC Contract),26000.0,,2022-11-03,1261400.7815764947,1,332406953.793431
Watauga,Town of Boone (CDC Contract),26000.0,,2022-11-04,,1,
Watauga,Town of Boone (CDC Contract),26000.0,,2022-11-05,,1,
Watauga,Town of Boone (CDC Contract),26000.0,,2022-11-06,,1,
Watauga,Town of Boone (CDC Contract),26000.0,,2022-11-07,,1,
Watauga,Town of Boone (CDC Contract),26000.0,,2022-11-08,761034.4124804875,1,210521437.057958
Watauga,Town of Boone (CDC Contract),26000.0,,2022-11-09,,1,
Watauga,Town of Boone (CDC Contract),26000.0,,2022-11-10,381618.33921857644,1,105565319.862623
Watauga,Town of Boone (CDC Contract),26000.0,,2022-11-11,,1,
Watauga,Town of Boone (CDC Contract),26000.0,,2022-11-12,,1,
Watauga,Town of Boone (CDC Contract),26000.0,,2022-11-13,,1,
Watauga,Town of Boone (CDC Contract),26000.0,,2022-11-14,,1,
Watauga,Town of Boone (CDC Contract),26000.0,,2022-11-15,1358363.166466876,1,369824716.528568
Watauga,Town of Boone (CDC Contract),26000.0,,2022-11-16,,1,
Watauga,Town of Boone (CDC Contract),26000.0,,2022-11-17,933012.9142150241,1,285262956.90331
Watauga,Town of Boone (CDC Contract),26000.0,,2022-11-18,,1,
Watauga,Town of Boone (CDC Contract),26000.0,,2022-11-19,,1,
Watauga,Town of Boone (CDC Contract),26000.0,,2022-11-20,,1,
Watauga,Town of Boone (CDC Contract),26000.0,,2022-11-21,,1,
Watauga,Town of Boone (CDC Contract),26000.0,,2022-11-22,578353.795534279,1,157461225.220804
Watauga,Town of Boone (CDC Contract),26000.0,,2022-11-23,,1,
Watauga,Town of Boone (CDC Contract),26000.0,,2022-11-24,,1,
Watauga,Town of Boone (CDC Contract),26000.0,,2022-11-25,,1,
Watauga,Town of Boone (CDC Contract),26000.0,,2022-11-26,,1,
Watauga,Town of Boone (CDC Contract),26000.0,,2022-11-27,,1,
Watauga,Town of Boone (CDC Contract),26000.0,,2022-11-28,,1,
Watauga,Town of Boone (CDC Contract),26000.0,,2022-11-29,457507.1126834324,1,127890271.336753
Watauga,Town of Boone (CDC Contract),26000.0,,2022-11-30,,1,
Watauga,Town of Boone (CDC Contract),26000.0,,2022-12-01,2190548.9332053326,1,669746856.0264
Watauga,Town of Boone (CDC Contract),26000.0,,2022-12-02,,1,
Watauga,Town of Boone (CDC Contract),26000.0,,2022-12-03,,1,
Watauga,Town of Boone (CDC Contract),26000.0,,2022-12-04,,1,
Watauga,Town of Boone (CDC Contract),26000.0,,2022-12-05,,1,
Watauga,Town of Boone (CDC Contract),26000.0,,2022-12-06,1716312.2785443824,1,474775544.172448
Watauga,Town of Boone (CDC Contract),26000.0,,2022-12-07,,1,
Watauga,Town of Boone (CDC Contract),26000.0,,2022-12-08,1269386.6718536187,1,354840835.025333
Watauga,Town of Boone (CDC Contract),26000.0,,2022-12-09,,1,
Watauga,Town of Boone (CDC Contract),26000.0,,2022-12-10,,1,
Watauga,Town of Boone (CDC Contract),26000.0,,2022-12-11,,1,
Watauga,Town of Boone (CDC Contract),26000.0,,2022-12-12,,1,
Watauga,Town of Boone (CDC Contract),26000.0,,2022-12-13,1464727.0236506106,1,405180676.273898
Watauga,Town of Boone (CDC Contract),26000.0,,2022-12-14,,1,
Watauga,Town of Boone (CDC Contract),26000.0,,2022-12-15,1770165.3129450625,1,541217151.107952
Watauga,Town of Boone (CDC Contract),26000.0,,2022-12-16,,1,
Watauga,Town of Boone (CDC Contract),26000.0,,2022-12-17,,1,
Watauga,Town of Boone (CDC Contract),26000.0,,2022-12-18,,1,
Watauga,Town of Boone (CDC Contract),26000.0,,2022-12-19,,1,
Watauga,Town of Boone (CDC Contract),26000.0,,2022-12-20,3683759.5246810145,1,911755985.3091068
Watauga,Town of Boone (CDC Contract),26000.0,,2022-12-21,,1,
Watauga,Town of Boone (CDC Contract),26000.0,,2022-12-22,,1,
Watauga,Town of Boone (CDC Contract),26000.0,,2022-12-23,,1,
Watauga,Town of Boone (CDC Contract),26000.0,,2022-12-24,,1,
Watauga,Town of Boone (CDC Contract),26000.0,,2022-12-25,,1,
Watauga,Town of Boone (CDC Contract),26000.0,,2022-12-26,,1,
Watauga,Town of Boone (CDC Contract),26000.0,,2022-12-27,1943124.958900196,1,509227284.421441
Watauga,Town of Boone (CDC Contract),26000.0,,2022-12-28,,1,
Watauga,Town of Boone (CDC Contract),26000.0,,2022-12-29,,1,
Watauga,Town of Boone (CDC Contract),26000.0,,2022-12-30,,1,
Watauga,Town of Boone (CDC Contract),26000.0,,2022-12-31,,1,
Watauga,Town of Boone (CDC Contract),26000.0,,2023-01-01,,1,
Watauga,Town of Boone (CDC Contract),26000.0,,2023-01-02,,1,
Watauga,Town of Boone (CDC Contract),26000.0,,2023-01-03,1468361.6782746925,1,354878394.343158
Watauga,Town of Boone (CDC Contract),26000.0,,2023-01-04,,1,
Watauga,Town of Boone (CDC Contract),26000.0,,2023-01-05,1581789.9025514545,1,391503951.734658
Watauga,Town of Boone (CDC Contract),26000.0,,2023-01-06,,1,
Watauga,Town of Boone (CDC Contract),26000.0,,2023-01-07,,1,
Watauga,Town of Boone (CDC Contract),26000.0,,2023-01-08,,1,
Watauga,Town of Boone (CDC Contract),26000.0,,2023-01-09,,1,
Watauga,Town of Boone (CDC Contract),26000.0,,2023-01-10,995965.296039566,1,232007817.330963
Watauga,Town of Boone (CDC Contract),26000.0,,2023-01-11,,1,
Watauga,Town of Boone (CDC Contract),26000.0,,2023-01-12,966442.629049668,1,247643638.203389
Watauga,Town of Boone (CDC Contract),26000.0,,2023-01-13,,1,
Watauga,Town of Boone (CDC Contract),26000.0,,2023-01-14,,1,
Watauga,Town of Boone (CDC Contract),26000.0,,2023-01-15,,1,
Watauga,Town of Boone (CDC Contract),26000.0,,2023-01-16,,1,
Watauga,Town of Boone (CDC Contract),26000.0,,2023-01-17,1150620.961944575,1,338393553.479882
Watauga,Town of Boone (CDC Contract),26000.0,,2023-01-18,,1,
Watauga,Town of Boone (CDC Contract),26000.0,,2023-01-19,1551907.6439432795,1,406702467.372662
Watauga,Town of Boone (CDC Contract),26000.0,,2023-01-20,,1,
Watauga,Town of Boone (CDC Contract),26000.0,,2023-01-21,,1,
Watauga,Town of Boone (CDC Contract),26000.0,,2023-01-22,,1,
Watauga,Town of Boone (CDC Contract),26000.0,,2023-01-23,,1,
Watauga,Town of Boone (CDC Contract),26000.0,,2023-01-24,1508440.6077261148,1,461196433.100828
Watauga,Town of Boone (CDC Contract),26000.0,,2023-01-25,,1,
Watauga,Town of Boone (CDC Contract),26000.0,,2023-01-26,1973294.403429067,1,603322620.498263
Watauga,Town of Boone (CDC Contract),26000.0,,2023-01-27,,1,
Watauga,Town of Boone (CDC Contract),26000.0,,2023-01-28,,1,
Watauga,Town of Boone (CDC Contract),26000.0,,2023-01-29,,1,
Watauga,Town of Boone (CDC Contract),26000.0,,2023-01-30,,1,
Watauga,Town of Boone (CDC Contract),26000.0,,2023-01-31,1579282.6358920813,1,643807929.682172
Watauga,Town of Boone (CDC Contract),26000.0,,2023-02-01,,1,
Watauga,Town of Boone (CDC Contract),26000.0,,2023-02-02,1655660.7660342078,1,482102943.365068
Watauga,Town of Boone (CDC Contract),26000.0,,2023-02-03,,1,
Watauga,Town of Boone (CDC Contract),26000.0,,2023-02-04,,1,
Watauga,Town of Boone (CDC Contract),26000.0,,2023-02-05,,1,
Watauga,Town of Boone (CDC Contract),26000.0,,2023-02-06,,1,
Watauga,Town of Boone (CDC Contract),26000.0,,2023-02-07,1247783.1462227453,1,345168492.740463
Watauga,Town of Boone (CDC Contract),26000.0,,2023-02-08,,1,
Watauga,Town of Boone (CDC Contract),26000.0,,2023-02-09,1569548.024651486,1,411325414.097242
Watauga,Town of Boone (CDC Contract),26000.0,,2023-02-10,,1,
Watauga,Town of Boone (CDC Contract),26000.0,,2023-02-11,,1,
Watauga,Town of Boone (CDC Contract),26000.0,,2023-02-12,,1,
Watauga,Town of Boone (CDC Contract),26000.0,,2023-02-13,,1,
Watauga,Town of Boone (CDC Contract),26000.0,,2023-02-14,827186.8796473127,1,252907298.071367
Watauga,Town of Boone (CDC Contract),26000.0,,2023-02-15,,1,
Watauga,Town of Boone (CDC Contract),26000.0,,2023-02-16,865087.5802271371,1,239305184.606323
Watauga,Town of Boone (CDC Contract),26000.0,,2023-02-17,,1,
Watauga,Town of Boone (CDC Contract),26000.0,,2023-02-18,,1,
Watauga,Town of Boone (CDC Contract),26000.0,,2023-02-19,,1,
Watauga,Town of Boone (CDC Contract),26000.0,,2023-02-20,,1,
Watauga,Town of Boone (CDC Contract),26000.0,,2023-02-21,832893.2295551852,1,242525694.704477
Watauga,Town of Boone (CDC Contract),26000.0,,2023-02-22,,1,
Watauga,Town of Boone (CDC Contract),26000.0,,2023-02-23,753327.0703950425,1,208389390.58921
Watauga,Town of Boone (CDC Contract),26000.0,,2023-02-24,,1,
Watauga,Town of Boone (CDC Contract),26000.0,,2023-02-25,,1,
Watauga,Town of Boone (CDC Contract),26000.0,,2023-02-26,,1,
Watauga,Town of Boone (CDC Contract),26000.0,,2023-02-27,,1,
Watauga,Town of Boone (CDC Contract),26000.0,,2023-02-28,469409.1333451394,1,136684717.951129
Watauga,Town of Boone (CDC Contract),26000.0,,2023-03-01,,1,
Watauga,Town of Boone (CDC Contract),26000.0,,2023-03-02,537385.450620025,1,156478375.75208
Watauga,Town of Boone (CDC Contract),26000.0,,2023-03-03,,1,
Watauga,Town of Boone (CDC Contract),26000.0,,2023-03-04,,1,
Watauga,Town of Boone (CDC Contract),26000.0,,2023-03-05,,1,
Watauga,Town of Boone (CDC Contract),26000.0,,2023-03-06,,1,
Watauga,Town of Boone (CDC Contract),26000.0,,2023-03-07,247811.49684608393,1,75766840.1668635
Watauga,Town of Boone (CDC Contract),26000.0,,2023-03-08,,1,
Watauga,Town of Boone (CDC Contract),26000.0,,2023-03-09,309092.5874200453,1,85502855.8768343
Watauga,Town of Boone (CDC Contract),26000.0,,2023-03-10,,1,
Watauga,Town of Boone (CDC Contract),26000.0,,2023-03-11,,1,
Watauga,Town of Boone (CDC Contract),26000.0,,2023-03-12,,1,
Watauga,Town of Boone (CDC Contract),26000.0,,2023-03-13,,1,
Watauga,Town of Boone (CDC Contract),26000.0,,2023-03-14,578228.59529012,1,134697016.899151
Watauga,Town of Boone (CDC Contract),26000.0,,2023-03-15,,1,
Watauga,Town of Boone (CDC Contract),26000.0,,2023-03-16,758034.4898622603,1,187618784.171993
Watauga,Town of Boone (CDC Contract),26000.0,,2023-03-17,,1,
Watauga,Town of Boone (CDC Contract),26000.0,,2023-03-18,,1,
Watauga,Town of Boone (CDC Contract),26000.0,,2023-03-19,,1,
Watauga,Town of Boone (CDC Contract),26000.0,,2023-03-20,,1,
Watauga,Town of Boone (CDC Contract),26000.0,,2023-03-21,532637.6054842239,1,131831494.84846
Watauga,Town of Boone (CDC Contract),26000.0,,2023-03-22,,1,
Watauga,Town of Boone (CDC Contract),26000.0,,2023-03-23,413818.14120690245,1,132547223.915158
Watauga,Town of Boone (CDC Contract),26000.0,,2023-03-24,,1,
Watauga,Town of Boone (CDC Contract),26000.0,,2023-03-25,,1,
Watauga,Town of Boone (CDC Contract),26000.0,,2023-03-26,,1,
Watauga,Town of Boone (CDC Contract),26000.0,,2023-03-27,,1,
Watauga,Town of Boone (CDC Contract),26000.0,,2023-03-28,462598.0125586912,1,121231281.928131
Watauga,Town of Boone (CDC Contract),26000.0,,2023-03-29,,1,
Watauga,Town of Boone (CDC Contract),26000.0,,2023-03-30,301192.0175346499,1,78932233.6044692
Watauga,Town of Boone (CDC Contract),26000.0,,2023-03-31,,1,
Watauga,Town of Boone (CDC Contract),26000.0,,2023-04-01,,1,
Watauga,Town of Boone (CDC Contract),26000.0,,2023-04-02,,1,
Watauga,Town of Boone (CDC Contract),26000.0,,2023-04-03,,1,
Watauga,Town of Boone (CDC Contract),26000.0,,2023-04-04,164026.86721941966,1,45373995.2318286
Watauga,Town of Boone (CDC Contract),26000.0,,2023-04-05,,1,
Watauga,Town of Boone (CDC Contract),26000.0,,2023-04-06,346894.66451544646,1,101010389.465905
Watauga,Town of Boone (CDC Contract),26000.0,,2023-04-07,,1,
Watauga,Town of Boone (CDC Contract),26000.0,,2023-04-08,,1,
Watauga,Town of Boone (CDC Contract),26000.0,,2023-04-09,,1,
Watauga,Town of Boone (CDC Contract),26000.0,,2023-04-10,,1,
Watauga,Town of Boone (CDC Contract),26000.0,,2023-04-11,326196.9556813192,1,94983535.0796972
Watauga,Town of Boone (CDC Contract),26000.0,,2023-04-12,,1,
Watauga,Town of Boone (CDC Contract),26000.0,,2023-04-13,448329.3276319647,1,130546602.832157
Watauga,Town of Boone (CDC Contract),26000.0,,2023-04-14,,1,
Watauga,Town of Boone (CDC Contract),26000.0,,2023-04-15,,1,
Watauga,Town of Boone (CDC Contract),26000.0,,2023-04-16,,1,
Watauga,Town of Boone (CDC Contract),26000.0,,2023-04-17,,1,
Watauga,Town of Boone (CDC Contract),26000.0,,2023-04-18,166647.51800292984,1,48525193.4344839
Watauga,Town of Boone (CDC Contract),26000.0,,2023-04-19,,1,
Watauga,Town of Boone (CDC Contract),26000.0,,2023-04-20,772894.0447957813,1,202549369.650227
Watauga,Town of Boone (CDC Contract),26000.0,,2023-04-21,,1,
Watauga,Town of Boone (CDC Contract),26000.0,,2023-04-22,,1,
Watauga,Town of Boone (CDC Contract),26000.0,,2023-04-23,,1,
Watauga,Town of Boone (CDC Contract),26000.0,,2023-04-24,,1,
Watauga,Town of Boone (CDC Contract),26000.0,,2023-04-25,219467.0050956117,1,57514873.9215413
Watauga,Town of Boone (CDC Contract),26000.0,,2023-04-26,,1,
Watauga,Town of Boone (CDC Contract),26000.0,,2023-04-27,253769.12713473386,1,70198982.3971563
Watauga,Town of Boone (CDC Contract),26000.0,,2023-04-28,,1,
Watauga,Town of Boone (CDC Contract),26000.0,,2023-04-29,,1,
Watauga,Town of Boone (CDC Contract),26000.0,,2023-04-30,,1,
Watauga,Town of Boone (CDC Contract),26000.0,,2023-05-01,,1,
Watauga,Town of Boone (CDC Contract),26000.0,,2023-05-02,250093.29419976185,1,71730969.8866017
Watauga,Town of Boone (CDC Contract),26000.0,,2023-05-03,,1,
Watauga,Town of Boone (CDC Contract),26000.0,,2023-05-04,446362.0715401195,1,123475079.717505
Watauga,Town of Boone (CDC Contract),26000.0,,2023-05-05,,1,
Watauga,Town of Boone (CDC Contract),26000.0,,2023-05-06,,1,
Watauga,Town of Boone (CDC Contract),26000.0,,2023-05-07,,1,
Watauga,Town of Boone (CDC Contract),26000.0,,2023-05-08,,1,
Watauga,Town of Boone (CDC Contract),26000.0,,2023-05-09,436049.23017440847,1,120622286.008238
Watauga,Town of Boone (CDC Contract),26000.0,,2023-05-10,,1,
Watauga,Town of Boone (CDC Contract),26000.0,,2023-05-11,260353.57355530892,1,72020407.4207271
Watauga,Town of Boone (CDC Contract),26000.0,,2023-05-12,,1,
Watauga,Town of Boone (CDC Contract),26000.0,,2023-05-13,,1,
Watauga,Town of Boone (CDC Contract),26000.0,,2023-05-14,,1,
Watauga,Town of Boone (CDC Contract),26000.0,,2023-05-15,,1,
Watauga,Town of Boone (CDC Contract),26000.0,,2023-05-16,323916.73436224344,1,84887612.7407196
Watauga,Town of Boone (CDC Contract),26000.0,,2023-05-17,,1,
Watauga,Town of Boone (CDC Contract),26000.0,,2023-05-18,406895.7526037478,1,98339880.0755514
Watauga,Town of Boone (CDC Contract),26000.0,,2023-05-19,,1,
Watauga,Town of Boone (CDC Contract),26000.0,,2023-05-20,,1,
Watauga,Town of Boone (CDC Contract),26000.0,,2023-05-21,,1,
Watauga,Town of Boone (CDC Contract),26000.0,,2023-05-22,,1,
Watauga,Town of Boone (CDC Contract),26000.0,,2023-05-23,326884.00513123284,1,76146874.6476165
Watauga,Town of Boone (CDC Contract),26000.0,,2023-05-24,,1,
Watauga,Town of Boone (CDC Contract),26000.0,,2023-05-25,153008.11244187495,1,34751814.5302484
Watauga,Town of Boone (CDC Contract),26000.0,,2023-05-26,,1,
Watauga,Town of Boone (CDC Contract),26000.0,,2023-05-27,,1,
Watauga,Town of Boone (CDC Contract),26000.0,,2023-05-28,,1,
Watauga,Town of Boone (CDC Contract),26000.0,,2023-05-29,,1,
Watauga,Town of Boone (CDC Contract),26000.0,,2023-05-30,235006.14455503362,1,54744139.052223
Watauga,Town of Boone (CDC Contract),26000.0,,2023-05-31,,1,
Watauga,Town of Boone (CDC Contract),26000.0,,2023-06-01,160519.5233933093,1,37392652.5448021
Watauga,Town of Boone (CDC Contract),26000.0,,2023-06-02,,1,
Watauga,Town of Boone (CDC Contract),26000.0,,2023-06-03,,1,
Watauga,Town of Boone (CDC Contract),26000.0,,2023-06-04,,1,
Watauga,Town of Boone (CDC Contract),26000.0,,2023-06-05,,1,
Watauga,Town of Boone (CDC Contract),26000.0,,2023-06-06,290824.9687846143,1,71981193.1778221
Watauga,Town of Boone (CDC Contract),26000.0,,2023-06-07,,1,
Watauga,Town of Boone (CDC Contract),26000.0,,2023-06-08,353957.4622638456,1,85545583.0348042
Watauga,Town of Boone (CDC Contract),26000.0,,2023-06-09,,1,
Watauga,Town of Boone (CDC Contract),26000.0,,2023-06-10,,1,
Watauga,Town of Boone (CDC Contract),26000.0,,2023-06-11,,1,
Watauga,Town of Boone (CDC Contract),26000.0,,2023-06-12,,1,
Watauga,Town of Boone (CDC Contract),26000.0,,2023-06-13,201021.16600517262,1,46827416.7259065
Watauga,Town of Boone (CDC Contract),26000.0,,2023-06-14,,1,
Watauga,Town of Boone (CDC Contract),26000.0,,2023-06-15,84847.37999342883,1,19765001.367823105
Watauga,Town of Boone (CDC Contract),26000.0,,2023-06-16,,1,
Watauga,Town of Boone (CDC Contract),26000.0,,2023-06-17,,1,
Watauga,Town of Boone (CDC Contract),26000.0,,2023-06-18,,1,
Watauga,Town of Boone (CDC Contract),26000.0,,2023-06-19,,1,
Watauga,Town of Boone (CDC Contract),26000.0,,2023-06-20,261696.5737418478,1,75058985.9299043
Watauga,Town of Boone (CDC Contract),26000.0,,2023-06-21,,1,
Watauga,Town of Boone (CDC Contract),26000.0,,2023-06-22,0.0,1,6252210.73694828
Watauga,Town of Boone (CDC Contract),26000.0,,2023-06-23,,1,
Watauga,Town of Boone (CDC Contract),26000.0,,2023-06-24,,1,
Watauga,Town of Boone (CDC Contract),26000.0,,2023-06-25,,1,
Watauga,Town of Boone (CDC Contract),26000.0,,2023-06-26,,1,
Watauga,Town of Boone (CDC Contract),26000.0,,2023-06-27,151510.3877546755,1,39705744.5866074
Watauga,Town of Boone (CDC Contract),26000.0,,2023-06-28,,1,
Watauga,Town of Boone (CDC Contract),26000.0,,2023-06-29,423663.83323008945,1,104859731.781753
Watauga,Town of Boone (CDC Contract),26000.0,,2023-06-30,,1,
Watauga,Town of Boone (CDC Contract),26000.0,,2023-07-01,,1,
Watauga,Town of Boone (CDC Contract),26000.0,,2023-07-02,,1,
Watauga,Town of Boone (CDC Contract),26000.0,,2023-07-03,,1,
Watauga,Town of Boone (CDC Contract),26000.0,,2023-07-04,,1,
Watauga,Town of Boone (CDC Contract),26000.0,,2023-07-05,186401.9956117213,1,46135784.3892553
Watauga,Town of Boone (CDC Contract),26000.0,,2023-07-06,152058.3832622408,1,37635502.5692888
Watauga,Town of Boone (CDC Contract),26000.0,,2023-07-07,,1,
Watauga,Town of Boone (CDC Contract),26000.0,,2023-07-08,,1,
Watauga,Town of Boone (CDC Contract),26000.0,,2023-07-09,,1,
Watauga,Town of Boone (CDC Contract),26000.0,,2023-07-10,,1,
Watauga,Town of Boone (CDC Contract),26000.0,,2023-07-11,306573.9983901594,1,74093794.4007748
Watauga,Town of Boone (CDC Contract),26000.0,,2023-07-12,,1,
Watauga,Town of Boone (CDC Contract),26000.0,,2023-07-13,286779.93477501825,1,71397548.7814028
Watauga,Town of Boone (CDC Contract),26000.0,,2023-07-14,,1,
Watauga,Town of Boone (CDC Contract),26000.0,,2023-07-15,,1,
Watauga,Town of Boone (CDC Contract),26000.0,,2023-07-16,,1,
Watauga,Town of Boone (CDC Contract),26000.0,,2023-07-17,,1,
Watauga,Town of Boone (CDC Contract),26000.0,,2023-07-18,233395.0880122186,1,57766900.0951719
Watauga,Town of Boone (CDC Contract),26000.0,,2023-07-19,,1,
Watauga,Town of Boone (CDC Contract),26000.0,,2023-07-20,240306.6073025899,1,59477548.9685185
Watauga,Town of Boone (CDC Contract),26000.0,,2023-07-21,,1,
Watauga,Town of Boone (CDC Contract),26000.0,,2023-07-22,,1,
Watauga,Town of Boone (CDC Contract),26000.0,,2023-07-23,,1,
Watauga,Town of Boone (CDC Contract),26000.0,,2023-07-24,,1,
Watauga,Town of Boone (CDC Contract),26000.0,,2023-07-25,657991.7284093986,1,162857508.108676
Watauga,Town of Boone (CDC Contract),26000.0,,2023-07-26,,1,
Watauga,Town of Boone (CDC Contract),26000.0,,2023-07-27,325580.5591245389,1,83427563.8991404
Watauga,Town of Boone (CDC Contract),26000.0,,2023-07-28,,1,
Watauga,Town of Boone (CDC Contract),26000.0,,2023-07-29,,1,
Watauga,Town of Boone (CDC Contract),26000.0,,2023-07-30,,1,
Watauga,Town of Boone (CDC Contract),26000.0,,2023-07-31,,1,
Watauga,Town of Boone (CDC Contract),26000.0,,2023-08-01,406618.7233901723,1,94720893.2628405
Watauga,Town of Boone (CDC Contract),26000.0,,2023-08-02,,1,
Watauga,Town of Boone (CDC Contract),26000.0,,2023-08-03,454140.42139273137,1,112402898.343772
Watauga,Town of Boone (CDC Contract),26000.0,,2023-08-04,,1,
Watauga,Town of Boone (CDC Contract),26000.0,,2023-08-05,,1,
Watauga,Town of Boone (CDC Contract),26000.0,,2023-08-06,,1,
Watauga,Town of Boone (CDC Contract),26000.0,,2023-08-07,,1,
Watauga,Town of Boone (CDC Contract),26000.0,,2023-08-08,463474.6235200959,1,128208845.990717
Watauga,Town of Boone (CDC Contract),26000.0,,2023-08-09,,1,
Watauga,Town of Boone (CDC Contract),26000.0,,2023-08-10,382046.0698970006,1,95115276.9234484
Watauga,Town of Boone (CDC Contract),26000.0,,2023-08-11,,1,
Watauga,Town of Boone (CDC Contract),26000.0,,2023-08-12,,1,
Watauga,Town of Boone (CDC Contract),26000.0,,2023-08-13,,1,
Watauga,Town of Boone (CDC Contract),26000.0,,2023-08-14,,1,
Watauga,Town of Boone (CDC Contract),26000.0,,2023-08-15,326709.5758635402,1,85619521.9712664
Watauga,Town of Boone (CDC Contract),26000.0,,2023-08-16,,1,
Watauga,Town of Boone (CDC Contract),26000.0,,2023-08-17,347262.97945345414,1,101117637.109469
Watauga,Town of Boone (CDC Contract),26000.0,,2023-08-18,,1,
Watauga,Town of Boone (CDC Contract),26000.0,,2023-08-19,,1,
Watauga,Town of Boone (CDC Contract),26000.0,,2023-08-20,,1,
Watauga,Town of Boone (CDC Contract),26000.0,,2023-08-21,,1,
Watauga,Town of Boone (CDC Contract),26000.0,,2023-08-22,356666.64091828594,1,102298001.076468
Watauga,Town of Boone (CDC Contract),26000.0,,2023-08-23,,1,
Watauga,Town of Boone (CDC Contract),26000.0,,2023-08-24,1876267.994251491,1,546340374.264585
Watauga,Town of Boone (CDC Contract),26000.0,,2023-08-25,,1,
Watauga,Town of Boone (CDC Contract),26000.0,,2023-08-26,,1,
Watauga,Town of Boone (CDC Contract),26000.0,,2023-08-27,,1,
Watauga,Town of Boone (CDC Contract),26000.0,,2023-08-28,,1,
Watauga,Town of Boone (CDC Contract),26000.0,,2023-08-29,850289.6684342558,1,247591270.06854
Watauga,Town of Boone (CDC Contract),26000.0,,2023-08-30,,1,
Watauga,Town of Boone (CDC Contract),26000.0,,2023-08-31,2407604.366912311,1,701057351.577684
Watauga,Town of Boone (CDC Contract),26000.0,,2023-09-01,,1,
Watauga,Town of Boone (CDC Contract),26000.0,,2023-09-02,,1,
Watauga,Town of Boone (CDC Contract),26000.0,,2023-09-03,,1,
Watauga,Town of Boone (CDC Contract),26000.0,,2023-09-04,,1,
Watauga,Town of Boone (CDC Contract),26000.0,,2023-09-05,870662.1086565921,1,243382474.789563
Watauga,Town of Boone (CDC Contract),26000.0,,2023-09-06,,1,
Watauga,Town of Boone (CDC Contract),26000.0,,2023-09-07,838832.9151712223,1,232042477.787283
Watauga,Town of Boone (CDC Contract),26000.0,,2023-09-08,,1,
Watauga,Town of Boone (CDC Contract),26000.0,,2023-09-09,,1,
Watauga,Town of Boone (CDC Contract),26000.0,,2023-09-10,,1,
Watauga,Town of Boone (CDC Contract),26000.0,,2023-09-11,,1,
Watauga,Town of Boone (CDC Contract),26000.0,,2023-09-12,659944.6142619455,1,182557432.745062
Watauga,Town of Boone (CDC Contract),26000.0,,2023-09-13,,1,
Watauga,Town of Boone (CDC Contract),26000.0,,2023-09-14,671500.9665551141,1,195530750.676748
Watauga,Town of Boone (CDC Contract),26000.0,,2023-09-15,,1,
Watauga,Town of Boone (CDC Contract),26000.0,,2023-09-16,,1,
Watauga,Town of Boone (CDC Contract),26000.0,,2023-09-17,,1,
Watauga,Town of Boone (CDC Contract),26000.0,,2023-09-18,,1,
Watauga,Town of Boone (CDC Contract),26000.0,,2023-09-19,,1,
Watauga,Town of Boone (CDC Contract),26000.0,,2023-09-20,,1,
Watauga,Town of Boone (CDC Contract),26000.0,,2023-09-21,,1,
Watauga,Town of Boone (CDC Contract),26000.0,,2023-09-22,,1,
Watauga,Town of Boone (CDC Contract),26000.0,,2023-09-23,,1,
Watauga,Town of Boone (CDC Contract),26000.0,,2023-09-24,,1,
Watauga,Town of Boone (CDC Contract),26000.0,,2023-09-25,,1,
Watauga,Town of Boone (CDC Contract),26000.0,,2023-09-26,,1,
Watauga,Town of Boone (CDC Contract),26000.0,,2023-09-27,,1,
Watauga,Town of Boone (CDC Contract),26000.0,,2023-09-28,,1,
Watauga,Town of Boone (CDC Contract),26000.0,,2023-09-29,,1,
Watauga,Town of Boone (CDC Contract),26000.0,,2023-09-30,,1,
Watauga,Town of Boone (CDC Contract),26000.0,,2023-10-01,,1,
Watauga,Town of Boone (CDC Contract),26000.0,,2023-10-02,,1,
Watauga,Town of Boone (CDC Contract),26000.0,,2023-10-03,,1,
Watauga,Town of Boone (CDC Contract),26000.0,,2023-10-04,,1,
Watauga,Town of Boone (CDC Contract),26000.0,,2023-10-05,,1,
Watauga,Town of Boone (CDC Contract),26000.0,,2023-10-06,,1,
Watauga,Town of Boone (CDC Contract),26000.0,,2023-10-07,,1,
Watauga,Town of Boone (CDC Contract),26000.0,,2023-10-08,,1,
Watauga,Town of Boone (CDC Contract),26000.0,,2023-10-09,,1,
Watauga,Town of Boone (CDC Contract),26000.0,,2023-10-10,,1,
Watauga,Town of Boone (CDC Contract),26000.0,,2023-10-11,,1,
Watauga,Town of Boone (CDC Contract),26000.0,,2023-10-12,,1,
Watauga,Town of Boone (CDC Contract),26000.0,,2023-10-13,,1,
Watauga,Town of Boone (CDC Contract),26000.0,,2023-10-14,,1,
Watauga,Town of Boone (CDC Contract),26000.0,,2023-10-15,,1,
Watauga,Town of Boone (CDC Contract),26000.0,,2023-10-16,,1,
Watauga,Town of Boone (CDC Contract),26000.0,,2023-10-17,,1,
Watauga,Town of Boone (CDC Contract),26000.0,,2023-10-18,,1,
Watauga,Town of Boone (CDC Contract),26000.0,,2023-10-19,,1,
Watauga,Town of Boone (CDC Contract),26000.0,,2023-10-20,,1,
Watauga,Town of Boone (CDC Contract),26000.0,,2023-10-21,,1,
Watauga,Town of Boone (CDC Contract),26000.0,,2023-10-22,,1,
Watauga,Town of Boone (CDC Contract),26000.0,,2023-10-23,,1,
Watauga,Town of Boone (CDC Contract),26000.0,,2023-10-24,,1,
Watauga,Town of Boone (CDC Contract),26000.0,,2023-10-25,,1,
Watauga,Town of Boone (CDC Contract),26000.0,,2023-10-26,,1,
Watauga,Town of Boone (CDC Contract),26000.0,,2023-10-27,,1,
Watauga,Town of Boone (CDC Contract),26000.0,,2023-10-28,,1,
Watauga,Town of Boone (CDC Contract),26000.0,,2023-10-29,,1,
Watauga,Town of Boone (CDC Contract),26000.0,,2023-10-30,,1,
Watauga,Town of Boone (CDC Contract),26000.0,,2023-10-31,,1,
Watauga,Town of Boone (CDC Contract),26000.0,,2023-11-01,,1,
Watauga,Town of Boone (CDC Contract),26000.0,,2023-11-02,,1,
Watauga,Town of Boone (CDC Contract),26000.0,,2023-11-03,,1,
Watauga,Town of Boone (CDC Contract),26000.0,,2023-11-04,,1,
Watauga,Town of Boone (CDC Contract),26000.0,,2023-11-05,,1,
Watauga,Town of Boone (CDC Contract),26000.0,,2023-11-06,,1,
Watauga,Town of Boone (CDC Contract),26000.0,,2023-11-07,,1,
Watauga,Town of Boone (CDC Contract),26000.0,,2023-11-08,,1,
Watauga,Town of Boone (CDC Contract),26000.0,,2023-11-09,,1,
Watauga,Town of Boone (CDC Contract),26000.0,,2023-11-10,,1,
Watauga,Town of Boone (CDC Contract),26000.0,,2023-11-11,,1,
Watauga,Town of Boone (CDC Contract),26000.0,,2023-11-12,,1,
Watauga,Town of Boone (CDC Contract),26000.0,,2023-11-13,,1,
Watauga,Town of Boone (CDC Contract),26000.0,,2023-11-14,,1,
Watauga,Town of Boone (CDC Contract),26000.0,,2023-11-15,,1,
Watauga,Town of Boone (CDC Contract),26000.0,,2023-11-16,,1,
Watauga,Town of Boone (CDC Contract),26000.0,,2023-11-17,,1,
Watauga,Town of Boone (CDC Contract),26000.0,,2023-11-18,,1,
Watauga,Town of Boone (CDC Contract),26000.0,,2023-11-19,,1,
Watauga,Town of Boone (CDC Contract),26000.0,,2023-11-20,,1,
Watauga,Town of Boone (CDC Contract),26000.0,,2023-11-21,,1,
Watauga,Town of Boone (CDC Contract),26000.0,,2023-11-22,,1,
Watauga,Town of Boone (CDC Contract),26000.0,,2023-11-23,,1,
Watauga,Town of Boone (CDC Contract),26000.0,,2023-11-24,,1,
Watauga,Town of Boone (CDC Contract),26000.0,,2023-11-25,,1,
Watauga,Town of Boone (CDC Contract),26000.0,,2023-11-26,,1,
Watauga,Town of Boone (CDC Contract),26000.0,,2023-11-27,,1,
Watauga,Town of Boone (CDC Contract),26000.0,,2023-11-28,,1,
Watauga,Town of Boone (CDC Contract),26000.0,,2023-11-29,,1,
Watauga,Town of Boone (CDC Contract),26000.0,,2023-11-30,,1,
Watauga,Town of Boone (CDC Contract),26000.0,,2023-12-01,,1,
Watauga,Town of Boone (CDC Contract),26000.0,,2023-12-02,,1,
Watauga,Town of Boone (CDC Contract),26000.0,,2023-12-03,,1,
Watauga,Town of Boone (CDC Contract),26000.0,,2023-12-04,,1,
Watauga,Town of Boone (CDC Contract),26000.0,,2023-12-05,,1,
Watauga,Town of Boone (CDC Contract),26000.0,,2023-12-06,,1,
Watauga,Town of Boone (CDC Contract),26000.0,,2023-12-07,,1,
Watauga,Town of Boone (CDC Contract),26000.0,,2023-12-08,,1,
Watauga,Town of Boone (CDC Contract),26000.0,,2023-12-09,,1,
Watauga,Town of Boone (CDC Contract),26000.0,,2023-12-10,,1,
Watauga,Town of Boone (CDC Contract),26000.0,,2023-12-11,,1,
Watauga,Town of Boone (CDC Contract),26000.0,,2023-12-12,,1,
Watauga,Town of Boone (CDC Contract),26000.0,,2023-12-13,,1,
Watauga,Town of Boone (CDC Contract),26000.0,,2023-12-14,,1,
Watauga,Town of Boone (CDC Contract),26000.0,,2023-12-15,,1,
Watauga,Town of Boone (CDC Contract),26000.0,,2023-12-16,,1,
Watauga,Town of Boone (CDC Contract),26000.0,,2023-12-17,,1,
Watauga,Town of Boone (CDC Contract),26000.0,,2023-12-18,,1,
Watauga,Town of Boone (CDC Contract),26000.0,,2023-12-19,,1,
Watauga,Town of Boone (CDC Contract),26000.0,,2023-12-20,,1,
Watauga,Town of Boone (CDC Contract),26000.0,,2023-12-21,,1,
Watauga,Town of Boone (CDC Contract),26000.0,,2023-12-22,,1,
Watauga,Town of Boone (CDC Contract),26000.0,,2023-12-23,,1,
Watauga,Town of Boone (CDC Contract),26000.0,,2023-12-24,,1,
Watauga,Town of Boone (CDC Contract),26000.0,,2023-12-25,,1,
Watauga,Town of Boone (CDC Contract),26000.0,,2023-12-26,,1,
Watauga,Town of Boone (CDC Contract),26000.0,,2023-12-27,,1,
Watauga,Town of Boone (CDC Contract),26000.0,,2023-12-28,,1,
Watauga,Town of Boone (CDC Contract),26000.0,,2023-12-29,,1,
Watauga,Town of Boone (CDC Contract),26000.0,,2023-12-30,,1,
Watauga,Town of Boone (CDC Contract),26000.0,,2023-12-31,,1,
Watauga,Town of Boone (CDC Contract),26000.0,,2024-01-01,,1,
Watauga,Town of Boone (CDC Contract),26000.0,,2024-01-02,,1,
Watauga,Town of Boone (CDC Contract),26000.0,,2024-01-03,297528.648284766,1,112626494.521715
Watauga,Town of Boone (CDC Contract),26000.0,,2024-01-04,,1,
Watauga,Town of Boone (CDC Contract),26000.0,,2024-01-05,167093.48403016513,1,63251567.4447789
Watauga,Town of Boone (CDC Contract),26000.0,,2024-01-06,,1,
Watauga,Town of Boone (CDC Contract),26000.0,,2024-01-07,,1,
Watauga,Town of Boone (CDC Contract),26000.0,,2024-01-08,,1,
Watauga,Town of Boone (CDC Contract),26000.0,,2024-01-09,,1,
Watauga,Town of Boone (CDC Contract),26000.0,,2024-01-10,170446.78811463,1,64520927.1729123
Watauga,Town of Boone (CDC Contract),26000.0,,2024-01-11,,1,
Watauga,Town of Boone (CDC Contract),26000.0,,2024-01-12,49372.86013924584,1,18689602.4771101
Watauga,Town of Boone (CDC Contract),26000.0,,2024-01-13,,1,
Watauga,Town of Boone (CDC Contract),26000.0,,2024-01-14,,1,
Watauga,Town of Boone (CDC Contract),26000.0,,2024-01-15,,1,
Watauga,Town of Boone (CDC Contract),26000.0,,2024-01-16,,1,
Watauga,Town of Boone (CDC Contract),26000.0,,2024-01-17,57435.41838962292,1,21741603.2772078
Watauga,Town of Boone (CDC Contract),26000.0,,2024-01-18,,1,
Watauga,Town of Boone (CDC Contract),26000.0,,2024-01-19,92102.65653550519,1,34864539.6049501
Watauga,Town of Boone (CDC Contract),26000.0,,2024-01-20,,1,
Watauga,Town of Boone (CDC Contract),26000.0,,2024-01-21,,1,
Watauga,Town of Boone (CDC Contract),26000.0,,2024-01-22,,1,
Watauga,Town of Boone (CDC Contract),26000.0,,2024-01-23,,1,
Watauga,Town of Boone (CDC Contract),26000.0,,2024-01-24,67394.72932054289,1,25511600.8369983
Watauga,Town of Boone (CDC Contract),26000.0,,2024-01-25,,1,
Watauga,Town of Boone (CDC Contract),26000.0,,2024-01-26,74719.52952784317,1,28284330.707469705
Watauga,Town of Boone (CDC Contract),26000.0,,2024-01-27,,1,
Watauga,Town of Boone (CDC Contract),26000.0,,2024-01-28,,1,
Watauga,Town of Boone (CDC Contract),26000.0,,2024-01-29,,1,
Watauga,Town of Boone (CDC Contract),26000.0,,2024-01-30,,1,
Watauga,Town of Boone (CDC Contract),26000.0,,2024-01-31,50723.13195897433,1,19200734.3717502
Watauga,Town of Boone (CDC Contract),26000.0,,2024-02-01,,1,
Watauga,Town of Boone (CDC Contract),26000.0,,2024-02-02,117442.71165200598,1,44456764.0687504
Watauga,Town of Boone (CDC Contract),26000.0,,2024-02-03,,1,
Watauga,Town of Boone (CDC Contract),26000.0,,2024-02-04,,1,
Watauga,Town of Boone (CDC Contract),26000.0,,2024-02-05,,1,
Watauga,Town of Boone (CDC Contract),26000.0,,2024-02-06,,1,
Watauga,Town of Boone (CDC Contract),26000.0,,2024-02-07,174496.71012971303,1,66053984.6525019
Watauga,Town of Boone (CDC Contract),26000.0,,2024-02-08,,1,
Watauga,Town of Boone (CDC Contract),26000.0,,2024-02-09,248942.95346968324,1,94234865.6064136
Watauga,Town of Boone (CDC Contract),26000.0,,2024-02-10,,1,
Watauga,Town of Boone (CDC Contract),26000.0,,2024-02-11,,1,
Watauga,Town of Boone (CDC Contract),26000.0,,2024-02-12,,1,
Watauga,Town of Boone (CDC Contract),26000.0,,2024-02-13,,1,
Watauga,Town of Boone (CDC Contract),26000.0,,2024-02-14,236477.62986907904,1,89516242.0106415
Watauga,Town of Boone (CDC Contract),26000.0,,2024-02-15,,1,
Watauga,Town of Boone (CDC Contract),26000.0,,2024-02-16,230968.7747595772,1,87430919.9974908
Watauga,Town of Boone (CDC Contract),26000.0,,2024-02-17,,1,
Watauga,Town of Boone (CDC Contract),26000.0,,2024-02-18,,1,
Watauga,Town of Boone (CDC Contract),26000.0,,2024-02-19,,1,
Watauga,Town of Boone (CDC Contract),26000.0,,2024-02-20,,1,
Watauga,Town of Boone (CDC Contract),26000.0,,2024-02-21,300232.0279022619,1,113649831.842122
Watauga,Town of Boone (CDC Contract),26000.0,,2024-02-22,,1,
Watauga,Town of Boone (CDC Contract),26000.0,,2024-02-23,254592.5958926092,1,96373481.2491883
Watauga,Town of Boone (CDC Contract),26000.0,,2024-02-24,,1,
Watauga,Town of Boone (CDC Contract),26000.0,,2024-02-25,,1,
Watauga,Town of Boone (CDC Contract),26000.0,,2024-02-26,,1,
Watauga,Town of Boone (CDC Contract),26000.0,,2024-02-27,,1,
Watauga,Town of Boone (CDC Contract),26000.0,,2024-02-28,205877.72599215613,1,77932954.3970712
Watauga,Town of Boone (CDC Contract),26000.0,,2024-02-29,,1,
Watauga,Town of Boone (CDC Contract),26000.0,,2024-03-01,138072.69850980295,1,52266039.2939013
Watauga,Town of Boone (CDC Contract),26000.0,,2024-03-02,,1,
Watauga,Town of Boone (CDC Contract),26000.0,,2024-03-03,,1,
Watauga,Town of Boone (CDC Contract),26000.0,,2024-03-04,,1,
Watauga,Town of Boone (CDC Contract),26000.0,,2024-03-05,,1,
Watauga,Town of Boone (CDC Contract),26000.0,,2024-03-06,66402.6801744796,1,25136070.5532475
Watauga,Town of Boone (CDC Contract),26000.0,,2024-03-07,,1,
Watauga,Town of Boone (CDC Contract),26000.0,,2024-03-08,102084.35657218694,1,38643012.3368356
Watauga,Town of Boone (CDC Contract),26000.0,,2024-03-09,,1,
Watauga,Town of Boone (CDC Contract),26000.0,,2024-03-10,,1,
Watauga,Town of Boone (CDC Contract),26000.0,,2024-03-11,,1,
Watauga,Town of Boone (CDC Contract),26000.0,,2024-03-12,,1,
Watauga,Town of Boone (CDC Contract),26000.0,,2024-03-13,15701.943422262406,1,5943813.66306322
Watauga,Town of Boone (CDC Contract),26000.0,,2024-03-14,,1,
Watauga,Town of Boone (CDC Contract),26000.0,,2024-03-15,65669.32862334844,1,24858467.6570822
Watauga,Town of Boone (CDC Contract),26000.0,,2024-03-16,,1,
Watauga,Town of Boone (CDC Contract),26000.0,,2024-03-17,,1,
Watauga,Town of Boone (CDC Contract),26000.0,,2024-03-18,,1,
Watauga,Town of Boone (CDC Contract),26000.0,,2024-03-19,,1,
Watauga,Town of Boone (CDC Contract),26000.0,,2024-03-20,79513.2809974058,1,30098957.3887579
Watauga,Town of Boone (CDC Contract),26000.0,,2024-03-21,,1,
Watauga,Town of Boone (CDC Contract),26000.0,,2024-03-22,95882.08562099535,1,36295204.6909716
Watauga,Town of Boone (CDC Contract),26000.0,,2024-03-23,,1,
Watauga,Town of Boone (CDC Contract),26000.0,,2024-03-24,,1,
Watauga,Town of Boone (CDC Contract),26000.0,,2024-03-25,,1,
Watauga,Town of Boone (CDC Contract),26000.0,,2024-03-26,,1,
Watauga,Town of Boone (CDC Contract),26000.0,,2024-03-27,18769.38087432881,1,7104961.43616842
Watauga,Town of Boone (CDC Contract),26000.0,,2024-03-28,,1,
Watauga,Town of Boone (CDC Contract),26000.0,,2024-03-29,18481.207259849118,1,6995876.1961433
Watauga,Town of Boone (CDC Contract),26000.0,,2024-03-30,,1,
Watauga,Town of Boone (CDC Contract),26000.0,,2024-03-31,,1,
Watauga,Town of Boone (CDC Contract),26000.0,,2024-04-01,,1,
Watauga,Town of Boone (CDC Contract),26000.0,,2024-04-02,,1,
Watauga,Town of Boone (CDC Contract),26000.0,,2024-04-03,30661.862632398115,1,11606741.480868
Watauga,Town of Boone (CDC Contract),26000.0,,2024-04-04,,1,
Watauga,Town of Boone (CDC Contract),26000.0,,2024-04-05,28722.829234630422,1,10872739.778477
Watauga,Town of Boone (CDC Contract),26000.0,,2024-04-06,,1,
Watauga,Town of Boone (CDC Contract),26000.0,,2024-04-07,,1,
Watauga,Town of Boone (CDC Contract),26000.0,,2024-04-08,,1,
Watauga,Town of Boone (CDC Contract),26000.0,,2024-04-09,,1,
Watauga,Town of Boone (CDC Contract),26000.0,,2024-04-10,8941.856775408747,1,3384850.46376322
Watauga,Town of Boone (CDC Contract),26000.0,,2024-04-11,,1,
Watauga,Town of Boone (CDC Contract),26000.0,,2024-04-12,27924.97556754139,1,10570720.2513371
Watauga,Town of Boone (CDC Contract),26000.0,,2024-04-13,,1,
Watauga,Town of Boone (CDC Contract),26000.0,,2024-04-14,,1,
Watauga,Town of Boone (CDC Contract),26000.0,,2024-04-15,,1,
Watauga,Town of Boone (CDC Contract),26000.0,,2024-04-16,,1,
Watauga,Town of Boone (CDC Contract),26000.0,,2024-04-17,65304.997881146315,1,24720553.897929
Watauga,Town of Boone (CDC Contract),26000.0,,2024-04-18,,1,
Watauga,Town of Boone (CDC Contract),26000.0,,2024-04-19,9960.36985525189,1,3770398.4050070494
Watauga,Town of Boone (CDC Contract),26000.0,,2024-04-20,,1,
Watauga,Town of Boone (CDC Contract),26000.0,,2024-04-21,,1,
Watauga,Town of Boone (CDC Contract),26000.0,,2024-04-22,,1,
Watauga,Town of Boone (CDC Contract),26000.0,,2024-04-23,,1,
Watauga,Town of Boone (CDC Contract),26000.0,,2024-04-24,50378.03719505285,1,19070102.1998152
Watauga,Town of Boone (CDC Contract),26000.0,,2024-04-25,,1,
Watauga,Town of Boone (CDC Contract),26000.0,,2024-04-26,12884.189350708803,1,4877181.03681734
Watauga,Town of Boone (CDC Contract),26000.0,,2024-04-27,,1,
Watauga,Town of Boone (CDC Contract),26000.0,,2024-04-28,,1,
Watauga,Town of Boone (CDC Contract),26000.0,,2024-04-29,,1,
Watauga,Town of Boone (CDC Contract),26000.0,,2024-04-30,,1,
Watauga,Town of Boone (CDC Contract),26000.0,,2024-05-01,27601.955816832487,1,10448444.3549038
Watauga,Town of Boone (CDC Contract),26000.0,,2024-05-02,,1,
Watauga,Town of Boone (CDC Contract),26000.0,,2024-05-03,49388.43371680241,1,18695497.6991584
Watauga,Town of Boone (CDC Contract),26000.0,,2024-05-04,,1,
Watauga,Town of Boone (CDC Contract),26000.0,,2024-05-05,,1,
Watauga,Town of Boone (CDC Contract),26000.0,,2024-05-06,,1,
Watauga,Town of Boone (CDC Contract),26000.0,,2024-05-07,,1,
Watauga,Town of Boone (CDC Contract),26000.0,,2024-05-08,6485.381708935143,1,2454976.39210031
Watauga,Town of Boone (CDC Contract),26000.0,,2024-05-09,,1,
Watauga,Town of Boone (CDC Contract),26000.0,,2024-05-10,15758.239430708905,1,5965123.95410054
Watauga,Town of Boone (CDC Contract),26000.0,,2024-05-11,,1,
Watauga,Town of Boone (CDC Contract),26000.0,,2024-05-12,,1,
Watauga,Town of Boone (CDC Contract),26000.0,,2024-05-13,,1,
Watauga,Town of Boone (CDC Contract),26000.0,,2024-05-14,,1,
Watauga,Town of Boone (CDC Contract),26000.0,,2024-05-15,53603.05072337852,1,20290898.8208277
